# datat/BKevo/MVe_BKevo/mve14.dat
# N(r,Y=0), r, *F2(x,Q^2)
# 1e-05 < r < 100.0
# 1 < Q^2 < 50, n=15, log grid
# 1e-5 < x < 1e-2, n=10, log grid
###
3.2441219567572885e-11
4.42550170129695e-11
6.062550959285867e-11
8.292521028428009e-11
1.1311155658952873e-10
1.5473620206860837e-10
2.1163229239984616e-10
2.886297321320047e-10
3.942741924385377e-10
5.391744544827823e-10
7.352067328269914e-10
1.0028068041267087e-09
1.371102010161472e-09
1.8691798432324685e-09
2.5455787798395945e-09
3.479675305604406e-09
4.742411474884516e-09
6.448199753030395e-09
8.811840127324045e-09
1.200556561905147e-08
1.6312338376364518e-08
2.2262838992497565e-08
3.031989422644933e-08
4.1178914351144536e-08
5.6105862823158055e-08
7.637715055337124e-08
1.036818796753158e-07
1.4102163225129754e-07
1.9188072211441736e-07
2.60344634668353e-07
3.534856138731897e-07
4.807317442335215e-07
6.519274242709994e-07
8.83634871357083e-07
1.2011842743794824e-06
1.6282321441342273e-06
2.20335613182249e-06
2.9942799108808304e-06
4.057809752711914e-06
5.48550356195042e-06
7.451934929475335e-06
1.0100021459291792e-05
1.3656998067308273e-05
1.8540176091979948e-05
2.5147011713946736e-05
3.4034521135672776e-05
4.6206988000341483e-05
6.277242162916985e-05
8.51110411919174e-05
0.00011566066862968645
0.00015752691129092768
0.00021416899958065998
0.00029155000096315513
0.00039842201331301405
0.0005435311466060016
0.0007415192705209018
0.00101712358711096
0.0013925472637530449
0.0019036889788172635
0.0026203924944763705
0.0035989297447624555
0.004932803597381772
0.0067993489993741964
0.009358194266343099
0.012846536196043559
0.017699658349860103
0.024364411032116874
0.03341924849958177
0.04588027074082735
0.06290799323561024
0.08577353176456252
0.11653908139630823
0.15764276617104012
0.21104823337114223
0.27932155410269516
0.364408955589812
0.4655691411617695
0.5799559429447074
0.697308201117635
0.8078654375280346
0.899607164628984
0.9565179405587914
0.9862643688096333
0.9975664068091478
0.9997231086148072
0.9999817897328045
0.9999996770956814
0.99999999957916
0.9999999999993533
0.9999999999999999
1.0
1.0
1.0
1.0
1.0
1.0
1.0
1.0
1.0
1.0
###
1e-05
1.1768119524349992e-05
1.3848863713938717e-05
1.6297508346206434e-05
1.917910261672489e-05
2.2570197196339216e-05
2.656087782946684e-05
3.1257158496882356e-05
3.678379771828634e-05
4.328761281083062e-05
5.0941380148163754e-05
5.994842503189409e-05
7.054802310718646e-05
8.302175681319735e-05
9.770099572992247e-05
0.00011497569953977356
0.00013530477745798074
0.00015922827933410923
0.0001873817422860383
0.00022051307399030456
0.00025950242113997375
0.0003053855508833416
0.00035938136638046257
0.0004229242874389499
0.0004977023564332109
0.0005857020818056661
0.0006892612104349695
0.0008111308307896872
0.0009545484566618337
0.0011233240329780276
0.0013219411484660286
0.0015556761439304723
0.0018307382802953678
0.002154434690031882
0.0025353644939701114
0.0029836472402833374
0.003511191734215131
0.004132012400115334
0.004862601580065354
0.005722367659350214
0.006734150657750821
0.007924828983539169
0.0093260334688322
0.010974987654930556
0.01291549665014884
0.01519911082952933
0.01788649529057435
0.0210490414451202
0.02477076355991709
0.029150530628251757
0.034304692863149154
0.040370172585965536
0.047508101621027934
0.05590810182512223
0.06579332246575675
0.0774263682681127
0.09111627561154886
0.10722672220103231
0.1261856883066021
0.14849682622544635
0.1747528400007683
0.20565123083486514
0.24201282647943834
0.2848035868435799
0.3351602650938841
0.3944206059437656
0.46415888336127725
0.5462277217684337
0.642807311728432
0.7564633275546291
0.8902150854450375
1.0476157527896641
1.232846739442066
1.4508287784959402
1.7073526474706886
2.009233002565046
2.364489412645407
2.782559402207126
3.274549162877725
3.8535285937105273
4.534878508128582
5.3366992312063015
6.280291441834247
7.390722033525775
8.697490026177835
10.235310218990248
12.045035402587812
14.174741629268048
16.68100537200059
19.630406500402685
23.10129700083158
27.1858824273294
31.992671377973846
37.64935806792464
44.30621457583877
52.14008287999685
61.35907273413163
72.20809018385457
84.97534359086438
100.0
###
1.3571267551238053
1.1867767799226094
1.0340428612298054
0.8988171072208281
0.7804873600531687
0.6779976540194657
0.610743534394307
0.5327247336322892
0.4667601041106632
0.4110735322193737
3.87170598297448
3.2545419453357254
2.718325940144985
2.258775060809022
1.8688477201868152
1.5406942761001188
1.3303076814007677
1.0911033996476693
0.8923916673115333
0.7276811514279589
5.589234335312982
4.6179799506642665
3.7889639263610864
3.08936742658054
2.5045505672833794
2.0195054386480544
1.7123751573416544
1.3673545592155036
1.0845813738521004
0.853148400595931
6.981323643106724
5.705784292884364
4.628356987955245
3.728373920794837
2.9835408358902527
2.3718749827367533
1.98787725999535
1.5601674930157983
1.2131577955694763
0.9320434346141732
8.181362097188252
6.633275979542495
5.335815914359761
4.2602697413160096
3.3768477493256785
2.6567895510277677
2.20772051588237
1.710822736642765
1.310841935669946
0.9895485109833994
9.250033549626501
7.4525008322225395
5.955333799669388
4.721789150363135
3.7146885544389945
2.898760699599671
2.392605104610301
1.8355714351636159
1.390119973937087
1.034786379565091
10.221372605864156
8.192292141956408
6.510972777791567
5.132705771206817
4.013096053340812
3.1105688316206628
2.5532082328275516
1.9426386934156923
1.457072123512449
1.0720753841760973
11.116862157234461
8.870625442498863
7.017579264326528
5.505111095349359
4.281774637655619
3.2998983548073126
2.695845992905327
2.0367615249693842
1.5151793562955547
1.103797985036616
11.951031736402973
9.499636082716565
7.485077598391578
5.847016020597367
4.527078830156882
3.47164591096984
2.824573687977602
2.121008715758989
1.5665744741337377
1.1314049153146974
12.73428760511613
10.087883030963527
7.920410301864131
6.16401862198538
4.753397290195046
3.6292634495949767
2.9421636500510897
2.197408630497664
1.6128541023878111
1.1558395743813548
13.474443302817066
10.641833949926555
8.328929195168149
6.460248997167804
4.963992011678207
3.7752358717569434
3.0506330303601965
2.2674570576656823
1.6548034031745447
1.1777680283116867
14.177475539922225
11.166279126872533
8.714382220849547
6.738815912665133
5.161277501904438
3.9114132993129873
3.151441216001247
2.33217153852887
1.6933281941685852
1.1976502206664559
14.848021280334295
11.664852346761387
9.0799031140785
7.002169511066781
5.34715606712636
4.039236419662638
3.245736508971798
2.3923960701348097
1.7289344839848173
1.2158435428861258
15.489903368256336
12.141322402606251
9.427883055531883
7.252191319447508
5.523066735117877
4.1595943950614185
3.3344137847353896
2.448770515332151
1.762068203599874
1.2326446375279119
16.106244914913223
12.597523563742518
9.76043805861416
7.490457683053092
5.690221737361081
4.2737758737038885
3.4181793539508623
2.501795157177318
1.7930618806873888
1.2481756180494075