# datat/BKevo/MVe_BKevo/mve40.dat
# N(r,Y=0), r, *F2(x,Q^2)
# 1e-05 < r < 100.0
# 1 < Q^2 < 50, n=15, log grid
# 1e-5 < x < 1e-2, n=10, log grid
###
8.110580218308817e-11
1.1064206116123071e-10
1.515712041069205e-10
2.0732521213786224e-10
2.827985164728014e-10
3.868727725152076e-10
5.291333749609485e-10
7.216596184338944e-10
9.85824667799486e-10
1.3481641059595998e-09
1.8383867104790053e-09
2.507618216616265e-09
3.428740648831779e-09
4.67455029562336e-09
6.366540183505785e-09
8.70344554528552e-09
1.1862948875164834e-08
1.6131669435392788e-08
2.204796060005212e-08
3.0043784594528175e-08
4.0829031002380653e-08
5.573610791024855e-08
7.592834756775434e-08
1.0315479442011395e-07
1.406035181598262e-07
1.9149448523437642e-07
2.600943502163928e-07
3.539997959835782e-07
4.820533026435761e-07
6.546492145764289e-07
8.898322298750702e-07
1.2117599305379133e-06
1.6457706922909289e-06
2.2346605103142557e-06
3.0443025563523655e-06
4.1366748514276806e-06
5.613329602213512e-06
7.65421146652218e-06
1.0411907517672268e-05
1.4133608275418756e-05
1.929650935175306e-05
2.629644478978135e-05
3.5766523414302897e-05
4.8885460327320604e-05
6.678992173343693e-05
9.10843943938403e-05
0.0001246981099853389
0.00017089606175162906
0.00023377113043705132
0.0003206224002572808
0.00044081891957669294
0.0006048334008049862
0.0008308344042253079
0.00114562906956351
0.0015760062120197954
0.002166974196065585
0.0029948167369509182
0.004127745954832598
0.0056761696664255805
0.007854899635113039
0.010835324216446951
0.01490169160668337
0.020588847190238
0.028368315847382
0.03893165306447493
0.05351550244904777
0.07332515292399722
0.09984440938761638
0.13548701244701872
0.18261008461961872
0.2432837529205293
0.3199502578758791
0.4134337530851122
0.5218914725505558
0.6399594435917281
0.7550348630782493
0.856753634726312
0.9334938636587696
0.9748304307930447
0.993506766648718
0.9992246369616543
0.99993109695224
0.9999970692505854
0.9999999783025535
0.9999999999887533
0.9999999999999939
1.0
1.0
1.0
1.0
1.0
1.0
1.0
1.0
1.0
1.0
1.0
1.0
1.0
1.0
###
1e-05
1.1768119524349992e-05
1.3848863713938717e-05
1.6297508346206434e-05
1.917910261672489e-05
2.2570197196339216e-05
2.656087782946684e-05
3.1257158496882356e-05
3.678379771828634e-05
4.328761281083062e-05
5.0941380148163754e-05
5.994842503189409e-05
7.054802310718646e-05
8.302175681319735e-05
9.770099572992247e-05
0.00011497569953977356
0.00013530477745798074
0.00015922827933410923
0.0001873817422860383
0.00022051307399030456
0.00025950242113997375
0.0003053855508833416
0.00035938136638046257
0.0004229242874389499
0.0004977023564332109
0.0005857020818056661
0.0006892612104349695
0.0008111308307896872
0.0009545484566618337
0.0011233240329780276
0.0013219411484660286
0.0015556761439304723
0.0018307382802953678
0.002154434690031882
0.0025353644939701114
0.0029836472402833374
0.003511191734215131
0.004132012400115334
0.004862601580065354
0.005722367659350214
0.006734150657750821
0.007924828983539169
0.0093260334688322
0.010974987654930556
0.01291549665014884
0.01519911082952933
0.01788649529057435
0.0210490414451202
0.02477076355991709
0.029150530628251757
0.034304692863149154
0.040370172585965536
0.047508101621027934
0.05590810182512223
0.06579332246575675
0.0774263682681127
0.09111627561154886
0.10722672220103231
0.1261856883066021
0.14849682622544635
0.1747528400007683
0.20565123083486514
0.24201282647943834
0.2848035868435799
0.3351602650938841
0.3944206059437656
0.46415888336127725
0.5462277217684337
0.642807311728432
0.7564633275546291
0.8902150854450375
1.0476157527896641
1.232846739442066
1.4508287784959402
1.7073526474706886
2.009233002565046
2.364489412645407
2.782559402207126
3.274549162877725
3.8535285937105273
4.534878508128582
5.3366992312063015
6.280291441834247
7.390722033525775
8.697490026177835
10.235310218990248
12.045035402587812
14.174741629268048
16.68100537200059
19.630406500402685
23.10129700083158
27.1858824273294
31.992671377973846
37.64935806792464
44.30621457583877
52.14008287999685
61.35907273413163
72.20809018385457
84.97534359086438
100.0
###
1.829141243211254
1.6458195216774105
1.4786710404050436
1.3282231276350063
1.1945577877135207
1.0772988987648906
0.9996560868214366
0.9092125150881645
0.8326257077744396
0.7687902554102476
5.6316600523409175
4.895310825419086
4.239017549288916
3.6613333006161395
3.1583972713181585
2.7248695833759418
2.441393304813064
2.1134394434754005
1.8363908077461961
1.6035364362764877
8.382567477984098
7.172405053568219
6.107391996552518
5.181534378621792
4.384707975872554
3.705343559170281
3.264855602799063
2.7590515371335873
2.3343543852500255
1.979027867706288
10.67594496914294
9.039409760389624
7.612208059864054
6.382152145177581
5.33266871441111
4.444987828665798
3.8730051128952034
3.2200998122045004
2.675411930276048
2.2217514597419705
12.688150876415122
10.659234409570836
8.902021923837488
7.39793681244605
6.123029248306597
5.051155010920283
4.364594778122696
3.584429906902783
2.9370854160552713
2.4005214787717386
14.503623426214231
12.108016056723303
10.045315810919474
8.289374977583845
6.809073577512842
5.571111469710208
4.781458510114477
3.8882278056469746
3.1504002834301237
2.5416619292030735
16.170622764021786
13.429274937172446
11.080281601976747
9.089985274989411
7.419851522182823
6.029314010747613
5.145876665893445
4.150056670358943
3.3309971905817384
2.658189077244368
17.72027488129949
14.650460943823925
12.03101221873255
9.820623193507323
7.973209704949543
6.441080337149794
5.470969868938048
4.380941618298072
3.4880605056247798
2.7571764574110436
19.17393973147612
15.7903715671387
12.913757799329737
10.495305602444034
8.48101693628854
6.816262992304444
5.7654369896640585
4.588341792026662
3.6271451255788487
2.843386254212806
20.54712671218345
16.862550494194252
13.740408327875379
11.123817987893183
8.95161133613895
7.161876438298329
6.035273028893658
4.77663938548261
3.7521388182147657
2.9189684259614634
21.851477306334694
17.87706556576825
14.519375415546786
11.713751122909688
9.391128766864972
7.482959007333896
6.284765717111785
4.9494901422621735
3.8657564321950706
2.9871149547114695
23.096201549950614
18.841682366236572
15.257549528265514
12.27058838292637
9.80421511207905
7.7832852341448815
6.5171714832217065
5.109346678632197
3.969992423231421
3.0493045338043365
24.288476680881455
19.762951892061206
15.960104073713204
12.798545134885556
10.194527779542547
8.06574631625192
6.7349800753565825
5.258372127239827
4.066345833672198
3.105706989037259
25.434132159026795
20.645968358123323
16.631469078525033
13.301380100400412
10.564871220644042
8.332756535971447
6.940159328450024
5.397977451237445
4.15599556981354
3.157611200849878
26.536244492097047
21.494410798927195
17.274728397288698
13.781857751748044
10.917634515592479
8.586101506247815
7.134426933327798
5.529399623950832
4.239829148182926
3.205665111717748