# datat/BKevo/MVe_BKevo/mve75.dat
# N(r,Y=0), r, *F2(x,Q^2)
# 1e-05 < r < 100.0
# 1 < Q^2 < 50, n=15, log grid
# 1e-5 < x < 1e-2, n=10, log grid
###
1.622036928003722e-10
2.2127127441996885e-10
3.031212274187372e-10
4.1461598200307787e-10
5.655413272621722e-10
7.736545706601612e-10
1.0581179316742906e-09
1.4430781750875482e-09
1.971255828452478e-09
2.6956841861039597e-09
3.6757287122114313e-09
5.013538018443704e-09
6.854696357188558e-09
9.344577604648205e-09
1.2725752014590829e-08
1.7394857757992078e-08
2.3706333573777962e-08
3.2231753581215014e-08
4.404398958991138e-08
6.000305567124854e-08
8.15216842524718e-08
1.1124849388404768e-07
1.5149234217016202e-07
2.057213985421808e-07
2.8024584441873603e-07
3.8142303970410736e-07
5.176608416325434e-07
7.038871396527846e-07
9.574087682410016e-07
1.2984942823415787e-06
1.7621817991327254e-06
2.395083239742351e-06
3.2457550297068546e-06
4.395719900590567e-06
5.969220908029233e-06
8.081782486386737e-06
1.0921243616829913e-05
1.4815413573254986e-05
2.003708112981622e-05
2.7024183485980523e-05
3.6603654127170915e-05
4.94437686236698e-05
6.660046961048568e-05
8.998492633707283e-05
0.00012138498727406589
0.00016327741744320354
0.00022004114502097044
0.00029639462364139233
0.000398109292168698
0.0005351405064404576
0.0007198062006778826
0.0009654946262896629
0.0012947096236626417
0.001739379689122138
0.002330530334505132
0.003118895743697426
0.004187019468343759
0.005606991694305044
0.00749314619177249
0.010058909443375088
0.013472068651215205
0.018006196510202306
0.024158879114466368
0.03236536437946667
0.04325627341729585
0.057932269898216975
0.07746404572402918
0.10316660514853913
0.13715197458510386
0.18150888595194217
0.238132909736428
0.3093320924394183
0.39622064046949296
0.4977785713235119
0.6101776771388501
0.7232978557822365
0.8278034368513821
0.9119960213526519
0.9626441924802467
0.9886551329652192
0.9981818927782532
0.9997806960245075
0.9999864720819385
0.9999998275955524
0.9999999996892942
0.9999999999995489
0.9999999999999999
1.0
1.0
1.0
1.0
1.0
1.0
1.0
1.0
1.0
1.0
1.0
1.0
1.0
###
1e-05
1.1768119524349992e-05
1.3848863713938717e-05
1.6297508346206434e-05
1.917910261672489e-05
2.2570197196339216e-05
2.656087782946684e-05
3.1257158496882356e-05
3.678379771828634e-05
4.328761281083062e-05
5.0941380148163754e-05
5.994842503189409e-05
7.054802310718646e-05
8.302175681319735e-05
9.770099572992247e-05
0.00011497569953977356
0.00013530477745798074
0.00015922827933410923
0.0001873817422860383
0.00022051307399030456
0.00025950242113997375
0.0003053855508833416
0.00035938136638046257
0.0004229242874389499
0.0004977023564332109
0.0005857020818056661
0.0006892612104349695
0.0008111308307896872
0.0009545484566618337
0.0011233240329780276
0.0013219411484660286
0.0015556761439304723
0.0018307382802953678
0.002154434690031882
0.0025353644939701114
0.0029836472402833374
0.003511191734215131
0.004132012400115334
0.004862601580065354
0.005722367659350214
0.006734150657750821
0.007924828983539169
0.0093260334688322
0.010974987654930556
0.01291549665014884
0.01519911082952933
0.01788649529057435
0.0210490414451202
0.02477076355991709
0.029150530628251757
0.034304692863149154
0.040370172585965536
0.047508101621027934
0.05590810182512223
0.06579332246575675
0.0774263682681127
0.09111627561154886
0.10722672220103231
0.1261856883066021
0.14849682622544635
0.1747528400007683
0.20565123083486514
0.24201282647943834
0.2848035868435799
0.3351602650938841
0.3944206059437656
0.46415888336127725
0.5462277217684337
0.642807311728432
0.7564633275546291
0.8902150854450375
1.0476157527896641
1.232846739442066
1.4508287784959402
1.7073526474706886
2.009233002565046
2.364489412645407
2.782559402207126
3.274549162877725
3.8535285937105273
4.534878508128582
5.3366992312063015
6.280291441834247
7.390722033525775
8.697490026177835
10.235310218990248
12.045035402587812
14.174741629268048
16.68100537200059
19.630406500402685
23.10129700083158
27.1858824273294
31.992671377973846
37.64935806792464
44.30621457583877
52.14008287999685
61.35907273413163
72.20809018385457
84.97534359086438
100.0
###
1.882145398166433
1.6904464915503363
1.5145478675495323
1.3555762849585007
1.2136882687223172
1.0885281159511497
1.005383066538305
0.9081014387843698
0.8253525805777511
0.7559598466996186
5.85591433580627
5.083486801277335
4.391391877145798
3.7804492575249506
3.247360108898122
2.7863869500863636
2.484644796685641
2.1353874039380925
1.8401512265481001
1.5919126090663442
8.761574610669822
7.488894689165874
6.36359884865461
5.38296037879056
4.537914757872304
3.8157541200833984
3.3474916799954313
2.80990810651174
2.3591532444903773
1.9824897233376533
11.19791250654716
9.473844547898207
7.9635817860027975
6.659081451044253
5.5448862788454445
4.600804625450375
3.992889384943816
3.299494755325443
2.722073109480893
2.2424275303644743
13.344741442389092
11.203896659732932
9.341936412128856
7.744882289060727
6.390178102575858
5.249727340652897
4.519580025236887
3.6909960221088376
3.005046901618079
2.4383537716385586
15.287879629997356
12.756870985053038
10.568457636636815
8.702045453417194
7.127672439768083
5.809605345877393
4.9694845277038135
4.020558337515368
3.2387938319225285
2.596099703570353
17.07690541902441
14.177101357407167
11.682449131710298
9.564883462270105
7.7871064603912545
6.305565436098635
5.365102040095628
4.306900565707904
3.4389126334408693
2.728430498753275
18.743712945856704
15.493019462970702
12.708514081738198
10.354610809342825
8.386611628424586
6.753232253387693
5.719947812977715
4.561165770698524
3.6143343229438627
2.8425909242575
20.310335540499672
16.72398675414524
13.663550747462443
11.085887875404849
8.938552633659802
7.162688745942932
6.042749381549687
4.790596075284811
3.7711852464849707
2.943108055417085
21.792778048444255
17.883706216509843
14.559610951879273
11.769080128333822
9.451441766669571
7.541073013925107
6.3396836676811565
5.000132840788224
3.913067888649779
3.0329806558698986
23.20314483754881
18.983087969638504
15.405703710500626
12.411351349205841
9.931680065409706
7.893633109445973
6.615214457455931
5.1933467944234835
4.042877075371529
3.1143359400622574
24.550844230158848
20.030209052231516
16.208549261381396
13.018730178186974
10.383981356112583
8.224233758319116
6.872684691569084
5.3728868074942016
4.162666277556808
3.1887062335822884
25.84313659520342
21.031439316815593
16.97399840311549
13.595588298816885
10.812225510388462
8.536042502840195
7.114619942651518
5.540784389171107
4.273984300454529
3.2572158737309214
27.086585250273476
21.992383875438
17.70628085328653
14.145966680329352
11.219329566609783
8.831470894508382
7.3431986497704
5.698638159236216
4.378007126332151
3.320772777399971
28.285981573318033
22.916720117483283
18.408994316044677
14.67265924771395
11.607758308701799
9.112404772849153
7.559965089990495
5.8477385642890995
4.4757751153858045
3.3800619431126804