# datat/BKevo/GBW_BKevo/gbw5.dat
# N(r,Y=0), r, *F2(x,Q^2)
# 1e-05 < r < 100.0
# 1 < Q^2 < 50, n=15, log grid
# 1e-5 < x < 1e-2, n=10, log grid
###
6.882045569275088e-15
1.0161141676295077e-14
1.5057435708524755e-14
2.2261719920785993e-14
3.286772029979376e-14
4.866398137622227e-14
7.20654297454904e-14
1.0611515131092544e-13
1.569407937210806e-13
2.326659976265205e-13
3.431180981519836e-13
5.064569805765311e-13
7.512755389271615e-13
1.1086902879734682e-12
1.6336575983438333e-12
2.4256189727301733e-12
3.5820945742207728e-12
5.268653056405906e-12
7.830255074154245e-12
1.1572679298544161e-11
1.7021920680566022e-11
2.5273431206321017e-11
3.7382947200197185e-11
5.502436986656545e-11
8.156331635292456e-11
1.2074334717339473e-10
1.778506563656503e-10
2.6318674272686484e-10
3.8994266174264586e-10
5.747918017049981e-10
8.491231634035949e-10
1.2591707609273755e-09
1.857459315359863e-09
2.739134343226673e-09
4.065497067585356e-09
6.0017870706918e-09
8.834667195454284e-09
1.3124612381627166e-08
1.9390692543058292e-08
2.8512822907224665e-08
4.236447133161539e-08
6.264067694033393e-08
9.217316531556321e-08
1.3672822084071203e-07
2.023339735721266e-07
2.9793714267748987e-07
4.412189171019152e-07
6.53475365004506e-07
9.629409220707503e-07
1.4236003195536637e-06
2.1102617081455973e-06
3.1119190222583836e-06
4.592594895773893e-06
6.813784131400921e-06
1.0055619807282522e-05
1.481363516409001e-05
2.1997964211593187e-05
3.248911722170287e-05
4.777421269113492e-05
7.100880218460125e-05
0.00010495587582824057
0.00015438757273119542
0.00022917088603549186
0.00033899205430513096
0.0004989723303987693
0.0007393827252994486
0.0010944730473045046
0.0016118587507693292
0.0023837910983798343
0.003530157444296369
0.005199778374772987
0.007670123623594305
0.011353335957576944
0.016704278893258283
0.024530349884966864
0.03618455775868594
0.05295808439590294
0.07697787416262444
0.11208232101208732
0.16103673266702176
0.22785226224744118
0.31800874717359395
0.43159546747735134
0.5658198422678804
0.7067789553859359
0.8346540130967055
0.930648413390657
0.9798469378618265
0.9962513038823837
0.9997151708558376
0.9999961308255593
0.9999999647674406
0.9999999999521146
1.0
1.0
1.0
1.0
1.0
1.0
1.0
###
1e-05
1.1768119524349992e-05
1.3848863713938717e-05
1.6297508346206434e-05
1.917910261672489e-05
2.2570197196339216e-05
2.656087782946684e-05
3.1257158496882356e-05
3.678379771828634e-05
4.328761281083062e-05
5.0941380148163754e-05
5.994842503189409e-05
7.054802310718646e-05
8.302175681319735e-05
9.770099572992247e-05
0.00011497569953977356
0.00013530477745798074
0.00015922827933410923
0.0001873817422860383
0.00022051307399030456
0.00025950242113997375
0.0003053855508833416
0.00035938136638046257
0.0004229242874389499
0.0004977023564332109
0.0005857020818056661
0.0006892612104349695
0.0008111308307896872
0.0009545484566618337
0.0011233240329780276
0.0013219411484660286
0.0015556761439304723
0.0018307382802953678
0.002154434690031882
0.0025353644939701114
0.0029836472402833374
0.003511191734215131
0.004132012400115334
0.004862601580065354
0.005722367659350214
0.006734150657750821
0.007924828983539169
0.0093260334688322
0.010974987654930556
0.01291549665014884
0.01519911082952933
0.01788649529057435
0.0210490414451202
0.02477076355991709
0.029150530628251757
0.034304692863149154
0.040370172585965536
0.047508101621027934
0.05590810182512223
0.06579332246575675
0.0774263682681127
0.09111627561154886
0.10722672220103231
0.1261856883066021
0.14849682622544635
0.1747528400007683
0.20565123083486514
0.24201282647943834
0.2848035868435799
0.3351602650938841
0.3944206059437656
0.46415888336127725
0.5462277217684337
0.642807311728432
0.7564633275546291
0.8902150854450375
1.0476157527896641
1.232846739442066
1.4508287784959402
1.7073526474706886
2.009233002565046
2.364489412645407
2.782559402207126
3.274549162877725
3.8535285937105273
4.534878508128582
5.3366992312063015
6.280291441834247
7.390722033525775
8.697490026177835
10.235310218990248
12.045035402587812
14.174741629268048
16.68100537200059
19.630406500402685
23.10129700083158
27.1858824273294
31.992671377973846
37.64935806792464
44.30621457583877
52.14008287999685
61.35907273413163
72.20809018385457
84.97534359086438
100.0
###
0.5557221765973068
0.45321800786686384
0.36689741163014533
0.29491325369912114
0.23532782322373522
0.186288655179617
0.15537454571741238
0.120733585980115
0.09233011000394452
0.06902982385977324
1.3307396900975508
1.0389429940533967
0.8031162306984198
0.6142514919677109
0.4641439327476159
0.34558613457428405
0.2736352829248716
0.19611098294457277
0.1356430881119563
0.08866041207256144
1.7970364769131932
1.379565176018032
1.0476635086781043
0.7862077326690948
0.5818531839050735
0.4232474977718069
0.32856685980323697
0.22833052837784606
0.15188883677609388
0.0940436181747338
2.154983558094647
1.6371027328583112
1.22960412161936
0.911906823717676
0.6662339386285044
0.47768615902932343
0.3663109986377008
0.24974912771775998
0.16214814022053572
0.0970106400162114
2.452893191455899
1.8492973948388611
1.377966365591847
1.0132632810132796
0.7334223494099439
0.5204076089398911
0.39556411733834634
0.2659851323383232
0.16968869454674668
0.09899846685381714
2.7114811013023936
2.032174461730219
1.50487642082257
1.099215379189303
0.7898738284653593
0.5559269880542324
0.419664505641192
0.27916705669158454
0.1756655512315166
0.10047056537431094
2.9418746685837838
2.194193280347993
1.6165644323149253
1.1743980350272316
0.8388936195649603
0.586517749682423
0.4402588000481891
0.290305451120114
0.18062600863010514
0.1016276021867966
3.150837286059051
2.340438707623834
1.7168972175464494
1.2415577076691402
0.8824215381384949
0.613494892867322
0.458327974840356
0.2999939519267411
0.18487101090602356
0.10257331534719381
3.3428402019730106
2.474272956370156
1.8083317727092743
1.3024707498215422
0.9217049789892834
0.6377017882561861
0.4744649917763434
0.3085318842951478
0.18858384361650715
0.10337079625159007
3.5210051356068197
2.5980259892127684
1.8925634748117102
1.3583677380614685
0.9575870952985244
0.6597001170846809
0.4890539111119732
0.3162218128041533
0.19188058119173865
0.10404930720117456
3.6876286952090376
2.713406963104483
1.9708402387890616
1.4101277569836301
0.9906891944228914
0.6799046224171887
0.5023959804025169
0.3232094221990913
0.19485104081643165
0.10464381306180578
3.8444403597786962
2.8216944458239483
2.0441117834198006
1.4584119808816447
1.0214599042602044
0.6986139003470883
0.5147159035422545
0.3296343650842078
0.1975530654492801
0.10516884007038141
3.992784741061949
2.923880038935621
2.1129794179517063
1.50372626417902
1.0502458317068133
0.7160514333345199
0.526162357429613
0.33555499651087606
0.2000338759535276
0.10563746501504133
4.1337341786883375
3.0207513150402456
2.178177751544766
1.546472844920931
1.077322193732573
0.7323996819758598
0.5368632537084647
0.3410725402368494
0.2023210800243293
0.10605711472207623
4.268146231043562
3.1129412836836656
2.2400827315070253
1.5869636726569545
1.1028951345134155
0.7477967860141111
0.5469158184115899
0.3462444370715205
0.20444173245429786
0.10644079897129162