# datat/BKevo/MVe_BKevo/mve48.dat
# N(r,Y=0), r, *F2(x,Q^2)
# 1e-05 < r < 100.0
# 1 < Q^2 < 50, n=15, log grid
# 1e-5 < x < 1e-2, n=10, log grid
###
9.732695771509641e-11
1.327704928657298e-10
1.818854002618609e-10
2.487902892180783e-10
3.3935826417628256e-10
4.642473892022822e-10
6.349600830135132e-10
8.659916014135759e-10
1.182989572398163e-09
1.6177969220716367e-09
2.2060640147426756e-09
3.009141879810189e-09
4.114488796936642e-09
5.609460382879106e-09
7.639848220206943e-09
1.0444134630074074e-08
1.4235538613894354e-08
1.9358003234180683e-08
2.6457552640571952e-08
3.605254134396368e-08
4.8994837110589416e-08
6.68833291191779e-08
9.111401641375786e-08
1.2378575207678644e-07
1.6872421929264556e-07
2.2979337776619786e-07
3.121132121568826e-07
4.247997400096592e-07
5.784639349580254e-07
7.855790056916295e-07
1.0677985801849936e-06
1.4541117380625405e-06
1.9749245028686807e-06
2.6815920102890647e-06
3.6531619404839582e-06
4.964007747236239e-06
6.735991733490158e-06
9.185046637576899e-06
1.2494275863553645e-05
1.6960305942652052e-05
2.3155765984918995e-05
3.155564973153717e-05
4.291967414480786e-05
5.866226232493023e-05
8.014736360436018e-05
0.00010930027274989201
0.00014963584692957057
0.00020507171991298768
0.00028051875278875717
0.00038473443828955457
0.0005289590426129428
0.0007257557898013526
0.0009969179055731407
0.0013745950188710694
0.0018909061584600879
0.0025998031447092423
0.003592687291549741
0.004951223935206823
0.006807529715806509
0.009418356575893301
0.012988074668983076
0.017855220082820325
0.02465480635453728
0.03394331053357082
0.046533387370468124
0.06386595269426751
0.08732252022541427
0.11857598090132729
0.16027592376804195
0.2148594535903325
0.2842610284657414
0.3703409160764465
0.4725202720119778
0.5872015398851963
0.7063334133787897
0.8144793518676997
0.9022994636005517
0.9612842445770272
0.9877329781339926
0.9975223178422238
0.9998110590026078
0.9999893532876595
0.9999997344268592
0.9999999990527344
0.9999999999999234
1.0
1.0
1.0
1.0
1.0
1.0
1.0
1.0
1.0
1.0
1.0
1.0
1.0
1.0
1.0
###
1e-05
1.1768119524349992e-05
1.3848863713938717e-05
1.6297508346206434e-05
1.917910261672489e-05
2.2570197196339216e-05
2.656087782946684e-05
3.1257158496882356e-05
3.678379771828634e-05
4.328761281083062e-05
5.0941380148163754e-05
5.994842503189409e-05
7.054802310718646e-05
8.302175681319735e-05
9.770099572992247e-05
0.00011497569953977356
0.00013530477745798074
0.00015922827933410923
0.0001873817422860383
0.00022051307399030456
0.00025950242113997375
0.0003053855508833416
0.00035938136638046257
0.0004229242874389499
0.0004977023564332109
0.0005857020818056661
0.0006892612104349695
0.0008111308307896872
0.0009545484566618337
0.0011233240329780276
0.0013219411484660286
0.0015556761439304723
0.0018307382802953678
0.002154434690031882
0.0025353644939701114
0.0029836472402833374
0.003511191734215131
0.004132012400115334
0.004862601580065354
0.005722367659350214
0.006734150657750821
0.007924828983539169
0.0093260334688322
0.010974987654930556
0.01291549665014884
0.01519911082952933
0.01788649529057435
0.0210490414451202
0.02477076355991709
0.029150530628251757
0.034304692863149154
0.040370172585965536
0.047508101621027934
0.05590810182512223
0.06579332246575675
0.0774263682681127
0.09111627561154886
0.10722672220103231
0.1261856883066021
0.14849682622544635
0.1747528400007683
0.20565123083486514
0.24201282647943834
0.2848035868435799
0.3351602650938841
0.3944206059437656
0.46415888336127725
0.5462277217684337
0.642807311728432
0.7564633275546291
0.8902150854450375
1.0476157527896641
1.232846739442066
1.4508287784959402
1.7073526474706886
2.009233002565046
2.364489412645407
2.782559402207126
3.274549162877725
3.8535285937105273
4.534878508128582
5.3366992312063015
6.280291441834247
7.390722033525775
8.697490026177835
10.235310218990248
12.045035402587812
14.174741629268048
16.68100537200059
19.630406500402685
23.10129700083158
27.1858824273294
31.992671377973846
37.64935806792464
44.30621457583877
52.14008287999685
61.35907273413163
72.20809018385457
84.97534359086438
100.0
###
1.9092943419732944
1.724691134399221
1.5560676330690175
1.4040173994409257
1.2687087805364563
1.1498571104250095
1.0711117343600889
0.9793279200927275
0.9017454540523808
0.8371957158889269
5.948648352824481
5.196778077745459
4.524225804406059
3.9300949577429423
3.4111121708237198
2.9624044641918568
2.668323809833505
2.327487592007619
2.0393091454945784
1.796781502823527
8.899429678425442
7.655228037725443
6.555486533569642
5.595299950380862
4.765847166317435
4.0560190405070005
3.59427047801493
3.0626792781069785
2.6154134121828165
2.2401530875271574
11.371171981374115
9.68078263570486
8.19966394216675
6.91737725525999
5.818475578537646
4.885094704176689
4.281832264961587
3.590870979697152
3.012498303242503
2.529577450323839
13.546801219240654
11.443736823726606
9.613562650967635
8.039332681108005
6.698924402120529
5.567003064159523
4.839323715625159
4.009530705312352
3.3182959646421715
2.7436629565252595
15.51417249159484
13.024253313439013
10.86950814224576
9.026126842946464
7.464773558707292
6.152913517468522
5.313013577907256
4.359245546046984
3.5682166376158198
2.9129120969069264
17.32402694729509
14.468222399630598
12.008467908420117
9.91390683980608
8.147713960223761
6.670171416835659
5.727736377690525
4.661217715337442
3.7800177753415714
3.0528685109847644
19.00899335854485
15.80482802550309
13.05628172617231
10.725212944142564
8.767273635399645
7.135577298994931
6.098110077673728
4.927793972466174
3.9643390180043694
3.17203120895626
20.59161151412546
17.053882329233762
14.030437102253007
11.475206260114252
9.336433652522024
7.560047197713993
6.433893042528843
5.167123627094661
4.127661749648061
3.2758276417567855
22.087863191279045
18.229847964622586
14.943348637238474
12.174673496808525
9.864360105385172
7.9513099271392855
6.741816589972849
5.384733544087585
4.274518592834819
3.3673161522253627
23.511262999451557
19.343797791229534
15.804626539225254
12.831704595816534
10.357809892676691
8.315052621391425
7.02670516247194
5.584563750777468
4.408048678930257
3.4495518183559137
24.870405641255072
20.40407939299549
16.621369027775337
13.452248602695269
10.821913640389841
8.655467291820338
7.292318645942218
5.769561181533185
4.5305906456053275
3.5238916389257944
26.173244646077812
21.41757855477993
17.399260233003062
14.041170707448796
11.260621732624458
8.97588139571058
7.541335566625659
5.941898169583192
4.643904637634087
3.59195296356652
27.42604172226481
22.389084938526366
18.142865900942343
14.602320236394656
11.677194275801503
9.278864721578234
7.7755865314749215
6.10348259875257
4.7493342510936065
3.654428781063883
28.63150626136845
23.323298056419546
18.85620642521141
15.138824127229979
12.074152431685084
9.566554406200272
7.997596300182304
6.255637598945129
4.847948045540497
3.7123476965766833