# datat/BKevo/MVe_BKevo/mve21.dat
# N(r,Y=0), r, *F2(x,Q^2)
# 1e-05 < r < 100.0
# 1 < Q^2 < 50, n=15, log grid
# 1e-5 < x < 1e-2, n=10, log grid
###
4.8661394625439966e-11
6.638192172730958e-11
9.093718353135653e-11
1.2438609878213213e-10
1.6966446311528495e-10
2.3209980770973612e-10
3.17440997687389e-10
4.3293253583688447e-10
5.913915365519604e-10
8.087293831011892e-10
1.1027578300514888e-09
1.5041251601254907e-09
2.056513577547567e-09
2.803543323938155e-09
3.818001147894853e-09
5.218910059403871e-09
7.112636561030151e-09
9.67071583228815e-09
1.321515457818153e-08
1.8004105592988692e-08
2.4461656477972897e-08
3.338300968489987e-08
4.5461503714142025e-08
6.173873619246242e-08
8.411029907813997e-08
1.1448659490059068e-07
1.5539485655257073e-07
2.1132382348963837e-07
2.8748044380366666e-07
3.8996594724755465e-07
5.293338603107564e-07
7.196367807251038e-07
9.755288235024981e-07
1.3216359745195063e-06
1.795548486535563e-06
2.4322891297619005e-06
3.28888078788018e-06
4.465110927146575e-06
6.044332403997466e-06
8.1606153730094e-06
1.1068311568201118e-05
1.497431471884587e-05
2.0206585353587578e-05
2.7363185104457107e-05
3.70090685411707e-05
4.9931977546862834e-05
6.754009692195852e-05
9.137240717599854e-05
0.00012333299437025056
0.00016675536492330337
0.00022584515748664562
0.00030525424215050335
0.00041294100726771063
0.000560482799287773
0.0007593894651152867
0.0010288245049939876
0.001400916716196335
0.0019044368486429214
0.002585732678293413
0.0035343648920214436
0.0048224640502744975
0.006569480948028467
0.009000698170179485
0.012318532007409688
0.01682272131680475
0.0230598738251703
0.03158761507881185
0.04312289079580859
0.05891111715124296
0.08034984684351784
0.10893633986542882
0.14703084942065553
0.19726159431633156
0.26151322397283805
0.34189348980637285
0.438854255183381
0.5497174801719478
0.6686391849344618
0.7807697935918013
0.8765052338876076
0.9461006719420618
0.981069700726751
0.9954865766238107
0.999496338297116
0.9999679915823539
0.9999988666744717
0.999999991231551
0.9999999999986494
0.9999999999999996
1.0
1.0
1.0
1.0
1.0
1.0
1.0
1.0
1.0
1.0
1.0
###
1e-05
1.1768119524349992e-05
1.3848863713938717e-05
1.6297508346206434e-05
1.917910261672489e-05
2.2570197196339216e-05
2.656087782946684e-05
3.1257158496882356e-05
3.678379771828634e-05
4.328761281083062e-05
5.0941380148163754e-05
5.994842503189409e-05
7.054802310718646e-05
8.302175681319735e-05
9.770099572992247e-05
0.00011497569953977356
0.00013530477745798074
0.00015922827933410923
0.0001873817422860383
0.00022051307399030456
0.00025950242113997375
0.0003053855508833416
0.00035938136638046257
0.0004229242874389499
0.0004977023564332109
0.0005857020818056661
0.0006892612104349695
0.0008111308307896872
0.0009545484566618337
0.0011233240329780276
0.0013219411484660286
0.0015556761439304723
0.0018307382802953678
0.002154434690031882
0.0025353644939701114
0.0029836472402833374
0.003511191734215131
0.004132012400115334
0.004862601580065354
0.005722367659350214
0.006734150657750821
0.007924828983539169
0.0093260334688322
0.010974987654930556
0.01291549665014884
0.01519911082952933
0.01788649529057435
0.0210490414451202
0.02477076355991709
0.029150530628251757
0.034304692863149154
0.040370172585965536
0.047508101621027934
0.05590810182512223
0.06579332246575675
0.0774263682681127
0.09111627561154886
0.10722672220103231
0.1261856883066021
0.14849682622544635
0.1747528400007683
0.20565123083486514
0.24201282647943834
0.2848035868435799
0.3351602650938841
0.3944206059437656
0.46415888336127725
0.5462277217684337
0.642807311728432
0.7564633275546291
0.8902150854450375
1.0476157527896641
1.232846739442066
1.4508287784959402
1.7073526474706886
2.009233002565046
2.364489412645407
2.782559402207126
3.274549162877725
3.8535285937105273
4.534878508128582
5.3366992312063015
6.280291441834247
7.390722033525775
8.697490026177835
10.235310218990248
12.045035402587812
14.174741629268048
16.68100537200059
19.630406500402685
23.10129700083158
27.1858824273294
31.992671377973846
37.64935806792464
44.30621457583877
52.14008287999685
61.35907273413163
72.20809018385457
84.97534359086438
100.0
###
1.4658741372237063
1.2901615528902164
1.131821050355486
0.9909586937381089
0.8671465531626287
0.7595119709055699
0.6886914066131249
0.6063874333032503
0.5366331671132877
0.4780072895262436
4.263238348716854
3.610217480275767
3.0390101610012907
2.546193306744798
2.1253826585709863
1.769148441654743
1.5396607823286046
1.2776040846389032
1.0589099995031488
0.8767962530315775
6.202069987492664
5.163528364734101
4.270427672584536
3.511326017178036
2.8724533581020837
2.3391050765350414
1.9995517186631115
1.6161029529524675
1.300060144203178
1.0401885422618191
7.784698553424792
6.411374212731692
5.242497141539749
4.258843181367077
3.439103597525503
2.7613588925238406
2.3333684623304687
1.8539672128421705
1.462497362436361
1.1432603272168953
9.155164425541896
7.480148282210278
6.065391665063765
4.883850217349822
3.906402156207202
3.1041706638541458
2.600820639202166
2.04055246435972
1.5864633446731782
1.2190369225293234
10.37967504165597
8.42720172251919
6.788275367874271
5.4277820596165025
4.3090178267252
3.396165696828608
2.8263817606815302
2.1955095510419986
1.6873493725948085
1.2788856512160325
11.495612654911689
9.28462341274079
7.4382464471163
5.913246446528035
4.665444631242203
3.6524181034180736
3.022766203129441
2.3287817873959913
1.7727182699270012
1.3283749125042594
12.526578004536407
10.072465768209387
8.032061780760023
6.354076961103276
4.986950458383018
3.8816604512664106
3.1974933615337173
2.446190361171868
1.8470272067854168
1.3705841884354193
13.488711963723853
10.80428445151669
8.580985706474616
6.759467239898455
5.280956565301545
4.090087223774201
3.355433924863991
2.5514112189272824
1.912872313562821
1.407399189120482
14.393544067699994
11.489772253941002
9.092939688458435
7.135870548874628
5.5526087954432235
4.281614012384989
3.4998905951186763
2.6469584168592926
1.9721042053663351
1.4400521040910201
15.249724642104042
12.136059766023978
9.573860916539196
7.488046505490529
5.805684517431864
4.459227930283953
3.6332824476867724
2.7346308361508713
2.0260082572882614
1.4698936685211468
16.063807980417913
12.748726176361817
10.028208720833193
7.819620860783193
6.043017723441896
4.625053623017095
3.7573941191498665
2.815742220089757
2.0755151843967976
1.4961128328373672
16.841259050616024
13.332130984973636
10.459406668274175
8.133343405628972
6.266814695375725
4.780817505298426
3.8735960316503304
2.8912975413055855
2.1213430754121165
1.5205449847895778
17.586243229505712
13.889614904217641
10.8704474155653
8.431497068640173
6.478852575785682
4.927816611242488
3.9830016424356525
2.962083736491038
2.1640139002424
1.5431035351657336
18.302470234820735
14.424108754471854
11.263690006837916
8.7158320390495
6.680475438999513
5.067224010260291
4.086361971694302
3.0287183292624236
2.203963371893551
1.5640416876028544