# datat/BKevo/MVe_BKevo/mve76.dat
# N(r,Y=0), r, *F2(x,Q^2)
# 1e-05 < r < 100.0
# 1 < Q^2 < 50, n=15, log grid
# 1e-5 < x < 1e-2, n=10, log grid
###
1.6220398261765173e-10
2.2127181587044342e-10
3.031221978981732e-10
4.146174522120675e-10
5.655436816696155e-10
7.736583224059258e-10
1.0581241192752411e-09
1.4430881914715562e-09
1.9712723078503087e-09
2.6957110653212183e-09
3.6757723106475643e-09
5.013608939340711e-09
6.854812701872218e-09
9.344766623031544e-09
1.2726058261125257e-08
1.7395360932688655e-08
2.370715212132201e-08
3.223307587265581e-08
4.4046165738112755e-08
6.000660059930696e-08
8.152741098176422e-08
1.1125790172912293e-07
1.5150768856030268e-07
2.0574621729910323e-07
2.8028649477685284e-07
3.814894394327646e-07
5.177683419539194e-07
7.040626564273475e-07
9.576958393596663e-07
1.2989595182700526e-06
1.762938843452282e-06
2.3963229480053647e-06
3.24776592861734e-06
4.398980230187512e-06
5.97456540385174e-06
8.090457456499448e-06
1.0935252477401168e-05
1.483839366516209e-05
2.0074392212666687e-05
2.7084246710668168e-05
3.670205981603713e-05
4.9603487596873284e-05
6.68573850426187e-05
9.040364005829656e-05
0.0001220636631275445
0.00016436702778102282
0.00022180520845541658
0.000299245537753117
0.00040266991748484
0.000542460949995191
0.0007315746849997578
0.0009842064039987232
0.0013244102018177568
0.00178672320321342
0.002405098963469034
0.003235559706817263
0.0043706585324655885
0.005892336881128024
0.007931568209437469
0.010737161659311139
0.014506903077792885
0.019565257964753693
0.026511083832574334
0.03586990207062869
0.04840505276867203
0.06545663868351295
0.0883144679940189
0.11854334820087627
0.15861731674400092
0.21085122862999855
0.2771501810571911
0.3594638230746179
0.45766147335237123
0.568869779150752
0.6861802153892018
0.7955104324315668
0.8873492542288011
0.9521121614512114
0.9835666310566881
0.9962899620722486
0.9996511676762754
0.9999756111899689
0.9999992164258947
0.9999999960562995
0.9999999999992089
0.9999999999999998
1.0
1.0
1.0
1.0
1.0
1.0
1.0
1.0
1.0
1.0
1.0
1.0
1.0
1.0
###
1e-05
1.1768119524349992e-05
1.3848863713938717e-05
1.6297508346206434e-05
1.917910261672489e-05
2.2570197196339216e-05
2.656087782946684e-05
3.1257158496882356e-05
3.678379771828634e-05
4.328761281083062e-05
5.0941380148163754e-05
5.994842503189409e-05
7.054802310718646e-05
8.302175681319735e-05
9.770099572992247e-05
0.00011497569953977356
0.00013530477745798074
0.00015922827933410923
0.0001873817422860383
0.00022051307399030456
0.00025950242113997375
0.0003053855508833416
0.00035938136638046257
0.0004229242874389499
0.0004977023564332109
0.0005857020818056661
0.0006892612104349695
0.0008111308307896872
0.0009545484566618337
0.0011233240329780276
0.0013219411484660286
0.0015556761439304723
0.0018307382802953678
0.002154434690031882
0.0025353644939701114
0.0029836472402833374
0.003511191734215131
0.004132012400115334
0.004862601580065354
0.005722367659350214
0.006734150657750821
0.007924828983539169
0.0093260334688322
0.010974987654930556
0.01291549665014884
0.01519911082952933
0.01788649529057435
0.0210490414451202
0.02477076355991709
0.029150530628251757
0.034304692863149154
0.040370172585965536
0.047508101621027934
0.05590810182512223
0.06579332246575675
0.0774263682681127
0.09111627561154886
0.10722672220103231
0.1261856883066021
0.14849682622544635
0.1747528400007683
0.20565123083486514
0.24201282647943834
0.2848035868435799
0.3351602650938841
0.3944206059437656
0.46415888336127725
0.5462277217684337
0.642807311728432
0.7564633275546291
0.8902150854450375
1.0476157527896641
1.232846739442066
1.4508287784959402
1.7073526474706886
2.009233002565046
2.364489412645407
2.782559402207126
3.274549162877725
3.8535285937105273
4.534878508128582
5.3366992312063015
6.280291441834247
7.390722033525775
8.697490026177835
10.235310218990248
12.045035402587812
14.174741629268048
16.68100537200059
19.630406500402685
23.10129700083158
27.1858824273294
31.992671377973846
37.64935806792464
44.30621457583877
52.14008287999685
61.35907273413163
72.20809018385457
84.97534359086438
100.0
###
1.937289923775464
1.7471224169287496
1.5735501341695428
1.416242031553348
1.2759198367359172
1.1524035330839972
1.0704301244424872
0.9747363405343238
0.8935654657976928
0.8258797344808038
6.069423684230848
5.295698140371087
4.601467784964961
3.9870840637537195
3.449763560537648
2.984796333185714
2.679998541063092
2.326731266405519
2.02797156608459
1.7766778181631988
9.105866248925098
7.823985886727848
6.687926687447691
5.6947424085350935
4.835978858874284
4.100896785335026
3.6230011668611057
3.0730857143115182
2.610655422920085
2.2234554877320947
11.657644264646
9.91470201520512
8.383767748911968
7.05670710930815
5.918908997756405
4.952402421929366
4.3281755869944245
3.613797895791132
3.0167866889703117
2.519011891971617
13.909203388111598
11.739073614453199
9.846196102247557
8.216330245277334
6.828026469376363
5.655954450318964
4.902925679437071
4.0454016787984965
3.3322520033649967
2.740428261619856
15.94914093465019
13.378156336149432
11.148314145188579
9.23896849763706
7.621310180808494
6.262697230928175
5.393481746997505
4.407756475061366
3.5918744271050733
2.917667360410761
17.828686087803742
14.878204103161854
12.331448696539624
10.160990157080974
8.330507644317597
6.79987767129837
5.824584386382963
4.722207015012856
3.813489202441092
3.0655606376194573
19.580871367097647
16.268656793889587
13.421637746616549
11.005133822832097
8.975269648948641
7.284511637527641
6.210800351469841
5.000911283953407
4.007265004454718
3.192455722692907
21.2285499416805
17.569620747045455
14.43662644155218
11.786765406910856
9.568732291547569
7.727560549765221
6.561543424362648
5.252019516771503
4.179902394397191
3.3036937747990915
22.788341087359598
18.796129527716833
15.38899875737951
12.516739339036805
10.120140465111715
8.136803024380235
6.884166927970864
5.481048853997955
4.335704258329178
3.4027730159914364
24.27279340491801
19.95895710918995
16.288521420268037
13.203207090866671
10.636300061119558
8.51795407767592
7.183328064319325
5.691984243967968
4.478214812928068
3.4921486483111916
25.691762276889648
21.06676245889939
17.142412927897787
13.85270671702865
11.122400850934156
8.875280942265627
7.462702275077532
5.887777113552255
4.60933133714376
3.5735745623523054
27.052803570741073
22.126614737342845
17.956430861376653
14.469537866911109
11.582578905882993
9.212055959459178
7.72512807098001
6.070690001317177
4.730980623844381
3.648359632651072
28.362683168862826
23.143303331239604
18.735253093243816
15.057862418722342
12.019973229920502
9.531076501824012
7.972789010102109
6.242502030734571
4.844525880979947
3.7175522593383117
29.626454248129775
24.121770866934487
19.4830081678306
15.620865898710214
12.437212136862959
9.834363781798157
8.20763604246332
6.404625150255541
4.951050035815794
3.781934943106082