# datat/BKevo/GBW_BKevo/gbw25.dat
# N(r,Y=0), r, *F2(x,Q^2)
# 1e-05 < r < 100.0
# 1 < Q^2 < 50, n=15, log grid
# 1e-5 < x < 1e-2, n=10, log grid
###
0.0
0.0
0.0
0.0
0.0
0.0
0.0
0.0
1.110223024625157e-16
1.110223024625157e-16
1.980602293234032e-16
3.5640480888299076e-16
6.468040477418488e-16
1.0213238418494628e-15
1.821700748146045e-15
2.998436406222902e-15
5.062930558573983e-15
8.485141508479726e-15
1.4363989784940335e-14
2.422648008559899e-14
4.0338778292430776e-14
6.861250506732879e-14
1.156214434366512e-13
1.9294414863072496e-13
3.2688084659271154e-13
5.520114116379104e-13
9.226347746223133e-13
1.5577743128736193e-12
2.6354539195642653e-12
4.411329305088111e-12
7.421241958055296e-12
1.2578979947431552e-11
2.108737812139366e-11
3.534364068341153e-11
6.002383015696656e-11
1.0078122309020464e-10
1.6826561274214084e-10
2.863397113709058e-10
4.815479747194246e-10
8.021252094997825e-10
1.3655780228584835e-09
2.30038032194776e-09
3.837031083498031e-09
6.510645118307043e-09
1.0986434327508903e-08
1.8351160625995056e-08
3.103127283178672e-08
5.245749709757483e-08
8.774943377409887e-08
1.4785580706923503e-07
2.5040820173491815e-07
4.1950297128759537e-07
7.042636580716533e-07
1.19502211192788e-06
2.00508488498445e-06
3.353393846201078e-06
5.701449503150918e-06
9.581502040653656e-06
1.596169091198811e-05
2.7193776985364078e-05
4.5775120528375855e-05
7.630589865930627e-05
0.0001296612179510999
0.0002186215808223122
0.00036492217338168206
0.0006179229782407525
0.0010435291843941276
0.001743873168021193
0.0029411326589799686
0.004971704350260273
0.00830966792861543
0.01393224160407203
0.023498978443555515
0.03908701205193586
0.06461148888838304
0.10708612847602142
0.17314986549603065
0.2722896857646192
0.4149115641148619
0.5924510779679425
0.7800288628652281
0.916266584371537
0.9822158804258857
0.9989578673507891
0.9999878520832584
0.999999966408667
0.9999999999967384
1.0
1.0
1.0
1.0
1.0
1.0
1.0
1.0
1.0
1.0
1.0
1.0
1.0
###
1e-05
1.1768119524349992e-05
1.3848863713938717e-05
1.6297508346206434e-05
1.917910261672489e-05
2.2570197196339216e-05
2.656087782946684e-05
3.1257158496882356e-05
3.678379771828634e-05
4.328761281083062e-05
5.0941380148163754e-05
5.994842503189409e-05
7.054802310718646e-05
8.302175681319735e-05
9.770099572992247e-05
0.00011497569953977356
0.00013530477745798074
0.00015922827933410923
0.0001873817422860383
0.00022051307399030456
0.00025950242113997375
0.0003053855508833416
0.00035938136638046257
0.0004229242874389499
0.0004977023564332109
0.0005857020818056661
0.0006892612104349695
0.0008111308307896872
0.0009545484566618337
0.0011233240329780276
0.0013219411484660286
0.0015556761439304723
0.0018307382802953678
0.002154434690031882
0.0025353644939701114
0.0029836472402833374
0.003511191734215131
0.004132012400115334
0.004862601580065354
0.005722367659350214
0.006734150657750821
0.007924828983539169
0.0093260334688322
0.010974987654930556
0.01291549665014884
0.01519911082952933
0.01788649529057435
0.0210490414451202
0.02477076355991709
0.029150530628251757
0.034304692863149154
0.040370172585965536
0.047508101621027934
0.05590810182512223
0.06579332246575675
0.0774263682681127
0.09111627561154886
0.10722672220103231
0.1261856883066021
0.14849682622544635
0.1747528400007683
0.20565123083486514
0.24201282647943834
0.2848035868435799
0.3351602650938841
0.3944206059437656
0.46415888336127725
0.5462277217684337
0.642807311728432
0.7564633275546291
0.8902150854450375
1.0476157527896641
1.232846739442066
1.4508287784959402
1.7073526474706886
2.009233002565046
2.364489412645407
2.782559402207126
3.274549162877725
3.8535285937105273
4.534878508128582
5.3366992312063015
6.280291441834247
7.390722033525775
8.697490026177835
10.235310218990248
12.045035402587812
14.174741629268048
16.68100537200059
19.630406500402685
23.10129700083158
27.1858824273294
31.992671377973846
37.64935806792464
44.30621457583877
52.14008287999685
61.35907273413163
72.20809018385457
84.97534359086438
100.0
###
0.7940085986117783
0.6732114826322377
0.5693491694493801
0.48093366217588585
0.40620784428366374
0.34348072441238214
0.303201547369009
0.25739212965860103
0.21925135880108082
0.18753005683174273
1.9829847999209682
1.6029926573668627
1.2873943612365
1.027348097023492
0.8142927612184361
0.6404142418957935
0.5315032038952262
0.41007170218483974
0.31106016588880236
0.23013033400778135
2.7156004965863483
2.1539312187375232
1.6948114431871928
1.322431844009955
1.0221361276422676
0.7810280972611474
0.6322670197364437
0.46901754430022524
0.3385855008005601
0.23445260980221141
3.2832543838040134
2.573418291708295
1.9992222036582978
1.5383166973212627
1.1705938269527216
0.8786253610923527
0.7003834289971912
0.5070167374127431
0.35481579506002575
0.2354515630674261
3.7584103579365373
2.920633410337809
2.248084952441028
1.7124973863986785
1.2885787142865666
0.9548513282090683
0.7527609421586176
0.5354523918247134
0.36642129065247997
0.23567158026832866
4.172559557701902
3.220733372963074
2.4613702640507165
1.8602828392766042
1.3876021459782724
1.018030331493431
0.7956995511968683
0.5583431433337228
0.37544739583355813
0.2356415553899272
4.542690239576238
3.4872231069004007
2.64945379429244
1.9896095403996752
1.4735282583579492
1.0723190914723182
0.8322962685658575
0.5775863209740377
0.3828928224871329
0.23552054023817748
4.87923785826122
3.7282169497704576
2.818532341019578
2.1051616759371186
1.549788252639199
1.1201522250922935
0.8643181216569176
0.5942407554259427
0.3892432278528111
0.235367332919293
5.189107253817034
3.949102674883656
2.972783081632013
2.2100214131108427
1.6185856949419168
1.1630040981566856
0.8928525249293878
0.6089543596854189
0.39478225690246316
0.2352077006502913
5.477154427174604
4.153583307712555
3.1148309711509428
2.3062616216218514
1.6814139278673985
1.2019190195707714
0.9186283487412316
0.6221497619760057
0.39969176429357633
0.23504284282934604
5.746953973038308
4.344485414192628
3.2470641708828443
2.395407564596019
1.7393574130898117
1.2376340551504985
0.9421976402563242
0.6341338267233304
0.4041145070149632
0.23488638564890638
6.001207354572355
4.52383108243761
3.3708740240115387
2.4785873128007005
1.7932116737969725
1.2706841574157655
0.96392643493401
0.6451187975021283
0.40813757001342243
0.23473700827314734
6.242049227161434
4.693220442994213
3.4874692883693013
2.5566687330999387
1.843586686653038
1.3014772881911798
0.9841253335428767
0.6552669458090982
0.41182945512120284
0.23459420361376102
6.471119156225839
4.853934265061754
3.5978062921507425
2.6303435036009346
1.890964082725561
1.330332379565919
1.0029756492086856
0.6647063991655329
0.415245862182988
0.23445949241103864
6.689781477352405
5.006989394904905
3.7026146106416666
2.700146062320605
1.9357144778910407
1.3575040828239318
1.0206758823268742
0.6735309771243201
0.4184184872383834
0.23433107966266647