# datat/BKevo/GBW_BKevo/gbw13.dat
# N(r,Y=0), r, *F2(x,Q^2)
# 1e-05 < r < 100.0
# 1 < Q^2 < 50, n=15, log grid
# 1e-5 < x < 1e-2, n=10, log grid
###
2.5088500189136052e-12
3.4649660649815674e-12
4.8092697226093414e-12
6.664838481408985e-12
9.208771639843713e-12
1.2768732357148786e-11
1.770400432337786e-11
2.447254049589478e-11
3.389886139847484e-11
4.7024588456018696e-11
6.503194018620185e-11
8.998773372788526e-11
1.248954828559512e-10
1.7280094704865277e-10
2.3886071611278185e-10
3.3169222304863617e-10
4.591305981619034e-10
6.339695307386692e-10
8.808264386721712e-10
1.2198220442055835e-09
1.6843952866813952e-09
2.338897846879896e-09
3.2406073147202845e-09
4.476723013251447e-09
6.210083037656245e-09
8.608459511304916e-09
1.1897311021281242e-08
1.6487246268427265e-08
2.2866148589592627e-08
3.1616175586145327e-08
4.376860590869736e-08
6.073353701944078e-08
8.401199214431339e-08
1.161824329285212e-07
1.612989345415563e-07
2.232256759300079e-07
3.083760502758943e-07
4.2835236078832026e-07
5.930856022449313e-07
8.188129062860587e-07
1.1374619770347518e-06
1.57565225358459e-06
2.176268435028676e-06
3.020215049639451e-06
4.185741109515881e-06
5.783787924257951e-06
8.018682523030621e-06
1.1118653534378184e-05
1.5370326067335804e-05
2.1287788253633957e-05
2.9532331122155158e-05
4.0843407119133715e-05
5.650888818582051e-05
7.843396766764186e-05
0.00010852323200731003
0.00014998681963950217
0.00020828589046823683
0.00028831645942878803
0.00039803202096645046
0.0005530121159204226
0.0007658093199706987
0.0010573779545725666
0.0014677424488200048
0.0020331388621209535
0.0028077603035123553
0.0038922263556231958
0.005391620715174945
0.007444337370916103
0.010299878202682487
0.014256464214147745
0.01965958477436707
0.027108799067460134
0.03741315164868931
0.05138340947400828
0.07034926873402733
0.09626691443893444
0.13071454656195614
0.1760243335325125
0.23546458697095152
0.31036176565388424
0.4019827739463654
0.5088149809056288
0.6256990398347955
0.7442029356509269
0.8468434010798694
0.9240772166883647
0.9723329663086588
0.9927968456834911
0.998709055015145
0.9998946036206176
0.9999977614866744
0.9999999610119913
0.9999999998400851
0.9999999999999991
1.0
1.0
1.0
1.0
1.0
1.0
###
1e-05
1.1768119524349992e-05
1.3848863713938717e-05
1.6297508346206434e-05
1.917910261672489e-05
2.2570197196339216e-05
2.656087782946684e-05
3.1257158496882356e-05
3.678379771828634e-05
4.328761281083062e-05
5.0941380148163754e-05
5.994842503189409e-05
7.054802310718646e-05
8.302175681319735e-05
9.770099572992247e-05
0.00011497569953977356
0.00013530477745798074
0.00015922827933410923
0.0001873817422860383
0.00022051307399030456
0.00025950242113997375
0.0003053855508833416
0.00035938136638046257
0.0004229242874389499
0.0004977023564332109
0.0005857020818056661
0.0006892612104349695
0.0008111308307896872
0.0009545484566618337
0.0011233240329780276
0.0013219411484660286
0.0015556761439304723
0.0018307382802953678
0.002154434690031882
0.0025353644939701114
0.0029836472402833374
0.003511191734215131
0.004132012400115334
0.004862601580065354
0.005722367659350214
0.006734150657750821
0.007924828983539169
0.0093260334688322
0.010974987654930556
0.01291549665014884
0.01519911082952933
0.01788649529057435
0.0210490414451202
0.02477076355991709
0.029150530628251757
0.034304692863149154
0.040370172585965536
0.047508101621027934
0.05590810182512223
0.06579332246575675
0.0774263682681127
0.09111627561154886
0.10722672220103231
0.1261856883066021
0.14849682622544635
0.1747528400007683
0.20565123083486514
0.24201282647943834
0.2848035868435799
0.3351602650938841
0.3944206059437656
0.46415888336127725
0.5462277217684337
0.642807311728432
0.7564633275546291
0.8902150854450375
1.0476157527896641
1.232846739442066
1.4508287784959402
1.7073526474706886
2.009233002565046
2.364489412645407
2.782559402207126
3.274549162877725
3.8535285937105273
4.534878508128582
5.3366992312063015
6.280291441834247
7.390722033525775
8.697490026177835
10.235310218990248
12.045035402587812
14.174741629268048
16.68100537200059
19.630406500402685
23.10129700083158
27.1858824273294
31.992671377973846
37.64935806792464
44.30621457583877
52.14008287999685
61.35907273413163
72.20809018385457
84.97534359086438
100.0
###
0.8186824321803053
0.6842757207981705
0.5680866300073376
0.4687835614510096
0.38476038545989083
0.3142037005661693
0.2690422079989177
0.21777194199888292
0.17522417647400018
0.13992856731909262
2.107091779936625
1.688641930200645
1.341477347127283
1.0564899030845825
0.8246638821698464
0.6374674700664731
0.5216904450827172
0.39464989475428064
0.293389394093497
0.2128749053514765
2.923557324930972
2.3043066736299735
1.7991252887810627
1.3912240801013092
1.064850760873861
0.8056563268035396
0.6477504578032781
0.4771358136986381
0.3437165654702386
0.23983204791163645
3.56470290844179
2.7803899610421374
2.1473975858904244
1.6416657146882228
1.2412332423981607
0.9265947538736157
0.7367737568799927
0.5337389932770515
0.37694950347802453
0.2565799999447696
4.1059023189755735
3.178403483446697
2.435561411804868
1.84655736096024
1.3838105189929448
1.0230340607954889
0.8069511140040891
0.5775409658418802
0.40204324630146315
0.26873680711225373
4.580727398849584
3.5249980026646477
2.684557453156072
2.0221760781367246
1.5049204540987842
1.1041349497880864
0.8654587791348678
0.6135661909639115
0.42232154861254123
0.27827271372105666
5.007264188892233
3.8345461001064125
2.905588430803638
2.1771119913858286
1.6109869087129094
1.1745990045791974
0.9159495825896928
0.6443241201552715
0.43941684893200644
0.2861205487684989
5.396759022481996
4.115840863481057
3.105454560825641
2.3164192952241263
1.705813936253329
1.2371954504071885
0.9605579944016669
0.6712871345751128
0.454201223510345
0.2927852606104435
5.7566839916632935
4.37471925402345
3.2886012334834223
2.443500832221764
1.791893342573187
1.2937045249445642
1.0006423034549943
0.6953155456852124
0.467208653175295
0.2985757078435193
6.09231305879896
4.615266275371748
3.4581183766282875
2.560685576149702
1.8709254897180527
1.3453361609025316
1.0371133229047067
0.717038041300132
0.4789147441826014
0.3036932593710288
6.407604067618195
4.8404945661453045
3.6163508396436206
2.669622008275898
1.9441512773649152
1.3929722702441472
1.0706417055247035
0.7368870824048296
0.48952883827155574
0.30827697260807174
6.705426585684119
5.052678323482491
3.764984028853771
2.7716707267304397
2.012490078241034
1.437257453824068
1.101714656458162
0.7551975547141246
0.4992496087570067
0.3124294000972407
6.988063242927856
5.253614677271809
3.9053455876338767
2.8677681018709156
2.0766529872316473
1.4786930865666565
1.1307021934593473
0.7722033362290189
0.5082239912226574
0.31622404786333114
7.257613744024773
5.44466869330351
4.038502570968016
2.9586973505434404
2.1372013544506414
1.5176697915581867
1.157897220950514
0.7880894854926693
0.5165600877902679
0.3197142717213877
7.5153288100019635
5.627007909499348
4.165303939228076
3.045080061864398
2.1946007557342813
1.5544950935487445
1.1835279017396383
0.8031251493181308
0.52434403669908
0.32295590702658317