# datat/BKevo/MVe_BKevo/mve67.dat
# N(r,Y=0), r, *F2(x,Q^2)
# 1e-05 < r < 100.0
# 1 < Q^2 < 50, n=15, log grid
# 1e-5 < x < 1e-2, n=10, log grid
###
1.45983338947528e-10
1.991441476610238e-10
2.7280913811231564e-10
3.7315442737141097e-10
5.08987262407668e-10
6.962891225105604e-10
9.523061054464868e-10
1.2987703168301114e-09
1.7741302832593912e-09
2.426115736726814e-09
3.3081558353034554e-09
4.512184201996419e-09
6.169226732076302e-09
8.410119933001228e-09
1.1453176761507218e-08
1.5655372017563648e-08
2.1335700256228357e-08
2.9008578201943414e-08
3.9639590729107126e-08
5.4002750270657146e-08
7.336951612181054e-08
1.0012364505930893e-07
1.3634310903049304e-07
1.851492606107499e-07
2.522212636061032e-07
3.4328074241215594e-07
4.65894769621891e-07
6.334984481789224e-07
8.616679332736909e-07
1.1686449305373889e-06
1.5859637599666908e-06
2.155575177413372e-06
2.9211800049620545e-06
3.956148784173366e-06
5.3723004417796655e-06
7.273607206262702e-06
9.829124633410995e-06
1.3333882217685631e-05
1.8033391282517836e-05
2.432179802343553e-05
3.294334971379648e-05
4.449950306846997e-05
5.994062279803398e-05
8.098680193581983e-05
0.00010924715976567633
0.00014695088090728502
0.0001980392293039674
0.0002667591645887153
0.0003583055402023825
0.0004816394398090055
0.0006478491958024038
0.0008689874462218027
0.0011653145303938616
0.0015655796413856005
0.002097724089662209
0.0028074457237902903
0.003769117131393572
0.005047724275403693
0.006746366092345921
0.009057640922738109
0.012133159429957633
0.0162202901829656
0.021769774979579232
0.029177098070125952
0.039016530668549064
0.05229487325803827
0.06999914531322841
0.09335083616806836
0.12433649163020882
0.164970197978895
0.2171472275231045
0.28332128837549003
0.3650769416177612
0.46208427584545014
0.5717392669178865
0.6856802173872878
0.7950336674848341
0.887822676108996
0.9483936495984926
0.9824717370936022
0.9965979040512781
0.9995003821359958
0.9999608144845488
0.9999992823202822
0.9999999972973445
0.999999999992844
0.999999999999998
1.0
1.0
1.0
1.0
1.0
1.0
1.0
1.0
1.0
1.0
1.0
1.0
1.0
###
1e-05
1.1768119524349992e-05
1.3848863713938717e-05
1.6297508346206434e-05
1.917910261672489e-05
2.2570197196339216e-05
2.656087782946684e-05
3.1257158496882356e-05
3.678379771828634e-05
4.328761281083062e-05
5.0941380148163754e-05
5.994842503189409e-05
7.054802310718646e-05
8.302175681319735e-05
9.770099572992247e-05
0.00011497569953977356
0.00013530477745798074
0.00015922827933410923
0.0001873817422860383
0.00022051307399030456
0.00025950242113997375
0.0003053855508833416
0.00035938136638046257
0.0004229242874389499
0.0004977023564332109
0.0005857020818056661
0.0006892612104349695
0.0008111308307896872
0.0009545484566618337
0.0011233240329780276
0.0013219411484660286
0.0015556761439304723
0.0018307382802953678
0.002154434690031882
0.0025353644939701114
0.0029836472402833374
0.003511191734215131
0.004132012400115334
0.004862601580065354
0.005722367659350214
0.006734150657750821
0.007924828983539169
0.0093260334688322
0.010974987654930556
0.01291549665014884
0.01519911082952933
0.01788649529057435
0.0210490414451202
0.02477076355991709
0.029150530628251757
0.034304692863149154
0.040370172585965536
0.047508101621027934
0.05590810182512223
0.06579332246575675
0.0774263682681127
0.09111627561154886
0.10722672220103231
0.1261856883066021
0.14849682622544635
0.1747528400007683
0.20565123083486514
0.24201282647943834
0.2848035868435799
0.3351602650938841
0.3944206059437656
0.46415888336127725
0.5462277217684337
0.642807311728432
0.7564633275546291
0.8902150854450375
1.0476157527896641
1.232846739442066
1.4508287784959402
1.7073526474706886
2.009233002565046
2.364489412645407
2.782559402207126
3.274549162877725
3.8535285937105273
4.534878508128582
5.3366992312063015
6.280291441834247
7.390722033525775
8.697490026177835
10.235310218990248
12.045035402587812
14.174741629268048
16.68100537200059
19.630406500402685
23.10129700083158
27.1858824273294
31.992671377973846
37.64935806792464
44.30621457583877
52.14008287999685
61.35907273413163
72.20809018385457
84.97534359086438
100.0
###
1.8329441671615212
1.6421924169107431
1.4675138666747254
1.3097110586742478
1.1690339720244542
1.0452135322298106
0.963044727462619
0.8669487599506148
0.7851613295229604
0.7166154912760497
5.66195150637309
4.89980882744835
4.219172830636437
3.619363449869401
3.0969918567839847
2.646801466354349
2.3526315312510646
2.012632075039378
1.725653947382271
1.4845496847189281
8.445289926344682
7.19483068785007
6.093178635431866
5.135253293662648
4.311545727556437
3.610280377702795
3.1564954281966466
2.636563919522712
2.201452078523723
1.8385300439294852
10.772478192160829
9.0831394937669
7.608876630950677
6.338803865248362
5.256480997267642
4.342924643531709
3.7559590578252453
3.0880164779989636
2.533083534534395
2.073143163010764
12.819172045410342
10.725754787516129
8.912221304799553
7.36090447168866
6.048117919028865
4.947350529823729
4.244315592091542
3.4484076472574787
2.7912438587761357
2.2496717012358536
14.669039162548096
12.198159102644674
10.07030424297807
8.260677803989033
6.738036405972317
5.468240035383428
4.6610756956912685
3.7514818763366775
3.0042451924833213
2.3916113424590937
16.370275458648464
13.543280671699886
11.120955374872633
9.070904686659865
7.354223811208432
5.9292887477677185
5.027250954352322
4.014567696993434
3.1864194365755436
2.5107050915418587
17.95355676394667
14.788446285062712
12.087801129071458
9.811922170409868
7.914059692907129
6.34505720716881
5.355426662601899
4.248060727059795
3.346188674368482
2.6133677247755105
19.440715901439443
15.952309415170872
12.987096820120096
10.497686829868382
8.429085695123474
6.7251507381823075
5.6535386057659816
4.45865468302832
3.4889193574284136
2.7037411702774476
20.847003159018488
17.048258554368434
13.830322644680177
11.137651960109187
8.907418349390092
7.076237334995447
5.927843412345867
4.6509155177532655
3.617995409587914
2.7845328184943825
22.184108501372364
18.086314939995347
14.626085657510272
11.739231094383552
9.355048295547707
7.40320884611475
6.182276909460511
4.828143081797213
3.7360623431809104
2.857659203507766
23.46152589584271
19.07464252656499
15.380998282845493
12.307592825606035
9.776557291757763
7.709747695789644
6.4199524039957625
4.992783603894167
3.844957815588468
2.9245013396506248
24.685692613102322
20.019227335029573
16.100427392270646
12.84750493593259
10.17542347454757
7.998710199545139
6.643273323308488
5.146711429577996
3.9461710789164064
2.986075497937447
25.8628855995783
20.925389140328225
16.78827490773718
13.362230894851304
10.554490814105439
8.272367658908443
6.854083505197028
5.29140093750146
4.040778942062093
3.0431985214985096
26.997950179361148
21.79674569340987
17.448114146333214
13.854973176844192
10.91605653400798
8.532517471590108
7.054002193893476
5.428041646820759
4.129650922895254
3.096483845169855