# datat/BKevo/MVe_BKevo/mve60.dat
# N(r,Y=0), r, *F2(x,Q^2)
# 1e-05 < r < 100.0
# 1 < Q^2 < 50, n=15, log grid
# 1e-5 < x < 1e-2, n=10, log grid
###
1.2976320713928873e-10
1.7701745133025094e-10
2.4249771365209476e-10
3.316939964222976e-10
4.52434910993424e-10
6.189266268038648e-10
8.464992949275611e-10
1.1544705680612259e-09
1.5770178120064655e-09
2.1565688539502686e-09
2.94061779149842e-09
4.010887131601898e-09
5.483850152328521e-09
7.475813276220776e-09
1.0180846568377912e-08
1.3916288768355382e-08
1.8965721764726967e-08
2.5786460809674127e-08
3.523693274592143e-08
4.800528074718801e-08
6.522192926787283e-08
8.900632240236942e-08
1.2120615272917356e-07
1.6459697727305232e-07
2.2422920221968663e-07
3.051915633582055e-07
4.1421469508599336e-07
5.632501651001942e-07
7.661567458648824e-07
1.0391677506206198e-06
1.4103513251158286e-06
1.9170588239663296e-06
2.598213594156333e-06
3.5191857394268395e-06
4.779655216350302e-06
6.472371253994368e-06
8.74821156785052e-06
1.1870732768699327e-05
1.6059546364289562e-05
2.166745609294389e-05
2.936175688457328e-05
3.968298924642986e-05
5.3486266609133224e-05
7.232357283296119e-05
9.765213726219867e-05
0.00013149579359124591
0.0001774481390571073
0.00023940368587197907
0.00032214898872291026
0.0004339924821544503
0.0005853031261249385
0.0007874432490251675
0.0010596693289050203
0.0014296374023854443
0.001924546612095312
0.0025892889895950794
0.0034980769619391825
0.004716682642834832
0.006350305346172082
0.008599104908098803
0.011622653393251926
0.015683130627410235
0.02126635401342351
0.02880168165966911
0.038915975318305825
0.05272107142070464
0.07130740525196477
0.09602299436732784
0.1290656853051074
0.172631287415379
0.22872651015674939
0.29985717636397186
0.3873307679585242
0.49016338702002415
0.6044989153990294
0.7199011648755322
0.826516335001882
0.9121402309434087
0.9631840435204212
0.9890436860498795
0.9983114401066882
0.9998049777407078
0.9999886203523426
0.9999998669376964
0.9999999998024948
0.9999999999997559
1.0
1.0
1.0
1.0
1.0
1.0
1.0
1.0
1.0
1.0
1.0
1.0
1.0
1.0
###
1e-05
1.1768119524349992e-05
1.3848863713938717e-05
1.6297508346206434e-05
1.917910261672489e-05
2.2570197196339216e-05
2.656087782946684e-05
3.1257158496882356e-05
3.678379771828634e-05
4.328761281083062e-05
5.0941380148163754e-05
5.994842503189409e-05
7.054802310718646e-05
8.302175681319735e-05
9.770099572992247e-05
0.00011497569953977356
0.00013530477745798074
0.00015922827933410923
0.0001873817422860383
0.00022051307399030456
0.00025950242113997375
0.0003053855508833416
0.00035938136638046257
0.0004229242874389499
0.0004977023564332109
0.0005857020818056661
0.0006892612104349695
0.0008111308307896872
0.0009545484566618337
0.0011233240329780276
0.0013219411484660286
0.0015556761439304723
0.0018307382802953678
0.002154434690031882
0.0025353644939701114
0.0029836472402833374
0.003511191734215131
0.004132012400115334
0.004862601580065354
0.005722367659350214
0.006734150657750821
0.007924828983539169
0.0093260334688322
0.010974987654930556
0.01291549665014884
0.01519911082952933
0.01788649529057435
0.0210490414451202
0.02477076355991709
0.029150530628251757
0.034304692863149154
0.040370172585965536
0.047508101621027934
0.05590810182512223
0.06579332246575675
0.0774263682681127
0.09111627561154886
0.10722672220103231
0.1261856883066021
0.14849682622544635
0.1747528400007683
0.20565123083486514
0.24201282647943834
0.2848035868435799
0.3351602650938841
0.3944206059437656
0.46415888336127725
0.5462277217684337
0.642807311728432
0.7564633275546291
0.8902150854450375
1.0476157527896641
1.232846739442066
1.4508287784959402
1.7073526474706886
2.009233002565046
2.364489412645407
2.782559402207126
3.274549162877725
3.8535285937105273
4.534878508128582
5.3366992312063015
6.280291441834247
7.390722033525775
8.697490026177835
10.235310218990248
12.045035402587812
14.174741629268048
16.68100537200059
19.630406500402685
23.10129700083158
27.1858824273294
31.992671377973846
37.64935806792464
44.30621457583877
52.14008287999685
61.35907273413163
72.20809018385457
84.97534359086438
100.0
###
1.8349710491647415
1.6469422674270509
1.4751343284156229
1.3202407834310974
1.1823963847786407
1.0613069374269763
0.9810719253210276
0.8874198079794989
0.8079977487530502
0.7415968463341159
5.663751476182997
4.910291445363991
4.238172720807639
3.646243434585492
3.1309146094672746
2.6869109231043917
2.396722482329661
2.061356991144031
1.7782616218150966
1.5404618353627844
8.442904687084182
7.2055406587079
6.116018490302753
5.168843389182687
4.354256229539702
3.6604613567940274
3.2112413994189826
2.6961030883046537
2.264615933442355
1.9042190907113934
10.764676630715213
9.09183322083531
7.632652932395712
6.375484120432995
5.303728469900287
4.39841601121743
3.816267005913499
3.1528959447038596
2.6009542889895294
2.142568996532224
12.805060967776365
10.73132769305213
8.935403483874769
7.398818851853325
6.09772854511587
5.005747463607943
4.307539367591163
3.5160384340683986
2.861157486959755
2.3202423314323704
14.648229303107344
12.199923440751299
10.091974033460843
8.298682537996031
6.788707203878999
5.528090591524863
4.725755719926567
3.8203351055495878
3.0748122798803768
2.462056772614427
16.34244646202677
13.540799220410918
11.140494668763454
9.108241298200058
7.405108631352267
5.989788092199876
5.0925461928910565
4.083764762482516
3.2568489219537056
2.580187948538727
17.918837731891955
14.781410100502441
12.10485105317311
9.848129481912187
7.964568788916196
6.40555417074196
5.420658827215666
4.317026261906353
3.4159381727361997
2.681499101051918
19.398776073087312
15.940529925038751
13.001218318276358
10.532220404783047
8.478799891518904
6.785177540452684
5.718634997068537
4.526982050008425
3.557407751311958
2.7702581850854426
20.797778333106773
17.03158745454916
13.84136126731105
11.170318513136587
8.956023727519788
7.135486484909751
5.992281415164031
4.718319738317888
3.6853149831219474
2.849257422846657
22.127610358198922
18.0646572045806
14.633875299924835
11.769827394875595
9.40230733279085
7.461437210393071
6.2454916165912415
4.894423807496865
3.801921343655845
2.920503946100671
23.397223627909593
19.047921456038413
15.38541389838885
12.336045383060213
9.822244958217984
7.766769416739078
6.482051932041904
5.057791620781529
3.9092935124342256
2.9854007093372372
24.614093249142464
19.98739587495834
16.101378469781093
12.873620002448584
10.219446409021833
8.05438276402581
6.704087194024093
5.210335903876072
4.008937763406247
3.045017702294306
25.78397176360994
20.888404815673585
16.78568516226119
13.385935417551499
10.596740115765593
8.32657816193168
6.913567361771326
5.353559776467209
4.101804974482471
3.1001521366705203
26.909911426398548
21.754580521661982
17.441928736555496
13.876094916636019
10.956427927010589
8.585203494292351
7.112035959557355
5.488652181658792
4.188961523245802
3.1514614283847777