# datat/BKevo/GBW_BKevo/gbw28.dat
# N(r,Y=0), r, *F2(x,Q^2)
# 1e-05 < r < 100.0
# 1 < Q^2 < 50, n=15, log grid
# 1e-5 < x < 1e-2, n=10, log grid
###
1.3128802117966354e-05
1.4958418723997456e-05
1.703637362562799e-05
1.9405074559159666e-05
2.210850915691701e-05
2.518176852489696e-05
2.8681868212847284e-05
3.267645880140349e-05
3.722177534319429e-05
4.239368421886713e-05
4.829608441759536e-05
5.501857400638597e-05
6.266081476265104e-05
7.138217083719148e-05
8.132468316842226e-05
9.261714624134915e-05
0.00010550370363082876
0.00012020855106718688
0.00013689457441379136
0.00015593537353599432
0.0001776675153550203
0.00020233875891733955
0.00023047237720730715
0.0002625813019915992
0.0002990664840102577
0.00034063393802789035
0.00038807281831403784
0.0004420271942781469
0.0005034403832464958
0.0005735246572496581
0.0006533080777416745
0.0007440357705903473
0.0008475672546696197
0.0009655344875067577
0.0010995554382759302
0.0012524783613682925
0.0014268812414720829
0.0016248229754053695
0.001850660057459125
0.0021083683690441453
0.002400727851783893
0.0027341560174042557
0.0031145861733470038
0.0035465142242684235
0.0040385959529182685
0.004599936599250798
0.005237739495606506
0.0059635389243275294
0.006791268718021109
0.007732371297844529
0.008801960221037687
0.010021290591640896
0.011408389550514994
0.012982572901107197
0.014776141518189347
0.016817263529955537
0.019129655967479967
0.021762179600542636
0.024758471911937245
0.028145631743935133
0.03199714450124682
0.03637567676931508
0.041320664212103064
0.046928886042371595
0.053292103293250195
0.06046848430977959
0.06857739866948716
0.07775158300338067
0.0880732480382588
0.09967645371915433
0.11274844372476045
0.12739889734332596
0.14374833989667696
0.16205233114957465
0.18244567618607313
0.20496376356662163
0.2299414078843708
0.2575251587671738
0.2875114779184035
0.32032065003853016
0.35604294670532316
0.3940740839352847
0.4348075993965293
0.4781605930243422
0.5230831666746941
0.5696114313143407
0.6174940690537016
0.6652052521541287
0.7121963985556605
0.758212117836147
0.8015483323791438
0.841119209251754
0.8771341685625845
0.9084092553541264
0.9338928691635358
0.9547245151008181
0.9708208233941356
0.9818717778221051
0.9895957314662291
0.9946368176762188
###
1e-05
1.1768119524349992e-05
1.3848863713938717e-05
1.6297508346206434e-05
1.917910261672489e-05
2.2570197196339216e-05
2.656087782946684e-05
3.1257158496882356e-05
3.678379771828634e-05
4.328761281083062e-05
5.0941380148163754e-05
5.994842503189409e-05
7.054802310718646e-05
8.302175681319735e-05
9.770099572992247e-05
0.00011497569953977356
0.00013530477745798074
0.00015922827933410923
0.0001873817422860383
0.00022051307399030456
0.00025950242113997375
0.0003053855508833416
0.00035938136638046257
0.0004229242874389499
0.0004977023564332109
0.0005857020818056661
0.0006892612104349695
0.0008111308307896872
0.0009545484566618337
0.0011233240329780276
0.0013219411484660286
0.0015556761439304723
0.0018307382802953678
0.002154434690031882
0.0025353644939701114
0.0029836472402833374
0.003511191734215131
0.004132012400115334
0.004862601580065354
0.005722367659350214
0.006734150657750821
0.007924828983539169
0.0093260334688322
0.010974987654930556
0.01291549665014884
0.01519911082952933
0.01788649529057435
0.0210490414451202
0.02477076355991709
0.029150530628251757
0.034304692863149154
0.040370172585965536
0.047508101621027934
0.05590810182512223
0.06579332246575675
0.0774263682681127
0.09111627561154886
0.10722672220103231
0.1261856883066021
0.14849682622544635
0.1747528400007683
0.20565123083486514
0.24201282647943834
0.2848035868435799
0.3351602650938841
0.3944206059437656
0.46415888336127725
0.5462277217684337
0.642807311728432
0.7564633275546291
0.8902150854450375
1.0476157527896641
1.232846739442066
1.4508287784959402
1.7073526474706886
2.009233002565046
2.364489412645407
2.782559402207126
3.274549162877725
3.8535285937105273
4.534878508128582
5.3366992312063015
6.280291441834247
7.390722033525775
8.697490026177835
10.235310218990248
12.045035402587812
14.174741629268048
16.68100537200059
19.630406500402685
23.10129700083158
27.1858824273294
31.992671377973846
37.64935806792464
44.30621457583877
52.14008287999685
61.35907273413163
72.20809018385457
84.97534359086438
100.0
###
3.232299093893959
2.7645226549010995
2.3086127038528925
1.877117727237401
1.4836691826970536
1.1397254854984276
0.9188768098541678
0.6746171930105789
0.4843527919779501
0.3409882689088977
11.7695780409587
9.770179289023506
7.8865464380417665
6.183022131851399
4.707539053050273
3.4854948774129864
2.7363323184115163
1.9431000093862438
1.3531505568904443
0.926388130851263
19.02647302191012
15.584832038335124
12.40024022556467
9.578371502879149
7.186688693259766
5.247495061668394
4.079812389129084
2.8629453101995885
1.972686732031051
1.3378803911942903
25.655129910148695
20.8305384507116
16.42063665165251
12.56478784035132
9.342268199063739
6.763656133458928
5.227811748821498
3.6425433447372653
2.494217896241674
1.682332128292188
31.867452956818422
25.704925809126454
20.124479479873784
15.294047184081807
11.296972569622005
8.12940923055715
6.2575338587082285
4.3381595860963795
2.957776834108093
1.9873918191942552
37.77052113381872
30.306564466798818
23.598550570008236
17.838043693100854
13.109125934585547
9.389479624870395
7.204549729847208
4.975754172320805
3.381277693241507
2.2654775595838736
43.42891987397023
34.69426692621969
26.89408094098895
20.239642345651525
14.81246152023189
10.56955421706569
8.088882624417739
5.569683815830845
3.7749280497231186
2.523550019225007
48.88600716379538
38.90736123019627
30.04466199063928
22.526506780465734
16.428930129767373
11.685886539505034
8.924085870082347
6.129189734492366
4.145136290942193
2.765802321773479
54.17221738435291
42.97275626559934
33.07404222291452
24.71795768203711
17.97319674894199
12.749701839843818
9.718711652383496
6.660548908553986
4.496106525019244
2.9952411817630975
59.31051120711784
46.91191865969449
35.999664356335145
26.828169468207054
19.456367564171757
13.769209776732314
10.479213622436884
7.168317218786325
4.831026052146484
3.2140687575215603
64.31903759748387
50.739868169213715
38.83492112201572
28.867961451512155
20.88682203337414
14.750655328864298
11.210412856119357
7.65585322703962
5.152398371101315
3.4237379894299256
69.21373935788934
54.46945108394566
41.59038905740444
30.84582594480802
22.271136747838163
15.69882713969067
11.916134462356691
8.125756508098782
5.461867919061104
3.625507945960431
74.00015113412337
58.11084557465194
44.274588650371335
32.7685859327341
23.61446618042092
16.617701527725384
12.599249362203418
8.580210510269842
5.760837227155489
3.8203439409467004
78.69397855823442
61.67247041024556
46.89458087403343
34.641843481021226
24.92119371515369
17.509474901345786
13.262162340151589
9.020853798586266
6.050282373533
4.008940066913137
83.3013395090005
65.16136611544623
49.45618636833615
36.47023626734133
26.194662953166766
18.37813792832848
13.906990910318703
9.448978613588023
6.331586319567078
4.192073666740768