# datat/BKevo/MVe_BKevo/mve13.dat
# N(r,Y=0), r, *F2(x,Q^2)
# 1e-05 < r < 100.0
# 1 < Q^2 < 50, n=15, log grid
# 1e-5 < x < 1e-2, n=10, log grid
###
3.244092975029331e-11
4.425457975427851e-11
6.062476115802758e-11
8.2924024360811e-11
1.1310963368797947e-10
1.5473316075014257e-10
2.116272766909678e-10
2.886216226434538e-10
3.942610243679736e-10
5.391529391600979e-10
7.351719237084266e-10
1.002750169096245e-09
1.3710090299730333e-09
1.869028909755184e-09
2.5453340659076013e-09
3.4792734099433487e-09
4.741757693844309e-09
6.447143888631419e-09
8.810103100822344e-09
1.2002737136007333e-08
1.6307771094900264e-08
2.2255339984886532e-08
3.030766938635531e-08
4.1159157855283404e-08
5.607353346197397e-08
7.632439804330054e-08
1.0359657368948152e-07
1.4088255398746267e-07
1.9165363853183408e-07
2.5997731519419075e-07
3.528892716317223e-07
4.797579121318898e-07
6.503526557275723e-07
8.810908446780256e-07
1.1970326873707923e-06
1.6215267504542408e-06
2.192588396254552e-06
2.9767428613820353e-06
4.0295590403068826e-06
5.440417653179947e-06
7.378888151888237e-06
9.982901690121325e-06
1.3471102394434074e-05
1.8242207490297275e-05
2.4672866452914506e-05
3.328826334490641e-05
4.502724288801603e-05
6.09158778196836e-05
8.222369724441279e-05
0.0001111733569746058
0.00015056918110514377
0.00020351326574363096
0.00027531306306632995
0.00037369057785772086
0.000506324350407418
0.0006860010556833513
0.0009341655676560984
0.0012700323133739248
0.0017245658385973914
0.002357651389747854
0.003217597364903714
0.004384472882965666
0.0060096138294711025
0.008229535203755443
0.01124696232729133
0.015433612616673701
0.021172459623218443
0.028960597341930062
0.039673918682742476
0.054321739586487255
0.07402235797961802
0.10061331213307902
0.1363303999023789
0.18307281380056042
0.24347397023467285
0.320046356371321
0.41302461828693965
0.5212569548212499
0.6376817025873256
0.7536909205749286
0.8575171816728303
0.9302536641065334
0.9739707651803718
0.9939664909242067
0.9990465030797938
0.9999094748217667
0.9999973138372305
0.9999999885819868
0.9999999999556074
0.999999999999976
1.0
1.0
1.0
1.0
1.0
1.0
1.0
1.0
1.0
1.0
###
1e-05
1.1768119524349992e-05
1.3848863713938717e-05
1.6297508346206434e-05
1.917910261672489e-05
2.2570197196339216e-05
2.656087782946684e-05
3.1257158496882356e-05
3.678379771828634e-05
4.328761281083062e-05
5.0941380148163754e-05
5.994842503189409e-05
7.054802310718646e-05
8.302175681319735e-05
9.770099572992247e-05
0.00011497569953977356
0.00013530477745798074
0.00015922827933410923
0.0001873817422860383
0.00022051307399030456
0.00025950242113997375
0.0003053855508833416
0.00035938136638046257
0.0004229242874389499
0.0004977023564332109
0.0005857020818056661
0.0006892612104349695
0.0008111308307896872
0.0009545484566618337
0.0011233240329780276
0.0013219411484660286
0.0015556761439304723
0.0018307382802953678
0.002154434690031882
0.0025353644939701114
0.0029836472402833374
0.003511191734215131
0.004132012400115334
0.004862601580065354
0.005722367659350214
0.006734150657750821
0.007924828983539169
0.0093260334688322
0.010974987654930556
0.01291549665014884
0.01519911082952933
0.01788649529057435
0.0210490414451202
0.02477076355991709
0.029150530628251757
0.034304692863149154
0.040370172585965536
0.047508101621027934
0.05590810182512223
0.06579332246575675
0.0774263682681127
0.09111627561154886
0.10722672220103231
0.1261856883066021
0.14849682622544635
0.1747528400007683
0.20565123083486514
0.24201282647943834
0.2848035868435799
0.3351602650938841
0.3944206059437656
0.46415888336127725
0.5462277217684337
0.642807311728432
0.7564633275546291
0.8902150854450375
1.0476157527896641
1.232846739442066
1.4508287784959402
1.7073526474706886
2.009233002565046
2.364489412645407
2.782559402207126
3.274549162877725
3.8535285937105273
4.534878508128582
5.3366992312063015
6.280291441834247
7.390722033525775
8.697490026177835
10.235310218990248
12.045035402587812
14.174741629268048
16.68100537200059
19.630406500402685
23.10129700083158
27.1858824273294
31.992671377973846
37.64935806792464
44.30621457583877
52.14008287999685
61.35907273413163
72.20809018385457
84.97534359086438
100.0
###
1.300934609428273
1.1323149922992382
0.9815686167023578
0.8484927357500603
0.7323473246260565
0.6320076758101218
0.5662939059182776
0.4902043343639603
0.42587433441481376
0.3716327491369362
3.678504537230132
3.0754011455460684
2.5545952539574333
2.1100860820637615
1.734489655845933
1.4197038183562536
1.2186076754652146
0.9907576341289164
0.8022097137349424
0.6465115664582878
5.290163218129157
4.348534323958556
3.548349659523797
2.8760556810445053
2.3166022007609195
1.8546868584228473
1.5633734935009684
1.2374505020977893
0.9716018849759618
0.7550860413454201
6.5937769000679625
5.361659088193111
4.325604695219617
3.4641459503559733
2.754488308253387
2.1744361720209606
1.8118432276610403
1.4097006215727073
1.0850979331448887
0.8236769418516718
7.715632508234647
6.224122984375733
4.979795384889795
3.953084990490909
3.113736049887466
2.4328804880564943
2.0100917727993406
1.5443648632049367
1.1715079650022768
0.873751049818435
8.713440879139556
6.985064926424193
5.552121423498888
4.377013165414313
3.422173530436254
2.6523091805218173
2.1768468250368405
1.6559725955311562
1.2417380052172768
0.9133355522544756
9.619519687278556
7.671650882251112
6.06508357708494
4.754253505712818
3.694505140433566
2.844410559830031
2.3217275826116923
1.7518125732358987
1.3011231467632975
0.9460674278845447
10.454212719140811
8.300798494946424
6.53251132176714
5.095996066865317
3.939643283951609
3.0160555422398594
2.45042957282013
1.8361411413836648
1.3527971648644097
0.9739880039803044
11.23126263757806
8.883850799348382
6.963664796053705
5.409647340609433
4.163406034948395
3.171797063149515
2.5666050933145605
1.91167067998264
1.3985573195507566
0.9983506099802376
11.960494760231072
9.428881194492579
7.365045966801973
5.700375177802698
4.369854315324983
3.314729639146107
2.67275072273425
1.9801905593933946
1.4397036930625884
1.0199601575442199
12.649338390896409
9.941882525400624
7.7414960355683196
5.971990006203358
4.5619209816868125
3.447107473372953
2.7706732185096046
2.0430199353808893
1.477140818569607
1.039392832622772
13.30326129411231
10.427486564219665
8.096636455363495
6.2273617903840295
4.7418342263632836
3.570606404768425
2.8617173179283726
2.1011196944035673
1.5115168727554031
1.0570511078679554
13.926781298939085
10.889156447964403
8.433331813175238
6.468723498792025
4.911309645378901
3.6865276553368598
2.946885191484541
2.155205783472528
1.5433210489854083
1.0732321541082328
14.523481724896973
11.329834132441583
8.753803284660611
6.6978818721617195
5.071708861930054
3.795919203148001
3.026993173225685
2.205856679269944
1.57294576589196
1.0881755652382974
15.0962600693159
11.751860245886943
9.05996849135468
6.916214397737128
5.224117828679883
3.8993001349058516
3.102676576442899
2.253508554642409
1.6006716278815993
1.102055281169719