# datat/BKevo/MVe_BKevo/mve79.dat
# N(r,Y=0), r, *F2(x,Q^2)
# 1e-05 < r < 100.0
# 1 < Q^2 < 50, n=15, log grid
# 1e-5 < x < 1e-2, n=10, log grid
###
1.6220866294375282e-10
2.212793329684172e-10
3.0313442362136194e-10
4.146375473240543e-10
5.655761511788886e-10
7.737114462516265e-10
1.0582110121600889e-09
1.443228940571902e-09
1.9715018150665123e-09
2.6960869307527146e-09
3.676382064403138e-09
5.014600283588321e-09
6.85643844310505e-09
9.347407255810563e-09
1.2730337512616407e-08
1.740238877950992e-08
2.3718580681574518e-08
3.2251530995686964e-08
4.407651847634548e-08
6.00560135063972e-08
8.160717792054394e-08
1.1138882056597331e-07
1.5172102058804368e-07
2.0609081968582296e-07
2.8085006495545734e-07
3.824084014750307e-07
5.192532700741354e-07
7.064813427206104e-07
9.616406773131543e-07
1.3053327727529495e-06
1.7732708109426647e-06
2.4131657501177885e-06
3.274950195743029e-06
4.442799366020676e-06
6.045880247653194e-06
8.205303054727026e-06
1.1119074257540483e-05
1.5136561790033446e-05
2.0552630992000748e-05
2.7843927263367768e-05
3.792578052842215e-05
5.155363531263404e-05
6.993302609515289e-05
9.52966799289131e-05
0.00012978883420572233
0.0001764290419845056
0.00024070639565890555
0.00032872123018630055
0.0004481071973974958
0.0006124355948977295
0.0008390887349533511
0.0011474767330740558
0.0015711952916941951
0.002159708249624604
0.002962396208549413
0.004062043523403938
0.005598531312674305
0.007696582527773717
0.010557479538054715
0.014570521772245656
0.02004340018600564
0.027483461472348474
0.03783205522644863
0.05189805034124478
0.07084558231354197
0.0966793247246277
0.13121420980143184
0.1765201193915431
0.23555108791689477
0.310364849803827
0.4017134355725637
0.5084584255565794
0.6247419245852991
0.7421686562200943
0.8472852653424832
0.9235060201000127
0.9710007538225255
0.9931726278701476
0.9987452943114564
0.9998781473227686
0.9999977594580297
0.9999999726978382
0.9999999998728127
0.9999999999999487
1.0
1.0
1.0
1.0
1.0
1.0
1.0
1.0
1.0
1.0
1.0
1.0
1.0
1.0
1.0
1.0
###
1e-05
1.1768119524349992e-05
1.3848863713938717e-05
1.6297508346206434e-05
1.917910261672489e-05
2.2570197196339216e-05
2.656087782946684e-05
3.1257158496882356e-05
3.678379771828634e-05
4.328761281083062e-05
5.0941380148163754e-05
5.994842503189409e-05
7.054802310718646e-05
8.302175681319735e-05
9.770099572992247e-05
0.00011497569953977356
0.00013530477745798074
0.00015922827933410923
0.0001873817422860383
0.00022051307399030456
0.00025950242113997375
0.0003053855508833416
0.00035938136638046257
0.0004229242874389499
0.0004977023564332109
0.0005857020818056661
0.0006892612104349695
0.0008111308307896872
0.0009545484566618337
0.0011233240329780276
0.0013219411484660286
0.0015556761439304723
0.0018307382802953678
0.002154434690031882
0.0025353644939701114
0.0029836472402833374
0.003511191734215131
0.004132012400115334
0.004862601580065354
0.005722367659350214
0.006734150657750821
0.007924828983539169
0.0093260334688322
0.010974987654930556
0.01291549665014884
0.01519911082952933
0.01788649529057435
0.0210490414451202
0.02477076355991709
0.029150530628251757
0.034304692863149154
0.040370172585965536
0.047508101621027934
0.05590810182512223
0.06579332246575675
0.0774263682681127
0.09111627561154886
0.10722672220103231
0.1261856883066021
0.14849682622544635
0.1747528400007683
0.20565123083486514
0.24201282647943834
0.2848035868435799
0.3351602650938841
0.3944206059437656
0.46415888336127725
0.5462277217684337
0.642807311728432
0.7564633275546291
0.8902150854450375
1.0476157527896641
1.232846739442066
1.4508287784959402
1.7073526474706886
2.009233002565046
2.364489412645407
2.782559402207126
3.274549162877725
3.8535285937105273
4.534878508128582
5.3366992312063015
6.280291441834247
7.390722033525775
8.697490026177835
10.235310218990248
12.045035402587812
14.174741629268048
16.68100537200059
19.630406500402685
23.10129700083158
27.1858824273294
31.992671377973846
37.64935806792464
44.30621457583877
52.14008287999685
61.35907273413163
72.20809018385457
84.97534359086438
100.0
###
2.1041101691808333
1.9169388910353853
1.745260426676657
1.5899146356733607
1.4512246312528785
1.3291171250329983
1.2481067278263578
1.1537687352688601
1.0741108515998485
1.0082443939157584
6.738817652161468
5.953679127907758
5.245493292665252
4.615111364241556
4.060525510100598
3.578049283809517
3.2604754436719245
2.891126219761691
2.578463746781004
2.315871721547021
10.204492824811378
8.884483200893904
7.70646586825434
6.668222704852559
5.763559161702017
4.98307767490021
4.472539643032057
3.8815676148487035
3.382357699493468
2.9628990050703994
13.141697115740364
11.328952065753041
9.72367787231808
8.319645922878799
7.104959378938754
6.063862360934826
5.386222619415367
4.605235585565453
3.947553583704834
3.3955883866130745
15.747157114389513
13.473455480469196
11.47236645089518
9.73266452541498
8.236155165033257
6.960194076045454
6.133534068449535
5.184126415783739
4.3872352174180085
3.7209155408586825
18.117006132054524
15.407446613664654
13.035021429244157
10.98280764110367
9.225961187533414
7.734830933213401
6.772107548837397
5.6704660668840985
4.748872426904395
3.9799298985594045
20.306791830876797
17.182342609205993
14.458673867030953
12.112628175052931
10.112580005063739
8.421737364685143
7.333552980221056
6.092106816102927
5.057029339887296
4.195413230399473
22.35360668319614
18.831578282814974
15.773267752880457
13.148870597150106
10.919740046314512
9.041772158955572
7.836694060987562
6.465662655342195
5.325689008412712
4.379632243073874
24.282835928287557
20.37791289544053
16.99929150207289
14.109585413972042
11.663423689410191
9.608924727634106
8.29397203174531
6.801643805044087
5.564713875060568
4.540408775206334
26.111975590279393
21.837944675173684
18.151509503258875
15.008225542131248
12.354949080312572
10.132972003259127
8.714272060508652
7.108145716165945
5.779698769080826
4.6829024669174935
27.85551093230511
23.224212724198097
19.240994569889697
15.854026920846419
13.002676181816724
10.621125152507691
9.10389665129129
7.3898977064284015
5.975722515606271
4.81077099546128
29.524012431768902
24.546449521284142
20.275989618952313
16.654150720074014
13.612943272301882
11.078772393299824
9.467654027587212
7.651115068550887
6.1557947031306295
4.92675673247575
31.124579441796
25.81226611793611
21.263827594662096
17.415260524642132
14.191026544405787
11.510173468068436
9.809167569000012
7.89486667196655
6.3224596411457945
5.032824137155754
32.66790419808726
27.02821187597002
22.20972859981103
18.142061822548616
14.740601172328654
11.918676343022433
10.131413259359569
8.123605214495857
6.477767541688141
5.130531334136709
34.159303326980094
28.19737446868385
23.118205848949874
18.83750758312732
15.264974089104909
12.307013424240644
10.43663639111932
8.339177794656962
6.62305178805469
5.221077548925705