# datat/BKevo/MVe_BKevo/mve24.dat
# N(r,Y=0), r, *F2(x,Q^2)
# 1e-05 < r < 100.0
# 1 < Q^2 < 50, n=15, log grid
# 1e-5 < x < 1e-2, n=10, log grid
###
4.8663491119071637e-11
6.638519775223255e-11
9.094272820840955e-11
1.2439512021834575e-10
1.6967913208814128e-10
2.321236501633608e-10
3.174800131353913e-10
4.329957451956367e-10
5.914947475798301e-10
8.088984652690543e-10
1.1030320388981134e-09
1.50457098958177e-09
2.057244398468321e-09
2.804730150744932e-09
3.819924110103471e-09
5.22206733526083e-09
7.1177693624583266e-09
9.6790016184083e-09
1.3228776448849117e-08
1.8026270873612555e-08
2.4497418884049708e-08
3.3441665159322945e-08
4.5557009219440146e-08
6.189287791576354e-08
8.436211326935076e-08
1.1489669556083337e-07
1.560566183246711e-07
2.1239989276461725e-07
2.8923200986554076e-07
3.927895805674537e-07
5.338994336761621e-07
7.270561369626749e-07
9.87462743332939e-07
1.3407969083514343e-06
1.8265826608871611e-06
2.4820069853113824e-06
3.3680015504977277e-06
4.592534002221666e-06
6.2471576682701225e-06
8.480188953124272e-06
1.1577950848348025e-05
1.5777950890546138e-05
2.146006800209854e-05
2.9331566267189116e-05
4.0074495523256104e-05
5.4651637177459486e-05
7.482075109203632e-05
0.00010254119136476364
0.00014026928231074831
0.00019238588298632847
0.0002645150147721376
0.0003629443370945254
0.000498584036087488
0.0006875373440838011
0.000945905120088667
0.0013007506557650697
0.0017979835100380025
0.0024787205358723545
0.0034095800994259095
0.004720474979080554
0.006515540907132948
0.008967905657517927
0.012405340195339329
0.01712024196659697
0.023545067774446055
0.032465933791980144
0.0446732438455329
0.06117038425434677
0.0836696361407242
0.11401724413257427
0.15408816415432375
0.20664634157017198
0.27428883584136887
0.35817838860131046
0.4585399298149605
0.5714931458118693
0.690177204048599
0.8035754230108209
0.8923667865848824
0.9534639307892889
0.9866018235201238
0.9970335761701017
0.9996125922030504
0.9999841102091716
0.9999997567585573
0.9999999978369676
0.9999999999971907
1.0
1.0
1.0
1.0
1.0
1.0
1.0
1.0
1.0
1.0
1.0
1.0
1.0
###
1e-05
1.1768119524349992e-05
1.3848863713938717e-05
1.6297508346206434e-05
1.917910261672489e-05
2.2570197196339216e-05
2.656087782946684e-05
3.1257158496882356e-05
3.678379771828634e-05
4.328761281083062e-05
5.0941380148163754e-05
5.994842503189409e-05
7.054802310718646e-05
8.302175681319735e-05
9.770099572992247e-05
0.00011497569953977356
0.00013530477745798074
0.00015922827933410923
0.0001873817422860383
0.00022051307399030456
0.00025950242113997375
0.0003053855508833416
0.00035938136638046257
0.0004229242874389499
0.0004977023564332109
0.0005857020818056661
0.0006892612104349695
0.0008111308307896872
0.0009545484566618337
0.0011233240329780276
0.0013219411484660286
0.0015556761439304723
0.0018307382802953678
0.002154434690031882
0.0025353644939701114
0.0029836472402833374
0.003511191734215131
0.004132012400115334
0.004862601580065354
0.005722367659350214
0.006734150657750821
0.007924828983539169
0.0093260334688322
0.010974987654930556
0.01291549665014884
0.01519911082952933
0.01788649529057435
0.0210490414451202
0.02477076355991709
0.029150530628251757
0.034304692863149154
0.040370172585965536
0.047508101621027934
0.05590810182512223
0.06579332246575675
0.0774263682681127
0.09111627561154886
0.10722672220103231
0.1261856883066021
0.14849682622544635
0.1747528400007683
0.20565123083486514
0.24201282647943834
0.2848035868435799
0.3351602650938841
0.3944206059437656
0.46415888336127725
0.5462277217684337
0.642807311728432
0.7564633275546291
0.8902150854450375
1.0476157527896641
1.232846739442066
1.4508287784959402
1.7073526474706886
2.009233002565046
2.364489412645407
2.782559402207126
3.274549162877725
3.8535285937105273
4.534878508128582
5.3366992312063015
6.280291441834247
7.390722033525775
8.697490026177835
10.235310218990248
12.045035402587812
14.174741629268048
16.68100537200059
19.630406500402685
23.10129700083158
27.1858824273294
31.992671377973846
37.64935806792464
44.30621457583877
52.14008287999685
61.35907273413163
72.20809018385457
84.97534359086438
100.0
###
1.60916621425002
1.4307235181787676
1.2691185904499365
1.1245542909903234
0.9968310091757338
0.8853149746412752
0.8117075114989225
0.7259981310729633
0.653328991563975
0.5924187300833876
4.78773326011603
4.101084593350897
3.496320297552816
2.9697406405963562
2.516121282693198
2.1288549779008403
1.8775423625236602
1.5886849957576241
1.345996800574953
1.1426853624598152
7.025462586032003
5.919538205622615
4.959251368086867
4.134718775311644
3.433859309091355
2.8431596134826393
2.463752174524644
2.0318287556446415
1.6725020814381695
1.3739882445679243
8.866731021902488
7.391016455568886
6.122090805686078
5.04294554045203
4.134168562554408
3.374970552289993
2.8910626643119293
2.344133166525089
1.8927554060903042
1.52064693224865
10.468703287160531
8.656954167746488
7.110534062484491
5.805038315277837
4.7134555482445
3.807693165472601
3.234004528631728
2.5892038505750854
2.060587333720907
1.6277215640781972
11.904953484173143
9.782319002717685
7.981389367547517
6.469993299481503
5.213475642666236
4.176929753521344
3.523414500340017
2.792634827300902
2.1968904909307083
1.7118981639960142
13.217303324663389
10.803682942759936
8.766085807407217
7.0645652662438945
5.656868470150351
4.501169428704463
3.775525282728602
2.967425846380451
2.3120360561391635
1.7811734317553125
14.4323502027639
11.743905539456362
9.484272016964438
7.605255099016959
6.057232601112217
4.791417010448915
3.999845791115799
3.12143007958139
2.411953509466402
1.8400087123093658
15.568191266692637
12.618726354591898
10.149098151190316
8.103047869377244
6.4236358017585
5.055464147235333
4.2025856135590125
3.259234235695021
2.5003562382840525
1.8911061489385534
16.638046910336836
13.439234842363115
10.769789524846495
8.56572563290844
6.762421297788039
5.298164644462918
4.388039431143098
3.384311623573122
2.579733395273579
1.936256678600756
17.651486468229166
14.213765446085555
11.353501478911213
8.998941313987874
7.078223869988576
5.523219799303157
4.559255494871968
3.499037168304611
2.651844622561019
1.9766881805832333
18.616520360661625
14.948713916438958
11.90555200472763
9.40704413286051
7.374511397661182
5.733409923131868
4.71853724160347
3.6050603089456583
2.717962846120703
2.013289001529333
19.539066838206907
15.649266188545688
12.429911092601431
9.793530142783965
7.654035749935003
5.9308690844557885
4.867643699924651
3.7037545016838775
2.779056042376121
2.046726107707965
20.42410740252472
16.319219082792163
12.930016533596556
10.160906744197648
7.918899312270896
6.117232889884583
5.007961045608465
3.7961559738803743
2.8358719991446457
2.077497516110907
21.27517544011427
16.962020270788987
13.408584622092592
10.511427769179956
8.1708615559555
6.2939201634505935
5.140589396975977
3.8830868928274045
2.8889955408965324
2.105994845244325