# datat/BKevo/MVe_BKevo/mve10.dat
# N(r,Y=0), r, *F2(x,Q^2)
# 1e-05 < r < 100.0
# 1 < Q^2 < 50, n=15, log grid
# 1e-5 < x < 1e-2, n=10, log grid
###
3.2440707705688383e-11
4.4254253517889996e-11
6.062415117917105e-11
8.292306048194685e-11
1.1310803127002166e-10
1.5473051893881023e-10
2.1162298385863474e-10
2.886146611954403e-10
3.9424952885294273e-10
5.391341655290878e-10
7.351413786917555e-10
1.0027005338035007e-09
1.3709276729276866e-09
1.868896633907838e-09
2.5451197592991135e-09
3.478921255301173e-09
4.741184882733639e-09
6.44621849859654e-09
8.808580375636396e-09
1.2000256795728986e-08
1.6303764461480006e-08
2.224875845147893e-08
3.029693457836336e-08
4.1141799105511107e-08
5.6045106227805214e-08
7.627797203323675e-08
1.0352142519624001e-07
1.4075988809442937e-07
1.9145306645932205e-07
2.596523655710437e-07
3.523607081213906e-07
4.788927599308827e-07
6.489500397586034e-07
8.788181194827619e-07
1.1933099393153684e-06
1.615489175308261e-06
2.1828477758867227e-06
2.960783764073425e-06
4.0036819169519815e-06
5.398821953574019e-06
7.310868758681765e-06
9.872732077654751e-06
1.3294294232846217e-05
1.7954875387595366e-05
2.4208623332088225e-05
3.25454877110143e-05
4.3829684154406105e-05
5.8989483189268206e-05
7.915722550415039e-05
0.00010627912044126036
0.00014275103560507582
0.0001911639790759753
0.000255850793153892
0.0003429107358575973
0.0004582218642773514
0.0006113349036736624
0.0008176137768547617
0.001090328068392851
0.0014503951430991577
0.001936319400303079
0.002578096181468195
0.0034244496104301097
0.0045631890561362385
0.006071565861185698
0.00806222818411806
0.010734269801956756
0.01429033590155869
0.018991667753294434
0.02529001009013263
0.03370997477318705
0.04484613028574368
0.059688015034672665
0.07951065493730398
0.10553604282697755
0.1396474826079938
0.18432676978024015
0.24125044254726663
0.31249016576593175
0.3994713614575454
0.5008526343879756
0.6133551537158239
0.7259171492541883
0.8291996752283941
0.9125868779220528
0.9636041830401688
0.9887791952078635
0.9980119102930026
0.9998049391861463
0.999987673176954
0.9999997589475722
0.999999999804518
0.9999999999997372
1.0
1.0
1.0
1.0
1.0
1.0
1.0
1.0
###
1e-05
1.1768119524349992e-05
1.3848863713938717e-05
1.6297508346206434e-05
1.917910261672489e-05
2.2570197196339216e-05
2.656087782946684e-05
3.1257158496882356e-05
3.678379771828634e-05
4.328761281083062e-05
5.0941380148163754e-05
5.994842503189409e-05
7.054802310718646e-05
8.302175681319735e-05
9.770099572992247e-05
0.00011497569953977356
0.00013530477745798074
0.00015922827933410923
0.0001873817422860383
0.00022051307399030456
0.00025950242113997375
0.0003053855508833416
0.00035938136638046257
0.0004229242874389499
0.0004977023564332109
0.0005857020818056661
0.0006892612104349695
0.0008111308307896872
0.0009545484566618337
0.0011233240329780276
0.0013219411484660286
0.0015556761439304723
0.0018307382802953678
0.002154434690031882
0.0025353644939701114
0.0029836472402833374
0.003511191734215131
0.004132012400115334
0.004862601580065354
0.005722367659350214
0.006734150657750821
0.007924828983539169
0.0093260334688322
0.010974987654930556
0.01291549665014884
0.01519911082952933
0.01788649529057435
0.0210490414451202
0.02477076355991709
0.029150530628251757
0.034304692863149154
0.040370172585965536
0.047508101621027934
0.05590810182512223
0.06579332246575675
0.0774263682681127
0.09111627561154886
0.10722672220103231
0.1261856883066021
0.14849682622544635
0.1747528400007683
0.20565123083486514
0.24201282647943834
0.2848035868435799
0.3351602650938841
0.3944206059437656
0.46415888336127725
0.5462277217684337
0.642807311728432
0.7564633275546291
0.8902150854450375
1.0476157527896641
1.232846739442066
1.4508287784959402
1.7073526474706886
2.009233002565046
2.364489412645407
2.782559402207126
3.274549162877725
3.8535285937105273
4.534878508128582
5.3366992312063015
6.280291441834247
7.390722033525775
8.697490026177835
10.235310218990248
12.045035402587812
14.174741629268048
16.68100537200059
19.630406500402685
23.10129700083158
27.1858824273294
31.992671377973846
37.64935806792464
44.30621457583877
52.14008287999685
61.35907273413163
72.20809018385457
84.97534359086438
100.0
###
1.1158300671487817
0.9523979921897545
0.8076568567014006
0.6812457541950119
0.5721094403469449
0.4788461069196394
0.41833436565887344
0.3488080413563895
0.29046053215228634
0.2416486912748464
3.068824391469674
2.515194207413002
2.044061789331741
1.6482878851898848
1.3193046904781478
1.0482939243830047
0.8778629240590775
0.6878780386838379
0.5337504328875264
0.4089860486268144
4.370070052475508
3.5231643979168386
2.814654517705187
2.2293625798616232
1.7507103604920407
1.3627659771125094
1.1222677415470894
0.8579714099099045
0.6471757222960469
0.47965630777735074
5.41534155031503
4.32060059365597
3.4147360486043192
2.6744122815821783
2.075285299986553
1.5948018898227005
1.2996692827137943
0.9784211040267478
0.725083301172769
0.5261694201046593
6.311097937983309
4.997168200762125
3.918662549160842
3.044115485869106
2.341829283055722
1.7828943354724511
1.4420196765721047
1.0735470283187676
0.7854674452530068
0.5613778622329173
7.105532748306475
5.59275506770564
4.358881973116265
3.3645065108713212
2.5708303506427868
1.9430459298477138
1.5622858973959668
1.152998258233037
0.8352099027824097
0.5898605295309881
7.825361263716034
6.129253033684384
4.753052143442764
3.6495597777032316
2.7732247219071477
2.083597832553728
1.6671684229394639
1.2216637089589744
0.8777259949875252
0.6138866215493944
8.487330300618181
6.620242186266451
5.111969097092089
3.907772400000825
2.9555551221428424
2.209415067028664
1.7606266891919213
1.2824063674928792
0.9150436286201514
0.6347893290510652
9.102755345118082
7.074789677216995
5.442853579534335
4.144767061250489
3.122140954179724
2.3237724108662015
1.8452176947199568
1.337042955467204
0.9483428394410153
0.6531513072576569
9.679612234644729
7.499344530923882
5.750761587150757
4.364467693232339
3.275915828614998
2.4288844832285794
1.9226885222115875
1.3868093446461103
0.9784813417489068
0.6696954293431876
10.223888208011882
7.8986767105158
6.039446786916578
4.569738663064903
3.4190790391834467
2.526368579573846
1.9942943588223752
1.432601626305704
1.006060594828803
0.6847159805329369
10.740174363531601
8.276401742095803
6.311711657031352
4.762757304432837
3.553265972334602
2.6174301931200046
2.0610172279415404
1.4750733003766638
1.031506287602596
0.6985031128253126
11.232072198963168
8.635357911091221
6.569776962764024
4.945209554128822
3.6797393063921406
2.7029972853090345
2.1235317481918967
1.5147246209731626
1.0551629626962562
0.7112659521595882
11.702479319612173
8.9776895245992
6.815370723010495
5.11843905943754
3.799503231098078
2.7838421361366326
2.1824264380842076
1.5519507067096383
1.0772853043799673
0.723122399339252
12.153758115388134
9.305568057678762
7.0499290428336066
5.28238524946811
3.9133627101765587
2.860301095169302
2.238154550055394
1.5870594049309121
1.09806769152167
0.7341833788762707