# datat/BKevo/GBW_BKevo/gbw22.dat
# N(r,Y=0), r, *F2(x,Q^2)
# 1e-05 < r < 100.0
# 1 < Q^2 < 50, n=15, log grid
# 1e-5 < x < 1e-2, n=10, log grid
###
3.763275028370408e-12
5.1974490974723514e-12
7.213877150241903e-12
9.997177820268833e-12
1.3813200387600961e-11
1.9153209558025642e-11
2.6556032393273578e-11
3.670875523269093e-11
5.0848214859209434e-11
7.053696806737286e-11
9.754796579045397e-11
1.3498155091515206e-10
1.8734320136079295e-10
2.5920144645106946e-10
3.582911264414735e-10
4.975383547967474e-10
6.886958769791667e-10
9.509541850857013e-10
1.3212395996084606e-09
1.8297331218195257e-09
2.526592985533244e-09
3.5083467554456815e-09
4.860910981217331e-09
6.715084474446011e-09
9.315124532037022e-09
1.2912689185502702e-08
1.7845966571619952e-08
2.4730869282029327e-08
3.4299222691027524e-08
4.7424263067662444e-08
6.565290813417453e-08
9.110030407416796e-08
1.2601798550420585e-07
1.7427364431868487e-07
2.4194839192698466e-07
3.348384949999479e-07
4.625640396665353e-07
6.425284713248213e-07
8.896282697479115e-07
1.228219107831913e-06
1.706192473698324e-06
2.363477436505504e-06
3.2644008708603792e-06
4.5303191107018385e-06
6.278604998526539e-06
8.675669274803759e-06
1.2027999405939274e-05
1.6677933242593497e-05
2.305539985629101e-05
3.193151090164826e-05
4.4298164603877175e-05
6.126447936505956e-05
8.47621268345374e-05
0.00011764860922545689
0.0001627803838104499
0.00022497176123823502
0.0003124123235521558
0.0004324431357359293
0.0005969885889768057
0.0008294018470826147
0.0011484910966126265
0.001585646698411334
0.002200794972651086
0.003048135588098854
0.004208669738327618
0.005832588034052729
0.008076358217369312
0.01114556360161145
0.015409571734305426
0.021307141115239618
0.02934275187837494
0.040384260112730726
0.055583601450264065
0.07606656920817312
0.10363667890631077
0.14081748629982493
0.18944750957838546
0.25203180012197485
0.3312483410823759
0.42690248301107125
0.537489673665512
0.6549145420222758
0.769799020983604
0.8702412912838614
0.9392709752574527
0.9782943788258605
0.9951936536434461
0.9993596862316168
0.9999449242560824
0.9999983848540439
0.9999999964095271
0.9999999999897419
0.9999999999999958
1.0
1.0
1.0
1.0
1.0
1.0
1.0
###
1e-05
1.1768119524349992e-05
1.3848863713938717e-05
1.6297508346206434e-05
1.917910261672489e-05
2.2570197196339216e-05
2.656087782946684e-05
3.1257158496882356e-05
3.678379771828634e-05
4.328761281083062e-05
5.0941380148163754e-05
5.994842503189409e-05
7.054802310718646e-05
8.302175681319735e-05
9.770099572992247e-05
0.00011497569953977356
0.00013530477745798074
0.00015922827933410923
0.0001873817422860383
0.00022051307399030456
0.00025950242113997375
0.0003053855508833416
0.00035938136638046257
0.0004229242874389499
0.0004977023564332109
0.0005857020818056661
0.0006892612104349695
0.0008111308307896872
0.0009545484566618337
0.0011233240329780276
0.0013219411484660286
0.0015556761439304723
0.0018307382802953678
0.002154434690031882
0.0025353644939701114
0.0029836472402833374
0.003511191734215131
0.004132012400115334
0.004862601580065354
0.005722367659350214
0.006734150657750821
0.007924828983539169
0.0093260334688322
0.010974987654930556
0.01291549665014884
0.01519911082952933
0.01788649529057435
0.0210490414451202
0.02477076355991709
0.029150530628251757
0.034304692863149154
0.040370172585965536
0.047508101621027934
0.05590810182512223
0.06579332246575675
0.0774263682681127
0.09111627561154886
0.10722672220103231
0.1261856883066021
0.14849682622544635
0.1747528400007683
0.20565123083486514
0.24201282647943834
0.2848035868435799
0.3351602650938841
0.3944206059437656
0.46415888336127725
0.5462277217684337
0.642807311728432
0.7564633275546291
0.8902150854450375
1.0476157527896641
1.232846739442066
1.4508287784959402
1.7073526474706886
2.009233002565046
2.364489412645407
2.782559402207126
3.274549162877725
3.8535285937105273
4.534878508128582
5.3366992312063015
6.280291441834247
7.390722033525775
8.697490026177835
10.235310218990248
12.045035402587812
14.174741629268048
16.68100537200059
19.630406500402685
23.10129700083158
27.1858824273294
31.992671377973846
37.64935806792464
44.30621457583877
52.14008287999685
61.35907273413163
72.20809018385457
84.97534359086438
100.0
###
0.947770686462152
0.8024893569694925
0.6754997691451249
0.5657939244067967
0.47197869010897237
0.3924296198055751
0.34107587082264157
0.28232521289977425
0.23313935992393098
0.19203974113332584
2.5046283083886602
2.0334646281252047
1.6376950735924916
1.308859858673553
1.0381281028066776
0.816878697474849
0.6785620463568388
0.525150953393003
0.40123352991814704
0.3013205937933484
3.509254950768199
2.8013916586431504
2.216736916294249
1.7388947397031291
1.3518839043617905
1.0407304314274857
0.8490554148361866
0.6395549227727682
0.47340529168063367
0.3420312467590449
4.304187792871297
3.3996008914617524
2.6604254887428405
2.062646675978085
1.583591714481346
1.2024673890690392
0.9699415202903845
0.718298296858466
0.5211284260800418
0.36731014749963947
4.978683074926417
3.9019971332265166
3.029072960651749
2.328583322501138
1.771478473980613
1.331809808530762
1.0654551012738493
0.7793196131199822
0.5571853943216082
0.3857326825720589
5.572460329252705
4.34094819446011
3.3485809326905978
2.557094542350666
1.9314850427030954
1.4407989525740157
1.14522327119083
0.8295756909766289
0.5863237107741218
0.40002994009982856
6.107346275498822
4.733952998044678
3.6328638474127657
2.759065615524393
2.0719035132630528
1.5356410543743457
1.2141605070668136
0.8725383961675411
0.6109188582840249
0.4118536040181875
6.5968463920872376
5.091765622913061
3.890390521914841
2.9410211043640913
2.1976075920507565
1.6199967879567225
1.2751199548559524
0.9101730632468576
0.6321119972274086
0.42188034768988003
7.050024958557089
5.421677381981228
4.1267548410593875
3.107260901335761
2.311857251915913
1.696226573162951
1.329939742239678
0.9437585023179951
0.6508683544876646
0.43062234382442066
7.473286334700388
5.728680750100087
4.345862545852231
3.2607134916599105
2.4168661502622615
1.765936057564169
1.379860216034036
0.9741253084582694
0.6677083051198496
0.43832882522965283
7.87139787132892
6.016503295530824
4.5505851694083095
3.4035759861152655
2.514248591465509
1.8303015739697952
1.4257802147168845
1.0019109413121394
0.6829776143964883
0.44523443148037284
8.247984170485509
6.288000320599374
4.743085546188264
3.537477085353129
2.6052118366199264
1.8901833850636498
1.4683619828333097
1.0275371392490602
0.6969641699725266
0.45148801174026465
8.60584592165179
6.545305898861159
4.9250456978766195
3.663677154240692
2.6906914029417557
1.9462505172828155
1.508104824477882
1.051342080618044
0.7098805845165297
0.45720008360611375
8.947134936582659
6.790158582399032
5.097825880114276
3.7831786905582088
2.771271287087229
1.999024989765638
1.5454073966767536
1.0735895527977328
0.7218771848612758
0.4624613477850433
9.274002863106364
7.024073487793597
5.26123642721385
3.8967849800669803
2.8477644896100625
2.048904797008573
1.5805795805396425
1.0944800765548133
0.7330834302022609
0.4673286833355275