# datat/BKevo/MVe_BKevo/mve28.dat
# N(r,Y=0), r, *F2(x,Q^2)
# 1e-05 < r < 100.0
# 1 < Q^2 < 50, n=15, log grid
# 1e-5 < x < 1e-2, n=10, log grid
###
6.488163745598169e-11
8.850872908038492e-11
1.2124888490352648e-10
1.658469738204554e-10
2.2621745549671206e-10
3.094633244753034e-10
4.232497029749318e-10
5.772352468206592e-10
7.88508897557283e-10
1.0782844227418986e-09
1.4703089512603614e-09
2.005443615477625e-09
2.7419250990873943e-09
3.737906693621539e-09
5.090423287427805e-09
6.958144439688842e-09
9.48286089998722e-09
1.2893230460348218e-08
1.7618466463553536e-08
2.4002640610321974e-08
3.261096517826816e-08
4.450316220835642e-08
6.060307818171481e-08
8.229849206323995e-08
1.1211460741882615e-07
1.5259579351040177e-07
2.0710736914838026e-07
2.8162512257502674e-07
3.830784473279135e-07
5.195840113084339e-07
7.051759129299906e-07
9.585298775877105e-07
1.2991076483098057e-06
1.7595944250670912e-06
2.3898305015021135e-06
3.2361909158911555e-06
4.3741153699726915e-06
5.9353842209531135e-06
8.029805776423125e-06
1.0833786771221895e-05
1.468098747484731e-05
1.9841693794194345e-05
2.674349188436344e-05
3.616244721501085e-05
4.882727542140946e-05
6.575006823407132e-05
8.872804200103842e-05
0.00011970909905064251
0.00016108755016021702
0.0002170199658514988
0.0002926949476996242
0.0003937997659488586
0.0005299758697709705
0.0007150776359815953
0.0009627409763978891
0.0012954862680734022
0.0017505900101090323
0.00236115785135426
0.003180211506019735
0.004308948798706984
0.005828508852063601
0.007872612314791973
0.010690980795499135
0.014507394065380836
0.019651844011363103
0.02672123814811271
0.03632204456957894
0.04923032644042344
0.0667818202662383
0.09046060752341098
0.12183848579282897
0.16334936479891116
0.21761289871710474
0.2863845739021009
0.3714116858074888
0.4722889405396873
0.5854669594186583
0.7038992959766637
0.8113480089651153
0.8991481947547925
0.9593539236673789
0.9869517146791845
0.9972366406531228
0.9997465349457015
0.9999875383791192
0.9999996601144145
0.9999999981281161
0.9999999999998862
1.0
1.0
1.0
1.0
1.0
1.0
1.0
1.0
1.0
1.0
1.0
1.0
###
1e-05
1.1768119524349992e-05
1.3848863713938717e-05
1.6297508346206434e-05
1.917910261672489e-05
2.2570197196339216e-05
2.656087782946684e-05
3.1257158496882356e-05
3.678379771828634e-05
4.328761281083062e-05
5.0941380148163754e-05
5.994842503189409e-05
7.054802310718646e-05
8.302175681319735e-05
9.770099572992247e-05
0.00011497569953977356
0.00013530477745798074
0.00015922827933410923
0.0001873817422860383
0.00022051307399030456
0.00025950242113997375
0.0003053855508833416
0.00035938136638046257
0.0004229242874389499
0.0004977023564332109
0.0005857020818056661
0.0006892612104349695
0.0008111308307896872
0.0009545484566618337
0.0011233240329780276
0.0013219411484660286
0.0015556761439304723
0.0018307382802953678
0.002154434690031882
0.0025353644939701114
0.0029836472402833374
0.003511191734215131
0.004132012400115334
0.004862601580065354
0.005722367659350214
0.006734150657750821
0.007924828983539169
0.0093260334688322
0.010974987654930556
0.01291549665014884
0.01519911082952933
0.01788649529057435
0.0210490414451202
0.02477076355991709
0.029150530628251757
0.034304692863149154
0.040370172585965536
0.047508101621027934
0.05590810182512223
0.06579332246575675
0.0774263682681127
0.09111627561154886
0.10722672220103231
0.1261856883066021
0.14849682622544635
0.1747528400007683
0.20565123083486514
0.24201282647943834
0.2848035868435799
0.3351602650938841
0.3944206059437656
0.46415888336127725
0.5462277217684337
0.642807311728432
0.7564633275546291
0.8902150854450375
1.0476157527896641
1.232846739442066
1.4508287784959402
1.7073526474706886
2.009233002565046
2.364489412645407
2.782559402207126
3.274549162877725
3.8535285937105273
4.534878508128582
5.3366992312063015
6.280291441834247
7.390722033525775
8.697490026177835
10.235310218990248
12.045035402587812
14.174741629268048
16.68100537200059
19.630406500402685
23.10129700083158
27.1858824273294
31.992671377973846
37.64935806792464
44.30621457583877
52.14008287999685
61.35907273413163
72.20809018385457
84.97534359086438
100.0
###
1.5272176257750631
1.3476106824954748
1.1852387024398805
1.040482110141306
0.9128515744995854
0.8016471901045815
0.7283672404787611
0.6431183998503255
0.5708276678988939
0.5100860793785601
4.492774036736082
3.8158283135432227
3.2223585224921596
2.7087671014874304
2.26864859870073
1.8950536864267158
1.6538265163940786
1.377932872583253
1.1473378042486762
0.9553065477476904
6.565211274416302
5.484361236080258
4.5511534537062515
3.755164302944572
3.0829011845660705
2.520014679869641
2.1607979842059164
1.754348815495133
1.418664689558742
1.1418032042913004
8.265409785587478
6.830987127672771
5.605040007211789
4.569697462075172
3.7037472734806376
2.985608291660861
2.530986791040622
2.0206735519468744
1.60299322615848
1.2616765415890445
9.742053935043556
7.987770113579244
6.49993059511233
5.252805330089523
4.217458194925221
3.364939657908919
2.8287354516229284
2.230511794226614
1.7444469664336115
1.3501597359715638
11.064359673204985
9.015144828196574
7.2878467329246455
5.8487481049286165
4.661067980543286
3.6888431167890863
3.080567180228794
2.4053472508956095
1.860042229816373
1.4205193648037324
12.27153637086544
9.94691844234256
7.997566380990252
6.38161822993131
5.054636968585689
3.9737485240079256
3.3003046314995816
2.556107552711152
1.9582005251376031
1.4790073621177484
13.388414887335044
10.804344001125926
8.646959553399514
6.866245456990501
5.410203561948421
4.229216095825083
3.496183316488232
2.689214916486566
2.043820330826352
1.5290029148930133
14.43200889388095
11.601787431380385
9.247996645322397
7.312488223853813
5.735791062222975
4.461700819724019
3.6735219102310666
2.8087324549561714
2.1199102801922747
1.572964800922313
15.414510148769178
12.349509788016007
9.809232002359936
7.727326152567912
6.036981067137448
4.675613264665372
3.835946873118847
2.917438823280159
2.188512087826145
1.6119522831245272
16.344853278339095
13.055264022009135
10.336905152842
8.115818134024595
6.317865760306785
4.874165977940519
3.9861416070064473
3.017323698765131
2.2510513350653705
1.6471956824884348
17.230557491172757
13.724700236256583
10.835772484352113
8.481873904417482
6.581550678960586
5.059735111174307
4.126017589369168
3.10985296847665
2.3085809200625964
1.6792836116934906
18.076890224591907
14.36269934207144
11.309750522029985
8.828538400350642
6.83038199629591
5.234226117745933
4.257113045889088
3.196144195561749
2.3619037183434015
1.7087248108222541
18.888714594046508
14.972807318647343
11.761785225338679
9.158207275825095
7.066285803751642
5.399092474525331
4.3806235288842
3.2770742568799776
2.411633909999495
1.7359718230112513
19.66918855095338
15.558129185757778
12.194460335958382
9.472850979795153
7.29078829601192
5.555487702597905
4.497509178924697
3.3533325630001127
2.4582529539595654
1.761319212480659