# datat/BKevo/MVe_BKevo/mve49.dat
# N(r,Y=0), r, *F2(x,Q^2)
# 1e-05 < r < 100.0
# 1 < Q^2 < 50, n=15, log grid
# 1e-5 < x < 1e-2, n=10, log grid
###
1.1354240919723467e-10
1.5488967209852888e-10
2.1218440438796013e-10
2.902304517919868e-10
3.9587772715867523e-10
5.415562059517647e-10
7.406792753078871e-10
1.0101494347403804e-09
1.3798705477043433e-09
1.8869648218466603e-09
2.572987224464952e-09
3.5094393733051016e-09
4.7982264049632636e-09
6.5411051811244664e-09
8.907865600553226e-09
1.2176136284318846e-08
1.6594003735240388e-08
2.256153308996141e-08
3.0829649984733435e-08
4.200027734246689e-08
5.7062171387686e-08
7.786900439190632e-08
1.0603657842600927e-07
1.4399194080782864e-07
1.9615073341279823e-07
2.669612360840982e-07
3.623060902878172e-07
4.926287314262728e-07
6.700351899124469e-07
9.087012953406246e-07
1.2331289301654723e-06
1.6759056892435464e-06
2.270969463627805e-06
3.0752858355401724e-06
4.175636138711203e-06
5.65266903846925e-06
7.637469450511359e-06
1.035863352390546e-05
1.400619238316835e-05
1.8885061837289148e-05
2.5570240226560277e-05
3.4525526008467705e-05
4.648306767940286e-05
6.276499924788005e-05
8.460431106163061e-05
0.00011370543154347569
0.00015307060724916184
0.00020591827121580874
0.000276167533975689
0.00037053865177313016
0.0004972758703794579
0.0006652623425340425
0.0008892963496614261
0.001190079737118643
0.0015874169422263348
0.0021132954681477665
0.002818595629945601
0.003746642540151347
0.004965155356135225
0.006596281503234984
0.00873276338007879
0.011523374295430527
0.015227382865963418
0.02006426806747596
0.026346427141164475
0.034598935943115534
0.04532693353934568
0.05915370300478199
0.07708046236722647
0.10016942185767573
0.12952771279875866
0.16678455702919567
0.2136678924838474
0.2714793459129867
0.34162564694197
0.424508768345749
0.5190378347866943
0.6222108566873615
0.7250934464336569
0.821155229611149
0.9016550165887397
0.9539502398879101
0.9835453802927278
0.9963529977083007
0.9994393623360088
0.9999471469019837
0.999998402386158
0.9999999924638299
0.9999999999667021
0.9999999999999781
1.0
1.0
1.0
1.0
1.0
1.0
1.0
1.0
1.0
1.0
###
1e-05
1.1768119524349992e-05
1.3848863713938717e-05
1.6297508346206434e-05
1.917910261672489e-05
2.2570197196339216e-05
2.656087782946684e-05
3.1257158496882356e-05
3.678379771828634e-05
4.328761281083062e-05
5.0941380148163754e-05
5.994842503189409e-05
7.054802310718646e-05
8.302175681319735e-05
9.770099572992247e-05
0.00011497569953977356
0.00013530477745798074
0.00015922827933410923
0.0001873817422860383
0.00022051307399030456
0.00025950242113997375
0.0003053855508833416
0.00035938136638046257
0.0004229242874389499
0.0004977023564332109
0.0005857020818056661
0.0006892612104349695
0.0008111308307896872
0.0009545484566618337
0.0011233240329780276
0.0013219411484660286
0.0015556761439304723
0.0018307382802953678
0.002154434690031882
0.0025353644939701114
0.0029836472402833374
0.003511191734215131
0.004132012400115334
0.004862601580065354
0.005722367659350214
0.006734150657750821
0.007924828983539169
0.0093260334688322
0.010974987654930556
0.01291549665014884
0.01519911082952933
0.01788649529057435
0.0210490414451202
0.02477076355991709
0.029150530628251757
0.034304692863149154
0.040370172585965536
0.047508101621027934
0.05590810182512223
0.06579332246575675
0.0774263682681127
0.09111627561154886
0.10722672220103231
0.1261856883066021
0.14849682622544635
0.1747528400007683
0.20565123083486514
0.24201282647943834
0.2848035868435799
0.3351602650938841
0.3944206059437656
0.46415888336127725
0.5462277217684337
0.642807311728432
0.7564633275546291
0.8902150854450375
1.0476157527896641
1.232846739442066
1.4508287784959402
1.7073526474706886
2.009233002565046
2.364489412645407
2.782559402207126
3.274549162877725
3.8535285937105273
4.534878508128582
5.3366992312063015
6.280291441834247
7.390722033525775
8.697490026177835
10.235310218990248
12.045035402587812
14.174741629268048
16.68100537200059
19.630406500402685
23.10129700083158
27.1858824273294
31.992671377973846
37.64935806792464
44.30621457583877
52.14008287999685
61.35907273413163
72.20809018385457
84.97534359086438
100.0
###
1.6130171984132513
1.420990999430533
1.2454534222680882
1.0872096282304706
0.9463689856569036
0.8225176447726256
0.7402435928781761
0.643775665804141
0.5611883372500216
0.4911320581794598
4.837242048236844
4.107039019422895
3.4633914941057102
2.901327113783125
2.4172226990763943
2.004639410286505
1.7376515928811125
1.4319492766050277
1.176571986546892
0.9639940634810829
7.1308344354114945
5.96083797680262
4.942712702548268
4.069248218310982
3.3282043762561666
2.7062529895309595
2.3089526975142616
1.8597073840454674
1.4896182783376348
1.1857690576973217
9.029738850788036
7.471156559218549
6.1292567351927
4.989826322980161
4.033420549206921
3.238651008055362
2.7354567897408444
2.171156004303525
1.7108402548738864
1.3366459854941364
10.689201672031889
8.777374769506038
7.144370955790246
5.76870623265637
4.622887113055529
3.6778035243219382
3.0833362362557164
2.4211751246375024
1.8850032747708279
1.4525499775119495
12.182224921130976
9.94340268165048
8.043322263175233
6.452571531523713
5.135769513019178
4.056217767435808
3.380729779164543
2.6323182358031842
2.030000678666359
1.5472371151252322
13.550371230114319
11.005240485725107
8.856656137573976
7.067198638269748
5.593431490817616
4.391309311344329
3.6424776526021065
2.8163243791309394
2.154939819383602
1.6277951477828925
14.82017944046602
11.985668690329963
9.60361452229631
7.628516110983064
6.008939533406769
4.693561758346723
3.877306808125166
2.980156624339257
2.2651459317839184
1.6979478212914567
16.009801989420865
12.900147344404626
10.297156148505113
8.147176541136538
6.390978068731792
4.969967521007833
4.091093758076765
3.1283175566306736
2.3640271723995423
1.76026280771012
17.13242475633854
13.759770145079049
10.946548028478986
8.630888553011697
6.745645733802408
5.225357813168452
4.287874364823987
3.2638945973994353
2.4538566604161933
1.816366853091623
18.197830299280504
14.572844910266305
11.558594450706357
9.085098224035018
7.077456571271106
5.463278453946247
4.47052616398599
3.3891268794266702
2.536357592651418
1.8675132894053041
19.213853438550913
15.345826552867623
12.138675590776764
9.514119487880114
7.38976415087233
5.686393312145284
4.641317217425885
3.505674908980704
2.6127223544601903
1.914531215137736
20.186357659220388
16.083477661260066
12.690791622939875
9.92119649111371
7.685229497021225
5.896771583833674
4.801867413979684
3.6148153436388655
2.6839275989591656
1.9580706330732054
21.120331934309043
16.79025071855766
13.218299630496888
10.309161434625642
7.965996122961627
6.096056538075177
4.953648397712352
3.7175548943370256
2.750621927200895
1.998647959355939
22.019806784900187
17.46933112180122
13.723931393938171
10.680099949570842
8.233739499257922
6.285545456899885
5.097615328503864
3.8146980375473647
2.813417720141251
2.0366487755731293