# datat/BKevo/MVe_BKevo/mve18.dat
# N(r,Y=0), r, *F2(x,Q^2)
# 1e-05 < r < 100.0
# 1 < Q^2 < 50, n=15, log grid
# 1e-5 < x < 1e-2, n=10, log grid
###
4.866106155853258e-11
6.638127608505139e-11
9.093624048559262e-11
1.243846151136137e-10
1.6966209612452587e-10
2.320958117726246e-10
3.174344770195313e-10
4.329219082226541e-10
5.913743403446153e-10
8.087011970157164e-10
1.1027120440532572e-09
1.5040507451940995e-09
2.056391476803512e-09
2.803344950861757e-09
3.81767963570982e-09
5.218381867888194e-09
7.111777303836769e-09
9.66932780340596e-09
1.3212870583884074e-08
1.8000385138082324e-08
2.4455646529998458e-08
3.3373137440299635e-08
4.5445401493017214e-08
6.171269811323514e-08
8.40676581403119e-08
1.1441695585592736e-07
1.552821338524065e-07
2.1113982467885614e-07
2.871795858346041e-07
3.8947852292385624e-07
5.285410153504423e-07
7.1833905270335e-07
9.734249003001874e-07
1.318226888274741e-06
1.7899643680411242e-06
2.423232774587322e-06
3.274269873284893e-06
4.4411723174441555e-06
6.005516798351589e-06
8.098221992845175e-06
1.0966282860359553e-05
1.480906113558196e-05
1.994137489310134e-05
2.6932190918689965e-05
3.6312712535263106e-05
4.881783256063283e-05
6.574379932877729e-05
8.848290357702265e-05
0.0001187334740893824
0.0001594144140943557
0.0002141188163604845
0.00028673216112691584
0.00038375151315531874
0.0005143214690932338
0.0006872533685827087
0.0009168617838724819
0.0012261670250378258
0.0016350419205809928
0.002174803381576836
0.002903057282959104
0.0038646248101686562
0.005132266922010318
0.006836890850050895
0.00909335826179667
0.012068849850065068
0.016057730936817043
0.021357853265581872
0.028351115217938573
0.03769231090986899
0.05013127309401977
0.06650415774037659
0.08817436935689044
0.11683388298574034
0.15401652005692265
0.20194995315734415
0.2631784563155321
0.338883657261889
0.4298943470622719
0.5340488211464433
0.6465646636615651
0.7594852284959469
0.8554836764659203
0.9282566417700732
0.9738801969364665
0.9928297909892138
0.9986880676208374
0.9998961306494263
0.9999970579688428
0.9999999426945939
0.9999999997550719
0.999999999999997
1.0
1.0
1.0
1.0
1.0
1.0
1.0
1.0
1.0
###
1e-05
1.1768119524349992e-05
1.3848863713938717e-05
1.6297508346206434e-05
1.917910261672489e-05
2.2570197196339216e-05
2.656087782946684e-05
3.1257158496882356e-05
3.678379771828634e-05
4.328761281083062e-05
5.0941380148163754e-05
5.994842503189409e-05
7.054802310718646e-05
8.302175681319735e-05
9.770099572992247e-05
0.00011497569953977356
0.00013530477745798074
0.00015922827933410923
0.0001873817422860383
0.00022051307399030456
0.00025950242113997375
0.0003053855508833416
0.00035938136638046257
0.0004229242874389499
0.0004977023564332109
0.0005857020818056661
0.0006892612104349695
0.0008111308307896872
0.0009545484566618337
0.0011233240329780276
0.0013219411484660286
0.0015556761439304723
0.0018307382802953678
0.002154434690031882
0.0025353644939701114
0.0029836472402833374
0.003511191734215131
0.004132012400115334
0.004862601580065354
0.005722367659350214
0.006734150657750821
0.007924828983539169
0.0093260334688322
0.010974987654930556
0.01291549665014884
0.01519911082952933
0.01788649529057435
0.0210490414451202
0.02477076355991709
0.029150530628251757
0.034304692863149154
0.040370172585965536
0.047508101621027934
0.05590810182512223
0.06579332246575675
0.0774263682681127
0.09111627561154886
0.10722672220103231
0.1261856883066021
0.14849682622544635
0.1747528400007683
0.20565123083486514
0.24201282647943834
0.2848035868435799
0.3351602650938841
0.3944206059437656
0.46415888336127725
0.5462277217684337
0.642807311728432
0.7564633275546291
0.8902150854450375
1.0476157527896641
1.232846739442066
1.4508287784959402
1.7073526474706886
2.009233002565046
2.364489412645407
2.782559402207126
3.274549162877725
3.8535285937105273
4.534878508128582
5.3366992312063015
6.280291441834247
7.390722033525775
8.697490026177835
10.235310218990248
12.045035402587812
14.174741629268048
16.68100537200059
19.630406500402685
23.10129700083158
27.1858824273294
31.992671377973846
37.64935806792464
44.30621457583877
52.14008287999685
61.35907273413163
72.20809018385457
84.97534359086438
100.0
###
1.2818108680465994
1.1079487538301058
0.9523035787570716
0.8150177548397152
0.6951534701304365
0.5917062487665604
0.5240308477100997
0.4457605074414353
0.3796538181223957
0.32398004742710357
3.630582454593863
3.0168041218914916
2.486690373735628
2.0355844084525416
1.6557034392661658
1.3388457862234295
1.1374297981155033
0.9105486642287748
0.7242428733648486
0.5716386924287372
5.231575694617778
4.274651094427064
3.4633674835227315
2.784318408978341
2.221541132427521
1.7594745565663834
1.4697254442079322
1.1477518901405028
0.8874982736408772
0.6777086089294879
6.529102339263225
5.279102255145958
4.2309111704842435
3.362587348048861
2.650564754239482
2.0719725489686405
1.7124944574961147
1.316601019820352
1.0000571160735239
0.7478053972228603
7.647920510370435
6.136349171398058
4.878887186196041
3.845446136182705
3.0045419528819375
2.3263974895293584
1.9080239496024582
1.4503628648236253
1.0874396592155715
0.8007922448144539
8.64462286353919
6.894206731681172
5.447277487897626
4.26546452556194
3.3097477067278542
2.543748721432752
2.073641391608919
1.5623091929024513
1.159537722155036
0.8436731190744001
9.550917686760462
7.579142998486384
5.957910570288161
4.640234140713917
3.580154826786396
2.7349014199296966
2.218375736896966
1.659209422850124
1.2212182010706107
0.879828608033968
10.38671811404288
8.207650906448443
6.423806680894564
4.9805041884841
3.8242645311921057
2.906305189011487
2.3475601332476628
1.7450252205499093
1.275343117214401
0.9111740779995126
11.165585448648491
8.79083459476808
6.8542824228009565
5.2934003609172855
4.047647025818395
3.0623511127883454
2.4646229264565496
1.8222943335238264
1.3236998148171526
0.9389003004857726
11.897171688792639
9.336626188827449
7.255660340525798
5.583932734426618
4.25419974405373
3.2060039805229157
2.571954552139121
1.8927377270560208
1.367478441573541
0.963796798405696
12.588699409118297
9.850810253648651
7.632510200980213
5.855780959282402
4.4467349703197305
3.3391534792566584
2.671278171997136
1.9576029564752377
1.4075638167132718
0.9864236488719672
13.245831605908371
10.337944433582496
7.9884295134048795
6.111723926101279
4.627401983628213
3.4637900978325655
2.7638702164535744
2.017803209849555
1.444572388942061
1.007159791811355
13.87260425280457
10.801237474591558
8.326203146016317
6.353954855502914
4.797797672650669
3.5810094286719463
2.8507167908456
2.074039233481024
1.4789790439064399
1.026324278504846
14.472885976091876
11.244266760662597
8.647955263870957
6.5841572802118495
4.959360199766533
3.6917989678955427
2.9325960544347507
2.1268643405734418
1.511163546047718
1.0441400155910614
15.049318164568021
11.668598592591843
8.955653143563405
6.803739569750215
5.113073335173373
3.7968927156695167
3.010128671936354
2.176704978575275
1.5414070230622006
1.0608116979658218