# datat/BKevo/MVe_BKevo/mve38.dat
# N(r,Y=0), r, *F2(x,Q^2)
# 1e-05 < r < 100.0
# 1 < Q^2 < 50, n=15, log grid
# 1e-5 < x < 1e-2, n=10, log grid
###
8.110297178296707e-11
1.1063748702127252e-10
1.5156369103732335e-10
2.0731301477953563e-10
2.8277880561815107e-10
3.868405829737104e-10
5.290807038598296e-10
7.215742839694593e-10
9.856853314547903e-10
1.3479361319737197e-09
1.8380168875786294e-09
2.5070170483244975e-09
3.427754983150779e-09
4.672949663592323e-09
6.363947008348988e-09
8.69918831436194e-09
1.185602859381272e-08
1.6120499269576747e-08
2.202960007583603e-08
3.001391384599796e-08
4.078084550544589e-08
5.565709657420583e-08
7.57997338740678e-08
1.0294728265807222e-07
1.4026465108758643e-07
1.9094286528464638e-07
2.592046788043166e-07
3.5255404296205914e-07
4.797017353554354e-07
6.508614586639135e-07
8.837137986859178e-07
1.2018289214298881e-06
1.6298177567562036e-06
2.209085707546315e-06
3.0029579447688215e-06
4.070575339311001e-06
5.508381208016075e-06
7.4856827521670445e-06
1.0144493164270212e-05
1.3713702446631853e-05
1.862973195604216e-05
2.5249860076459144e-05
3.414214448556472e-05
4.634978867813644e-05
6.286632847026743e-05
8.508412067220004e-05
0.00011551342825337083
0.00015692356758972061
0.0002127639316765091
0.00028912638911468113
0.0003937701137496679
0.0005353357847397074
0.0007287146805719123
0.0009957532712874997
0.0013582684905120994
0.0018527637451799983
0.0025408426365856568
0.003477691512877203
0.004752426602324285
0.006537939096208695
0.008972745363321284
0.012286330143226224
0.016910696894145382
0.023229299885495082
0.03180625944354052
0.043656930960818616
0.059786849638356176
0.08145294059096445
0.11074838619391263
0.14982682988411783
0.2007368838625766
0.2662272422664356
0.34821587426238737
0.44652087829102194
0.5586746331151572
0.6761180117217317
0.7892921298215625
0.885404996613896
0.9478462110718754
0.9826077879698427
0.9967449390997445
0.9995418542180736
0.9999660397197683
0.9999994329745305
0.9999999982403509
0.9999999999960627
0.9999999999999991
1.0
1.0
1.0
1.0
1.0
1.0
1.0
1.0
1.0
1.0
1.0
1.0
1.0
###
1e-05
1.1768119524349992e-05
1.3848863713938717e-05
1.6297508346206434e-05
1.917910261672489e-05
2.2570197196339216e-05
2.656087782946684e-05
3.1257158496882356e-05
3.678379771828634e-05
4.328761281083062e-05
5.0941380148163754e-05
5.994842503189409e-05
7.054802310718646e-05
8.302175681319735e-05
9.770099572992247e-05
0.00011497569953977356
0.00013530477745798074
0.00015922827933410923
0.0001873817422860383
0.00022051307399030456
0.00025950242113997375
0.0003053855508833416
0.00035938136638046257
0.0004229242874389499
0.0004977023564332109
0.0005857020818056661
0.0006892612104349695
0.0008111308307896872
0.0009545484566618337
0.0011233240329780276
0.0013219411484660286
0.0015556761439304723
0.0018307382802953678
0.002154434690031882
0.0025353644939701114
0.0029836472402833374
0.003511191734215131
0.004132012400115334
0.004862601580065354
0.005722367659350214
0.006734150657750821
0.007924828983539169
0.0093260334688322
0.010974987654930556
0.01291549665014884
0.01519911082952933
0.01788649529057435
0.0210490414451202
0.02477076355991709
0.029150530628251757
0.034304692863149154
0.040370172585965536
0.047508101621027934
0.05590810182512223
0.06579332246575675
0.0774263682681127
0.09111627561154886
0.10722672220103231
0.1261856883066021
0.14849682622544635
0.1747528400007683
0.20565123083486514
0.24201282647943834
0.2848035868435799
0.3351602650938841
0.3944206059437656
0.46415888336127725
0.5462277217684337
0.642807311728432
0.7564633275546291
0.8902150854450375
1.0476157527896641
1.232846739442066
1.4508287784959402
1.7073526474706886
2.009233002565046
2.364489412645407
2.782559402207126
3.274549162877725
3.8535285937105273
4.534878508128582
5.3366992312063015
6.280291441834247
7.390722033525775
8.697490026177835
10.235310218990248
12.045035402587812
14.174741629268048
16.68100537200059
19.630406500402685
23.10129700083158
27.1858824273294
31.992671377973846
37.64935806792464
44.30621457583877
52.14008287999685
61.35907273413163
72.20809018385457
84.97534359086438
100.0
###
1.7417716736157287
1.5590533479589583
1.392806876031011
1.243498494240291
1.1111059610403589
0.9951456971624796
0.918482547931291
0.8291435909584643
0.7534442251106991
0.6901816516119665
5.294026932812055
4.572375465037973
3.93208665101146
3.3708543884149527
2.8843415795505956
2.4666363178608908
2.1943726500061262
1.8802900470248667
1.615517069667247
1.3932998709535385
7.838261746297108
6.661695012758651
5.631692334427451
4.7407192743573106
3.97800749107312
3.330766279060168
2.9128377435732045
2.43467982754976
2.0349139928062274
1.701374545777681
9.949128960542089
8.366600764180722
6.994166991065077
5.817775588837782
4.819548127265064
3.979661372998866
3.441115484477017
2.8289961056062625
2.3207219733942717
1.8993777761422914
11.795729545080258
9.841342340214053
8.158622141500683
6.726423998544594
5.5194266078718925
4.510439438674692
3.867299080879291
3.1400234238848705
2.539773642007799
2.044930545013606
13.458014417875741
11.157642684093062
9.188596350187622
7.522316004935141
6.125908711993766
4.964953210369933
4.228259301426675
3.399191543829131
2.718313054061014
2.1598754970735348
14.981801860146486
12.355979187283618
10.119542255953702
8.236131277746761
6.665171291787233
5.365151555823772
4.543566561428412
3.622362321599268
2.86951835816062
2.254887764935064
16.396058742595603
13.462093792610698
10.973662329425018
8.886823441206552
7.153283709609622
5.72449452331485
4.824709310390213
3.8194102005275594
3.001007270172875
2.3354400461914038
17.721317694555236
14.493462069681742
11.765992831711419
9.487120740455788
7.600890375153181
6.051775921445999
5.079282525192087
3.9961429078379234
3.117541645813089
2.4060921566282216
18.971888240490188
15.462547128101376
12.507216078457718
10.046005437092461
8.015434489534597
6.353111698293975
5.312486077163376
4.156716680774666
3.222333234380977
2.468381259523889
20.158831197779882
16.378892313943794
13.205346549840582
10.570165599924664
8.402412548193803
6.632898741742747
5.528091153136509
4.3041288321474225
3.317649936682286
2.5242506927614903
21.290917084654218
17.249685073135048
13.866494770058384
11.064634984554202
8.765967789144963
6.894531409990029
5.72890753898823
4.4405676617841765
3.4051480002799672
2.574908989141331
22.374230607862792
18.08064951459945
14.495046320754989
11.533362521489071
9.1093517356415
7.140630428938169
5.917097171131511
4.567704385898941
3.4860958889251874
2.6212479892168243
23.41466108784221
18.876478415808762
15.09572667332897
11.979369622320585
9.435071468953275
7.373196524504555
6.094346184026002
4.686845743358564
3.561435734939219
2.663960940472942
24.41651836182539
19.64097966298383
15.670884782038957
12.405715624868972
9.745226809322466
7.593912325063135
6.262104638623003
4.799029567544711
3.6319324369103954
2.7035292755069733