# datat/BKevo/MVe_BKevo/mve70.dat
# N(r,Y=0), r, *F2(x,Q^2)
# 1e-05 < r < 100.0
# 1 < Q^2 < 50, n=15, log grid
# 1e-5 < x < 1e-2, n=10, log grid
###
1.459854109181128e-10
1.9914752104721156e-10
2.728146827893686e-10
3.7316344880762457e-10
5.090018329415377e-10
6.963129871109271e-10
9.523452319167917e-10
1.298833637211166e-09
1.7742336053095626e-09
2.426284981194897e-09
3.3084303532326123e-09
4.512630644908963e-09
6.169958938297688e-09
8.41130935005726e-09
1.1455104672572775e-08
1.5658538844675578e-08
2.134085139731199e-08
2.9016898550957016e-08
3.965327985131324e-08
5.4025044248211335e-08
7.340552072542222e-08
1.001827715079375e-07
1.3643951673223602e-07
1.8530510116604228e-07
2.524763576338042e-07
3.436971308974918e-07
4.6656837329119294e-07
6.345971870376201e-07
8.634629557123124e-07
1.171550318391225e-06
1.5906842713662717e-06
2.163291004513264e-06
2.9336700328596877e-06
3.976350743262129e-06
5.405317721673508e-06
7.327023560558706e-06
9.9150642829317e-06
1.3474188093889476e-05
1.826001277373352e-05
2.468452890485322e-05
3.35332646406818e-05
4.5449283571067545e-05
6.145501844883475e-05
8.342805593085838e-05
0.00011315650937815225
0.00015314618021886156
0.00020791447119595483
0.0002824444554522893
0.0003829422691874136
0.0005203668308320881
0.0007086730313734952
0.000963396351223759
0.0013113017852025904
0.0017916320055759822
0.0024435416475617464
0.0033324942705003162
0.004568803307545328
0.006251035411109553
0.008538094093478277
0.011737087503111325
0.016092205456287888
0.02200639719536034
0.03023054222733423
0.04141834942481329
0.05651826352902994
0.0771910266066719
0.10499646512685887
0.14178289995746668
0.1903712637909065
0.2531428961169931
0.3316927509171177
0.4269032132132072
0.5362862395499929
0.6542546333778332
0.7701447482336927
0.8668640485810507
0.9379768880735763
0.9796659634021769
0.9947482638322641
0.9991965112274861
0.9999638952214602
0.9999988209063796
0.9999999841549655
0.9999999999749352
0.9999999999999998
1.0
1.0
1.0
1.0
1.0
1.0
1.0
1.0
1.0
1.0
1.0
1.0
1.0
1.0
1.0
###
1e-05
1.1768119524349992e-05
1.3848863713938717e-05
1.6297508346206434e-05
1.917910261672489e-05
2.2570197196339216e-05
2.656087782946684e-05
3.1257158496882356e-05
3.678379771828634e-05
4.328761281083062e-05
5.0941380148163754e-05
5.994842503189409e-05
7.054802310718646e-05
8.302175681319735e-05
9.770099572992247e-05
0.00011497569953977356
0.00013530477745798074
0.00015922827933410923
0.0001873817422860383
0.00022051307399030456
0.00025950242113997375
0.0003053855508833416
0.00035938136638046257
0.0004229242874389499
0.0004977023564332109
0.0005857020818056661
0.0006892612104349695
0.0008111308307896872
0.0009545484566618337
0.0011233240329780276
0.0013219411484660286
0.0015556761439304723
0.0018307382802953678
0.002154434690031882
0.0025353644939701114
0.0029836472402833374
0.003511191734215131
0.004132012400115334
0.004862601580065354
0.005722367659350214
0.006734150657750821
0.007924828983539169
0.0093260334688322
0.010974987654930556
0.01291549665014884
0.01519911082952933
0.01788649529057435
0.0210490414451202
0.02477076355991709
0.029150530628251757
0.034304692863149154
0.040370172585965536
0.047508101621027934
0.05590810182512223
0.06579332246575675
0.0774263682681127
0.09111627561154886
0.10722672220103231
0.1261856883066021
0.14849682622544635
0.1747528400007683
0.20565123083486514
0.24201282647943834
0.2848035868435799
0.3351602650938841
0.3944206059437656
0.46415888336127725
0.5462277217684337
0.642807311728432
0.7564633275546291
0.8902150854450375
1.0476157527896641
1.232846739442066
1.4508287784959402
1.7073526474706886
2.009233002565046
2.364489412645407
2.782559402207126
3.274549162877725
3.8535285937105273
4.534878508128582
5.3366992312063015
6.280291441834247
7.390722033525775
8.697490026177835
10.235310218990248
12.045035402587812
14.174741629268048
16.68100537200059
19.630406500402685
23.10129700083158
27.1858824273294
31.992671377973846
37.64935806792464
44.30621457583877
52.14008287999685
61.35907273413163
72.20809018385457
84.97534359086438
100.0
###
2.0027192531878715
1.8155834173022756
1.6442171806229384
1.489377779754708
1.3513275953900858
1.2298920015600507
1.1493647919912442
1.0555387720000229
0.9762173463742996
0.9103771698661104
6.326207316820224
5.553113416125328
4.858684555948921
4.242876624539958
3.7031074976531344
3.2349830528284973
2.927587149921151
2.570749839777014
2.26884164623467
2.0150538252793972
9.522116129147793
8.233196160039205
7.08848457663953
6.084520073317028
5.213707070447352
4.465656350114598
3.977926843556923
3.4150153320951646
2.9405852558755776
2.5423913545584678
12.215320354913441
10.455139758249496
8.905033643468384
7.556493659626243
6.395755300121528
5.405681664692957
4.763991885866274
4.026953697268569
3.408360188589662
2.8907539387569985
14.595337981492843
12.396949557852835
10.473655939731467
8.81102883751897
7.388722051162253
6.182477326259436
5.404389111793352
4.514430445754895
3.77072806221681
3.15065128674179
16.753772256129018
14.143301895163209
11.871508214972069
9.917948482395774
8.255290703533813
6.852082160290087
5.950311460545556
4.923076837306336
4.067958063530735
3.3575061583620855
18.74442669679979
15.742628949150012
13.142288184814833
10.998623056472574
9.029954010875375
7.444570557753218
6.429599350261562
5.2768038580143415
4.320799591157919
3.5291280610293483
20.601419128339536
17.225600997524122
14.31369282689978
11.830378498100673
9.73413101646426
7.97878044432829
6.858517018998349
5.589668912220539
4.54131082176909
3.675675800741065
22.348599780818507
18.61424809025178
15.404522776489058
12.676874771215017
10.382124780228587
8.466864708683607
7.248071098544257
5.871328051189972
4.737106687320774
3.803492976245127
24.0033159541905
19.923716734192976
16.42842885158868
13.467500654119455
10.984063236220969
8.917457073927997
7.605379864469354
6.1276545798399
4.913463246298162
3.9169047791675147
25.57923749052673
21.16563472207867
17.395513843058257
14.210878846287448
11.547406268554868
9.336861850118476
7.936758132074927
6.36350114154685
5.074049832555175
4.01861688279515
27.085701062331086
22.348909022869464
18.313734950028827
14.914292688799716
12.077789712450455
9.729835460809886
8.245905447126113
6.5818798942733725
5.221606627654799
4.1110480878296425
28.53127129987841
23.481325974793755
19.18917053085474
15.58201427085199
12.579761644122273
10.100065566089508
8.536063501311776
6.785827674805526
5.358203510772812
4.195591444160786
29.920436973362044
24.56779450274734
20.026820465007745
16.219344137340176
13.05677860174168
10.450545047132612
8.809685403294944
6.977064394667957
5.485430410375728
4.273433498300012
31.263093279652097
25.613471265422593
20.830878726640037
16.828954602108432
13.511734469149586
10.783543235301309
9.06893472649446
7.157264773940506
5.604557526943887
4.34560991291701