# datat/BKevo/MVe_BKevo/mve63.dat
# N(r,Y=0), r, *F2(x,Q^2)
# 1e-05 < r < 100.0
# 1 < Q^2 < 50, n=15, log grid
# 1e-5 < x < 1e-2, n=10, log grid
###
1.2976690699124854e-10
1.7702344143806574e-10
2.4250755561481563e-10
3.3171000051469404e-10
4.524609330809187e-10
6.189691836928285e-10
8.465687993647884e-10
1.1545831004850981e-09
1.5772015085314519e-09
2.156869513835423e-09
2.9411056023167135e-09
4.0116802444075365e-09
5.48515075978734e-09
7.477925849057371e-09
1.0184269990479742e-08
1.39219110458124e-08
1.897486455230911e-08
2.5801224886421785e-08
3.526121497274473e-08
4.804481113947359e-08
6.528574292819415e-08
8.911105743934011e-08
1.213768183513663e-07
1.6487265916223966e-07
2.2468005832040424e-07
3.059267329891191e-07
4.154026377091339e-07
5.651851144464768e-07
7.693126168212564e-07
1.044266355539061e-06
1.418616902120906e-06
1.9305330723559792e-06
2.619961022238584e-06
3.5542410793826914e-06
4.836707161497595e-06
6.56424788465516e-06
8.895269317509814e-06
1.2109267998022603e-05
1.644213896840754e-05
2.227520387674147e-05
3.034074089778394e-05
4.124312348661114e-05
5.5946813244935996e-05
7.623807864879234e-05
0.00010383243270872709
0.0001411457360464211
0.00019256979832462593
0.00026298574903556727
0.00035850193390412954
0.0004899787392546403
0.0006713281356996442
0.0009180876784173519
0.0012571550808805545
0.0017281454724546199
0.0023706270930015146
0.0032509617627771896
0.004481374206544245
0.006162075600011689
0.008454942331611813
0.011673737249045005
0.01606754090031151
0.022047998245186416
0.030383407567557575
0.04174158035639531
0.05709162433600255
0.07813057869752418
0.10644766779549494
0.14392114810222406
0.1934067292867414
0.2572844473331903
0.3371014413567248
0.4335992608586918
0.5440054354668648
0.6624357291370652
0.7778616171606767
0.873013651493969
0.9419425420881378
0.9815242204272215
0.9953768980924649
0.9993224084746045
0.999971999341525
0.9999991631402477
0.999999989811663
0.9999999999858271
0.9999999999999999
1.0
1.0
1.0
1.0
1.0
1.0
1.0
1.0
1.0
1.0
1.0
1.0
1.0
1.0
1.0
###
1e-05
1.1768119524349992e-05
1.3848863713938717e-05
1.6297508346206434e-05
1.917910261672489e-05
2.2570197196339216e-05
2.656087782946684e-05
3.1257158496882356e-05
3.678379771828634e-05
4.328761281083062e-05
5.0941380148163754e-05
5.994842503189409e-05
7.054802310718646e-05
8.302175681319735e-05
9.770099572992247e-05
0.00011497569953977356
0.00013530477745798074
0.00015922827933410923
0.0001873817422860383
0.00022051307399030456
0.00025950242113997375
0.0003053855508833416
0.00035938136638046257
0.0004229242874389499
0.0004977023564332109
0.0005857020818056661
0.0006892612104349695
0.0008111308307896872
0.0009545484566618337
0.0011233240329780276
0.0013219411484660286
0.0015556761439304723
0.0018307382802953678
0.002154434690031882
0.0025353644939701114
0.0029836472402833374
0.003511191734215131
0.004132012400115334
0.004862601580065354
0.005722367659350214
0.006734150657750821
0.007924828983539169
0.0093260334688322
0.010974987654930556
0.01291549665014884
0.01519911082952933
0.01788649529057435
0.0210490414451202
0.02477076355991709
0.029150530628251757
0.034304692863149154
0.040370172585965536
0.047508101621027934
0.05590810182512223
0.06579332246575675
0.0774263682681127
0.09111627561154886
0.10722672220103231
0.1261856883066021
0.14849682622544635
0.1747528400007683
0.20565123083486514
0.24201282647943834
0.2848035868435799
0.3351602650938841
0.3944206059437656
0.46415888336127725
0.5462277217684337
0.642807311728432
0.7564633275546291
0.8902150854450375
1.0476157527896641
1.232846739442066
1.4508287784959402
1.7073526474706886
2.009233002565046
2.364489412645407
2.782559402207126
3.274549162877725
3.8535285937105273
4.534878508128582
5.3366992312063015
6.280291441834247
7.390722033525775
8.697490026177835
10.235310218990248
12.045035402587812
14.174741629268048
16.68100537200059
19.630406500402685
23.10129700083158
27.1858824273294
31.992671377973846
37.64935806792464
44.30621457583877
52.14008287999685
61.35907273413163
72.20809018385457
84.97534359086438
100.0
###
2.003978176368159
1.8177990703367262
1.6473476356189358
1.4933726373465552
1.3561191616732367
1.2354028794001284
1.1553591147555164
1.0621213241591578
0.9833161598142304
0.9179398364995431
6.329786366922818
5.560022470708143
4.8685967833825625
4.255433176923074
3.717923453569593
3.251678760647505
2.9454629378451855
2.589911058399877
2.28907202983798
2.03616035397336
9.5265303288799
8.242697841457357
7.102369185422248
6.102227832222404
5.234471917018516
4.488815737033737
4.002491163632282
3.440995525506314
2.967587291090257
2.569206843845441
12.219794823088852
10.46620882830848
8.921715561145415
7.577783660846717
6.420652626628956
5.433371777903542
4.793067462809431
4.057413337755751
3.4396369370458086
2.922447473138395
14.599420810953122
12.40895452607758
10.492284370382368
8.834985389490177
7.416698712863437
6.213336104226412
5.436755075333426
4.548068649422458
3.804797746540479
3.1849597274167287
16.757457734811148
14.155812839887204
11.891547259136697
9.943910660300139
8.285648094118274
6.8854637430264605
5.98519431204922
4.9590901343514995
4.104299813840789
3.3936123620175143
18.746862132709552
15.755335612616438
13.163351174499256
10.943775799878104
9.06219580639531
7.479941131082781
6.4664338884179555
5.314635831491458
4.358719321407295
3.5664999128437773
20.602736487157056
17.238264587202654
14.33548618254219
11.859150401330146
9.767887020094424
8.015754594984251
6.896910141528962
5.629103175767941
4.580426532393668
3.71394721933002
22.348663154779437
18.62668559474015
15.426899980650253
12.7066192359054
10.417107813690079
8.505141696389442
7.28771143264751
5.9117879829263345
4.777040893066145
3.8424036871522382
24.002016552457498
19.935771541986824
16.451033462527043
13.49800615274277
11.02004577461289
8.956801109270542
7.646087095828212
6.169044448170933
4.954156607114914
3.956212275804681
25.576478805748803
21.177182650472712
17.418377052667694
14.24199056945364
11.58419612287995
9.37708254580129
7.978318370882904
6.405500935587117
5.115284787503555
4.058214275029729
27.08141743614575
22.359847461715322
18.33663812182967
14.945839465321223
12.115249635242028
9.77077630846378
8.288154841308256
6.624453545035873
5.2632267991195185
4.15068067541886
28.525403886481282
23.49156831376146
19.211907611536198
15.613860119707152
12.617746546726982
10.141596845083548
8.578873823769165
6.828706791083162
5.4000992999179624
4.235210243440449
29.912895849766347
24.577268509783732
20.049394724233142
16.25143418692271
13.095180345415702
10.49255607471318
8.853021041962158
7.02043130755167
5.527511131942084
4.313044532567629
31.253890767308206
25.622113843404268
20.853102273082055
16.861048085937842
13.550462166633636
10.825938579055823
9.112558357712079
7.200794489339327
5.64674663313073
4.38538988541979