# datat/BKevo/GBW_BKevo/gbw10.dat
# N(r,Y=0), r, *F2(x,Q^2)
# 1e-05 < r < 100.0
# 1 < Q^2 < 50, n=15, log grid
# 1e-5 < x < 1e-2, n=10, log grid
###
9.949787285637862e-06
1.1336382075544976e-05
1.2911183550556099e-05
1.4706331125017531e-05
1.6755161684537735e-05
1.9084270144169704e-05
2.1736867070872695e-05
2.47642230658106e-05
2.8208958057350462e-05
3.21285700526916e-05
3.660180198242381e-05
4.169656007120987e-05
4.748837864358181e-05
5.4098037840611364e-05
6.163319198622599e-05
7.019146037417787e-05
7.995787916358278e-05
9.11023722400932e-05
0.00010374841050669569
0.00011817915065625651
0.00013464969565709243
0.00015334786884263442
0.0001746702857586651
0.00019900574652105454
0.00022665823432131834
0.0002581629251287313
0.0002941180357479114
0.0003350119283543877
0.0003815597817211435
0.0004346806435759017
0.0004951541560150349
0.0005639246052554598
0.000642401914688161
0.0007318239481033697
0.0008334184432266429
0.0009493453922409517
0.0010815607522044414
0.0012316284966500156
0.0014028532231528594
0.0015982527155023552
0.001819941948668247
0.0020727910551869844
0.002361306667210371
0.0026889131194495486
0.00306218602011133
0.0034880470960784045
0.003971991006456327
0.004522796566191048
0.005151068556035094
0.005865552430574652
0.006677790543721025
0.007603985892795092
0.008657952584651608
0.00985453636131462
0.011218415334575849
0.012771248751048611
0.014531491945536072
0.01653658903560759
0.01882024519750668
0.02140410527404625
0.024344719569907927
0.027690931083440645
0.03147492608942417
0.03577203145182817
0.0406545874094825
0.04617132390964853
0.05241726704026166
0.05949869862846665
0.06748713600892862
0.07649440170159641
0.08667368867952908
0.0981258996259156
0.11096449097900775
0.12540478323660637
0.14158193818277537
0.15956819073358036
0.17965661865809857
0.20201608628491646
0.22657836983452107
0.25372773893589745
0.2836272545709783
0.31595543131133796
0.351111893659357
0.3891674809978893
0.42948697278501585
0.47222351211292496
0.5173187962781559
0.5637082759103085
0.611026128846494
0.6591077256747124
0.7065062757988569
0.7521440556101006
0.7960085501337636
0.8366762910060151
0.8725809562785996
0.9043780149357507
0.9313645613472061
0.9522783085855004
0.9687071932442725
0.9809794057923739
###
1e-05
1.1768119524349992e-05
1.3848863713938717e-05
1.6297508346206434e-05
1.917910261672489e-05
2.2570197196339216e-05
2.656087782946684e-05
3.1257158496882356e-05
3.678379771828634e-05
4.328761281083062e-05
5.0941380148163754e-05
5.994842503189409e-05
7.054802310718646e-05
8.302175681319735e-05
9.770099572992247e-05
0.00011497569953977356
0.00013530477745798074
0.00015922827933410923
0.0001873817422860383
0.00022051307399030456
0.00025950242113997375
0.0003053855508833416
0.00035938136638046257
0.0004229242874389499
0.0004977023564332109
0.0005857020818056661
0.0006892612104349695
0.0008111308307896872
0.0009545484566618337
0.0011233240329780276
0.0013219411484660286
0.0015556761439304723
0.0018307382802953678
0.002154434690031882
0.0025353644939701114
0.0029836472402833374
0.003511191734215131
0.004132012400115334
0.004862601580065354
0.005722367659350214
0.006734150657750821
0.007924828983539169
0.0093260334688322
0.010974987654930556
0.01291549665014884
0.01519911082952933
0.01788649529057435
0.0210490414451202
0.02477076355991709
0.029150530628251757
0.034304692863149154
0.040370172585965536
0.047508101621027934
0.05590810182512223
0.06579332246575675
0.0774263682681127
0.09111627561154886
0.10722672220103231
0.1261856883066021
0.14849682622544635
0.1747528400007683
0.20565123083486514
0.24201282647943834
0.2848035868435799
0.3351602650938841
0.3944206059437656
0.46415888336127725
0.5462277217684337
0.642807311728432
0.7564633275546291
0.8902150854450375
1.0476157527896641
1.232846739442066
1.4508287784959402
1.7073526474706886
2.009233002565046
2.364489412645407
2.782559402207126
3.274549162877725
3.8535285937105273
4.534878508128582
5.3366992312063015
6.280291441834247
7.390722033525775
8.697490026177835
10.235310218990248
12.045035402587812
14.174741629268048
16.68100537200059
19.630406500402685
23.10129700083158
27.1858824273294
31.992671377973846
37.64935806792464
44.30621457583877
52.14008287999685
61.35907273413163
72.20809018385457
84.97534359086438
100.0
###
2.9339277132947537
2.472638753021288
2.0299707440106665
1.6198358146834082
1.2553043312668746
0.9454690465535027
0.7512181693874427
0.5413469875633221
0.3818808961322639
0.2644653346060534
10.487927595193764
8.556651350513086
6.779850497238094
5.214176521644691
3.895185067863532
2.832600164396039
2.1958194785091885
1.535322919813938
1.0541766533353252
0.7126669202207103
16.813991827704893
13.528051767271913
10.561919333482052
8.004877674113887
5.896716327462428
4.23320696312843
3.25235055723591
2.250168648195612
1.5308009182406879
1.0266816429714676
22.547266674456008
17.97636984996977
13.904244327782337
10.442026967938455
7.626036002800235
5.431682268709198
4.1511516922245475
2.8541263771454224
1.931167438952081
1.2892302776807179
27.89150396450399
22.084755087499452
16.96730731410498
12.658407311670935
9.187867758786934
6.5078670650121975
4.955028341393915
3.3919682991719
2.2865625351072962
1.5215959169529674
32.94860717300251
25.949133617379715
19.829305082534773
14.717150709020506
10.631606883089828
7.498434126413499
5.693108594540182
3.884187778103506
2.6109611004076525
1.7333177782060092
37.779843310201855
29.62174288699988
22.53581354742245
16.6556399953554
11.985467884711651
8.42476960493607
6.381484051492489
4.342248111953717
2.9121766078569093
1.9297198554401944
42.42584456340087
33.138273879641645
25.116345904687183
18.497413980570144
13.267746921214629
9.300430091936919
7.0305031222996694
4.773393582341593
3.1953870356182286
2.1140608644511265
46.91550755334005
36.52390429388968
27.592797333638124
20.25903557404581
14.490967063996845
10.132883452276907
7.6474743092746404
5.182569827986192
3.4637941618154935
2.2886088352398337
51.27086652334094
39.797270369146396
29.980336329620094
21.952612228210032
15.664238347094637
10.930078345924866
8.237424296147484
5.573320085106499
3.719842260784053
2.4550446766172165
55.50762185159641
42.9727049118622
32.28982895597571
23.587363450220504
16.794536065906357
11.696658707611594
8.804243223978643
5.948319737593071
3.9654689872646793
2.6144957146793733
59.63944621242245
46.061276323011555
34.5306438790512
25.170973328867152
17.88720099580582
12.43676152098509
9.350917982703265
6.3096203498905385
4.201895594318846
2.767925670701121
63.6769709868142
49.07259404678917
36.71098377680862
26.7081791420748
18.946555330026623
13.15336602941713
9.87980458237843
6.658866929722292
4.430243466456776
2.9160133255407827
67.629183015106
52.01399640889562
38.83704045213368
28.204371977946053
19.976180176155903
13.848996390595437
10.392810996325055
6.997364202430995
4.651435288485101
3.059430301050491
71.50338908012154
54.8917811116497
40.913074661645915
29.663513862668044
20.97888040907241
14.522991317518349
10.891593859797267
7.3262437075627265
4.8660300871828195
3.1986243585435954