# datat/BKevo/GBW_BKevo/gbw21.dat
# N(r,Y=0), r, *F2(x,Q^2)
# 1e-05 < r < 100.0
# 1 < Q^2 < 50, n=15, log grid
# 1e-5 < x < 1e-2, n=10, log grid
###
5.489727011573097e-10
7.113966062792415e-10
9.240595477160537e-10
1.1994417774300967e-09
1.5546505394455033e-09
2.0184183344461086e-09
2.620550603733879e-09
3.3973468933083416e-09
4.408651095983546e-09
5.725199446940638e-09
7.423914315036429e-09
9.629047903889031e-09
1.2507577209600059e-08
1.6222275507920947e-08
2.1030219247539384e-08
2.7323734175682473e-08
3.5446729077219e-08
4.592898526780274e-08
5.968854378548182e-08
7.745080550114285e-08
1.0035685200070012e-07
1.3038443998547295e-07
1.6922358578428306e-07
2.19317855153603e-07
2.848027420829754e-07
3.697267037220603e-07
4.7927758769787e-07
6.220795675599629e-07
8.077658469096663e-07
1.047336422678061e-06
1.358722602167468e-06
1.7647152202735027e-06
2.2886057638369963e-06
2.9675525422997753e-06
3.855208845165849e-06
5.0008186086742605e-06
6.481094075716177e-06
8.421797911577581e-06
1.0926875135138295e-05
1.4157176843941113e-05
1.839689344170814e-05
2.3874517060107335e-05
3.0938976755594376e-05
4.018512484139146e-05
5.216208312687946e-05
6.761097028648901e-05
8.777362390487767e-05
0.000113960091728619
0.0001477423449128037
0.0001917051324315893
0.00024895409734974953
0.00032281814783743554
0.00041865833115828154
0.00054379496764585
0.0007052631336272352
0.0009141347915631636
0.0011875689453646387
0.0015403897627110238
0.0019953372887288145
0.0025923853834366366
0.0033626242236619837
0.004355118148676538
0.005654054943586576
0.007332248164176448
0.009492886856119917
0.012308661919662428
0.01594949215478985
0.020627548217770714
0.026688233390558144
0.03451362115901124
0.04452209588394985
0.05736839910806775
0.07384847895927447
0.09470979764327053
0.12104924706635314
0.1542446683859236
0.19531734840935908
0.2455757690904339
0.3062499540518134
0.37765454236836193
0.4596706309064869
0.5494907959451123
0.6442075070602779
0.7390346046806291
0.8238668401709683
0.8939784253667994
0.946182701875024
0.9770882927740857
0.9921048131027888
0.9981561158464182
0.999728992356251
0.9999685038886255
0.9999982777114336
0.9999999838705658
0.9999999997841484
0.9999999999991328
1.0
1.0
1.0
1.0
###
1e-05
1.1768119524349992e-05
1.3848863713938717e-05
1.6297508346206434e-05
1.917910261672489e-05
2.2570197196339216e-05
2.656087782946684e-05
3.1257158496882356e-05
3.678379771828634e-05
4.328761281083062e-05
5.0941380148163754e-05
5.994842503189409e-05
7.054802310718646e-05
8.302175681319735e-05
9.770099572992247e-05
0.00011497569953977356
0.00013530477745798074
0.00015922827933410923
0.0001873817422860383
0.00022051307399030456
0.00025950242113997375
0.0003053855508833416
0.00035938136638046257
0.0004229242874389499
0.0004977023564332109
0.0005857020818056661
0.0006892612104349695
0.0008111308307896872
0.0009545484566618337
0.0011233240329780276
0.0013219411484660286
0.0015556761439304723
0.0018307382802953678
0.002154434690031882
0.0025353644939701114
0.0029836472402833374
0.003511191734215131
0.004132012400115334
0.004862601580065354
0.005722367659350214
0.006734150657750821
0.007924828983539169
0.0093260334688322
0.010974987654930556
0.01291549665014884
0.01519911082952933
0.01788649529057435
0.0210490414451202
0.02477076355991709
0.029150530628251757
0.034304692863149154
0.040370172585965536
0.047508101621027934
0.05590810182512223
0.06579332246575675
0.0774263682681127
0.09111627561154886
0.10722672220103231
0.1261856883066021
0.14849682622544635
0.1747528400007683
0.20565123083486514
0.24201282647943834
0.2848035868435799
0.3351602650938841
0.3944206059437656
0.46415888336127725
0.5462277217684337
0.642807311728432
0.7564633275546291
0.8902150854450375
1.0476157527896641
1.232846739442066
1.4508287784959402
1.7073526474706886
2.009233002565046
2.364489412645407
2.782559402207126
3.274549162877725
3.8535285937105273
4.534878508128582
5.3366992312063015
6.280291441834247
7.390722033525775
8.697490026177835
10.235310218990248
12.045035402587812
14.174741629268048
16.68100537200059
19.630406500402685
23.10129700083158
27.1858824273294
31.992671377973846
37.64935806792464
44.30621457583877
52.14008287999685
61.35907273413163
72.20809018385457
84.97534359086438
100.0
###
1.1258238778420653
0.9522773260961217
0.7985576714168511
0.664401617403783
0.5488516658674318
0.4505220978943932
0.3870149306395305
0.31451772384261345
0.25419093535231396
0.20422889435138647
3.1330230071197547
2.5484777474579374
2.052437483895301
1.6373945757617605
1.2944583780685728
1.014184119701517
0.8394977654866128
0.6467402080334892
0.4925776360018501
0.3699007479706454
4.487633981202304
3.593418312557516
2.8478512485042717
2.2347121005201283
1.736575471156188
1.336181152313608
1.090174340671886
0.8226611859132554
0.6122937831828461
0.44784230894294064
5.583373898391698
4.426723991856143
3.473086188912436
2.697292313514493
2.0736956046553057
1.577672955973259
1.2756957797262898
0.9503401306246287
0.6972648990623849
0.5016981709191151
6.52699819787077
5.137708659510055
4.001527609497238
3.08449949923615
2.3530325343128444
1.775654994164478
1.4265007082075252
1.0528401787124333
0.764523355545724
0.5436228804854868
7.367099543117149
5.766312078524176
4.465461953669534
3.422044230707002
2.594759076196265
1.9456190985704163
1.5551488149570702
1.1394933706354677
0.820799230739115
0.5782823048542287
8.130696444840968
6.334572384745856
4.882565238422063
3.7237908175551264
2.809591137578492
2.095744170851155
1.668252855673578
1.215114296086471
0.8695182678322103
0.6080044647826511
8.83479783187404
6.85618770320982
5.263693048866658
3.9982360023698704
3.0040344987417105
2.230913752904393
1.7696734796930291
1.2825450690976052
0.912678590086059
0.634151404601166
9.490875704655421
7.340379232662731
5.6161050302913536
4.2510017787033645
3.182390468972563
2.354388394980088
1.8619834445204162
1.3436210458290185
0.9515564146012175
0.6575455415586984
10.107124281880992
7.793667519600259
5.944964693214843
4.486031514929907
3.3476465038172916
2.4683628876447994
1.9469410346755254
1.3995798980656329
0.9870131019398444
0.678764337925089
10.689691449900417
8.220921424471701
6.253976326942098
4.706239381433536
3.5019970953399557
2.574469053797287
2.025830014406104
1.4513501728064426
1.0196788436598205
0.6982222073951951
11.243250176554717
8.625852356109933
6.546049141828758
4.913818237346908
3.6470922412109137
2.673928756043777
2.099602691832567
1.4995992165128682
1.0500095195341026
0.716214199887033
11.771338960865897
9.01105585399769
6.8233452750465595
5.110510204428812
3.7842099564948843
2.7676649703497413
2.168999473408704
1.5448516388239761
1.0783588242041537
0.7329641790787284
12.277164677792454
9.379416730203479
7.087944078276555
5.297629069359224
3.9143708919761764
2.856432315252267
2.2345150117985573
1.5875057755100646
1.1050007424450574
0.7486553984263455
12.762968909154736
9.732756905752876
7.341017403146193
5.476291997141751
4.0383954364809105
2.940827377177642
2.296750408330604
1.627874196447982
1.130150809397657
0.7634209475984974