# datat/BKevo/MVe_BKevo/mve32.dat
# N(r,Y=0), r, *F2(x,Q^2)
# 1e-05 < r < 100.0
# 1 < Q^2 < 50, n=15, log grid
# 1e-5 < x < 1e-2, n=10, log grid
###
6.48846466510799e-11
8.851362945673163e-11
1.2125692436334985e-10
1.658601350576462e-10
2.2623876876932008e-10
3.0949826685043544e-10
4.2330672118795593e-10
5.773277281753181e-10
7.886596521785068e-10
1.0785312813810913e-09
1.4707093431617843e-09
2.006094652775694e-09
2.742992546573184e-09
3.7396402380006775e-09
5.093232146804629e-09
6.962756420049382e-09
9.490359101187844e-09
1.2905335526900539e-08
1.7638368524450614e-08
2.403502773407037e-08
3.266322499657038e-08
4.458888662004523e-08
6.074267852780668e-08
8.25238364303745e-08
1.124828160654863e-07
1.5319559118563335e-07
2.0807548564266306e-07
2.831998469452978e-07
3.856426610200961e-07
5.237194061862075e-07
7.118658477054597e-07
9.694080635206948e-07
1.3166167724547397e-06
1.7877288096313708e-06
2.4354427964497595e-06
3.3093412640823875e-06
4.490666207920898e-06
6.123373921427895e-06
8.3295347859097e-06
1.1306902612243426e-05
1.54372376395578e-05
2.1037211842880706e-05
2.8613321366913118e-05
3.910856164176539e-05
5.3432299040577836e-05
7.286818253844562e-05
9.975974471150353e-05
0.00013671921891605089
0.00018702130697916143
0.00025650621524653873
0.0003526709105349492
0.0004838962505078274
0.0006647231159581476
0.0009166098488267958
0.0012610058766605696
0.0017339567272449863
0.0023965822180751378
0.0033035783495971487
0.004543520284368806
0.0062889404574707364
0.008677816508533425
0.011939262420957372
0.016505716320126144
0.022760690823225647
0.031269042950279234
0.04304926688351259
0.05910987441962187
0.08071208433319546
0.1099590131540637
0.14901502172352538
0.19993875596619673
0.26549566372437594
0.347616537454871
0.4461156478162259
0.558510048278372
0.6761914282242573
0.7895439576420584
0.8857232302404006
0.9480984362158092
0.9827449665399309
0.9967884147861136
0.9995506692252325
0.9999669445163593
0.9999994545985399
0.9999999983481708
0.9999999999963789
0.9999999999999992
1.0
1.0
1.0
1.0
1.0
1.0
1.0
1.0
1.0
1.0
1.0
1.0
1.0
###
1e-05
1.1768119524349992e-05
1.3848863713938717e-05
1.6297508346206434e-05
1.917910261672489e-05
2.2570197196339216e-05
2.656087782946684e-05
3.1257158496882356e-05
3.678379771828634e-05
4.328761281083062e-05
5.0941380148163754e-05
5.994842503189409e-05
7.054802310718646e-05
8.302175681319735e-05
9.770099572992247e-05
0.00011497569953977356
0.00013530477745798074
0.00015922827933410923
0.0001873817422860383
0.00022051307399030456
0.00025950242113997375
0.0003053855508833416
0.00035938136638046257
0.0004229242874389499
0.0004977023564332109
0.0005857020818056661
0.0006892612104349695
0.0008111308307896872
0.0009545484566618337
0.0011233240329780276
0.0013219411484660286
0.0015556761439304723
0.0018307382802953678
0.002154434690031882
0.0025353644939701114
0.0029836472402833374
0.003511191734215131
0.004132012400115334
0.004862601580065354
0.005722367659350214
0.006734150657750821
0.007924828983539169
0.0093260334688322
0.010974987654930556
0.01291549665014884
0.01519911082952933
0.01788649529057435
0.0210490414451202
0.02477076355991709
0.029150530628251757
0.034304692863149154
0.040370172585965536
0.047508101621027934
0.05590810182512223
0.06579332246575675
0.0774263682681127
0.09111627561154886
0.10722672220103231
0.1261856883066021
0.14849682622544635
0.1747528400007683
0.20565123083486514
0.24201282647943834
0.2848035868435799
0.3351602650938841
0.3944206059437656
0.46415888336127725
0.5462277217684337
0.642807311728432
0.7564633275546291
0.8902150854450375
1.0476157527896641
1.232846739442066
1.4508287784959402
1.7073526474706886
2.009233002565046
2.364489412645407
2.782559402207126
3.274549162877725
3.8535285937105273
4.534878508128582
5.3366992312063015
6.280291441834247
7.390722033525775
8.697490026177835
10.235310218990248
12.045035402587812
14.174741629268048
16.68100537200059
19.630406500402685
23.10129700083158
27.1858824273294
31.992671377973846
37.64935806792464
44.30621457583877
52.14008287999685
61.35907273413163
72.20809018385457
84.97534359086438
100.0
###
1.732136290060123
1.550694387337355
1.3856971895876005
1.2375648763876967
1.1062498112544796
0.9912598370620704
0.915229174195791
0.8266369100326316
0.7515689636063249
0.6888339783537363
5.254677115308897
4.538920491514514
3.9041459275195978
3.347908299033207
2.8658029639953937
2.451884732318651
2.1820707485488313
1.8707560194241335
1.6082388965774643
1.3878513628617193
7.772894290288409
6.606732871744627
5.586226076512475
4.703709826521565
3.94831693411721
3.307274486762965
2.8932915231682412
2.419566720693356
2.023333467492972
1.6926425079754328
9.860048884641548
8.292215359843706
6.933076661132766
5.768357947428208
4.7801221024501865
3.948570015093307
3.415351992979711
2.80906909235881
2.305497902045779
1.8877877457146246
11.684563132695486
9.74906122572412
8.083225041072026
6.665723157303726
5.471195616239258
4.472570101169562
3.8358585248412025
3.1158198367474133
2.521239583754956
2.030849311114904
13.3260497988479
11.048591987087407
9.09988629533797
7.451174163106104
6.069572558341573
4.920843956440035
4.191777340191497
3.3710756407588787
2.69740649743052
2.1435341138337796
14.830071417026328
12.231089850362032
10.018311609302454
8.155213196170807
6.6012786498065665
5.315247449888905
4.502358154521495
3.590737065100361
2.8452913419294874
2.236467086081619
16.225449926577767
13.322124859900939
10.860564628206767
8.79667418027648
7.082278678845451
5.6691545869904685
4.779073803153522
3.784333858124613
2.974241056346024
2.315379418663659
17.532568522117092
14.339051547268793
11.641578917956013
9.388199073831705
7.523147822231024
5.991302887370888
5.029471811774981
3.9578751055113246
3.0883977291611635
2.383944278477766
18.765712444282634
15.294291558628796
12.371961197701289
9.938705121681343
7.9312703075799975
6.287753738785189
5.258714453394578
4.115480830249456
3.190935238874534
2.444549933999268
19.935673979219693
16.19727595090269
13.059665571462453
10.454819891511008
8.312104113367578
6.562923874761531
5.470543269015686
4.260085264417797
3.2841354044665727
2.4988031431769184
21.051007949251026
17.05514129982151
13.710644683415653
10.941499123917513
8.669788195161372
6.82008258987216
5.6677452989977395
4.393808906344854
3.369599707487975
2.547968443843891
22.11874039553393
17.873573987374563
14.32959139250715
11.402751966950555
9.007457515118347
7.061904719579411
5.852463412063877
4.5183427086490955
3.4485839686787223
2.5928203975244895
23.143517942703742
18.657526691612546
14.920830066365923
11.841690780090222
9.327686716720184
7.290335793978187
6.026369262710748
4.634983478957498
3.5220505827152104
2.6341363907038997
24.130322604256097
19.41007404911872
15.486829033562296
12.260753044972478
9.632526982854733
7.506944696758134
6.190899579024559
4.744770641884557
3.590754316698272
2.6723617616474264