# datat/BKevo/MVe_BKevo/mve12.dat
# N(r,Y=0), r, *F2(x,Q^2)
# 1e-05 < r < 100.0
# 1 < Q^2 < 50, n=15, log grid
# 1e-5 < x < 1e-2, n=10, log grid
###
3.2440818727990846e-11
4.425436454019246e-11
6.062440065744809e-11
8.292345578976988e-11
1.1310877067619144e-10
1.547316956020609e-10
2.116248243476799e-10
2.886176234103296e-10
3.942544958438428e-10
5.391422113709493e-10
7.351544321112173e-10
1.0027218077388125e-09
1.370962549543697e-09
1.8689533468107697e-09
2.545211692747352e-09
3.4790721643332698e-09
4.741430432369878e-09
6.446615286344239e-09
8.809233325258236e-09
1.2001320395769399e-08
1.6305482700156376e-08
2.2251581370845303e-08
3.0301539576407546e-08
4.114924688955842e-08
5.6057305323834405e-08
7.629789968527005e-08
1.0355368998348388e-07
1.4081257126599014e-07
1.915392422283623e-07
2.5979203964568126e-07
3.5258801906666406e-07
4.792650551853149e-07
6.495540370081334e-07
8.797976013569937e-07
1.1949159740443425e-06
1.6180967801037823e-06
2.187060081430597e-06
2.96769656963225e-06
4.014911036822781e-06
5.416908066894685e-06
7.34052099575872e-06
9.920896690376276e-06
1.3371835588353117e-05
1.8081388810187292e-05
2.4413939415780776e-05
3.2875576994707567e-05
4.43650141635527e-05
5.985636366530473e-05
8.054703929573592e-05
0.00010851591477334869
0.00014635832163730948
0.00019691942223677667
0.00026502324568466237
0.0003576035754403498
0.0004814874630723478
0.0006479537147293596
0.0008756832359496367
0.0011812839071934638
0.001591372478034585
0.002156828688170794
0.0029185628096630905
0.003944098716036601
0.005360020997899969
0.007280535154248795
0.00987487174171545
0.01345204758310664
0.018331296054356724
0.024927696129230258
0.03397313683208281
0.04631765301729884
0.06291321524343563
0.08534027937900636
0.11557144185780992
0.15536236314165483
0.2072643329623806
0.2741022473003616
0.35689965559897613
0.45601518775726535
0.5676914622885384
0.6853161099867203
0.7987800537186006
0.8885492788946866
0.9507123820710148
0.9850610196612892
0.9967322954111031
0.9995472910199
0.9999766314591902
0.9999996947984559
0.9999999970012079
0.9999999999946961
1.0
1.0
1.0
1.0
1.0
1.0
1.0
1.0
1.0
1.0
###
1e-05
1.1768119524349992e-05
1.3848863713938717e-05
1.6297508346206434e-05
1.917910261672489e-05
2.2570197196339216e-05
2.656087782946684e-05
3.1257158496882356e-05
3.678379771828634e-05
4.328761281083062e-05
5.0941380148163754e-05
5.994842503189409e-05
7.054802310718646e-05
8.302175681319735e-05
9.770099572992247e-05
0.00011497569953977356
0.00013530477745798074
0.00015922827933410923
0.0001873817422860383
0.00022051307399030456
0.00025950242113997375
0.0003053855508833416
0.00035938136638046257
0.0004229242874389499
0.0004977023564332109
0.0005857020818056661
0.0006892612104349695
0.0008111308307896872
0.0009545484566618337
0.0011233240329780276
0.0013219411484660286
0.0015556761439304723
0.0018307382802953678
0.002154434690031882
0.0025353644939701114
0.0029836472402833374
0.003511191734215131
0.004132012400115334
0.004862601580065354
0.005722367659350214
0.006734150657750821
0.007924828983539169
0.0093260334688322
0.010974987654930556
0.01291549665014884
0.01519911082952933
0.01788649529057435
0.0210490414451202
0.02477076355991709
0.029150530628251757
0.034304692863149154
0.040370172585965536
0.047508101621027934
0.05590810182512223
0.06579332246575675
0.0774263682681127
0.09111627561154886
0.10722672220103231
0.1261856883066021
0.14849682622544635
0.1747528400007683
0.20565123083486514
0.24201282647943834
0.2848035868435799
0.3351602650938841
0.3944206059437656
0.46415888336127725
0.5462277217684337
0.642807311728432
0.7564633275546291
0.8902150854450375
1.0476157527896641
1.232846739442066
1.4508287784959402
1.7073526474706886
2.009233002565046
2.364489412645407
2.782559402207126
3.274549162877725
3.8535285937105273
4.534878508128582
5.3366992312063015
6.280291441834247
7.390722033525775
8.697490026177835
10.235310218990248
12.045035402587812
14.174741629268048
16.68100537200059
19.630406500402685
23.10129700083158
27.1858824273294
31.992671377973846
37.64935806792464
44.30621457583877
52.14008287999685
61.35907273413163
72.20809018385457
84.97534359086438
100.0
###
1.2412230390125722
1.0743939798072224
0.9257036867725927
0.794862517023176
0.6810320007704284
0.5829888532273495
0.5189327699611866
0.4449070525896033
0.38241568958479816
0.32979357658818664
3.476451661845854
2.8894592655960096
2.384907261036819
1.9562706408870398
1.5958259692760308
1.2952163402855157
1.1039896340208872
0.8882497688800143
0.7106462930320054
0.5645950384142573
4.982050395604926
4.071495922520448
3.301468495399576
2.657789171613267
2.1249138804593093
1.6872353792460872
1.4125294318899633
1.1066879037897848
0.8586759069446062
0.6581049243954388
6.196675492388047
5.009883557998327
4.016980957586508
3.195538431414733
2.522508039876075
1.9753617758489106
1.6350240103826061
1.2595247239111642
0.9583254179011556
0.7173442850055824
7.240243655548009
5.807585792980387
4.618461771091581
3.6423082892292884
2.848569984315059
2.208268306214378
1.8126911195305304
1.3792371927140188
1.0344856767747816
0.7611215089851576
8.167368392465013
6.510701925641953
5.14421450481754
4.029438935669386
3.1284673181685236
2.406107274276336
1.962241667819545
1.4786167215170771
1.096567858356862
0.7958910072952365
9.008526357230199
7.144651660774527
5.615194249678486
4.373815606041178
3.3755686757828394
2.57930984083954
2.0922690298155295
1.5640909737371025
1.1492156346832354
0.824788689549326
9.782877046763385
7.725207342351197
6.044190860243023
4.685703385183346
3.5979980270492655
2.7341396553859703
2.207843033020041
1.639383138167074
1.1951056828219688
0.8495480665983908
10.503339687040745
8.26300776886351
6.439757832771635
4.971908511920447
3.8010485953461264
2.874662641162211
2.31222584079766
1.706876328463296
1.235836065587621
0.8713950785321497
11.179140733825655
8.765506102348038
6.807943116163156
5.237155510121915
3.9883765682511836
3.003661292330777
2.4076434638788538
1.768173192747569
1.2727872069330082
0.8905371447223014
11.817167902717381
9.238346168259604
7.15314617482345
5.484938017768593
4.162700198980571
3.123163163860037
2.495709503863327
1.8244277316324498
1.3062112861680193
0.9079527713762621
12.422788008983204
9.685627923384976
7.4787503265988065
5.717882545133833
4.325974825478688
3.234674645782215
2.5776243807642856
1.8764853113422812
1.3369524691226213
0.9237883199625938
12.999982601045655
10.111065930742775
7.787388246436233
5.93803105856702
4.479785762510658
3.3393636267561906
2.6542962318736096
1.9249846091215654
1.3654352451467944
0.938419799371426
13.552194577400876
10.516797936521018
8.08111347863325
6.147035028109462
4.625367467340137
3.4381749975672995
2.7264273173947045
1.9704320080355096
1.3919940905294308
0.9518885749732323
14.082132091527876
10.905554579106795
8.361724631737077
6.346156170382229
4.763703840984431
3.5315695333560053
2.7945986938275906
2.013216710332209
1.4168741732882224
0.9644705738601587