# datat/BKevo/GBW_BKevo/gbw17.dat
# N(r,Y=0), r, *F2(x,Q^2)
# 1e-05 < r < 100.0
# 1 < Q^2 < 50, n=15, log grid
# 1e-5 < x < 1e-2, n=10, log grid
###
0.0
0.0
0.0
0.0
0.0
0.0
0.0
0.0
0.0
0.0
0.0
0.0
0.0
0.0
0.0
0.0
0.0
1.110223024625157e-16
1.461039735377627e-16
2.922391181887212e-16
4.3977730140193773e-16
8.961494096199904e-16
1.6091336596321667e-15
2.8968022505966313e-15
5.138650674408594e-15
9.345319042382972e-15
1.654496975771942e-14
2.9938946318475937e-14
5.4057565619421694e-14
9.637750731519581e-14
1.7303885123083994e-13
3.13773034901162e-13
5.604844630913285e-13
1.0013223348805195e-12
1.820107209402324e-12
3.2581113825189616e-12
5.790684942014107e-12
1.0554395937849994e-11
1.8933732549835343e-11
3.3544641125493766e-11
6.118000317989606e-11
1.0999550556627634e-10
1.952207628981404e-10
3.544987414670904e-10
6.388198601598518e-10
1.1358482805903583e-09
2.053247577610533e-09
3.7088773638299674e-09
6.606975408089288e-09
1.188724720047593e-08
2.1525917572261736e-08
3.8421070423295345e-08
6.879020378378091e-08
1.248908149987633e-07
2.2336579421197435e-07
3.978950733730903e-07
7.243409293810686e-07
1.2981952235447411e-06
2.3003701878556007e-06
4.199451150539878e-06
7.542827207307123e-06
1.3376669580447247e-05
2.4337129304761815e-05
4.381157787680908e-05
7.783513269688205e-05
0.00014097707753189567
0.0002543703770392816
0.0004527143274519969
0.0008160541215697355
0.0014756082826657615
0.0026300048318348593
0.004713879533527196
0.008530810088831404
0.015192321953285182
0.026960549105003125
0.04843348159628764
0.08503543230033024
0.1461416111569938
0.24889553861958852
0.40067598840493085
0.5995561310828749
0.8006406474488347
0.939791071599583
0.993915159855304
0.9998521251385476
0.9999992788326223
0.9999999998865371
1.0
1.0
1.0
1.0
1.0
1.0
1.0
1.0
1.0
1.0
1.0
1.0
1.0
###
1e-05
1.1768119524349992e-05
1.3848863713938717e-05
1.6297508346206434e-05
1.917910261672489e-05
2.2570197196339216e-05
2.656087782946684e-05
3.1257158496882356e-05
3.678379771828634e-05
4.328761281083062e-05
5.0941380148163754e-05
5.994842503189409e-05
7.054802310718646e-05
8.302175681319735e-05
9.770099572992247e-05
0.00011497569953977356
0.00013530477745798074
0.00015922827933410923
0.0001873817422860383
0.00022051307399030456
0.00025950242113997375
0.0003053855508833416
0.00035938136638046257
0.0004229242874389499
0.0004977023564332109
0.0005857020818056661
0.0006892612104349695
0.0008111308307896872
0.0009545484566618337
0.0011233240329780276
0.0013219411484660286
0.0015556761439304723
0.0018307382802953678
0.002154434690031882
0.0025353644939701114
0.0029836472402833374
0.003511191734215131
0.004132012400115334
0.004862601580065354
0.005722367659350214
0.006734150657750821
0.007924828983539169
0.0093260334688322
0.010974987654930556
0.01291549665014884
0.01519911082952933
0.01788649529057435
0.0210490414451202
0.02477076355991709
0.029150530628251757
0.034304692863149154
0.040370172585965536
0.047508101621027934
0.05590810182512223
0.06579332246575675
0.0774263682681127
0.09111627561154886
0.10722672220103231
0.1261856883066021
0.14849682622544635
0.1747528400007683
0.20565123083486514
0.24201282647943834
0.2848035868435799
0.3351602650938841
0.3944206059437656
0.46415888336127725
0.5462277217684337
0.642807311728432
0.7564633275546291
0.8902150854450375
1.0476157527896641
1.232846739442066
1.4508287784959402
1.7073526474706886
2.009233002565046
2.364489412645407
2.782559402207126
3.274549162877725
3.8535285937105273
4.534878508128582
5.3366992312063015
6.280291441834247
7.390722033525775
8.697490026177835
10.235310218990248
12.045035402587812
14.174741629268048
16.68100537200059
19.630406500402685
23.10129700083158
27.1858824273294
31.992671377973846
37.64935806792464
44.30621457583877
52.14008287999685
61.35907273413163
72.20809018385457
84.97534359086438
100.0
###
0.6600463023921208
0.5514400850772323
0.4590776821355299
0.38118697706191934
0.31593437740831715
0.2614767668612054
0.22672532723761124
0.18725251141502666
0.15438153032040391
0.12690447599957172
1.5939818921987534
1.2685160358919452
1.0016471782601508
0.784409398769646
0.6085072945461376
0.46661360441361177
0.3786071489051635
0.28150037970157027
0.2033069705260353
0.1402884695694133
2.157064707167906
1.6845653266531362
1.3033308714777445
0.9980592903800584
0.7549889468830665
0.562338977224946
0.4449193173379188
0.3176827554891168
0.21766840881434837
0.13943495160557842
2.5895269733557864
1.998752139518237
1.527066425665481
1.1533610891164159
0.8591118296575082
0.6286511092259575
0.48977148941254106
0.341209863104203
0.22645431703089355
0.13807407345797312
2.9495387302028293
2.2574292565947522
1.7091669321411833
1.2781896328460953
0.9416550559868758
0.6803890401027614
0.524311642219293
0.35893607941255906
0.2328268656783351
0.1377243328765448
3.2620633553390945
2.480252492329693
1.8647237507646128
1.3838146221712642
1.0107688170727382
0.7232453789623524
0.5526506919102462
0.3732865369281789
0.237921692025656
0.13714168621259454
3.540532015936105
2.677540190546658
2.001482282833064
1.4760536203667938
1.0706638856803656
0.7600430755940388
0.5768184990912746
0.38539963683293615
0.24217207494164888
0.1366781400410488
3.7931032890396708
2.8555650927736496
2.124228089699745
1.5583483155044058
1.1237580830736558
0.7924517637589776
0.5980546672332832
0.3958985640822115
0.24585686463024634
0.13630021484280647
4.025176702111247
3.018426044754094
2.236005897310207
1.6329181226064269
1.1716083933200172
0.8214660582032889
0.6169251257426219
0.4051998738625576
0.2490735739457969
0.13598748334200733
4.2405221228960075
3.1689761761139223
2.338921286939137
1.7012604979842438
1.2152668135269982
0.8478089456033556
0.6338682125233327
0.4135491178980361
0.2519173230480374
0.13571552114401844
4.44191547951718
3.3093035661100525
2.4345160647461213
1.7645078777389662
1.2555003338525854
0.8719906407512232
0.6495340023945013
0.42114453717737044
0.2545160858654024
0.1354831786047356
4.631445406963476
3.440972406556327
2.5239374229040923
1.8234749149567506
1.2928682546660333
0.8943473478415298
0.6638996754106984
0.4281233159413643
0.25689089220664274
0.13527883473281577
4.810738281810215
3.5651941766392565
2.608094017432526
1.8787739864949997
1.3277993907383405
0.9151688746963415
0.6772409015422487
0.43456710697028006
0.25907606751203693
0.13509737837782393
4.981085095053542
3.6829346875960702
2.6875060092001544
1.9309125140712537
1.3606325940671378
0.9346771787268052
0.6897077061424084
0.4405649873020437
0.2611036744571498
0.13493502858527623
5.14356388303989
3.7949145440305116
2.762980945447002
1.980266339447605
1.3916318577141065
0.9530358442653266
0.7014058627910363
0.44617425307361597
0.2629925869334331
0.13478701432667456