# datat/BKevo/GBW_BKevo/gbw9.dat
# N(r,Y=0), r, *F2(x,Q^2)
# 1e-05 < r < 100.0
# 1 < Q^2 < 50, n=15, log grid
# 1e-5 < x < 1e-2, n=10, log grid
###
0.0
0.0
0.0
0.0
0.0
0.0
0.0
0.0
0.0
0.0
0.0
0.0
0.0
0.0
0.0
0.0
0.0
0.0
0.0
0.0
0.0
0.0
0.0
0.0
2.444734472689384e-17
1.110223024625157e-16
1.110223024625157e-16
2.60401683942507e-16
5.514010589317203e-16
1.0241776409555295e-15
1.915773961131182e-15
3.7061472139984734e-15
7.121682333448531e-15
1.3533837233431749e-14
2.6426471506271203e-14
5.039356895725189e-14
9.529032979266104e-14
1.8621225749666176e-13
3.562176211292125e-13
6.709980283592048e-13
1.3116833453746256e-12
2.5168569751044256e-12
4.751040145969079e-12
9.236890442610865e-12
1.7775617694998898e-11
3.3631100123035593e-11
6.500990421089544e-11
1.2549176831185085e-10
2.3798899541966573e-10
4.5728487918152037e-10
8.855672875266861e-10
1.683561288561208e-09
3.2146716103939894e-09
6.246489998794542e-09
1.190563306192414e-08
2.2584769270957498e-08
4.40402769546758e-08
8.416310337704544e-08
1.585658996214651e-07
3.103519819958054e-07
5.947446403554086e-07
1.1216140007621399e-06
2.185946724288695e-06
4.201185395319795e-06
7.940608850504429e-06
1.5388372722512118e-05
2.966432983590843e-05
5.619777339776616e-05
0.00010826483115543454
0.00020935381154442206
0.00039753733000719757
0.000761034185176135
0.0014760046631440557
0.0028081721271078853
0.005335607958738536
0.010359298384045097
0.019679135657614994
0.036870644307889534
0.07063772092191967
0.13070031006173274
0.23252409451944248
0.39928369479753634
0.6197507477347035
0.8428182678305907
0.9664425321032015
0.9973761393436757
0.9999738349533586
0.9999999999068699
1.0
1.0
1.0
1.0
1.0
1.0
1.0
1.0
1.0
1.0
1.0
1.0
###
1e-05
1.1768119524349992e-05
1.3848863713938717e-05
1.6297508346206434e-05
1.917910261672489e-05
2.2570197196339216e-05
2.656087782946684e-05
3.1257158496882356e-05
3.678379771828634e-05
4.328761281083062e-05
5.0941380148163754e-05
5.994842503189409e-05
7.054802310718646e-05
8.302175681319735e-05
9.770099572992247e-05
0.00011497569953977356
0.00013530477745798074
0.00015922827933410923
0.0001873817422860383
0.00022051307399030456
0.00025950242113997375
0.0003053855508833416
0.00035938136638046257
0.0004229242874389499
0.0004977023564332109
0.0005857020818056661
0.0006892612104349695
0.0008111308307896872
0.0009545484566618337
0.0011233240329780276
0.0013219411484660286
0.0015556761439304723
0.0018307382802953678
0.002154434690031882
0.0025353644939701114
0.0029836472402833374
0.003511191734215131
0.004132012400115334
0.004862601580065354
0.005722367659350214
0.006734150657750821
0.007924828983539169
0.0093260334688322
0.010974987654930556
0.01291549665014884
0.01519911082952933
0.01788649529057435
0.0210490414451202
0.02477076355991709
0.029150530628251757
0.034304692863149154
0.040370172585965536
0.047508101621027934
0.05590810182512223
0.06579332246575675
0.0774263682681127
0.09111627561154886
0.10722672220103231
0.1261856883066021
0.14849682622544635
0.1747528400007683
0.20565123083486514
0.24201282647943834
0.2848035868435799
0.3351602650938841
0.3944206059437656
0.46415888336127725
0.5462277217684337
0.642807311728432
0.7564633275546291
0.8902150854450375
1.0476157527896641
1.232846739442066
1.4508287784959402
1.7073526474706886
2.009233002565046
2.364489412645407
2.782559402207126
3.274549162877725
3.8535285937105273
4.534878508128582
5.3366992312063015
6.280291441834247
7.390722033525775
8.697490026177835
10.235310218990248
12.045035402587812
14.174741629268048
16.68100537200059
19.630406500402685
23.10129700083158
27.1858824273294
31.992671377973846
37.64935806792464
44.30621457583877
52.14008287999685
61.35907273413163
72.20809018385457
84.97534359086438
100.0
###
0.47907220535650863
0.3895260142611404
0.31473358296241527
0.2527068973328689
0.2015310560926893
0.159403583616317
0.13278211923979222
0.10279503794441147
0.07797667882737014
0.05731141713113538
1.1052301364868604
0.8567453116675108
0.6572693124995227
0.4982830156096782
0.37228865344619044
0.27288931033242936
0.21254100747415808
0.14743303108364508
0.0965553170843255
0.05702074544066738
1.4722446458011569
1.1208742963122558
0.8434694301903611
0.6260275469575386
0.4567858820647252
0.32582996309491263
0.24782435281099494
0.16542454683757235
0.10287157278244483
0.05599160123278175
1.7509055707002068
1.3183278981559767
0.9803296747880735
0.7182591618266634
0.5166013187583632
0.36249193825530757
0.2718131944019376
0.1773477719971432
0.10695853431927876
0.05542887328614124
1.9812108153625345
1.4798697251744484
1.0910836569478815
0.7920685751705493
0.56387496617772
0.39107629446763037
0.29031583834866737
0.18639666965837223
0.11002844274251052
0.055074474790217647
2.1801383556397047
1.6183649883110025
1.185319163339237
0.8543266192270904
0.6033993244458231
0.41473570480876026
0.3055069669528647
0.1937465910471585
0.11250329079197066
0.054828769068415
2.3566776054007215
1.7405851032058364
1.2679751708246312
0.9085609084619797
0.6375637508395419
0.4350312628280976
0.318459927124238
0.19996163070730008
0.11458400148966333
0.05464678269456831
2.516286393089635
1.8505396940259327
1.3419452267234522
0.9568488228961571
0.6678169936271274
0.452897275956867
0.32981532302468775
0.20536212038758173
0.11638289332726394
0.05450567767470477
2.66254885789794
1.9508868164702617
1.4091669530752815
1.0005295979536517
0.6950458042713425
0.46888081512704943
0.3399238649802374
0.21014892438477772
0.11797166132041768
0.054393949083888
2.79794000363725
2.0434745895162476
1.4709468459871669
1.0405113563257926
0.7198591783390382
0.4833879471209822
0.3490543741507366
0.21444601340446381
0.11938776278285701
0.05429613656696748
2.924317441597505
2.1295404050961286
1.5282415513368488
1.0774610968115614
0.7427043957568135
0.4966724287815029
0.3573785649718741
0.21835297220278213
0.12067283774034669
0.05421553252501799
3.0430387315464014
2.210216798109476
1.581759060941068
1.1118660275880778
0.7639033727099408
0.5089624274904722
0.36506788670629264
0.2219434936796365
0.12184615007389162
0.05414400013203514
3.1551681676782253
2.286227767332086
1.6320446439423255
1.1440941939068456
0.7837032240911198
0.5204011577654275
0.37220549509847684
0.22526090826735848
0.1229317595896945
0.05408080573856226
3.2615498768269817
2.358179377308284
1.6795347829144618
1.1744522581687813
0.8023004789258638
0.531118402407109
0.3788741290450806
0.22834817637222926
0.12392955008836067
0.05402324483651557
3.3628612001481257
2.4265680274901293
1.7246025604370359
1.2031712091483966
0.8198451863219555
0.5411950033546954
0.38513115538892395
0.23123474838220628
0.12486591668668559
0.0539701923152624