# datat/BKevo/MVe_BKevo/mve46.dat
# N(r,Y=0), r, *F2(x,Q^2)
# 1e-05 < r < 100.0
# 1 < Q^2 < 50, n=15, log grid
# 1e-5 < x < 1e-2, n=10, log grid
###
9.732361545309082e-11
1.327650510389085e-10
1.8187650134490395e-10
2.487756443123691e-10
3.3933458391291537e-10
4.6420867293464347e-10
6.348967661772361e-10
8.658890853737117e-10
1.1828224662933103e-09
1.6175233549818754e-09
2.2056202224653496e-09
3.008420400711175e-09
4.113305965308381e-09
5.6075396110866465e-09
7.636736450541086e-09
1.043902594694035e-08
1.4227234313631246e-08
1.9344599145432963e-08
2.64355200839869e-08
3.6016696494720776e-08
4.893701447158354e-08
6.678851549648344e-08
9.095967995154414e-08
1.2353673790580295e-07
1.6831757890720134e-07
2.2913143385765405e-07
3.1104560644334934e-07
4.2306483654996494e-07
5.756420544627843e-07
7.810336992111175e-07
1.060456464051958e-06
1.4421945300233332e-06
1.9557809865665658e-06
2.650902260674359e-06
3.603548437254106e-06
4.884688398807784e-06
6.610053801045501e-06
8.982812492549268e-06
1.217337931008286e-05
1.645642035268203e-05
2.23556362003959e-05
3.0299754663661737e-05
4.09704331108897e-05
5.561948579626768e-05
7.543911384672666e-05
0.00010210007195982909
0.00013861449725593718
0.00018830528664304453
0.0002553112498045948
0.00034694155474699197
0.00047250527274396274
0.0006423682610319284
0.0008743935005799289
0.0011947832537088866
0.0016296985208065413
0.0022229029279079906
0.0030482251798872356
0.0041717605518434946
0.005700197038477448
0.007840319427711552
0.010757487003522154
0.01472538495131007
0.020257929251786443
0.02780911143470858
0.0380445499359233
0.052154295333459305
0.07130206378749854
0.09692436704794927
0.13136656101467095
0.17694361938694206
0.23572435043659584
0.3102200652433682
0.4014933208853955
0.5080569946787378
0.6251439528303441
0.7409300404392387
0.8451028129024591
0.9256435818124318
0.9707548163571551
0.9920401025249646
0.9989537801718905
0.9998974689911408
0.9999950978345498
0.999999957145738
0.9999999999670903
0.9999999999999759
1.0
1.0
1.0
1.0
1.0
1.0
1.0
1.0
1.0
1.0
1.0
1.0
1.0
1.0
###
1e-05
1.1768119524349992e-05
1.3848863713938717e-05
1.6297508346206434e-05
1.917910261672489e-05
2.2570197196339216e-05
2.656087782946684e-05
3.1257158496882356e-05
3.678379771828634e-05
4.328761281083062e-05
5.0941380148163754e-05
5.994842503189409e-05
7.054802310718646e-05
8.302175681319735e-05
9.770099572992247e-05
0.00011497569953977356
0.00013530477745798074
0.00015922827933410923
0.0001873817422860383
0.00022051307399030456
0.00025950242113997375
0.0003053855508833416
0.00035938136638046257
0.0004229242874389499
0.0004977023564332109
0.0005857020818056661
0.0006892612104349695
0.0008111308307896872
0.0009545484566618337
0.0011233240329780276
0.0013219411484660286
0.0015556761439304723
0.0018307382802953678
0.002154434690031882
0.0025353644939701114
0.0029836472402833374
0.003511191734215131
0.004132012400115334
0.004862601580065354
0.005722367659350214
0.006734150657750821
0.007924828983539169
0.0093260334688322
0.010974987654930556
0.01291549665014884
0.01519911082952933
0.01788649529057435
0.0210490414451202
0.02477076355991709
0.029150530628251757
0.034304692863149154
0.040370172585965536
0.047508101621027934
0.05590810182512223
0.06579332246575675
0.0774263682681127
0.09111627561154886
0.10722672220103231
0.1261856883066021
0.14849682622544635
0.1747528400007683
0.20565123083486514
0.24201282647943834
0.2848035868435799
0.3351602650938841
0.3944206059437656
0.46415888336127725
0.5462277217684337
0.642807311728432
0.7564633275546291
0.8902150854450375
1.0476157527896641
1.232846739442066
1.4508287784959402
1.7073526474706886
2.009233002565046
2.364489412645407
2.782559402207126
3.274549162877725
3.8535285937105273
4.534878508128582
5.3366992312063015
6.280291441834247
7.390722033525775
8.697490026177835
10.235310218990248
12.045035402587812
14.174741629268048
16.68100537200059
19.630406500402685
23.10129700083158
27.1858824273294
31.992671377973846
37.64935806792464
44.30621457583877
52.14008287999685
61.35907273413163
72.20809018385457
84.97534359086438
100.0
###
1.8217530602899163
1.6374527308405038
1.4693482304309464
1.3180406152839717
1.1836218417002178
1.065713377864298
0.9876772747339501
0.8967034492531265
0.8196836813206116
0.7554467558947998
5.604934212668384
4.866148724274652
4.207750244420236
3.628488553451506
3.1244719590056675
2.690292818120532
2.4065454583864136
2.078522331901687
1.8015475183225647
1.5687999864730235
8.34137620734603
7.1281174149872335
6.060831823118677
5.13346107858042
4.336196449967636
3.6569279503408034
3.2168401269633993
2.7118450715680207
2.2884304825814947
1.9343034802428467
10.622429338511726
8.98283461333912
7.553519408313136
6.322551128287868
5.273201777029094
4.386255406054857
3.8156479933083647
3.164676496398991
2.6222270337724582
2.1709383025873765
12.624120151534004
10.592182054661167
8.833210760177089
7.328977605484054
6.054724663112666
4.9847158261342575
4.299949436342431
3.5228534466771526
2.878741432820803
2.345320561469502
14.430166568031302
12.03175361536961
9.96763231169511
8.211963819387105
6.733341179109198
5.498122955502406
4.711052754886133
3.821760705238253
3.088122254216633
2.4837623409159386
16.08869287687399
13.34477047020671
10.994784839584215
9.005394992611125
7.337708283241955
5.950808723510278
5.070575672262337
4.0795031128686
3.265610693865824
2.5980020917393887
17.630502893376942
14.558475735819822
11.938493801773951
9.729642207023293
7.885426170907885
6.357626623266715
5.391474709219433
4.307260798028393
3.420148270614881
2.695330397002541
19.076967151709844
15.69152511488255
12.814849993747208
10.398527943217463
8.388200155728565
6.72863594203005
5.682287287290251
4.51162755938216
3.5571338936179857
2.780040248756576
20.443468640679175
16.757360024411685
13.635627565111566
11.021878986613977
8.85425062346686
7.070472455305066
5.94889577205404
4.697404389986001
3.6803703347469385
2.8550705326345556
21.741640970869714
17.76597196637367
14.409172056474237
11.607013235058293
9.289631040113667
7.388116372350022
6.1955098525504955
4.868063744738348
3.7924817926748307
2.9223827893770773
22.980578666365158
18.725063191499107
15.142294846666669
12.159313522267807
9.698925144893263
7.685307267238314
6.425458251735971
5.026128876814548
3.8954267045694544
2.9834238705195406
24.16686171526568
19.64113647673349
15.840133772668542
12.68312126905844
10.085735730059389
7.964956272396656
6.640621491848034
5.173444761183558
3.9906816278295096
3.039260214655087
25.30726927811658
20.51924561821695
16.507048361451833
13.182082774582843
10.452824658616834
8.229352918865493
6.843988819886452
5.311521517952668
4.079352452564876
3.0907100412980455
26.406577571743735
21.363038198881455
17.146122308656434
13.65892432503517
10.802560866772941
8.480292693271508
7.035778298531443
5.441567494961823
4.1623347717868056
3.1384029493710273