# datat/BKevo/MVe_BKevo/mve39.dat
# N(r,Y=0), r, *F2(x,Q^2)
# 1e-05 < r < 100.0
# 1 < Q^2 < 50, n=15, log grid
# 1e-5 < x < 1e-2, n=10, log grid
###
8.110435309669029e-11
1.1063966648420863e-10
1.515672673218322e-10
2.0731879805272057e-10
2.827881248089376e-10
3.868557231258132e-10
5.291055060800444e-10
7.216144239253986e-10
9.857508990873062e-10
1.348043409865206e-09
1.8381910202093812e-09
2.5073001417941606e-09
3.428219244475659e-09
4.673703642721812e-09
6.365168756308204e-09
8.701194389754963e-09
1.1859290416562099e-08
1.6125765610183748e-08
2.2038259495299017e-08
3.002800719155728e-08
4.08035898333587e-08
5.569441183836672e-08
7.586051320240939e-08
1.0304541510156448e-07
1.4042504240973944e-07
1.9120421924654881e-07
2.5962666893628575e-07
3.532407343307344e-07
4.808204557966172e-07
6.526666008983709e-07
8.866358012806217e-07
1.206583612891912e-06
1.6374764503803448e-06
2.2214021620869933e-06
3.0229447540771874e-06
4.102660028701136e-06
5.559552615390126e-06
7.568309904482221e-06
1.027636889417838e-05
1.3922060610019704e-05
1.8963072257243464e-05
2.5777153965153426e-05
3.496712612818494e-05
4.764948795327144e-05
6.489655048146717e-05
8.821843115365016e-05
0.00012036051331795283
0.00016437431069081393
0.00022407887482414287
0.0003062650868611815
0.0004196336685244731
0.0005739044670959515
0.0007859083946316263
0.0010804462452249381
0.0014823080119753394
0.00203309596261052
0.0028032510152793035
0.0038558121663905135
0.005292752615514655
0.007312363996929171
0.010073088997947614
0.013837668957797483
0.019100762482756054
0.026299592739310665
0.0360762893217196
0.049582379355549655
0.06794732089332294
0.09257015308054609
0.12574873487399624
0.1697754582991636
0.22673212580309093
0.299218194317539
0.388533311398479
0.493510890004354
0.6099199687462551
0.7266205289910959
0.833323305840362
0.9176422811327483
0.9665129414984327
0.9904565897203966
0.9986398084053922
0.999855267998936
0.9999923639588159
0.9999999231041916
0.9999999999184557
0.9999999999999231
1.0
1.0
1.0
1.0
1.0
1.0
1.0
1.0
1.0
1.0
1.0
1.0
1.0
1.0
###
1e-05
1.1768119524349992e-05
1.3848863713938717e-05
1.6297508346206434e-05
1.917910261672489e-05
2.2570197196339216e-05
2.656087782946684e-05
3.1257158496882356e-05
3.678379771828634e-05
4.328761281083062e-05
5.0941380148163754e-05
5.994842503189409e-05
7.054802310718646e-05
8.302175681319735e-05
9.770099572992247e-05
0.00011497569953977356
0.00013530477745798074
0.00015922827933410923
0.0001873817422860383
0.00022051307399030456
0.00025950242113997375
0.0003053855508833416
0.00035938136638046257
0.0004229242874389499
0.0004977023564332109
0.0005857020818056661
0.0006892612104349695
0.0008111308307896872
0.0009545484566618337
0.0011233240329780276
0.0013219411484660286
0.0015556761439304723
0.0018307382802953678
0.002154434690031882
0.0025353644939701114
0.0029836472402833374
0.003511191734215131
0.004132012400115334
0.004862601580065354
0.005722367659350214
0.006734150657750821
0.007924828983539169
0.0093260334688322
0.010974987654930556
0.01291549665014884
0.01519911082952933
0.01788649529057435
0.0210490414451202
0.02477076355991709
0.029150530628251757
0.034304692863149154
0.040370172585965536
0.047508101621027934
0.05590810182512223
0.06579332246575675
0.0774263682681127
0.09111627561154886
0.10722672220103231
0.1261856883066021
0.14849682622544635
0.1747528400007683
0.20565123083486514
0.24201282647943834
0.2848035868435799
0.3351602650938841
0.3944206059437656
0.46415888336127725
0.5462277217684337
0.642807311728432
0.7564633275546291
0.8902150854450375
1.0476157527896641
1.232846739442066
1.4508287784959402
1.7073526474706886
2.009233002565046
2.364489412645407
2.782559402207126
3.274549162877725
3.8535285937105273
4.534878508128582
5.3366992312063015
6.280291441834247
7.390722033525775
8.697490026177835
10.235310218990248
12.045035402587812
14.174741629268048
16.68100537200059
19.630406500402685
23.10129700083158
27.1858824273294
31.992671377973846
37.64935806792464
44.30621457583877
52.14008287999685
61.35907273413163
72.20809018385457
84.97534359086438
100.0
###
1.7961311583452464
1.613067586456955
1.4462942495917894
1.296325670255174
1.1631710366128427
1.046427522547837
0.9691859091298142
0.8791517522895675
0.8029114955017708
0.7393013863988172
5.503225452926553
4.772416805234469
4.122252775383778
3.5508125946534213
3.0540989971415184
2.6265471260689837
2.347289241985687
2.0245801692847443
1.752129296324817
1.523187070718073
8.174842096136013
6.977384070847356
5.925654599650326
5.0129769992475035
4.2291687350807186
3.5619612160560763
3.129985646263343
2.6345952685303806
2.219343857484138
1.8721542615571902
10.397849104457224
8.781868873648834
7.375478792603809
6.1658367162809835
5.135820876460082
4.266220327923487
3.7069611021078726
3.0695112459878016
2.538584136546181
2.097104300060362
12.346164241014696
10.345619849735792
8.616733560418156
7.140050767974154
5.890995968214107
4.8430241487065055
4.172879730705125
3.4128637191428837
2.783344649201064
2.262549419391018
14.102441494394256
11.743081293515509
9.71599764071213
7.994332130141515
6.546007005517246
5.337376095366625
4.56788738734785
3.699035166784002
2.9828586155052492
2.393241905280077
15.714008491035852
13.016688673549893
10.710634376590008
8.761129933849853
7.128853822682025
5.7728688751263295
4.912989404224817
3.945633253402438
3.1517304250504403
2.5010538707680112
17.211262086924684
14.193198141238902
11.623732059294149
9.460588732582961
7.656700227377791
6.164017759844445
5.220775101887601
4.163199493541474
3.2986026844763807
2.5927433536747078
18.61515248083317
15.290935230883528
12.471314993625114
10.10624378165387
8.140937197760008
6.520358746424916
5.499512614121083
4.358319880984769
3.42867149081146
2.6720798623911284
19.940793854419713
16.322988752484285
13.264631305523112
10.707578070478702
8.589567357352765
6.8485529630051944
5.754874999292366
4.535569592794326
3.545581772875192
2.742548376175325
21.19953105326753
17.29935089721522
14.01209765228064
11.271761648703798
9.00848140976907
7.1533997856770215
5.990977878172422
4.698296251824883
3.651864849023177
2.806117589049484
22.400364733343142
18.227568611834563
14.71994233324285
11.804232207310605
9.402130845727932
7.438542708113993
6.210891384687814
4.848883146210686
3.7493818128993928
2.8633407393102184
23.550282861740595
19.113452177772317
15.39415340018779
12.308970883291888
9.773977827484412
7.706662659704325
6.417008505572976
4.989228992003363
3.8395375900939657
2.9156352212950587
24.654963322572574
19.96228446042297
16.037696362946974
12.789581101212221
10.126827527440044
7.9600478624308595
6.6111370152442595
5.120626183169634
3.923428514055187
2.963781211620215
25.719030469888057
20.77833484309082
16.65434241141405
13.248771119750128
10.462835599658328
8.200531754748333
6.794918069522249
5.244457381019421
4.00189317257005
3.008361426152037