# datat/BKevo/MVe_BKevo/mve77.dat
# N(r,Y=0), r, *F2(x,Q^2)
# 1e-05 < r < 100.0
# 1 < Q^2 < 50, n=15, log grid
# 1e-5 < x < 1e-2, n=10, log grid
###
1.6220467327451338e-10
2.2127290560191143e-10
3.031239168124404e-10
4.1462029506727313e-10
5.655482920455155e-10
7.736659369197574e-10
1.0581365487567138e-09
1.443108316960677e-09
1.971305061493265e-09
2.6957648152892637e-09
3.675859444466279e-09
5.013750658443472e-09
6.8550451691949324e-09
9.345144356364375e-09
1.272667051919411e-08
1.7396366716649834e-08
2.3708788287704315e-08
3.2235718886727625e-08
4.405051466256954e-08
6.001368417801327e-08
8.153885263535246e-08
1.112766946883068e-07
1.5153833769296337e-07
2.0579577255165728e-07
2.8036763572727547e-07
3.8162193140032277e-07
5.179827606265557e-07
7.044125698469737e-07
9.58267820268258e-07
1.299885894988423e-06
1.7644451038758848e-06
2.398787227821047e-06
3.2517590117233983e-06
4.405446423514675e-06
5.985148918369728e-06
8.1076071949648e-06
1.0962893808385104e-05
1.4883624575167352e-05
2.0147631031605342e-05
2.7201792087174628e-05
3.689388984076306e-05
4.991350002668605e-05
6.735369231849251e-05
9.120767403049394e-05
0.00012335816875972286
0.00016643018461465263
0.00022511575126880743
0.00030454180374473485
0.0004110504529208284
0.0005557422535988032
0.0007526162357078701
0.001017148923586295
0.0013758032343625436
0.001867038389383913
0.002529035028051952
0.0034252869898975372
0.0046619941241683215
0.006333876314154848
0.008593126951312568
0.011732090661300524
0.015983535689950226
0.02173059485142573
0.02968475616009008
0.040467191716378484
0.054978941169537714
0.07479763537639393
0.10141472037750152
0.13660801173473364
0.1831143912292908
0.24331018401414933
0.3188889685937938
0.41103845913079207
0.5179077788483368
0.634599986990027
0.7513361175856523
0.8515537125968388
0.9277963487303316
0.9746661976019303
0.992962345271317
0.9988110276492808
0.9999352596528457
0.9999974149402637
0.9999999564434864
0.9999999999073921
0.9999999999999981
1.0
1.0
1.0
1.0
1.0
1.0
1.0
1.0
1.0
1.0
1.0
1.0
1.0
1.0
1.0
###
1e-05
1.1768119524349992e-05
1.3848863713938717e-05
1.6297508346206434e-05
1.917910261672489e-05
2.2570197196339216e-05
2.656087782946684e-05
3.1257158496882356e-05
3.678379771828634e-05
4.328761281083062e-05
5.0941380148163754e-05
5.994842503189409e-05
7.054802310718646e-05
8.302175681319735e-05
9.770099572992247e-05
0.00011497569953977356
0.00013530477745798074
0.00015922827933410923
0.0001873817422860383
0.00022051307399030456
0.00025950242113997375
0.0003053855508833416
0.00035938136638046257
0.0004229242874389499
0.0004977023564332109
0.0005857020818056661
0.0006892612104349695
0.0008111308307896872
0.0009545484566618337
0.0011233240329780276
0.0013219411484660286
0.0015556761439304723
0.0018307382802953678
0.002154434690031882
0.0025353644939701114
0.0029836472402833374
0.003511191734215131
0.004132012400115334
0.004862601580065354
0.005722367659350214
0.006734150657750821
0.007924828983539169
0.0093260334688322
0.010974987654930556
0.01291549665014884
0.01519911082952933
0.01788649529057435
0.0210490414451202
0.02477076355991709
0.029150530628251757
0.034304692863149154
0.040370172585965536
0.047508101621027934
0.05590810182512223
0.06579332246575675
0.0774263682681127
0.09111627561154886
0.10722672220103231
0.1261856883066021
0.14849682622544635
0.1747528400007683
0.20565123083486514
0.24201282647943834
0.2848035868435799
0.3351602650938841
0.3944206059437656
0.46415888336127725
0.5462277217684337
0.642807311728432
0.7564633275546291
0.8902150854450375
1.0476157527896641
1.232846739442066
1.4508287784959402
1.7073526474706886
2.009233002565046
2.364489412645407
2.782559402207126
3.274549162877725
3.8535285937105273
4.534878508128582
5.3366992312063015
6.280291441834247
7.390722033525775
8.697490026177835
10.235310218990248
12.045035402587812
14.174741629268048
16.68100537200059
19.630406500402685
23.10129700083158
27.1858824273294
31.992671377973846
37.64935806792464
44.30621457583877
52.14008287999685
61.35907273413163
72.20809018385457
84.97534359086438
100.0
###
1.9941599969674704
1.8056116439923575
1.6328566902589414
1.4766863865994893
1.3373887250098968
1.2148050063422866
1.1334864415924057
1.03862686034822
0.9584560995492237
0.8916885689780382
6.294153271250101
5.517048157059084
4.819036455705009
4.2001421819670055
3.657798397041811
3.1875858884904322
2.8789107019089166
2.5206972795067975
2.217626691217388
1.9628593356217454
9.471701284698387
8.177549189914231
7.028481218732059
6.021095112686092
5.147705188771033
4.398028736163633
3.909494883604644
3.346070076396783
2.8713742522083465
2.47318504143265
12.149428293977119
10.383303723887535
8.828647348535101
7.476853405428274
6.314109642113821
5.323125315016841
4.681343501374544
3.944814090126097
3.327279045930355
2.8110137142982086
14.515863201838128
12.311219974003171
10.383397745564489
8.717923444275273
7.294302422977691
6.088069766229684
5.310566541573207
4.422407430036127
3.681029250327447
3.063586029886445
16.662110645082826
14.045212639089653
11.769147821020091
9.813276229186942
8.150083892050416
6.747850883569612
5.847604417814189
4.823220838204102
3.9716665604566788
3.2650945157379474
18.64167599203078
15.63347163024788
13.029153358535185
10.801400594309882
8.915402454945676
7.331981334922111
6.319370143418927
5.170356558528589
4.2192697166582045
3.432668510593825
20.48845878177737
17.106307751397317
14.190825592274477
11.706454981752659
9.611321986330516
7.858916180361872
6.741819113001037
5.478178500257028
4.435471368090512
3.5761100085028787
22.22615758509308
18.48562280857308
15.272767072441365
12.544734928757476
10.25196196960876
8.34058151186975
7.125340650826145
5.755142156932333
4.627728784123254
3.7014076615705402
23.872008324200106
19.786427890774252
16.288394030219948
13.327856422560037
10.847225053520766
8.785438886788988
7.478029124788315
6.007421746063375
4.8010771564771755
3.8129132559532284
25.439600550999927
21.020165661411614
17.247966005643974
14.06430985315848
11.404478707654318
9.199670075262127
7.804893818946614
6.239747802112854
4.9598202997098895
3.913078508663765
26.938191988289347
22.195927745867426
18.159095846703103
14.761331663071195
11.929268520976555
9.587918428344606
8.11002369440066
6.4551340313084244
5.105145089557794
4.00409559716273
28.376296336694445
23.321170077364716
19.027881465190216
15.423091085984368
12.426082930444846
9.953863291251674
8.396538662649657
6.656192636756512
5.23959166410636
4.087507829211366
29.758291229593194
24.40084885702839
19.85937256263711
16.05483788938955
12.898293236812252
10.300376245090076
8.66684017446896
6.844952762469557
5.365434002782772
4.164508531938104
31.094272265909858
25.44007588017448
20.657507484246906
16.65920307503585
13.348769296274662
10.62970672998956
8.923074747469226
7.022956258886396
5.48313682212444
4.236007843050622