# datat/BKevo/GBW_BKevo/gbw20.dat
# N(r,Y=0), r, *F2(x,Q^2)
# 1e-05 < r < 100.0
# 1 < Q^2 < 50, n=15, log grid
# 1e-5 < x < 1e-2, n=10, log grid
###
8.012720800322377e-08
9.7383571797892e-08
1.1842587334080005e-07
1.4399049057441517e-07
1.7501015509406678e-07
2.1279983274525127e-07
2.587520466678577e-07
3.1451197075859077e-07
3.8237711629283065e-07
4.649753343550494e-07
5.652068920111927e-07
6.870817011574912e-07
8.355493929070952e-07
1.0157200057984545e-06
1.2345841278186873e-06
1.5014482552994316e-06
1.825310646049944e-06
2.218343200261358e-06
2.698016214968226e-06
3.280165043443397e-06
3.98649246292413e-06
4.848133380011237e-06
5.8945491076830105e-06
7.164227781341958e-06
8.711645252107533e-06
1.0592567382378393e-05
1.2874894460873611e-05
1.5653847269635945e-05
1.9034752607049335e-05
2.3137335974332135e-05
2.8127861975088444e-05
3.420486733580745e-05
4.157933971497998e-05
5.054126199535143e-05
6.146417458985698e-05
7.471966723569706e-05
9.081287431233055e-05
0.00011044537490734657
0.00013427117354981839
0.00016317806651056
0.0001984543150006633
0.00024127733398364678
0.0002932338859217489
0.00035657779016466136
0.0004335386870239168
0.0005269147338807824
0.0006406437315327426
0.0007789362411435756
0.0009467215823710162
0.001150868201140857
0.0013993037550605227
0.0017006992354510631
0.0020670081139458406
0.0025131027408549023
0.0030542022441245827
0.003711044840721116
0.004511393806401888
0.005481866979319997
0.006658278451932247
0.008092066506788986
0.009829511225475221
0.011933770028753704
0.014493737962851767
0.017594288730781466
0.021344120084229933
0.025892867369991576
0.031393978729883455
0.03802986340061814
0.046044623521678346
0.055703735475767895
0.06730064807212421
0.08121140800824274
0.09785654326357386
0.11767148624008208
0.14117467857458604
0.16890844706754168
0.20141951847590664
0.2392661272988018
0.2827612515135591
0.33235396463706823
0.38823636517176335
0.44946915081386357
0.5158417730017385
0.5863270360544782
0.6575544233288124
0.7278265831966061
0.7949203934849793
0.8539073235548355
0.902868804904356
0.9415467180332959
0.9683275444536042
0.9845447517591284
0.9937377409684924
0.997970248604877
0.9994124560697502
0.9998779844877292
0.9999856746503337
0.9999982545237762
0.9999998744539075
0.9999999981691059
###
1e-05
1.1768119524349992e-05
1.3848863713938717e-05
1.6297508346206434e-05
1.917910261672489e-05
2.2570197196339216e-05
2.656087782946684e-05
3.1257158496882356e-05
3.678379771828634e-05
4.328761281083062e-05
5.0941380148163754e-05
5.994842503189409e-05
7.054802310718646e-05
8.302175681319735e-05
9.770099572992247e-05
0.00011497569953977356
0.00013530477745798074
0.00015922827933410923
0.0001873817422860383
0.00022051307399030456
0.00025950242113997375
0.0003053855508833416
0.00035938136638046257
0.0004229242874389499
0.0004977023564332109
0.0005857020818056661
0.0006892612104349695
0.0008111308307896872
0.0009545484566618337
0.0011233240329780276
0.0013219411484660286
0.0015556761439304723
0.0018307382802953678
0.002154434690031882
0.0025353644939701114
0.0029836472402833374
0.003511191734215131
0.004132012400115334
0.004862601580065354
0.005722367659350214
0.006734150657750821
0.007924828983539169
0.0093260334688322
0.010974987654930556
0.01291549665014884
0.01519911082952933
0.01788649529057435
0.0210490414451202
0.02477076355991709
0.029150530628251757
0.034304692863149154
0.040370172585965536
0.047508101621027934
0.05590810182512223
0.06579332246575675
0.0774263682681127
0.09111627561154886
0.10722672220103231
0.1261856883066021
0.14849682622544635
0.1747528400007683
0.20565123083486514
0.24201282647943834
0.2848035868435799
0.3351602650938841
0.3944206059437656
0.46415888336127725
0.5462277217684337
0.642807311728432
0.7564633275546291
0.8902150854450375
1.0476157527896641
1.232846739442066
1.4508287784959402
1.7073526474706886
2.009233002565046
2.364489412645407
2.782559402207126
3.274549162877725
3.8535285937105273
4.534878508128582
5.3366992312063015
6.280291441834247
7.390722033525775
8.697490026177835
10.235310218990248
12.045035402587812
14.174741629268048
16.68100537200059
19.630406500402685
23.10129700083158
27.1858824273294
31.992671377973846
37.64935806792464
44.30621457583877
52.14008287999685
61.35907273413163
72.20809018385457
84.97534359086438
100.0
###
1.579248581323025
1.333104736694888
1.1097639539080226
0.9114373270874249
0.7389069276066372
0.5917172908201621
0.4971491908357418
0.3904263781409508
0.30345776989510426
0.23345606749697287
4.838707930957328
3.9381692116463727
3.1579317668883187
2.4969548033595155
1.9483653985760085
1.5011034283711024
1.2246723290234445
0.9241213949249343
0.6891871829082948
0.5076410576846587
7.230715590213936
5.798244799223274
4.581074192351781
3.569409567342479
2.744656502726648
2.0840646440540604
1.6818590275801224
1.2506433344941208
0.9188420858362456
0.6663818527369009
9.250540574567596
7.348651025294097
5.7523973068892555
4.441309560757117
3.384454432225376
2.5471025314494744
2.04192434710559
1.5049397137308265
1.0957389709194358
0.7873355239616535
11.041695140676246
8.712249389215387
6.774147504661411
5.195828076806712
3.933980717427589
2.9418869855980847
2.347272335865626
1.7191095823301448
1.243710679364363
0.8878505695259755
12.673667962746372
9.946136794851062
7.693160672960112
5.870649604251464
4.42269919066037
3.2911314919485006
2.616354432075395
1.9068957673111924
1.3728360216193345
0.9751730592420177
14.18429308571568
11.08275680568546
8.535762735737396
6.486561918313771
4.866828195100225
3.6072045485033906
2.85914862910276
2.0756964278127024
1.4884702636144729
1.0531023019454544
15.598689190216309
12.142831317229573
9.318507860963333
7.0566152373546815
5.276439379920849
3.8977328820575208
3.0817845350516673
2.2299751548224673
1.5938559294165753
1.1239211082266238
16.934481564611872
13.14058175632596
10.052713875220766
7.589632535156793
5.6583024943555005
4.167826904506493
3.2883618020276755
2.372745305446543
1.6911507113117383
1.1891453815146733
18.203915534010573
14.084983617248495
10.746289803377987
8.091760386927277
6.017219532141272
4.4210587929540255
3.481687294385643
2.506077450398743
1.781804657031928
1.249817544318623
19.416606094448948
14.986433961365561
11.405548841852154
8.567815652583429
6.3567626040757785
4.660118470453242
3.663913298998935
2.6315122113064597
1.8669279637986298
1.306664828310724
20.579923376049933
15.848270166952974
12.035036238537918
9.021881530776426
6.679609719708318
4.8870312411018535
3.8366999815102045
2.750208411010183
1.9472999682876515
1.360322359850313
21.69942924284344
16.67604592496257
12.638440250410193
9.455972467784173
6.987987748049829
5.103380903030619
4.0010412334467995
2.8630684436381713
2.0237056756296266
1.4112034506114663
22.780239899301627
17.473552260161743
13.218744866065009
9.872760470458942
7.28357598936165
5.310443520377184
4.15833613017957
2.970439736316242
2.0965275673179025
1.4596633106189476
23.826127772286622
18.244034542461502
13.778410748134144
10.274098532337618
7.567832051448649
5.5092559371982945
4.309162922448723
3.0740706948259517
2.166023083266543
1.5060040706134203