# datat/BKevo/MVe_BKevo/mve27.dat
# N(r,Y=0), r, *F2(x,Q^2)
# 1e-05 < r < 100.0
# 1 < Q^2 < 50, n=15, log grid
# 1e-5 < x < 1e-2, n=10, log grid
###
6.488145866100458e-11
8.850850703577999e-11
1.2124852440294705e-10
1.6584640524941423e-10
2.2621659248492403e-10
3.094618371804797e-10
4.2324713960934135e-10
5.772312292863376e-10
7.885023690331521e-10
1.0782736436748348e-09
1.4702914356787767e-09
2.0054152424512424e-09
2.741878507635756e-09
3.737831019654822e-09
5.090300809722953e-09
6.9579431536311775e-09
9.482533527490487e-09
1.2892701522358213e-08
1.761759606271457e-08
2.400122267176084e-08
3.260867448655118e-08
4.44993990540715e-08
6.059693965151777e-08
8.228856450393759e-08
1.1209834725602151e-07
1.5256923351829397e-07
2.0706436902305864e-07
2.8155491580625955e-07
3.8296361878312477e-07
5.19397916705702e-07
7.048730949050427e-07
9.580339935596793e-07
1.298303287142711e-06
1.7582902897802772e-06
2.3876926953767165e-06
3.232720910724095e-06
4.368511788806504e-06
5.926192100726141e-06
8.014881160563155e-06
1.0809761090973042e-05
1.4641624316847868e-05
1.977780427122846e-05
2.6640721579833248e-05
3.599495250299575e-05
4.8555784863912155e-05
6.531418095468858e-05
8.802232165456292e-05
0.0001185685254944194
0.00015926285748708516
0.00021409082974768457
0.0002879854618649296
0.0003863106224243259
0.0005180862112540546
0.0006961197748465098
0.0009328704969944037
0.0012487310571338652
0.001676941608460078
0.0022466183262559755
0.0030040256791809957
0.0040359115156759755
0.0054110056274165865
0.007241833464083323
0.009735273154096986
0.013075589644787347
0.01753323882547806
0.023592689633734044
0.03174668549919246
0.04262700235928428
0.05732061025654098
0.07705182033433661
0.10314549251820536
0.13769771159959504
0.1831059322824667
0.2412179469722554
0.31427776286158604
0.4034971487936544
0.5074202587794756
0.6221095411658616
0.7357582946498978
0.8389266478565309
0.9206193482772784
0.9678367534819987
0.9906937173006147
0.9985662632290808
0.999862297991791
0.9999924416758137
0.9999998948822736
0.9999999999240518
0.9999999999999252
1.0
1.0
1.0
1.0
1.0
1.0
1.0
1.0
1.0
1.0
1.0
###
1e-05
1.1768119524349992e-05
1.3848863713938717e-05
1.6297508346206434e-05
1.917910261672489e-05
2.2570197196339216e-05
2.656087782946684e-05
3.1257158496882356e-05
3.678379771828634e-05
4.328761281083062e-05
5.0941380148163754e-05
5.994842503189409e-05
7.054802310718646e-05
8.302175681319735e-05
9.770099572992247e-05
0.00011497569953977356
0.00013530477745798074
0.00015922827933410923
0.0001873817422860383
0.00022051307399030456
0.00025950242113997375
0.0003053855508833416
0.00035938136638046257
0.0004229242874389499
0.0004977023564332109
0.0005857020818056661
0.0006892612104349695
0.0008111308307896872
0.0009545484566618337
0.0011233240329780276
0.0013219411484660286
0.0015556761439304723
0.0018307382802953678
0.002154434690031882
0.0025353644939701114
0.0029836472402833374
0.003511191734215131
0.004132012400115334
0.004862601580065354
0.005722367659350214
0.006734150657750821
0.007924828983539169
0.0093260334688322
0.010974987654930556
0.01291549665014884
0.01519911082952933
0.01788649529057435
0.0210490414451202
0.02477076355991709
0.029150530628251757
0.034304692863149154
0.040370172585965536
0.047508101621027934
0.05590810182512223
0.06579332246575675
0.0774263682681127
0.09111627561154886
0.10722672220103231
0.1261856883066021
0.14849682622544635
0.1747528400007683
0.20565123083486514
0.24201282647943834
0.2848035868435799
0.3351602650938841
0.3944206059437656
0.46415888336127725
0.5462277217684337
0.642807311728432
0.7564633275546291
0.8902150854450375
1.0476157527896641
1.232846739442066
1.4508287784959402
1.7073526474706886
2.009233002565046
2.364489412645407
2.782559402207126
3.274549162877725
3.8535285937105273
4.534878508128582
5.3366992312063015
6.280291441834247
7.390722033525775
8.697490026177835
10.235310218990248
12.045035402587812
14.174741629268048
16.68100537200059
19.630406500402685
23.10129700083158
27.1858824273294
31.992671377973846
37.64935806792464
44.30621457583877
52.14008287999685
61.35907273413163
72.20809018385457
84.97534359086438
100.0
###
1.4661008550277257
1.2864471695468702
1.1242957404135394
0.9798726237905372
0.8528219217561239
0.7423078245096018
0.6695669968240825
0.5850013426645132
0.5132772795590291
0.4529054170292066
4.276022163199071
3.6097395790623015
3.02772814336
2.525827950160511
2.097640411637074
1.7357004903415416
1.5029292353285173
1.2376848109513452
1.0169587112303398
0.8337137302788915
6.228534911805581
5.17173003315571
4.263028310576377
3.491294806629224
2.8427090430537296
2.3023959751522565
1.9591286232994647
1.5725889164182782
1.2551432646520264
0.9949070121906732
7.82654757701629
6.4297238841439635
5.241114543653
4.241953328434752
3.4106075169486014
2.724792922737254
2.292849135128727
1.8104551682325694
1.4181008088487477
1.0996526942564526
9.212429759126413
7.509055691590344
6.070886063454255
4.871205372408583
3.880544475050094
3.069300281741943
2.56171728333635
1.9984734019340633
1.5438698779099205
1.177844449265778
10.452194428706063
8.466843687275468
6.801073400082017
5.420031038359438
4.28645565760492
3.3637101444553035
2.789447806375102
2.1555378440955444
1.6471497154104022
1.2405035350247828
11.58314832007436
9.335000247902236
7.458520985007339
5.910713349495021
4.6466308879028695
3.6228393780268116
2.98840761817373
2.291278384944614
1.7351281007171873
1.2928805344065883
12.62889174896433
10.133498486133098
8.059895273938972
6.356937136214672
4.972121660708924
3.855348465206075
3.165945237866372
2.411334143690989
1.8121633787360163
1.3381069416633735
13.605502108741794
10.87585662816645
8.616409884231155
6.767810236572151
5.270236855643074
4.06703289728017
3.326839933047237
2.519310399248396
1.880784550984395
1.3778544145475458
14.524551124977602
11.571775591413811
9.135941434507776
7.149767104313509
5.546071870632245
4.261931687614742
3.4743121258969234
2.617655221271406
1.9427892448758635
1.4133783341471395
15.394693549195813
12.228330912114348
9.62434434927405
7.507468603629097
5.8033479593659365
4.4429189943913405
3.610757646919314
2.7081331015735954
1.9994407911272203
1.4454916818409538
16.222600565375526
12.851030489824295
10.085987070206107
7.844538244236139
6.044951504640451
4.612168511143515
3.7379380386763756
2.7920414287221704
2.0516549164510964
1.474950198798411
17.01361968884034
13.444354878853346
10.524592266880248
8.163724069648751
6.2729707842806866
4.771378038487665
3.8572095069137453
2.870372022285564
2.100129511134551
1.5020250627282359
17.771872550251633
14.011660335935456
10.942859543801056
8.467288189064758
6.489181372701475
4.921811971589311
3.9696450745282874
2.9439034640969677
2.1454168771259283
1.52714820313014
18.50092135262934
14.555829597209158
11.343300715032179
8.757029249701931
6.694977186699564
5.064608171476128
4.076147816163003
3.013248315781329
2.1879230470891784
1.550581678463329