# datat/BKevo/MVe_BKevo/mve55.dat
# N(r,Y=0), r, *F2(x,Q^2)
# 1e-05 < r < 100.0
# 1 < Q^2 < 50, n=15, log grid
# 1e-5 < x < 1e-2, n=10, log grid
###
1.135460412765199e-10
1.5489555118404122e-10
2.1219413532837856e-10
2.9024628262116515e-10
3.9590333032359165e-10
5.415980524134296e-10
7.40747664595773e-10
1.0102602640122024e-09
1.3800512997527696e-09
1.8872608267824983e-09
2.573467395257877e-09
3.5102202803282963e-09
4.799506927793369e-09
6.543185130864245e-09
8.911236284922564e-09
1.2181672234474784e-08
1.6603006505300137e-08
2.2576071830471232e-08
3.0853563109922055e-08
4.203920980989222e-08
5.7125025265485796e-08
7.797217572037872e-08
1.0620471682617583e-07
1.4426357819896307e-07
1.9659505382592904e-07
2.6768589657455497e-07
3.63477317481564e-07
4.945369928274435e-07
6.731485725294222e-07
9.137331211323411e-07
1.2412899002189647e-06
1.689216644873117e-06
2.2924662731157386e-06
3.109961638657326e-06
4.2321200627652755e-06
5.743719279468147e-06
7.783364989058965e-06
1.059561762091211e-05
1.4386886548784135e-05
1.949083054602709e-05
2.654819924364985e-05
3.608782721728848e-05
4.895363325186639e-05
6.670864025458482e-05
9.085397596614393e-05
0.00012350361388577995
0.00016850062187083985
0.0002301163651734931
0.0003136962694812017
0.00042874463788323706
0.0005874371230304539
0.0008033732267713114
0.0011000977054291194
0.0015122930821091993
0.002074609480518226
0.0028451723186352913
0.003922318331041093
0.005393922002048879
0.007401998134963085
0.010222108955174542
0.014073487149914273
0.019318861061650296
0.026637206974940788
0.036622040251300864
0.05013814578480365
0.06871219817712564
0.0937969013164037
0.12713760128811016
0.1714625559339353
0.22920702626038736
0.3021994839639143
0.3919656813837867
0.49723173509165475
0.6136290111799098
0.7320365510983653
0.8361775867342852
0.9176312991543046
0.9695993969538904
0.9910873205895017
0.998380923806476
0.9998988860837168
0.9999953548735192
0.9999999083283312
0.9999999997603568
0.9999999999999917
1.0
1.0
1.0
1.0
1.0
1.0
1.0
1.0
1.0
1.0
1.0
1.0
1.0
1.0
1.0
###
1e-05
1.1768119524349992e-05
1.3848863713938717e-05
1.6297508346206434e-05
1.917910261672489e-05
2.2570197196339216e-05
2.656087782946684e-05
3.1257158496882356e-05
3.678379771828634e-05
4.328761281083062e-05
5.0941380148163754e-05
5.994842503189409e-05
7.054802310718646e-05
8.302175681319735e-05
9.770099572992247e-05
0.00011497569953977356
0.00013530477745798074
0.00015922827933410923
0.0001873817422860383
0.00022051307399030456
0.00025950242113997375
0.0003053855508833416
0.00035938136638046257
0.0004229242874389499
0.0004977023564332109
0.0005857020818056661
0.0006892612104349695
0.0008111308307896872
0.0009545484566618337
0.0011233240329780276
0.0013219411484660286
0.0015556761439304723
0.0018307382802953678
0.002154434690031882
0.0025353644939701114
0.0029836472402833374
0.003511191734215131
0.004132012400115334
0.004862601580065354
0.005722367659350214
0.006734150657750821
0.007924828983539169
0.0093260334688322
0.010974987654930556
0.01291549665014884
0.01519911082952933
0.01788649529057435
0.0210490414451202
0.02477076355991709
0.029150530628251757
0.034304692863149154
0.040370172585965536
0.047508101621027934
0.05590810182512223
0.06579332246575675
0.0774263682681127
0.09111627561154886
0.10722672220103231
0.1261856883066021
0.14849682622544635
0.1747528400007683
0.20565123083486514
0.24201282647943834
0.2848035868435799
0.3351602650938841
0.3944206059437656
0.46415888336127725
0.5462277217684337
0.642807311728432
0.7564633275546291
0.8902150854450375
1.0476157527896641
1.232846739442066
1.4508287784959402
1.7073526474706886
2.009233002565046
2.364489412645407
2.782559402207126
3.274549162877725
3.8535285937105273
4.534878508128582
5.3366992312063015
6.280291441834247
7.390722033525775
8.697490026177835
10.235310218990248
12.045035402587812
14.174741629268048
16.68100537200059
19.630406500402685
23.10129700083158
27.1858824273294
31.992671377973846
37.64935806792464
44.30621457583877
52.14008287999685
61.35907273413163
72.20809018385457
84.97534359086438
100.0
###
1.9444697558058275
1.758627569770988
1.5894570142009417
1.4364509613056795
1.300204069620234
1.1804658102733792
1.1011099577380883
1.0086084167840141
0.9304645612989663
0.8654817695028426
6.089883293228955
5.330296398230167
4.649759245318016
4.047738316492885
3.5211618319920075
3.065368163128709
2.7663976294686483
2.4196842766672666
2.1264559944223276
1.8799206250079075
9.131571115866187
7.8709520515638145
6.754692115605603
5.778411844726121
4.933738423539448
4.209751043376033
3.738492071080102
3.1953154476363412
2.737938953830716
2.3543241680572398
11.68511758780079
9.969046026555606
8.462563345138843
7.155829102093804
6.0341153542043084
5.079854602855783
4.46235114074692
3.7543669263972506
3.160928833627827
2.665129732455872
13.93609391469171
11.797860701134766
9.933370826917113
8.326531034866889
6.9559537303345245
5.796561170760585
5.0502458428780574
4.198139848941074
3.487351977555287
2.895740253371962
15.973860397696539
13.439412924732277
11.241452390938099
9.357415642627434
7.7587232835841435
6.413080200864842
5.550333977553326
4.569315160091159
3.754497532933936
3.0786174124492653
17.850133423296754
14.940331920923558
12.428772075604726
10.285711875324434
8.475214945321861
6.957899189933099
5.988570045513804
4.890074041411735
3.9811630449670448
3.229925604105876
19.598216360021553
16.33070525928588
13.521770847971899
11.134613189449844
9.125658692179961
7.448323090429894
6.380213277695541
5.173436355747386
4.178472203114194
3.35905939607024
21.241142994638025
17.630596328797324
14.538605836947601
11.919841622995643
9.723558421332894
7.895899246112847
6.735501354899153
5.42809361353761
4.353452142563003
3.4713020095368443
22.79522706931343
18.855486495618795
15.492011561297302
12.652551561397013
10.278418884844456
8.308704624073092
7.061493512261101
5.659671062488641
4.510870346961552
3.5704760373204536
24.274403715164787
20.016228895443408
16.391917279718946
13.341029119693872
10.797288204004186
8.692634249018708
7.363242288362414
5.87244741038165
4.654077598462606
3.6596361182308583
25.687373915352293
21.12134625281642
17.24565220499854
13.991607720191318
11.285468533141165
9.052100774736388
7.644200802215008
6.069364618460878
4.7855580594890705
3.7403006830596595
27.04233863853254
22.17821466151049
18.059059128802556
14.609375621121554
11.747097627109092
9.390520535324994
7.908026482108045
6.253083946625005
4.907159819349094
3.814158088322363
28.34569938358564
23.19161601800236
18.836886725017926
15.198105301499165
12.185600464602338
9.710679434646915
8.156752785110148
6.425394911264385
5.0203377730709144
3.882013151058605
29.60047330003134
24.166423587536993
19.5833133627776
15.761148206708334
12.603565851039509
10.014726066484847
8.392184509408388
6.587615426714807
5.126236145927088
3.944988292777509