# datat/BKevo/MVe_BKevo/mve51.dat
# N(r,Y=0), r, *F2(x,Q^2)
# 1e-05 < r < 100.0
# 1 < Q^2 < 50, n=15, log grid
# 1e-5 < x < 1e-2, n=10, log grid
###
1.1354258799221182e-10
1.548898941431338e-10
2.121848759108421e-10
2.9023119362624603e-10
3.9587891065405485e-10
5.415581594825402e-10
7.406825640131812e-10
1.0101547113375417e-09
1.3798790987428153e-09
1.8869788892504394e-09
2.5730100184339524e-09
3.5094765807707973e-09
4.798287455335292e-09
6.5412043676626655e-09
8.908026359884592e-09
1.2176400496259218e-08
1.6594433585881687e-08
2.256222755310457e-08
3.083079293733528e-08
4.2002139317624255e-08
5.706517974946573e-08
7.787394701726791e-08
1.0604464200209939e-07
1.4400498345594062e-07
1.9617209940489563e-07
2.669961432629916e-07
3.623626174788216e-07
4.927210502480866e-07
6.701862353509008e-07
9.089461760205684e-07
1.2335275877771728e-06
1.6765588782248371e-06
2.2720296366316455e-06
3.0770059687565516e-06
4.178458426271712e-06
5.657254667084437e-06
7.644883081135657e-06
1.03708128387169e-05
1.402599941079179e-05
1.8917005174484717e-05
2.5622700221217336e-05
3.461089775428395e-05
4.66207957429065e-05
6.299030765022863e-05
8.497105728242876e-05
0.00011429700439409996
0.00015403393208999073
0.00020748557779833195
0.00027869325188578425
0.0003746286516359325
0.0005039194453013991
0.0006759449041558039
0.0009064737799248186
0.001217887636745396
0.0016319471653051562
0.002184252862664011
0.0029327799188967898
0.003928236213188482
0.005251119181080073
0.007052029706107128
0.00944982709694174
0.012638710354298517
0.01697381499726751
0.022768637962982622
0.03048038313860004
0.04091766816418287
0.05488528861097864
0.07339392658184593
0.0981266791393504
0.1308693838940103
0.17341145969140748
0.22830328480932943
0.2978130400017258
0.3828166078539858
0.48306399693967983
0.5941403824687929
0.7092600793192528
0.8176968198623461
0.9011827288196809
0.9578016209597846
0.9880425249475229
0.9973868830168126
0.9996631144549737
0.999986394620586
0.9999997951105085
0.9999999981936019
0.999999999997667
1.0
1.0
1.0
1.0
1.0
1.0
1.0
1.0
1.0
1.0
1.0
1.0
1.0
###
1e-05
1.1768119524349992e-05
1.3848863713938717e-05
1.6297508346206434e-05
1.917910261672489e-05
2.2570197196339216e-05
2.656087782946684e-05
3.1257158496882356e-05
3.678379771828634e-05
4.328761281083062e-05
5.0941380148163754e-05
5.994842503189409e-05
7.054802310718646e-05
8.302175681319735e-05
9.770099572992247e-05
0.00011497569953977356
0.00013530477745798074
0.00015922827933410923
0.0001873817422860383
0.00022051307399030456
0.00025950242113997375
0.0003053855508833416
0.00035938136638046257
0.0004229242874389499
0.0004977023564332109
0.0005857020818056661
0.0006892612104349695
0.0008111308307896872
0.0009545484566618337
0.0011233240329780276
0.0013219411484660286
0.0015556761439304723
0.0018307382802953678
0.002154434690031882
0.0025353644939701114
0.0029836472402833374
0.003511191734215131
0.004132012400115334
0.004862601580065354
0.005722367659350214
0.006734150657750821
0.007924828983539169
0.0093260334688322
0.010974987654930556
0.01291549665014884
0.01519911082952933
0.01788649529057435
0.0210490414451202
0.02477076355991709
0.029150530628251757
0.034304692863149154
0.040370172585965536
0.047508101621027934
0.05590810182512223
0.06579332246575675
0.0774263682681127
0.09111627561154886
0.10722672220103231
0.1261856883066021
0.14849682622544635
0.1747528400007683
0.20565123083486514
0.24201282647943834
0.2848035868435799
0.3351602650938841
0.3944206059437656
0.46415888336127725
0.5462277217684337
0.642807311728432
0.7564633275546291
0.8902150854450375
1.0476157527896641
1.232846739442066
1.4508287784959402
1.7073526474706886
2.009233002565046
2.364489412645407
2.782559402207126
3.274549162877725
3.8535285937105273
4.534878508128582
5.3366992312063015
6.280291441834247
7.390722033525775
8.697490026177835
10.235310218990248
12.045035402587812
14.174741629268048
16.68100537200059
19.630406500402685
23.10129700083158
27.1858824273294
31.992671377973846
37.64935806792464
44.30621457583877
52.14008287999685
61.35907273413163
72.20809018385457
84.97534359086438
100.0
###
1.716296177296924
1.528271284256674
1.3568067495111094
1.202520939433177
1.0656104101763983
0.9453800339570263
0.8657494278161
0.772763059324447
0.6937308605648872
0.6272789945760838
5.209578189249295
4.474423203350955
3.822300980339535
3.2512297403102663
2.7574356842464165
2.3338353014659603
2.0582162695248347
1.7409489698606897
1.4741460362799852
1.250649378282657
7.713411993714572
6.519679513696499
5.4757485955870076
4.57440481331611
3.8055278303379896
3.1543383744781686
2.7352470385586
2.257399707515231
1.8596922710709363
1.5293659300484568
9.792772822503593
8.190953927891917
6.803885265635041
5.6177760260238205
4.615336112947634
3.774079382169112
3.236798588544075
2.628630357541489
2.1264774479549753
1.7126241074844186
11.613353717508168
9.638353084509351
7.9408935969167675
6.5000078474556515
5.29095822601564
4.283335706889585
3.6437387773558862
2.9239541520781867
2.333471997599586
1.8499109190444039
13.253445486828506
10.931554356851969
8.947971951804853
7.274330727518749
5.8779959992201825
4.720988603006729
3.9901554477096193
3.171641842317352
2.50391835101913
1.9603666583903059
14.757822418328185
12.109925024499946
9.859527545418809
7.969952830521738
6.401178683342413
5.107580653826909
4.293885074837678
3.3863302416536674
2.649545083625323
2.052768596299366
16.155178561865082
13.198479944100605
10.69667240262898
8.605004763253474
6.875669504741068
5.455631016953003
4.565683188505349
3.5766384437630183
2.7771152286545986
2.132401848129302
17.464836644777264
14.214190436293014
11.473997626556512
9.191635773650484
7.311533845421181
5.773403686876289
4.812623265654992
3.748110853410626
2.890922204422854
2.202495209208528
18.701558880120533
15.169208270449262
12.201712022148909
9.73844315771456
7.715838059699109
6.066570396234594
5.0394324881823165
3.9045254643535667
2.9938513834771903
2.2651336780541502
19.875834878448693
16.072775508629615
12.887693873584697
10.251793800073678
8.09378560991727
6.339345711119269
5.249347612280307
4.048611199798542
3.087953134804221
2.3218242156446425
20.996309364684503
16.93189411334899
13.537743900377775
10.73653090387197
8.449292725809219
6.5948577424078625
5.445485058217804
4.182384066368981
3.174744673646312
2.373649742817823
22.068906517316655
17.751952306364974
14.156488567506921
11.196590668888241
8.785473944880204
6.835536843817199
5.629654517632408
4.307387749487269
3.255362548603074
2.4213896293219035
23.099328013160594
18.537881632438207
14.747821886250946
11.634497180653549
9.104705937453113
7.063315491430136
5.803476601099252
4.424835170222842
3.330698383725612
2.4656635135012137
24.091949741099054
19.293042515331045
15.314481709939564
12.053426402244735
9.408986674281158
7.2797374989448755
5.968175932750948
4.535703505047947
3.4014493181884053
2.5069638430153467