# datat/BKevo/MVe_BKevo/mve15.dat
# N(r,Y=0), r, *F2(x,Q^2)
# 1e-05 < r < 100.0
# 1 < Q^2 < 50, n=15, log grid
# 1e-5 < x < 1e-2, n=10, log grid
###
3.2441688179829574e-11
4.425588469983261e-11
6.062686800654632e-11
8.29274845684446e-11
1.1311520551465405e-10
1.547422625587979e-10
2.116422127953005e-10
2.8864574736569897e-10
3.943004006654635e-10
5.392173656393768e-10
7.35276438102048e-10
1.002920039180784e-09
1.3712876833177095e-09
1.8694814881424326e-09
2.546067522136661e-09
3.4804777336975238e-09
4.743716129265412e-09
6.4503063326277495e-09
8.81530387174932e-09
1.201120302159636e-08
1.6321436089637087e-08
2.2277765089450984e-08
3.034420598195576e-08
4.121816738709084e-08
5.6170019339593735e-08
7.648169214850962e-08
1.0385067567097787e-07
1.4129630882561765e-07
1.9232821043559008e-07
2.6106669183858026e-07
3.546544155497307e-07
4.82633622211972e-07
6.549909047152833e-07
8.885614598503669e-07
1.209179012883474e-06
1.6410660518280262e-06
2.223824762965459e-06
3.0273309240544254e-06
4.110560373317282e-06
5.568847519006962e-06
7.585272581716011e-06
1.0310942301332394e-05
1.3986997593357017e-05
1.9060070705832875e-05
2.5959132221658434e-05
3.528831094480211e-05
4.814596115954998e-05
6.575301151578327e-05
8.963761693390996e-05
0.00012251738609106157
0.00016787490459552862
0.00022960166337429957
0.0003144379692654698
0.0004323206913266501
0.0005931897975028619
0.0008137367381267297
0.0011222583668723952
0.0015441336875122234
0.0021204736651423113
0.0029314765652332995
0.004041637298713662
0.00555826487246629
0.007685111115793677
0.010605206676807777
0.014590470139007524
0.020139555064018256
0.027762495104083768
0.03811749577166625
0.05235586692481648
0.07178027675601588
0.09780043424623788
0.1326710184618004
0.17897469841889413
0.23866752763029192
0.31411875494594743
0.40650792343844394
0.5140080309200514
0.6320352886153306
0.747484272208633
0.850318209172217
0.929434460117268
0.9729193026610398
0.9927338023134675
0.9990146868243803
0.9999196947808845
0.9999963135001213
0.9999999598071467
0.9999999999846071
0.9999999999999907
1.0
1.0
1.0
1.0
1.0
1.0
1.0
1.0
1.0
1.0
1.0
###
1e-05
1.1768119524349992e-05
1.3848863713938717e-05
1.6297508346206434e-05
1.917910261672489e-05
2.2570197196339216e-05
2.656087782946684e-05
3.1257158496882356e-05
3.678379771828634e-05
4.328761281083062e-05
5.0941380148163754e-05
5.994842503189409e-05
7.054802310718646e-05
8.302175681319735e-05
9.770099572992247e-05
0.00011497569953977356
0.00013530477745798074
0.00015922827933410923
0.0001873817422860383
0.00022051307399030456
0.00025950242113997375
0.0003053855508833416
0.00035938136638046257
0.0004229242874389499
0.0004977023564332109
0.0005857020818056661
0.0006892612104349695
0.0008111308307896872
0.0009545484566618337
0.0011233240329780276
0.0013219411484660286
0.0015556761439304723
0.0018307382802953678
0.002154434690031882
0.0025353644939701114
0.0029836472402833374
0.003511191734215131
0.004132012400115334
0.004862601580065354
0.005722367659350214
0.006734150657750821
0.007924828983539169
0.0093260334688322
0.010974987654930556
0.01291549665014884
0.01519911082952933
0.01788649529057435
0.0210490414451202
0.02477076355991709
0.029150530628251757
0.034304692863149154
0.040370172585965536
0.047508101621027934
0.05590810182512223
0.06579332246575675
0.0774263682681127
0.09111627561154886
0.10722672220103231
0.1261856883066021
0.14849682622544635
0.1747528400007683
0.20565123083486514
0.24201282647943834
0.2848035868435799
0.3351602650938841
0.3944206059437656
0.46415888336127725
0.5462277217684337
0.642807311728432
0.7564633275546291
0.8902150854450375
1.0476157527896641
1.232846739442066
1.4508287784959402
1.7073526474706886
2.009233002565046
2.364489412645407
2.782559402207126
3.274549162877725
3.8535285937105273
4.534878508128582
5.3366992312063015
6.280291441834247
7.390722033525775
8.697490026177835
10.235310218990248
12.045035402587812
14.174741629268048
16.68100537200059
19.630406500402685
23.10129700083158
27.1858824273294
31.992671377973846
37.64935806792464
44.30621457583877
52.14008287999685
61.35907273413163
72.20809018385457
84.97534359086438
100.0
###
1.409380341851327
1.237370555935893
1.0827732358976934
0.9455626291117123
0.825216381688218
0.7207626852310328
0.6521095715508336
0.5723736003031522
0.5049098783493112
0.4479720038175559
4.055920709765031
3.4243865627639085
2.873850582973091
2.4003064532892173
1.9970637422410262
1.6565139857247284
1.4375278668961782
1.1878308026679494
0.9797499101546676
0.8068380941541462
5.874499555189014
4.87552465063996
4.019506054439842
3.2942851250342007
2.6856409750701378
2.1789230007662
1.8569678775634997
1.4940485100871794
1.195479018326664
0.9501043198133504
7.35272097939962
6.036356918496233
4.919953381104722
3.983593092718518
3.2055763826615644
2.5640392629262143
2.159826342082965
1.7079626096076517
1.3397759515931142
1.0401535836325964
8.629215363381421
7.027730654579073
5.680006702999088
4.558193686353151
3.632960653232419
2.875683874481064
2.4016346739908947
1.875101123025815
1.4493568139854598
1.1056789182859523
9.767389795812997
7.904393607003514
6.346278861182589
5.057184032809633
4.000337228065859
3.140488625498344
2.6050439716798075
2.013488966631948
1.538194805332786
1.1571392421201943
10.802902815961229
8.696754381255033
6.944318733199162
5.501760622992298
4.3249982141378815
3.372359559394502
2.7817676239793947
2.132229918827393
1.6131871926323964
1.199486258878563
11.758293659493887
9.42380528975549
7.4899264949262685
5.904881453054349
4.617450436918403
3.5796865407627143
2.938731035262533
2.236614861203426
1.6782219565321317
1.235458049363633
12.648837528059143
10.098359523505701
7.9936715856164415
6.275141196267669
4.884511492603897
3.7677766734312508
3.0803914385611764
2.3300101578296073
1.7357494041358987
1.2667151679007527
13.48549321911772
10.72957330150987
8.463033903888153
6.618555213328877
5.130981674817301
3.9404168496083214
3.2097964422449006
2.414664698146017
1.7874306595769902
1.2943538617423194
14.276446616000426
11.324173841309412
8.903506514682837
6.939556442099454
5.3603702497349985
4.100323311702097
3.3291609654665093
2.492250192988247
1.834302559479257
1.3191072576335978
15.028069691419292
11.887324323480673
9.319311768894202
7.2414979197512
5.575303673885664
4.249523620055138
3.4400928774183552
2.5639384751191834
1.8773172963255274
1.3415359360083472
15.745297013071045
12.422900905258158
9.713661130777842
7.527015742760819
5.777812082890757
4.389334494424403
3.543854425105828
2.630679284439078
1.9170584695366086
1.36205874834557
16.432157603599933
12.934845269340023
10.089304729525633
7.798137990816729
5.969510380212976
4.521403428045485
3.6414301630218895
2.6931065650423527
1.9540209153862038
1.380956217948945
17.091794050683472
13.425197382454595
10.448314236722908
8.056554798184747
6.151722007994094
4.6464722181640585
3.733598108185546
2.751807207851677
1.988581366930674
1.3984353977337585