# datat/BKevo/MVe_BKevo/mve35.dat
# N(r,Y=0), r, *F2(x,Q^2)
# 1e-05 < r < 100.0
# 1 < Q^2 < 50, n=15, log grid
# 1e-5 < x < 1e-2, n=10, log grid
###
8.110181251384877e-11
1.1063563379472495e-10
1.5156061370936856e-10
2.0730802212199672e-10
2.82770669922744e-10
3.868272853300806e-10
5.290589658371453e-10
7.215390875437739e-10
9.856279142262389e-10
1.3478420930519798e-09
1.8378643125867523e-09
2.5067689595451767e-09
3.427348178594279e-09
4.672288802324103e-09
6.362875958261966e-09
8.69742893450719e-09
1.1853166880287555e-08
1.611587690294777e-08
2.2021995069622805e-08
3.0001528294396844e-08
4.076084294596744e-08
5.562424844189273e-08
7.574617400260545e-08
1.028607045852545e-07
1.4012293217244263e-07
1.90711538305576e-07
2.5883045451716476e-07
3.5194363226845333e-07
4.787045002456436e-07
6.49247353499308e-07
8.810912904122013e-07
1.197542346571847e-06
1.6228788432065593e-06
2.1978623769665057e-06
2.984614966663722e-06
4.040899489143339e-06
5.460636748064433e-06
7.407734569369669e-06
1.0018591302978789e-05
1.3512183093466358e-05
1.83019965071373e-05
2.4722193500649882e-05
3.330079077866887e-05
4.499348604895209e-05
6.069435816507418e-05
8.164205659633024e-05
0.0001100266804295807
0.00014820843258084768
0.00019907458396209018
0.0002676063225368396
0.00035996870455162175
0.0004828647800465875
0.0006475655961528047
0.000870073050097013
0.001165950908015167
0.0015606693684443106
0.002095732146015536
0.0028074759707859675
0.0037536204964764815
0.005042312512147742
0.006759125918645005
0.009044067995155327
0.012154087199426594
0.016317368325881217
0.021868123334700475
0.029402519985378676
0.03952261862456476
0.05299515241329028
0.07112548696797423
0.09535634981011193
0.1272122471662892
0.16903146018070633
0.22331311645751525
0.2917347650447947
0.37593743943099667
0.47547259554652627
0.5869620504962431
0.7036482191814124
0.8098708171764757
0.8972323844228974
0.957798756628399
0.9861366581318982
0.9969677707540726
0.9997057067181087
0.9999843526960828
0.9999995367966104
0.9999999971547177
0.999999999999764
0.9999999999999999
1.0
1.0
1.0
1.0
1.0
1.0
1.0
1.0
1.0
1.0
1.0
###
1e-05
1.1768119524349992e-05
1.3848863713938717e-05
1.6297508346206434e-05
1.917910261672489e-05
2.2570197196339216e-05
2.656087782946684e-05
3.1257158496882356e-05
3.678379771828634e-05
4.328761281083062e-05
5.0941380148163754e-05
5.994842503189409e-05
7.054802310718646e-05
8.302175681319735e-05
9.770099572992247e-05
0.00011497569953977356
0.00013530477745798074
0.00015922827933410923
0.0001873817422860383
0.00022051307399030456
0.00025950242113997375
0.0003053855508833416
0.00035938136638046257
0.0004229242874389499
0.0004977023564332109
0.0005857020818056661
0.0006892612104349695
0.0008111308307896872
0.0009545484566618337
0.0011233240329780276
0.0013219411484660286
0.0015556761439304723
0.0018307382802953678
0.002154434690031882
0.0025353644939701114
0.0029836472402833374
0.003511191734215131
0.004132012400115334
0.004862601580065354
0.005722367659350214
0.006734150657750821
0.007924828983539169
0.0093260334688322
0.010974987654930556
0.01291549665014884
0.01519911082952933
0.01788649529057435
0.0210490414451202
0.02477076355991709
0.029150530628251757
0.034304692863149154
0.040370172585965536
0.047508101621027934
0.05590810182512223
0.06579332246575675
0.0774263682681127
0.09111627561154886
0.10722672220103231
0.1261856883066021
0.14849682622544635
0.1747528400007683
0.20565123083486514
0.24201282647943834
0.2848035868435799
0.3351602650938841
0.3944206059437656
0.46415888336127725
0.5462277217684337
0.642807311728432
0.7564633275546291
0.8902150854450375
1.0476157527896641
1.232846739442066
1.4508287784959402
1.7073526474706886
2.009233002565046
2.364489412645407
2.782559402207126
3.274549162877725
3.8535285937105273
4.534878508128582
5.3366992312063015
6.280291441834247
7.390722033525775
8.697490026177835
10.235310218990248
12.045035402587812
14.174741629268048
16.68100537200059
19.630406500402685
23.10129700083158
27.1858824273294
31.992671377973846
37.64935806792464
44.30621457583877
52.14008287999685
61.35907273413163
72.20809018385457
84.97534359086438
100.0
###
1.5642055042880143
1.3808562926608143
1.2146334206901919
1.0659410376555631
0.9345973371992541
0.8199305115013484
0.7442519654374476
0.6560924363062699
0.5812277144602953
0.5182397791888901
4.635974167398898
3.940955973901206
3.3300580714101407
2.7999505588402034
2.344961074747307
1.95819890424245
1.7082298400990559
1.4221970691185675
1.1830714358402894
0.9837066744089988
6.796859972034415
5.684004669393666
4.720686203962299
3.8970315474806925
3.200349203830511
2.616272642316331
2.243209164040287
1.8209670570072587
1.472205054428994
1.184681626442043
8.575561357903286
7.09576597573565
5.827865166883352
4.754655563518205
3.8556843703173334
3.109228027880998
2.6363920488224886
2.1054130599779137
1.6708087127671105
1.3157564634177548
10.123891335355356
8.311435962776475
6.770460739018704
5.4759652258987
4.399675872175616
3.5124323648650786
2.9539841200099275
2.3307588937570056
1.8243243860683844
1.413723508662871
11.512752725903765
9.393054828049388
7.602016006628554
6.106588987312694
4.8706467120804255
3.8577619080360597
3.2234984537644
2.5192821020035328
1.9505092771144812
1.4922690777561511
12.782449564705516
10.375439051650268
8.352201571653588
6.671456571634063
5.289210034427636
4.162025088867287
3.45926998768369
2.6823815812649676
2.058165117071547
1.5580070448214125
13.958481823413043
11.280530995688324
9.03948753633698
7.185886447112288
5.667990085370265
4.435434381035717
3.6698786262018057
2.826756881938754
2.15238405550206
1.614645607910424
15.058439846775162
12.123167075126545
9.676298268768315
7.660144492392121
6.015303063189466
4.684572951605605
3.8609235454355204
2.956692182726007
2.2363767434227317
1.6644812771960724
16.09466031620601
12.913974772181476
10.271497881020466
8.10145159807601
6.336994326449372
4.914174027087252
4.036148917855132
3.0751048884415573
2.312294693267924
1.7089703005973427
17.077003642752054
13.660929366363796
10.831630977354816
8.515167466139138
6.637285489548226
5.12755320966454
4.198379018498861
3.184096372713892
2.381671990590562
1.749372962256038
18.01266888005949
14.370118373187488
11.361644442838028
8.905275750979678
6.919423459590077
5.327219678507135
4.349681128648059
3.2852161987390747
2.445632572565631
1.7861985218739316
18.907272827098964
15.046262073690688
11.865519665690833
9.274995388045362
7.185912678109881
5.515127690875709
4.491656049379559
3.3796490595590645
2.505025610244592
1.8201381602096411
19.765904810853083
15.693282515235563
12.346377667734368
9.626840812370217
7.438748389466722
5.692803550282714
4.62532871291331
3.468325377302799
2.5605100142703225
1.8516260684181025
20.591805979978222
16.314369102600896
12.806803107999858
9.96285907054652
7.6795349263123125
5.861525112937394
4.752130939567283
3.5519785855174106
2.612615303834183
1.8810008712264288