# datat/BKevo/MVe_BKevo/mve44.dat
# N(r,Y=0), r, *F2(x,Q^2)
# 1e-05 < r < 100.0
# 1 < Q^2 < 50, n=15, log grid
# 1e-5 < x < 1e-2, n=10, log grid
###
9.732238841129789e-11
1.3276308679005853e-10
1.8187328556097455e-10
2.4877042961022527e-10
3.393262261729034e-10
4.6419502007736435e-10
6.348744705798812e-10
8.658529446508965e-10
1.182763393401126e-09
1.6174265828349326e-09
2.205463359387203e-09
3.0081653238630863e-09
4.112887602784823e-09
5.606859929410006e-09
7.635634980175157e-09
1.0437216604022112e-08
1.4224291332357096e-08
1.9339845635670156e-08
2.6427699677789468e-08
3.6003960754680035e-08
4.891644733193684e-08
6.675474257203001e-08
9.090461590867029e-08
1.234477355210446e-07
1.681719064336777e-07
2.2889368136437284e-07
3.1066103747887596e-07
4.2243765381608726e-07
5.746176151339755e-07
7.793759149452353e-07
1.0577636816731186e-06
1.4377944671443742e-06
1.9486608340727124e-06
2.6393904711215564e-06
3.584743582219494e-06
4.854282407140075e-06
6.561165865411368e-06
8.903062954000007e-06
1.2044684218839425e-05
1.6250636113200094e-05
2.2021399437616082e-05
2.9762391312589757e-05
4.011496889050878e-05
5.4243175220479336e-05
7.324000803178744e-05
9.862347375429864e-05
0.00013308908360229875
0.0001795582063786961
0.00024162153312526732
0.00032551215454252436
0.00043900988144346994
0.0005906410389431792
0.000794857891199385
0.0010724222291327344
0.001443760654562516
0.0019425979348246026
0.0026247210198573237
0.0035396235310623616
0.004766521119145749
0.006456370742745148
0.008729863836102308
0.011785602474100298
0.01599303892050358
0.021680977113325096
0.029331890532495332
0.0398100862479682
0.0539786526036159
0.07292364175100491
0.09846636783292795
0.13253232614723337
0.17703022026450932
0.2346619200138252
0.3077287544362555
0.3969078469867104
0.5014509299805331
0.6158091445532352
0.7321598917817373
0.8387430348243663
0.9169744222300072
0.9670661849198852
0.9917456380257561
0.9984211482196168
0.9998284358756799
0.9999947696683774
0.9999999506017215
0.9999999997144143
0.9999999999997858
1.0
1.0
1.0
1.0
1.0
1.0
1.0
1.0
1.0
1.0
1.0
1.0
1.0
###
1e-05
1.1768119524349992e-05
1.3848863713938717e-05
1.6297508346206434e-05
1.917910261672489e-05
2.2570197196339216e-05
2.656087782946684e-05
3.1257158496882356e-05
3.678379771828634e-05
4.328761281083062e-05
5.0941380148163754e-05
5.994842503189409e-05
7.054802310718646e-05
8.302175681319735e-05
9.770099572992247e-05
0.00011497569953977356
0.00013530477745798074
0.00015922827933410923
0.0001873817422860383
0.00022051307399030456
0.00025950242113997375
0.0003053855508833416
0.00035938136638046257
0.0004229242874389499
0.0004977023564332109
0.0005857020818056661
0.0006892612104349695
0.0008111308307896872
0.0009545484566618337
0.0011233240329780276
0.0013219411484660286
0.0015556761439304723
0.0018307382802953678
0.002154434690031882
0.0025353644939701114
0.0029836472402833374
0.003511191734215131
0.004132012400115334
0.004862601580065354
0.005722367659350214
0.006734150657750821
0.007924828983539169
0.0093260334688322
0.010974987654930556
0.01291549665014884
0.01519911082952933
0.01788649529057435
0.0210490414451202
0.02477076355991709
0.029150530628251757
0.034304692863149154
0.040370172585965536
0.047508101621027934
0.05590810182512223
0.06579332246575675
0.0774263682681127
0.09111627561154886
0.10722672220103231
0.1261856883066021
0.14849682622544635
0.1747528400007683
0.20565123083486514
0.24201282647943834
0.2848035868435799
0.3351602650938841
0.3944206059437656
0.46415888336127725
0.5462277217684337
0.642807311728432
0.7564633275546291
0.8902150854450375
1.0476157527896641
1.232846739442066
1.4508287784959402
1.7073526474706886
2.009233002565046
2.364489412645407
2.782559402207126
3.274549162877725
3.8535285937105273
4.534878508128582
5.3366992312063015
6.280291441834247
7.390722033525775
8.697490026177835
10.235310218990248
12.045035402587812
14.174741629268048
16.68100537200059
19.630406500402685
23.10129700083158
27.1858824273294
31.992671377973846
37.64935806792464
44.30621457583877
52.14008287999685
61.35907273413163
72.20809018385457
84.97534359086438
100.0
###
1.7051037464790757
1.5200724936662453
1.3516957433062773
1.200479352436403
1.066407503032126
0.9489887889608275
0.8713430392497512
0.7808145383751657
0.7040091424397921
0.6396417581551355
5.160274396545216
4.43545267642434
3.79540460328509
3.234588212288856
2.7494405499400187
2.3338571345547674
2.0635270033232245
1.7522988830336295
1.4905180465866477
1.271148117793031
7.6289580297422255
6.45395141024003
5.427596488738458
4.541997562241151
3.7860470377625584
3.146517424005814
2.7347078775701013
2.264998519108234
1.8736119898382708
1.5481796841931617
9.675478676113137
8.099166943433172
6.735554646894732
5.570090459090129
4.584278779591314
3.7576627317563984
3.2293765726558448
2.6310357479523714
2.136278259220454
1.7279114236435225
11.465047553717351
9.521961792703626
7.853478670429684
6.4377518823777535
5.2487273258941025
4.2584074043751885
3.6293841607387054
2.9207780531574508
2.3386796385006714
1.861150511589962
13.07562888841208
10.791789170088085
8.842449047810044
7.198127542378604
5.824987904738814
4.687800913362648
3.9689234941528606
3.1630049222361682
2.5044233785594616
1.9672375441568895
14.551805562861881
11.947854355550094
9.736491374184013
7.8803684063062915
6.337810266918451
5.066382775808491
4.2659578908695055
3.3722814582312193
2.645455514882956
2.0556044685099963
15.92176711999504
13.014973251783646
10.55694966712058
8.50255659866973
6.802330887282379
5.406708936268228
4.531269989158138
3.557333734642727
2.7685615793454423
2.131218531315745
17.205463711549083
14.009990244889996
11.318200730613958
9.07679279607846
7.228591428548224
5.716996892389309
4.771853702791864
3.723706592758892
2.8781434592441006
2.197540186897411
18.416862665316515
14.945097574289132
12.030496269994696
9.611613972861079
7.623617601020737
6.002870134051983
4.992527856995254
3.875195277731797
2.9769131013810166
2.256475705353906
19.566554133483844
15.829331782074938
12.701556706108136
10.11339954212374
7.9925884483561385
6.268667226600134
5.196790624062745
4.014515868702903
3.0670065107188185
2.3096821886436545
20.6626519102355
16.669681614432623
13.337052740380239
10.5868997407671
8.339384646669838
6.517404356688198
5.387346181308965
4.143676655607015
3.1499234810231402
2.3581069861675674
21.712317588439188
17.471665143839722
13.941419128223389
11.03590538616103
8.66713135539291
6.751536611217397
5.56605471288745
4.264212491703881
3.226802503576419
2.4025873487393286
22.720001113886724
18.239959158090464
14.519053750336298
11.463355737339175
8.978155474193935
6.9729236475797745
5.734208142836292
4.377327517721452
3.298520901065051
2.4437391095889756
23.690412358064275
18.9777749521584
15.072300058539989
11.871827485715007
9.274446771088183
7.183130355947324
5.89371412804324
4.483971778327155
3.365770795572163
2.48201911381186