# datat/BKevo/MVe_BKevo/mve11.dat
# N(r,Y=0), r, *F2(x,Q^2)
# 1e-05 < r < 100.0
# 1 < Q^2 < 50, n=15, log grid
# 1e-5 < x < 1e-2, n=10, log grid
###
3.2440707705688383e-11
4.4254253517889996e-11
6.062426220147351e-11
8.292317150424931e-11
1.1310824073131082e-10
1.5473087415245964e-10
2.1162359817603588e-10
2.886156237937675e-10
3.94251184516576e-10
5.391368474763749e-10
7.351457298315761e-10
1.0027076212256212e-09
1.370939276741012e-09
1.8689155653385623e-09
2.5451504016226266e-09
3.4789715617520243e-09
4.741266781368973e-09
6.446350761179106e-09
8.808798048898123e-09
1.200061142648883e-08
1.6304337354297897e-08
2.224969975306585e-08
3.029847031130902e-08
4.1144283059436085e-08
5.604917524243211e-08
7.628461971878379e-08
1.0353218988112498e-07
1.4077746793711772e-07
1.9148182798465108e-07
2.596989922995598e-07
3.524366099501386e-07
4.790171130675782e-07
6.491518560903578e-07
8.791455331235283e-07
1.1938470696828653e-06
1.6163617746879525e-06
2.1842582847492467e-06
2.96310049560783e-06
4.007448698453189e-06
5.4048951616868245e-06
7.320839269659167e-06
9.888951606529333e-06
1.3320449747522286e-05
1.79976399168915e-05
2.427819076757208e-05
3.265762616376671e-05
4.401213816013157e-05
5.9286042230992244e-05
7.963461918946588e-05
0.00010705118690595721
0.00014400322993107762
0.00019317411144096456
0.000259076844380124
0.0003481212331376464
0.0004665450451219293
0.0006245611524456457
0.0008388268488870777
0.0011239470780996781
0.0015031429718223752
0.0020200193980035855
0.002709212839333659
0.0036275077984553104
0.00487967000902374
0.006559562902283522
0.008805532250883008
0.011867449752483406
0.016002998582984658
0.0215469292335819
0.02908686456592894
0.03930850947437996
0.0529866631081109
0.0714151730898419
0.0962427874756956
0.1289980463564256
0.17198328501711813
0.22802644968815972
0.29866212767422934
0.3853926908854882
0.4874725505853187
0.6008912415163443
0.7185641573361136
0.8235454278201856
0.9073509269069162
0.9633898055130126
0.9889404960282491
0.997732481197709
0.999787197989988
0.9999920727669316
0.9999998031572936
0.9999999988573326
0.9999999999999676
1.0
1.0
1.0
1.0
1.0
1.0
1.0
1.0
1.0
###
1e-05
1.1768119524349992e-05
1.3848863713938717e-05
1.6297508346206434e-05
1.917910261672489e-05
2.2570197196339216e-05
2.656087782946684e-05
3.1257158496882356e-05
3.678379771828634e-05
4.328761281083062e-05
5.0941380148163754e-05
5.994842503189409e-05
7.054802310718646e-05
8.302175681319735e-05
9.770099572992247e-05
0.00011497569953977356
0.00013530477745798074
0.00015922827933410923
0.0001873817422860383
0.00022051307399030456
0.00025950242113997375
0.0003053855508833416
0.00035938136638046257
0.0004229242874389499
0.0004977023564332109
0.0005857020818056661
0.0006892612104349695
0.0008111308307896872
0.0009545484566618337
0.0011233240329780276
0.0013219411484660286
0.0015556761439304723
0.0018307382802953678
0.002154434690031882
0.0025353644939701114
0.0029836472402833374
0.003511191734215131
0.004132012400115334
0.004862601580065354
0.005722367659350214
0.006734150657750821
0.007924828983539169
0.0093260334688322
0.010974987654930556
0.01291549665014884
0.01519911082952933
0.01788649529057435
0.0210490414451202
0.02477076355991709
0.029150530628251757
0.034304692863149154
0.040370172585965536
0.047508101621027934
0.05590810182512223
0.06579332246575675
0.0774263682681127
0.09111627561154886
0.10722672220103231
0.1261856883066021
0.14849682622544635
0.1747528400007683
0.20565123083486514
0.24201282647943834
0.2848035868435799
0.3351602650938841
0.3944206059437656
0.46415888336127725
0.5462277217684337
0.642807311728432
0.7564633275546291
0.8902150854450375
1.0476157527896641
1.232846739442066
1.4508287784959402
1.7073526474706886
2.009233002565046
2.364489412645407
2.782559402207126
3.274549162877725
3.8535285937105273
4.534878508128582
5.3366992312063015
6.280291441834247
7.390722033525775
8.697490026177835
10.235310218990248
12.045035402587812
14.174741629268048
16.68100537200059
19.630406500402685
23.10129700083158
27.1858824273294
31.992671377973846
37.64935806792464
44.30621457583877
52.14008287999685
61.35907273413163
72.20809018385457
84.97534359086438
100.0
###
1.1790615680581162
1.0139549159981145
0.8672937211975096
0.7386994830340854
0.627232510076619
0.5315677160913006
0.46925345089828263
0.3974226151622044
0.3369271977018517
0.2861013958787489
3.2713928496325946
2.7009437018982165
2.213069970727325
1.8008079286496461
1.456040778609143
1.1701254443252815
0.9891904081371027
0.7861463436879859
0.6200452924532597
0.48438381503228434
4.67246991334872
3.7936408908727715
3.0544704865407986
2.4400121014025373
1.9342902946749976
1.521477321017231
1.2638377095223625
0.9786789040168591
0.7491567557196624
0.5649316125460392
5.800096221391542
4.659372936184822
3.7102486119822795
2.929552830292813
2.293664229870447
1.780015845263746
1.4623554775082974
1.114027841166946
0.8367817046230365
0.6168311645509577
6.767527348770115
5.394467584708228
4.2611106237739005
3.336123477767813
2.5885075889176465
1.9892288531571325
1.6211759637360668
1.2204289635274088
0.904168736880606
0.6555695871705695
7.626163857147114
6.041897490086602
4.742455587672451
3.688367664408428
2.841623554764766
2.167028836048615
1.7550610644034956
1.308972663804601
0.9593467881270005
0.6866080545161931
8.404605386799794
6.625304528785953
5.173437753014658
4.001700314166148
3.065180442218885
2.322904720170061
1.8716139846772242
1.385281066831119
1.006315208743205
0.7125806171601532
9.120797488616391
7.159359406586332
5.565844923092748
4.2854642689384805
3.2664589669990653
2.462301439310243
1.975321518954561
1.4526327294032308
1.0473815664603168
0.7350753146562231
9.786828067978492
7.653857160801026
5.927653223983857
4.545852312535679
3.4502487281350898
2.588891658120645
2.0690739176402313
1.5131029256644517
1.0839296958904923
0.7546832309739107
10.411321065747748
8.115845782836287
6.264338656472732
4.7871826898347605
3.619874239896488
2.705160107515244
2.15483702932131
1.568094944362725
1.1169451686315053
0.7722995987778356
11.000769297914854
8.550425736091684
6.579988391731424
5.012631152817638
3.77770609117359
2.812920259713721
2.234053185017252
1.6186269131641298
1.1470715384442531
0.7882496838860185
11.55997908029219
8.961510501380621
6.877728211467418
5.2245852003110524
3.925590915858691
2.9135181963554917
2.307783572007735
1.6654337621739872
1.174824099833325
0.8028343827098454
12.092866826999066
9.352226546277894
7.159903867698334
5.42490573526103
4.064929981668483
3.007999577644975
2.376836353313873
1.7090844873934583
1.2005577214994794
0.8162490792718176
12.602559338413457
9.724913821398573
7.428420589449248
5.615095151211141
4.196840012706286
3.097223553133697
2.441834611677867
1.750025908267749
1.2246058793800083
0.8287368486641945
13.09160858284558
10.0818357278134
7.684937114946775
5.796297430615278
4.322207368932213
3.181556920170729
2.5032991774704345
1.7886016615673253
1.2471660764461712
0.8403721016737876