# datat/BKevo/MVg_BKevo/mvg14.dat
# N(r,Y=0), r, *F2(x,Q^2)
# 1e-05 < r < 100.0
# 1 < Q^2 < 50, n=15, log grid
# 1e-5 < x < 1e-2, n=10, log grid
###
2.0516209332819898e-13
2.9811306598824516e-13
4.3659492305710837e-13
6.37653380871605e-13
9.26851721244376e-13
1.3543862174773637e-12
1.9784221191753415e-12
2.876284669292675e-12
4.194210657157381e-12
6.127904876815929e-12
8.909607753900116e-12
1.2963884982229247e-11
1.8943686372752965e-11
2.754434751939109e-11
3.998840925793615e-11
5.843956673743829e-11
8.4971667788005e-11
1.2307417664199144e-10
1.7986990206942762e-10
2.6151607880151554e-10
3.785068780470389e-10
5.522359492860725e-10
8.02796887972704e-10
1.1616669855141625e-09
1.6908194495475516e-09
2.4574351248307095e-09
3.5548379186734582e-09
5.161205752818984e-09
7.498855950595344e-09
1.0842970028154363e-08
1.5701484388337112e-08
2.2802886605559454e-08
3.2953626284215816e-08
4.758774803598317e-08
6.90692693813573e-08
9.974517370801245e-08
1.436195607548339e-07
2.0828878431503734e-07
3.005291169417978e-07
4.316590544594521e-07
6.249993332387969e-07
9.007777296187522e-07
1.2922380326416357e-06
1.8647745662837376e-06
2.6839016825520383e-06
3.844539299986695e-06
5.527820706968893e-06
7.942549185814266e-06
1.135669442993575e-05
1.6264988106379584e-05
2.3322089299330183e-05
3.3274800797400735e-05
4.7453173740527087e-05
6.787532145409763e-05
9.65927682891729e-05
0.0001371192806879094
0.00019556948928487795
0.0002774936409566037
0.0003920040327916516
0.0005573169592734152
0.0007882284707407742
0.001109646125194428
0.0015699212835141093
0.002213147939859531
0.003105779141093457
0.004372947943491591
0.006146708589381204
0.008602655072975295
0.012062244430288417
0.016916239091627944
0.02362445261057785
0.03299916405211253
0.04616198900283622
0.06426054302642209
0.08920299792303654
0.12384271806238252
0.17046257450291477
0.23234400829394597
0.31366439938595847
0.4149488537796025
0.5351786268937364
0.6650525308060087
0.7910545106530268
0.896479331578262
0.9605822728304066
0.9898107251524201
0.9987577282578162
0.9999408256790847
0.9999984423495497
0.9999999918890522
0.9999999999999295
1.0
1.0
1.0
1.0
1.0
1.0
1.0
1.0
1.0
###
1e-05
1.1768119524349992e-05
1.3848863713938717e-05
1.6297508346206434e-05
1.917910261672489e-05
2.2570197196339216e-05
2.656087782946684e-05
3.1257158496882356e-05
3.678379771828634e-05
4.328761281083062e-05
5.0941380148163754e-05
5.994842503189409e-05
7.054802310718646e-05
8.302175681319735e-05
9.770099572992247e-05
0.00011497569953977356
0.00013530477745798074
0.00015922827933410923
0.0001873817422860383
0.00022051307399030456
0.00025950242113997375
0.0003053855508833416
0.00035938136638046257
0.0004229242874389499
0.0004977023564332109
0.0005857020818056661
0.0006892612104349695
0.0008111308307896872
0.0009545484566618337
0.0011233240329780276
0.0013219411484660286
0.0015556761439304723
0.0018307382802953678
0.002154434690031882
0.0025353644939701114
0.0029836472402833374
0.003511191734215131
0.004132012400115334
0.004862601580065354
0.005722367659350214
0.006734150657750821
0.007924828983539169
0.0093260334688322
0.010974987654930556
0.01291549665014884
0.01519911082952933
0.01788649529057435
0.0210490414451202
0.02477076355991709
0.029150530628251757
0.034304692863149154
0.040370172585965536
0.047508101621027934
0.05590810182512223
0.06579332246575675
0.0774263682681127
0.09111627561154886
0.10722672220103231
0.1261856883066021
0.14849682622544635
0.1747528400007683
0.20565123083486514
0.24201282647943834
0.2848035868435799
0.3351602650938841
0.3944206059437656
0.46415888336127725
0.5462277217684337
0.642807311728432
0.7564633275546291
0.8902150854450375
1.0476157527896641
1.232846739442066
1.4508287784959402
1.7073526474706886
2.009233002565046
2.364489412645407
2.782559402207126
3.274549162877725
3.8535285937105273
4.534878508128582
5.3366992312063015
6.280291441834247
7.390722033525775
8.697490026177835
10.235310218990248
12.045035402587812
14.174741629268048
16.68100537200059
19.630406500402685
23.10129700083158
27.1858824273294
31.992671377973846
37.64935806792464
44.30621457583877
52.14008287999685
61.35907273413163
72.20809018385457
84.97534359086438
100.0
###
0.8886026536236775
0.7503744267890987
0.6301633084810544
0.526785694492995
0.438737455324663
0.3643269101818726
0.31640164939939375
0.26166504026962817
0.21592162515378707
0.17770695786026613
2.3112145569195595
1.869824917484238
1.5007929501560038
1.1954024917584294
0.9448333591844681
0.7406306744198041
0.6132123704636075
0.47206832405648597
0.3582015271973989
0.2664323678494024
3.217865368711008
2.5591143943645296
2.017458103986389
1.5765265892819535
1.2205957446866633
0.9352630434869085
0.7598342252652998
0.5684787571843504
0.4169691755918106
0.2973491347574564
3.9311968483889213
3.0928843084164734
2.4109159984888273
1.8615759515530683
1.4227843483214127
1.074765296429858
0.8629252186348352
0.6341126176581161
0.45526021779241826
0.31605201217440293
4.534200031393502
3.539450255515927
2.7365225212854614
2.094670791178684
1.586018373684412
1.1857580758728317
0.9438900628423869
0.6846486097968185
0.48392665057053685
0.3293912338470633
5.063560836288489
3.9285041569505568
3.017880605443367
2.2943856078160008
1.7245362792338876
1.2789364245320685
1.0112235900921238
0.726038738897708
0.5069421289463215
0.33972116842668854
5.539382825464314
4.276071265038761
3.267650639878122
2.470460436753805
1.8457451139768275
1.359777625345721
1.069226677346495
0.7612887441207478
0.5262105155301299
0.34812879558600124
5.9740505579814185
4.591979453142179
3.493483309287962
2.628759157382114
1.9540430754529092
1.4315062914633565
1.120381672778512
0.7920734265796169
0.5428349646972895
0.35520655119686134
6.375851647963007
4.882754515071603
3.7004117158827157
2.773116880833277
2.052280339135669
1.496190960219045
1.1662893483658237
0.819489054047389
0.5574585778906865
0.3613041197929028
6.75068200911729
5.152970431352773
3.891926588097716
2.9062672676911863
2.142423425205861
1.555237925749459
1.208001686435764
0.8442059122884191
0.5704983237868916
0.3666532112989268
7.102780876015767
5.405998238152672
4.070673985968494
3.029916771247828
2.225899439669175
1.609669917549479
1.2463074742697446
0.8667626074002134
0.5823447475136202
0.37141668631418867
7.435479735142032
5.644384806854378
4.238562485836395
3.14573875553254
2.303766966025555
1.660237737160614
1.2817672140490426
0.8875282809364643
0.5931362477489311
0.3757047707196268
7.751260169591862
5.870144178797706
4.397096542280972
3.2548201328427977
2.3768417666211192
1.7075165411206175
1.314815628230958
0.9067721639717492
0.6030788531108764
0.379599812474612
8.052466087996494
6.084814342578422
4.547485029860113
3.357978183963491
2.4457757424147637
1.7519606428986176
1.3457943125621137
0.9247387034192681
0.6122951503670286
0.38316712532769254
8.340480642698545
6.289690431251564
4.690668323369001
3.455936974371364
2.5110854332469508
1.7939278985891656
1.374967832744117
0.9415839964987153
0.6208850833334383
0.3864545082809994