# datat/BKevo/MVe_BKevo/mve62.dat
# N(r,Y=0), r, *F2(x,Q^2)
# 1e-05 < r < 100.0
# 1 < Q^2 < 50, n=15, log grid
# 1e-5 < x < 1e-2, n=10, log grid
###
1.2976483502066373e-10
1.77020068051878e-10
2.425018999154602e-10
3.31700868056178e-10
4.524460546467733e-10
6.189448750032519e-10
8.465290585770824e-10
1.1545188175057162e-09
1.5770965477095454e-09
2.1566977497202706e-09
2.9408269552923408e-09
4.011227304191236e-09
5.484407975469852e-09
7.476719454319116e-09
1.0182315230380679e-08
1.3918701212097169e-08
1.896964567749346e-08
2.57927987861231e-08
3.524735995418466e-08
4.802226171051082e-08
6.524935208372767e-08
8.905135297822345e-08
1.2127957140381538e-07
1.6471564721025917e-07
2.2442343219253387e-07
3.055085667195879e-07
4.147274537422986e-07
5.640864085973347e-07
7.67522664643078e-07
1.0413781290640182e-06
1.4139417004406748e-06
1.9229255715650217e-06
2.6077071246183074e-06
3.534534778532266e-06
4.804728325706449e-06
6.512912509392527e-06
8.813395338557044e-06
1.1977065163410482e-05
1.623113911481451e-05
2.1941833581792722e-05
2.980740254258866e-05
4.0399466410765875e-05
5.462687009209576e-05
7.415861942182873e-05
0.00010058420429867867
0.00013613110172815701
0.00018481501871454387
0.00025106573054214134
0.00034040041848150973
0.00046256177540748416
0.0006299567310471896
0.0008563985430172161
0.0011656870497400186
0.0015927226126190852
0.002172335078704691
0.0029627681391054604
0.0040622053785243535
0.005558432153149428
0.0075930299237451345
0.010439891301085526
0.014317211050387862
0.019585403537386626
0.026917811653356872
0.03690353166541017
0.05040029070683683
0.0689206515990144
0.09390508109500571
0.1270849158884142
0.1711667221723949
0.22857332780722212
0.3011351815453506
0.3904014781927123
0.4951732913908191
0.6111862838050919
0.7294708368226318
0.833896623246727
0.9159624860095553
0.9686775412220285
0.9907166934294102
0.9982880800536073
0.9998899572696581
0.9999947909082382
0.999999893593976
0.999999999708813
0.9999999999999885
1.0
1.0
1.0
1.0
1.0
1.0
1.0
1.0
1.0
1.0
1.0
1.0
1.0
1.0
1.0
###
1e-05
1.1768119524349992e-05
1.3848863713938717e-05
1.6297508346206434e-05
1.917910261672489e-05
2.2570197196339216e-05
2.656087782946684e-05
3.1257158496882356e-05
3.678379771828634e-05
4.328761281083062e-05
5.0941380148163754e-05
5.994842503189409e-05
7.054802310718646e-05
8.302175681319735e-05
9.770099572992247e-05
0.00011497569953977356
0.00013530477745798074
0.00015922827933410923
0.0001873817422860383
0.00022051307399030456
0.00025950242113997375
0.0003053855508833416
0.00035938136638046257
0.0004229242874389499
0.0004977023564332109
0.0005857020818056661
0.0006892612104349695
0.0008111308307896872
0.0009545484566618337
0.0011233240329780276
0.0013219411484660286
0.0015556761439304723
0.0018307382802953678
0.002154434690031882
0.0025353644939701114
0.0029836472402833374
0.003511191734215131
0.004132012400115334
0.004862601580065354
0.005722367659350214
0.006734150657750821
0.007924828983539169
0.0093260334688322
0.010974987654930556
0.01291549665014884
0.01519911082952933
0.01788649529057435
0.0210490414451202
0.02477076355991709
0.029150530628251757
0.034304692863149154
0.040370172585965536
0.047508101621027934
0.05590810182512223
0.06579332246575675
0.0774263682681127
0.09111627561154886
0.10722672220103231
0.1261856883066021
0.14849682622544635
0.1747528400007683
0.20565123083486514
0.24201282647943834
0.2848035868435799
0.3351602650938841
0.3944206059437656
0.46415888336127725
0.5462277217684337
0.642807311728432
0.7564633275546291
0.8902150854450375
1.0476157527896641
1.232846739442066
1.4508287784959402
1.7073526474706886
2.009233002565046
2.364489412645407
2.782559402207126
3.274549162877725
3.8535285937105273
4.534878508128582
5.3366992312063015
6.280291441834247
7.390722033525775
8.697490026177835
10.235310218990248
12.045035402587812
14.174741629268048
16.68100537200059
19.630406500402685
23.10129700083158
27.1858824273294
31.992671377973846
37.64935806792464
44.30621457583877
52.14008287999685
61.35907273413163
72.20809018385457
84.97534359086438
100.0
###
1.9497979650451402
1.7629603417317148
1.5928211698926762
1.4388834584549393
1.3017692086717412
1.1812462372001673
1.1013599254520634
1.0082272807896853
0.9295303106520215
0.8640913126593796
6.112822326771394
5.34896810119587
4.664420675566298
4.0586563440218235
3.52877279464668
3.0701217612628477
2.769270220063273
2.420437889654261
2.1254360733853606
1.8774494294207895
9.17071858287715
7.902764231849279
6.779689816690915
5.797253457390306
4.94722363328095
4.218694261468196
3.74453683038527
3.1981930657639324
2.738124294561024
2.3524283407905533
11.739499895917064
10.013132576311811
8.497192801496402
7.182091212840116
6.053168866337546
5.092791566100399
4.471585529211996
3.759403827457011
3.1627845513031625
2.6642699716412084
14.004933268464276
11.85354710229101
9.977105541001565
8.359813511151298
6.9802922025003
5.813538825832046
5.062477931516983
4.2054403359596515
3.490845488919642
2.8960792460718467
16.056508231057443
13.50608337585238
11.293852765704663
9.397361447885569
7.7881193296113125
6.433891404539131
5.565692373458339
4.5788834328692785
3.759520895475337
3.080215160344807
17.946077677577666
15.017704330750446
12.489451862976997
10.331972651163188
8.509446151134384
6.982270992853384
6.006862090732474
4.9017850225053365
3.9878312916089507
3.232946672659114
19.7069944514558
16.418243886309348
13.590409423501566
11.187044368056794
9.164538678680387
7.476196189982655
6.40133109146852
5.187191288327087
4.186748416665572
3.363093429045174
21.36234609504921
17.727975355343066
14.614923892439762
11.97817394994599
9.766922496645977
7.927153551170197
6.759355643805548
5.444000255440677
4.36324282163889
3.4765460461725537
22.928512360465202
18.962412582729097
15.575759029939737
12.71658913204227
10.32611510746844
8.343234911119124
7.088040558226844
5.67758853964524
4.522305110981073
3.5771533879197066
24.41954548959602
20.132348564996466
16.482871911594028
13.410596751753888
10.849183816881624
8.730339902607476
7.39200310432903
5.892248539573111
4.667024671366012
3.667441330459427
25.843988730747714
21.246577263861937
17.343611872187285
14.06636170960759
11.341442775391618
9.092891452999876
7.675822501940798
6.091257364445752
4.799967041000746
3.749302957763816
27.210022610810295
22.312260887184685
18.1638408761009
14.689532958540067
11.807024618946489
9.434317191661458
7.94206965570398
6.276815698750816
4.923009176098205
3.824262989173231
28.52244441966382
23.334257686218415
18.948322571409008
15.283354856633926
12.249408301792508
9.757397933201869
8.19313510027134
6.450850086368035
5.037595153701037
3.893255269707937
29.789683301340613
24.31747271011138
19.701257629008218
15.851367679164916
12.671145313498748
10.06429810772625
8.430884863802445
6.6148065467761885
5.144868759262428
3.9572978034785375