# datat/BKevo/MVe_BKevo/mve36.dat
# N(r,Y=0), r, *F2(x,Q^2)
# 1e-05 < r < 100.0
# 1 < Q^2 < 50, n=15, log grid
# 1e-5 < x < 1e-2, n=10, log grid
###
8.110199130882589e-11
1.1063596003111348e-10
1.5156108523225057e-10
2.0730870171534029e-10
2.8277184083480776e-10
3.8682921671411413e-10
5.290620867774065e-10
7.215441420963305e-10
9.85636098414003e-10
1.3478555027884155e-09
1.8378861553237826e-09
2.50680441999368e-09
3.4274063280129755e-09
4.672383296699241e-09
6.3630290782903295e-09
8.69768048656812e-09
1.1853576116172156e-08
1.6116538103520333e-08
2.2023083108641817e-08
3.000330075269552e-08
4.07637063127696e-08
5.562895244570436e-08
7.575384716535176e-08
1.0287311395867571e-07
1.4014325730821355e-07
1.9074473814033693e-07
2.588842046223416e-07
3.5203139074757854e-07
4.78848035858632e-07
6.494799715745673e-07
8.814698129814701e-07
1.1981622014995146e-06
1.62388429440088e-06
2.1994925453695747e-06
2.9872872227053673e-06
4.045236992077873e-06
5.467641216801756e-06
7.419224702219174e-06
1.0037247034737647e-05
1.3542215112462987e-05
1.8351200270708448e-05
2.480205500151409e-05
3.342925279854718e-05
4.520285251724396e-05
6.103371714999872e-05
8.218690670687041e-05
0.00011090881107559578
0.0001496341062079088
0.00020135535759696778
0.0002712675429136306
0.00036585512590778176
0.0004922252857978704
0.0006624257046338881
0.000893766113012289
0.001203280037715917
0.0016190946951056189
0.0021877524419731524
0.002950566618184255
0.003973682237492087
0.005383246391753949
0.007280258622599189
0.009831043979070014
0.013345612631308951
0.01810082016667988
0.02450392251322447
0.03328804922021995
0.04519172049750301
0.06115217973136311
0.08276214692955393
0.11174910250390857
0.14988579454918569
0.19980526706570248
0.2640690663258727
0.34399355456879227
0.4402108246360164
0.5498120590531866
0.6668913788071116
0.7814992646773756
0.8749736106749276
0.9425033638611682
0.9816973634836677
0.9954758441318986
0.9993186218448422
0.999964569635208
0.9999992169755528
0.999999990191995
0.9999999999801966
0.9999999999999999
1.0
1.0
1.0
1.0
1.0
1.0
1.0
1.0
1.0
1.0
1.0
1.0
###
1e-05
1.1768119524349992e-05
1.3848863713938717e-05
1.6297508346206434e-05
1.917910261672489e-05
2.2570197196339216e-05
2.656087782946684e-05
3.1257158496882356e-05
3.678379771828634e-05
4.328761281083062e-05
5.0941380148163754e-05
5.994842503189409e-05
7.054802310718646e-05
8.302175681319735e-05
9.770099572992247e-05
0.00011497569953977356
0.00013530477745798074
0.00015922827933410923
0.0001873817422860383
0.00022051307399030456
0.00025950242113997375
0.0003053855508833416
0.00035938136638046257
0.0004229242874389499
0.0004977023564332109
0.0005857020818056661
0.0006892612104349695
0.0008111308307896872
0.0009545484566618337
0.0011233240329780276
0.0013219411484660286
0.0015556761439304723
0.0018307382802953678
0.002154434690031882
0.0025353644939701114
0.0029836472402833374
0.003511191734215131
0.004132012400115334
0.004862601580065354
0.005722367659350214
0.006734150657750821
0.007924828983539169
0.0093260334688322
0.010974987654930556
0.01291549665014884
0.01519911082952933
0.01788649529057435
0.0210490414451202
0.02477076355991709
0.029150530628251757
0.034304692863149154
0.040370172585965536
0.047508101621027934
0.05590810182512223
0.06579332246575675
0.0774263682681127
0.09111627561154886
0.10722672220103231
0.1261856883066021
0.14849682622544635
0.1747528400007683
0.20565123083486514
0.24201282647943834
0.2848035868435799
0.3351602650938841
0.3944206059437656
0.46415888336127725
0.5462277217684337
0.642807311728432
0.7564633275546291
0.8902150854450375
1.0476157527896641
1.232846739442066
1.4508287784959402
1.7073526474706886
2.009233002565046
2.364489412645407
2.782559402207126
3.274549162877725
3.8535285937105273
4.534878508128582
5.3366992312063015
6.280291441834247
7.390722033525775
8.697490026177835
10.235310218990248
12.045035402587812
14.174741629268048
16.68100537200059
19.630406500402685
23.10129700083158
27.1858824273294
31.992671377973846
37.64935806792464
44.30621457583877
52.14008287999685
61.35907273413163
72.20809018385457
84.97534359086438
100.0
###
1.6242660668223488
1.441521434731085
1.275706844708449
1.1271848286578698
0.9958352558297604
0.8810690063865076
0.8052865928951685
0.7170040072062636
0.6421103095496653
0.579256281425891
4.8536989652971565
4.149327248029472
3.5302970871239117
2.990237359788913
2.5250517200664486
2.1281410008847437
1.8707625012920654
1.5753111300304121
1.3274603604950206
1.120168551236748
7.138086320640305
6.004825704842566
5.019999970944386
4.17436624614733
3.456030260952063
2.8510573411539197
2.463007140116608
2.0219774900086165
1.6558569959695242
1.352482179467406
9.022854215264944
7.5099420666522585
6.20812223767508
5.101192800247114
4.169647480347002
3.3923537513993995
2.897625879571808
2.339474771749059
1.8800082392975057
1.5024094631123113
10.665850283354182
8.807587541057313
7.220578005657374
5.881119000658217
4.761964601252761
3.834637560045587
3.2481275516608354
2.590262962639461
2.0523767560366055
1.6132958123327117
12.141153121347106
9.963152621933421
8.114295807961994
6.563164017207683
5.274721734954769
4.213208827632198
3.545171235478438
2.7995540835155386
2.1934086496615883
1.7016465369263793
13.490884018898448
11.013358655741554
8.920901656273761
7.174169077887167
5.730331127636066
4.546539769002368
3.8047133526621115
2.9802218298853393
2.3132885275678277
1.7748064810240152
14.741865830458554
11.981334248286208
9.660094882352446
7.730676069239741
6.142540224178836
4.845862928143212
4.036315482971006
3.139850096831779
2.4178803775154742
1.8378071665406774
15.91246154422312
12.88290436038777
10.345170825930849
8.243745702452207
6.520422516697154
5.118539840855005
4.246167223659652
3.283287349090435
2.510877355964035
1.8927985325143426
17.01592779741987
13.729285008731274
10.985595757962408
8.721175173573618
6.870347443370667
5.369662937759229
4.438526440976529
3.4138210375143547
2.594725669711852
1.9418343484172882
18.062212755106565
14.52890289044019
11.588378448660375
9.168701724070083
7.196944926446299
5.602867063081084
4.616534060532839
3.5338196127026578
2.6711909896516497
1.9859998859928818
19.0590085276586
15.288358448856803
12.158833199939155
9.590788352957771
7.5037330461017575
5.821042699021041
4.7823955168431045
3.6450266359640477
2.7415515836469546
2.0262456408838756
20.012415022850977
16.012517572649163
12.701196050028766
9.990756428425174
7.793453386293865
6.026247627248198
4.93793333885477
3.748774398243957
2.8067743767202624
2.063164821854403
20.927378178787347
16.70563146127468
13.218832986020532
10.371378780081875
8.068283082638144
6.220226579432128
5.084574618684871
3.8461076077225735
2.8676162572647232
2.0973608252889306
21.807903369225148
17.37103704620549
13.714511913925199
10.734818211236792
8.329973805538122
6.40434670257245
5.2232992884876115
3.937848210216828
2.9246567942250548
2.129169304354738