# datat/BKevo/MVe_BKevo/mve20.dat
# N(r,Y=0), r, *F2(x,Q^2)
# 1e-05 < r < 100.0
# 1 < Q^2 < 50, n=15, log grid
# 1e-5 < x < 1e-2, n=10, log grid
###
4.866117258083504e-11
6.638159549092105e-11
9.093660098617213e-11
1.2438524592557045e-10
1.6966307015861632e-10
2.3209749896531114e-10
3.174372081501546e-10
4.329264259648957e-10
5.913816967005629e-10
8.087132914174663e-10
1.1027316361746384e-09
1.5040827116082193e-09
2.0564438243155456e-09
2.8034299795215335e-09
3.817817490087578e-09
5.218608322234849e-09
7.112145683802279e-09
9.669922818494056e-09
1.3213849894405885e-08
1.800198053814294e-08
2.4458223941368226e-08
3.337737185998616e-08
4.5452309022407514e-08
6.172386964293265e-08
8.408595676551553e-08
1.1444684735629671e-07
1.5533053093015662e-07
2.1121884948211926e-07
2.8730884943450853e-07
3.896880339247903e-07
5.288819816297025e-07
7.18897495471775e-07
9.743308957994912e-07
1.3196961104361505e-06
1.792373418617792e-06
2.4271441785597265e-06
3.2805883248131525e-06
4.451541510090806e-06
6.022360443784835e-06
8.125351089365794e-06
1.1010761049874751e-05
1.4881307690563456e-05
2.0057686147743106e-05
2.7121959312869085e-05
3.662068284394901e-05
4.931295833157583e-05
6.654677636740771e-05
8.978318487911097e-05
0.00012081811074864595
0.00016276942319256966
0.00021952934641177626
0.0002953644784205081
0.00039750838424371554
0.00053635679210361
0.000722143456290493
0.0009717726193958381
0.0013132336371520724
0.0017713970184433075
0.0023861084209331525
0.0032334766643999134
0.00437461131814741
0.0059102997944706585
0.00802912355540308
0.010900649045446098
0.014775534224095353
0.020109342006812022
0.027368835426931123
0.037156150625550353
0.05052048169112471
0.06865438142437003
0.0928580478301492
0.12522019517696029
0.1681783341970995
0.22366035403826645
0.2941148730270649
0.3811917750304544
0.48383149128224007
0.5986876888246881
0.7147391897522989
0.8222674442256755
0.9096143191271455
0.9620580529021489
0.9885022256402348
0.9980939564499953
0.999799984792
0.999987944070868
0.9999998100488654
0.9999999998139041
0.9999999999997699
1.0
1.0
1.0
1.0
1.0
1.0
1.0
1.0
1.0
1.0
1.0
###
1e-05
1.1768119524349992e-05
1.3848863713938717e-05
1.6297508346206434e-05
1.917910261672489e-05
2.2570197196339216e-05
2.656087782946684e-05
3.1257158496882356e-05
3.678379771828634e-05
4.328761281083062e-05
5.0941380148163754e-05
5.994842503189409e-05
7.054802310718646e-05
8.302175681319735e-05
9.770099572992247e-05
0.00011497569953977356
0.00013530477745798074
0.00015922827933410923
0.0001873817422860383
0.00022051307399030456
0.00025950242113997375
0.0003053855508833416
0.00035938136638046257
0.0004229242874389499
0.0004977023564332109
0.0005857020818056661
0.0006892612104349695
0.0008111308307896872
0.0009545484566618337
0.0011233240329780276
0.0013219411484660286
0.0015556761439304723
0.0018307382802953678
0.002154434690031882
0.0025353644939701114
0.0029836472402833374
0.003511191734215131
0.004132012400115334
0.004862601580065354
0.005722367659350214
0.006734150657750821
0.007924828983539169
0.0093260334688322
0.010974987654930556
0.01291549665014884
0.01519911082952933
0.01788649529057435
0.0210490414451202
0.02477076355991709
0.029150530628251757
0.034304692863149154
0.040370172585965536
0.047508101621027934
0.05590810182512223
0.06579332246575675
0.0774263682681127
0.09111627561154886
0.10722672220103231
0.1261856883066021
0.14849682622544635
0.1747528400007683
0.20565123083486514
0.24201282647943834
0.2848035868435799
0.3351602650938841
0.3944206059437656
0.46415888336127725
0.5462277217684337
0.642807311728432
0.7564633275546291
0.8902150854450375
1.0476157527896641
1.232846739442066
1.4508287784959402
1.7073526474706886
2.009233002565046
2.364489412645407
2.782559402207126
3.274549162877725
3.8535285937105273
4.534878508128582
5.3366992312063015
6.280291441834247
7.390722033525775
8.697490026177835
10.235310218990248
12.045035402587812
14.174741629268048
16.68100537200059
19.630406500402685
23.10129700083158
27.1858824273294
31.992671377973846
37.64935806792464
44.30621457583877
52.14008287999685
61.35907273413163
72.20809018385457
84.97534359086438
100.0
###
1.405491676787826
1.2306679184535179
1.0734872190211815
0.9339979219935562
0.8116904687388901
0.7055880503864602
0.6358945498465148
0.5550186414258271
0.48660406550215896
0.42884219631299064
4.050215038657426
3.4104981019512155
2.8531709051272394
2.3743261802328726
1.9671728839671128
1.6239667220942806
1.4036949728836217
1.1530849685981979
0.9447969137104444
0.7720319446931179
5.871858517917551
4.860914793076568
3.995422004206087
3.2631821622576007
2.6497974485964573
2.140222801554509
1.8171793606772568
1.4539941158664906
1.1561878237880963
0.9123386951659666
7.354797473271066
6.023217039638455
4.895156467632906
3.9503877422661837
3.1669676963984212
2.5224811767526103
2.1173989982179213
1.665815442105105
1.2991413382667107
1.0020072376534934
8.636801823599846
7.017194748189202
5.65584749392563
4.524444585999561
3.593199033688933
2.8328625061640182
2.3580971077049124
1.832258707047271
1.408628168927305
1.0680713900035461
9.780926346725284
7.897172352801971
6.323547712141197
5.023752374691195
3.960339205800574
3.097258078197089
2.561227648813274
1.9707037114588921
1.4979879165069943
1.1205884809141409
10.822647889453068
8.693206681366515
6.923543454653308
5.469216207629642
4.285373437831094
3.3294408366914254
2.7382011470142005
2.089932104255759
1.5738024234020749
1.1642311188426213
11.784398295773284
9.424200094291237
7.471446423397854
5.873614113059849
4.578531878083923
3.537254408727572
2.8957533180306867
2.1951000495225794
1.6399408573521643
1.201614208150715
12.681391664801614
10.102898471760463
7.977748817174705
6.2454237442695835
4.846612031400507
3.72616921689651
3.0382463833765057
2.289457009469802
1.6986644832393238
1.2342847165511732
13.524538960625577
10.738331965550698
8.44980516989467
6.59058876937171
5.094316864606408
3.8998318896010824
3.1686390602716332
2.375220481506796
1.7515821240694056
1.2634827047844992
14.322036772147163
11.33723402152295
8.893130344945432
6.913498501061633
5.325087832926146
4.06092504391177
3.2891184430271707
2.453985025411278
1.7998170757650662
1.289713994405629
15.080140512201009
11.90485838723035
9.311879724475274
7.217488708663248
5.541513488936028
4.211148180795898
3.401248707085558
2.526911870901995
1.8441922581878867
1.3137243032634927
15.803621893354391
12.444854994580226
9.709227782958926
7.505074823087778
5.745631483283856
4.352422033382762
3.506276991822198
2.594895573515335
1.8853011547347684
1.3357043147883452
16.496818626868038
12.961325762966611
10.08793371596407
7.77838025834312
5.938984452746775
4.485847588648594
3.60517087171573
2.658630304662261
1.923635079759158
1.356048604464253
17.162859808459892
13.456128256000815
10.450037961909583
8.039023531314374
6.122873370936995
4.612352046227485
3.6987003741203877
2.7186632726400615
1.9595670048825646
1.3749819808678125