# datat/BKevo/MVg_BKevo/mvg11.dat
# N(r,Y=0), r, *F2(x,Q^2)
# 1e-05 < r < 100.0
# 1 < Q^2 < 50, n=15, log grid
# 1e-5 < x < 1e-2, n=10, log grid
###
8.125274271787179e-07
9.75230315506346e-07
1.170696367197174e-06
1.4049767575478706e-06
1.6855284713228683e-06
2.0221824808048184e-06
2.425652102782931e-06
2.908538144095556e-06
3.4873004381343735e-06
4.180810477673649e-06
5.010316223565204e-06
6.003314993682391e-06
7.192868578604038e-06
8.614725898631849e-06
1.0314718443076686e-05
1.2350426721391728e-05
1.4781853800373827e-05
1.7685211957273216e-05
2.11601297608516e-05
2.5307064542817105e-05
3.0254067069353206e-05
3.616740493985976e-05
4.3219662984619665e-05
5.1624440475156775e-05
6.165530377335537e-05
7.36093978475306e-05
8.784071414326694e-05
0.00010479754809162511
0.00012498669811101255
0.00014899238084777037
0.00017754603976408723
0.00021150262393744736
0.0002518218648274534
0.0002996916516499429
0.0003565355733058412
0.0004239221887817289
0.0005037711256319954
0.0005984154594164132
0.0007104042781066194
0.0008428289768597394
0.000999421441464868
0.0011843146904054142
0.0014024530021418161
0.0016596586205172958
0.0019625811455254534
0.002319020125625228
0.0027379499284248842
0.0032297890988770834
0.003806702745977558
0.004482344014281649
0.00527248352833375
0.006195870205355173
0.007273005474618815
0.00852669468008858
0.009985513802336676
0.011679918848034059
0.013640925107235045
0.015911764684955622
0.018537491868285676
0.02155697705780776
0.025035680695225476
0.02903803326047966
0.03361624217110991
0.038862506525351906
0.04487171535116358
0.05171986323605125
0.0595336431525143
0.06845922277558207
0.07861823491566626
0.09018650785466144
0.10339693045973437
0.11845405948128024
0.13560291149016887
0.15520768652470399
0.17759311749978957
0.20306377113984947
0.232131702582257
0.26522102017431803
0.3025144528485326
0.3445742216742983
0.3916967870757589
0.44336144482003453
0.49977214637016987
0.5604985460148272
0.6234036455679685
0.6874848393016726
0.7511904462573534
0.8105593150274303
0.8634864622217874
0.9089015866784131
0.9440238635243313
0.9684731868859305
0.9846091456156426
0.9936488044676511
0.9976510004094897
0.9993300728408547
0.9998722057440061
0.9999765509040466
0.9999972095705768
0.9999998889070573
###
1e-05
1.1768119524349992e-05
1.3848863713938717e-05
1.6297508346206434e-05
1.917910261672489e-05
2.2570197196339216e-05
2.656087782946684e-05
3.1257158496882356e-05
3.678379771828634e-05
4.328761281083062e-05
5.0941380148163754e-05
5.994842503189409e-05
7.054802310718646e-05
8.302175681319735e-05
9.770099572992247e-05
0.00011497569953977356
0.00013530477745798074
0.00015922827933410923
0.0001873817422860383
0.00022051307399030456
0.00025950242113997375
0.0003053855508833416
0.00035938136638046257
0.0004229242874389499
0.0004977023564332109
0.0005857020818056661
0.0006892612104349695
0.0008111308307896872
0.0009545484566618337
0.0011233240329780276
0.0013219411484660286
0.0015556761439304723
0.0018307382802953678
0.002154434690031882
0.0025353644939701114
0.0029836472402833374
0.003511191734215131
0.004132012400115334
0.004862601580065354
0.005722367659350214
0.006734150657750821
0.007924828983539169
0.0093260334688322
0.010974987654930556
0.01291549665014884
0.01519911082952933
0.01788649529057435
0.0210490414451202
0.02477076355991709
0.029150530628251757
0.034304692863149154
0.040370172585965536
0.047508101621027934
0.05590810182512223
0.06579332246575675
0.0774263682681127
0.09111627561154886
0.10722672220103231
0.1261856883066021
0.14849682622544635
0.1747528400007683
0.20565123083486514
0.24201282647943834
0.2848035868435799
0.3351602650938841
0.3944206059437656
0.46415888336127725
0.5462277217684337
0.642807311728432
0.7564633275546291
0.8902150854450375
1.0476157527896641
1.232846739442066
1.4508287784959402
1.7073526474706886
2.009233002565046
2.364489412645407
2.782559402207126
3.274549162877725
3.8535285937105273
4.534878508128582
5.3366992312063015
6.280291441834247
7.390722033525775
8.697490026177835
10.235310218990248
12.045035402587812
14.174741629268048
16.68100537200059
19.630406500402685
23.10129700083158
27.1858824273294
31.992671377973846
37.64935806792464
44.30621457583877
52.14008287999685
61.35907273413163
72.20809018385457
84.97534359086438
100.0
###
2.4079373779781603
2.0673106280785185
1.740973014492093
1.436355313405071
1.1601320340502266
0.9168708602061483
0.758082658153064
0.5782143464046084
0.43278449917515277
0.31830687754053605
8.192142805180943
6.810015239355704
5.542110598873308
4.414100906641863
3.442001175430801
2.627291690337008
2.1181038537833965
1.563928814706742
1.1346194981762645
0.809777791243946
12.823813833349723
10.514310975296858
8.437156054860797
6.626661351386002
5.0959884430289115
3.8417318830854894
3.0694135434122947
2.241176195090819
1.609416744166147
1.1381036942871292
16.91633840583386
13.746525427373447
10.932470637774546
8.511824615479918
6.491394841234609
4.855923390511933
3.858843278760677
2.7990668028026304
1.9982719397056476
1.405842332671078
20.66157441050435
16.679660247408318
13.178672023757706
10.196011067512869
7.729544997184866
5.750409465188044
4.552343030716084
3.287016212403921
2.337159188796144
1.6385859497566668
24.154537679643408
19.39779468110195
15.247832197194473
11.738800997455273
8.858169750294634
6.562228181299388
5.179988435643309
3.7272036873103613
2.6421199052815196
1.8476549012354837
27.451095565744456
21.95045198054182
17.18166023121748
13.174122928274384
9.904233241776666
7.3121463621615606
5.758529138407234
4.13198689474293
2.922019313787277
2.039290921942697
30.588850316566788
24.36971896528059
19.007255034049585
14.52448920298437
10.885037274676018
8.013385574617852
6.298616330238387
4.509083334119662
3.182390298788646
2.21738212742327
33.59355887335111
26.678097248039254
20.743363638681423
15.804779124612667
11.812527713407507
8.674968740640786
6.807358838712514
4.863747367123461
3.42694049754089
2.384545497627922
36.48447274627548
28.892121134182577
22.40369223399983
17.02591293327164
12.695199825872345
9.30334118507218
7.289894745708016
5.199711696012043
3.6583767275457837
2.542591909151862
39.27635957933911
31.024408441306413
23.998664247758185
18.210153786055077
13.539524813468404
9.903366106060414
7.750209583555367
5.519786295707946
3.878650179584139
2.6929285865087165
41.98086677105558
33.084877224458175
25.536415414980066
19.322471554902386
14.350449525600489
10.47878098564373
8.191224121377438
5.826113160330916
4.089292740776184
2.8365964187185333
44.607449878442544
35.08149522718001
27.023467674501305
20.409476088460274
15.131867380790176
11.032582977832057
8.615299847014812
6.120389752696694
4.291504366761102
2.974458776619931
47.16452726380974
37.02079877379021
28.465149209709676
21.461571142057085
15.887174586061983
11.567164587261715
9.024344065204428
6.403993296363882
4.48625601277054
3.1071789848714557
49.65641328908073
38.90822162640752
29.865872784220276
22.482869317367033
16.6189386429465
12.084511435324996
9.419922896799022
6.678131406057846
4.674358992936797
3.235299975147918