# datat/BKevo/MVe_BKevo/mve54.dat
# N(r,Y=0), r, *F2(x,Q^2)
# 1e-05 < r < 100.0
# 1 < Q^2 < 50, n=15, log grid
# 1e-5 < x < 1e-2, n=10, log grid
###
1.1354419135053996e-10
1.5489250403424199e-10
2.121892006301821e-10
2.902382250638157e-10
3.9589036220767983e-10
5.415767850423187e-10
7.407129395169453e-10
1.0102039978002663e-09
1.3799595070014278e-09
1.8871105267121153e-09
2.573223620405621e-09
3.509823852451206e-09
4.798856993312251e-09
6.542129506824792e-09
8.909525892733183e-09
1.2178863579518757e-08
1.6598439957674934e-08
2.256869902128919e-08
3.0841440057056106e-08
4.20194791026158e-08
5.70931832243004e-08
7.791993427799043e-08
1.0611962574232779e-07
1.4412619282046678e-07
1.96370505962893e-07
2.673200010247624e-07
3.6288653146495513e-07
4.935756250338275e-07
6.715823642074466e-07
9.112059227303225e-07
1.2371990979332027e-06
1.6825600800795803e-06
2.281744109205384e-06
3.092718617601486e-06
4.204138564204784e-06
5.698800788813089e-06
7.711725177857858e-06
1.0479939962975813e-05
1.4202261293633244e-05
1.9199130731070175e-05
2.6081526395890025e-05
3.53496234416229e-05
4.7798674979582825e-05
6.48890960439163e-05
8.80117391222025e-05
0.00011911573231010789
0.00016171502740538476
0.0002196860076164558
0.00029785674538008577
0.0004047533501118107
0.0005512341450068405
0.0007493891800388868
0.001020050955917483
0.0013937730314078217
0.0019010540433275344
0.002592904375392408
0.0035553460482404763
0.004865340649289172
0.006647064525377755
0.009140969385446682
0.012538973564139803
0.017158404429846258
0.023593620726013422
0.03236715376331731
0.04424247298193009
0.060575303959052654
0.08267420696396194
0.11213353578501668
0.15150220158418792
0.2031828507734192
0.26916757076589237
0.35155763353397207
0.45035545583162434
0.5626847313531884
0.6815678832980596
0.7926280792355619
0.8859824087873286
0.9517439815354434
0.9835471472089216
0.9963240933492808
0.9996618468663784
0.9999769311699443
0.9999992812450599
0.9999999965387131
0.9999999999993843
0.9999999999999999
1.0
1.0
1.0
1.0
1.0
1.0
1.0
1.0
1.0
1.0
1.0
1.0
1.0
1.0
###
1e-05
1.1768119524349992e-05
1.3848863713938717e-05
1.6297508346206434e-05
1.917910261672489e-05
2.2570197196339216e-05
2.656087782946684e-05
3.1257158496882356e-05
3.678379771828634e-05
4.328761281083062e-05
5.0941380148163754e-05
5.994842503189409e-05
7.054802310718646e-05
8.302175681319735e-05
9.770099572992247e-05
0.00011497569953977356
0.00013530477745798074
0.00015922827933410923
0.0001873817422860383
0.00022051307399030456
0.00025950242113997375
0.0003053855508833416
0.00035938136638046257
0.0004229242874389499
0.0004977023564332109
0.0005857020818056661
0.0006892612104349695
0.0008111308307896872
0.0009545484566618337
0.0011233240329780276
0.0013219411484660286
0.0015556761439304723
0.0018307382802953678
0.002154434690031882
0.0025353644939701114
0.0029836472402833374
0.003511191734215131
0.004132012400115334
0.004862601580065354
0.005722367659350214
0.006734150657750821
0.007924828983539169
0.0093260334688322
0.010974987654930556
0.01291549665014884
0.01519911082952933
0.01788649529057435
0.0210490414451202
0.02477076355991709
0.029150530628251757
0.034304692863149154
0.040370172585965536
0.047508101621027934
0.05590810182512223
0.06579332246575675
0.0774263682681127
0.09111627561154886
0.10722672220103231
0.1261856883066021
0.14849682622544635
0.1747528400007683
0.20565123083486514
0.24201282647943834
0.2848035868435799
0.3351602650938841
0.3944206059437656
0.46415888336127725
0.5462277217684337
0.642807311728432
0.7564633275546291
0.8902150854450375
1.0476157527896641
1.232846739442066
1.4508287784959402
1.7073526474706886
2.009233002565046
2.364489412645407
2.782559402207126
3.274549162877725
3.8535285937105273
4.534878508128582
5.3366992312063015
6.280291441834247
7.390722033525775
8.697490026177835
10.235310218990248
12.045035402587812
14.174741629268048
16.68100537200059
19.630406500402685
23.10129700083158
27.1858824273294
31.992671377973846
37.64935806792464
44.30621457583877
52.14008287999685
61.35907273413163
72.20809018385457
84.97534359086438
100.0
###
1.8900934518611288
1.7045718395506382
1.5350894347315092
1.3823369706238369
1.2463981270201927
1.1270161022036047
1.0479328499020713
0.9557737431063222
0.8777931340979387
0.8128391087742313
5.874517806043711
5.121903550476652
4.449138331651823
3.8554638452894983
3.3372984075875216
2.889745095869701
2.596661753242425
2.2572693401859265
1.9704300362007352
1.7292358355800188
8.780420269397618
7.537235324112856
6.439505496011884
5.48247199296595
4.656609880801894
3.9508213208740375
3.492181095394759
2.9648681914336366
2.521648070151179
2.15037883636647
11.212686909434924
9.525941161459768
8.049612256608642
6.7734942119668275
5.681224804283614
4.754796046039659
4.1569959903914295
3.47315956760119
2.9016916010718776
2.4249901838599097
13.352763734094
11.25619340103521
9.433701447434851
7.8688519545384965
6.5381489423165435
5.4162953970038865
4.696042495144163
3.8762283638719315
3.1944849837810887
2.6283786670546543
15.287503306171752
12.806954934413541
10.663077806667037
8.832163706597273
7.283566972987354
5.984665907079277
5.154386204111994
4.213083235011727
3.433892771935923
2.789685314437536
17.067036518524997
14.223587921935122
11.777837375178366
9.698798456041674
7.948334217501618
6.486561946602808
5.555734437653629
4.504145095368124
3.6370942994554443
2.9231224154470246
18.723198128635342
15.534748479609785
12.80330039884886
10.490800727752276
8.551458029622841
6.938250932174408
5.914294383900494
4.761257067403423
3.8140452397523497
3.036907434767388
20.27883830605207
16.76005284348819
13.756647809680075
11.222960520714846
9.105595343931165
7.350311591205005
6.239505408639368
4.992224303885422
3.971022265259387
3.1360273156317287
21.749848464526266
17.9135034410214
14.650178177096226
11.905834214059416
9.619653083169814
7.730229160754538
6.537795015530832
5.202301741493836
4.1123298162697095
3.2238222238218075
23.148809233275774
19.00607177247858
15.492917854805961
12.54731017647034
10.100199102104263
8.083502203243535
6.813970615572158
5.395403448005799
4.240899602964795
3.3026150815348965
24.484553157681642
20.045973098852258
16.29221601079798
13.153201139866235
10.552252782966004
8.414212786638677
7.0714207659260975
5.574226099384624
4.358992743311985
3.3740597204015375
25.76486644287021
21.039657817923775
17.053504143224274
13.72810238759961
10.979601335972395
8.725513853722859
7.312504656953359
5.740960382898187
4.468247656797583
3.439468993102278
26.995977248973116
21.992755445693366
17.781253059332055
14.27621930607438
11.385434791460185
9.019960170932404
7.54005663112792
5.897299900286244
4.569994868483375
3.499656271417094
28.182662305707037
22.908967604657775
18.479135513757623
14.800152887452485
11.772206360341862
9.29960484651747
7.755530736086653
6.044552517180774
4.665230960526214
3.55549369199665