# datat/BKevo/MVg_BKevo/mvg19.dat
# N(r,Y=0), r, *F2(x,Q^2)
# 1e-05 < r < 100.0
# 1 < Q^2 < 50, n=15, log grid
# 1e-5 < x < 1e-2, n=10, log grid
###
0.00015134908510281393
0.00017028000248757647
0.00019145114518802654
0.00021524800819785168
0.00024203813927933007
0.0002720187574832244
0.0003056516481309184
0.0003434893621782285
0.0003858608501275705
0.00043329591776476863
0.00048662173283069523
0.0005463744267483359
0.0006131215273279679
0.0006880962283351124
0.0007721566708909354
0.0008658381883591133
0.0009709718985232046
0.0010889112725481378
0.0012200212937776955
0.0013670100195610033
0.0015317948965818346
0.0017148911166066318
0.001919714735957504
0.002149066929984874
0.002403945434594721
0.0026882849879694875
0.003006250957793006
0.003359622928313678
0.00375265048169126
0.004191487382233759
0.004679149016785701
0.005219721939123214
0.00582223860359273
0.006491628557584336
0.00723086857430966
0.008053129726941624
0.008966255663812258
0.009970392423767351
0.01108461842738946
0.012320422547077416
0.013674332137320593
0.015171623558103356
0.016827361290854475
0.018638229218622633
0.020630446420328404
0.022825734884715523
0.025221510331508566
0.027841270929766425
0.0307160590040286
0.03384505017721522
0.037242518639092885
0.0409525499695312
0.044977925528431516
0.0493132700452248
0.05402104455799593
0.05911096864272259
0.0645429245845604
0.07040560885935021
0.07672162516773365
0.08339693948187503
0.09055824997578751
0.09823144338476682
0.10630805035139232
0.11491066086308326
0.12409153211411966
0.1337524521748406
0.14399678384471812
0.15492868005198804
0.16648837140648623
0.1787575949743858
0.19192001321551505
0.20598468305070627
0.22101104040504396
0.23728208182869204
0.25489125668565266
0.2738542519027893
0.2945519608676206
0.31714783108152517
0.3415269657656968
0.368145514964375
0.3971619687536314
0.42821616458916534
0.46172176207781995
0.49771730486188553
0.5355106665325321
0.5752070687623543
0.6166818076349149
0.6587976248294455
0.7011269993210094
0.7434501416088775
0.7843184740288739
0.822705271312223
0.8586465757802748
0.8909144113794373
0.9182803337168761
0.9415457013495397
0.9603576908211556
0.9740428849199011
0.9841500599619399
0.9911778845962498
###
1e-05
1.1768119524349992e-05
1.3848863713938717e-05
1.6297508346206434e-05
1.917910261672489e-05
2.2570197196339216e-05
2.656087782946684e-05
3.1257158496882356e-05
3.678379771828634e-05
4.328761281083062e-05
5.0941380148163754e-05
5.994842503189409e-05
7.054802310718646e-05
8.302175681319735e-05
9.770099572992247e-05
0.00011497569953977356
0.00013530477745798074
0.00015922827933410923
0.0001873817422860383
0.00022051307399030456
0.00025950242113997375
0.0003053855508833416
0.00035938136638046257
0.0004229242874389499
0.0004977023564332109
0.0005857020818056661
0.0006892612104349695
0.0008111308307896872
0.0009545484566618337
0.0011233240329780276
0.0013219411484660286
0.0015556761439304723
0.0018307382802953678
0.002154434690031882
0.0025353644939701114
0.0029836472402833374
0.003511191734215131
0.004132012400115334
0.004862601580065354
0.005722367659350214
0.006734150657750821
0.007924828983539169
0.0093260334688322
0.010974987654930556
0.01291549665014884
0.01519911082952933
0.01788649529057435
0.0210490414451202
0.02477076355991709
0.029150530628251757
0.034304692863149154
0.040370172585965536
0.047508101621027934
0.05590810182512223
0.06579332246575675
0.0774263682681127
0.09111627561154886
0.10722672220103231
0.1261856883066021
0.14849682622544635
0.1747528400007683
0.20565123083486514
0.24201282647943834
0.2848035868435799
0.3351602650938841
0.3944206059437656
0.46415888336127725
0.5462277217684337
0.642807311728432
0.7564633275546291
0.8902150854450375
1.0476157527896641
1.232846739442066
1.4508287784959402
1.7073526474706886
2.009233002565046
2.364489412645407
2.782559402207126
3.274549162877725
3.8535285937105273
4.534878508128582
5.3366992312063015
6.280291441834247
7.390722033525775
8.697490026177835
10.235310218990248
12.045035402587812
14.174741629268048
16.68100537200059
19.630406500402685
23.10129700083158
27.1858824273294
31.992671377973846
37.64935806792464
44.30621457583877
52.14008287999685
61.35907273413163
72.20809018385457
84.97534359086438
100.0
###
5.458068518663456
4.924322152082452
4.354869058174302
3.749437889280448
3.1156068319102292
2.474296931244542
2.0078050308100033
1.4427518920237292
0.9752774891718256
0.6217977814812672
21.73676154288418
19.332752961371767
16.782005024044427
14.10985830087593
11.390964348757317
8.760357081482057
6.936103552579956
4.836497734191453
3.1913346657624118
2.001883406483041
36.647588143057966
32.37615246033534
27.862673589115094
23.1764733546625
18.47892010899975
14.02626700709597
10.999912939455653
7.586999747093784
4.966887239622778
3.102316487595839
50.85780559176473
44.72296032162708
38.2626162534041
31.59828453990487
24.990892678617758
18.81128265571738
14.665164475530718
10.048686950261102
6.548561314620801
4.081245559252455
64.58947621618177
56.59562252602983
48.20203129372555
39.59068090457377
31.12149663603921
23.271193455729993
18.074422750195726
12.327204583788983
8.008306328376673
4.984096504825602
77.95690039484164
68.10805458088242
57.793647555609894
47.2603671994136
36.97079476344221
27.511526962051583
21.29738112625936
14.473533271933166
9.380611800427905
5.832483784781421
91.03000637401914
79.33042493828856
67.10647361441256
54.67321749205933
42.59741605247743
31.572353746720815
24.375232874339368
16.51754422094122
10.685474663694377
6.638775581561035
103.85644428300155
90.30997698622971
76.18654015884754
61.87295062263659
48.04249101619674
35.48678289554592
27.335001872419625
18.478596076591717
11.938700548620329
7.411655362587086
116.47038078510066
101.08114700216207
85.06743096625809
68.89152066818524
53.328372867492874
39.276807878516486
30.19569072327305
20.370525498104033
13.140903617989338
8.155988890126492
128.8977468393284
111.66886725136834
93.77330331625926
75.75185622013738
58.48166213307978
42.96077421164421
32.9713651926665
22.20324548843787
14.307199663317169
8.876363721224083
141.15886874761998
122.0941994443287
102.3268680847522
82.47262597619375
63.516687376014595
46.55153004609117
35.67285404292792
23.98436676440325
15.439940507500582
9.576079715104735
153.27008085022635
132.37308390617795
110.74095442384943
89.06922578392644
68.44633109601403
50.0595812970404
38.30880416749882
25.72107979186822
16.542918747782473
10.257382520218494
165.24482937992957
142.51881015236683
119.02928878174278
95.55244161178778
73.28110253889133
53.493547051078735
40.885603435162764
27.4153566063627
17.619500676270764
10.922145181809249
177.09503929267046
152.5426671040074
127.20271231497397
101.93245186179006
78.02964612886903
56.86016691445475
43.409446106663836
29.073847120536016
18.67171484225525
11.572291552284634
188.82818053225793
162.4539211871946
135.27048771148745
108.21858586747409
82.6992796267898
60.16554076812727
45.8849463400939
30.699066892677425
19.702845973125957
12.209068593405684