# datat/BKevo/GBW_BKevo/gbw15.dat
# N(r,Y=0), r, *F2(x,Q^2)
# 1e-05 < r < 100.0
# 1 < Q^2 < 50, n=15, log grid
# 1e-5 < x < 1e-2, n=10, log grid
###
1.110223024625157e-16
1.110223024625157e-16
2.494782770345731e-16
3.9530782302691526e-16
6.409671830972836e-16
9.76765387773107e-16
1.5592385513645406e-15
2.4254045745024843e-15
3.883330678851352e-15
6.081306304409063e-15
9.566473685307481e-15
1.5063022660504022e-14
2.391241999941516e-14
3.7574447484743495e-14
5.900680304541708e-14
9.36754139481015e-14
1.475617590439309e-13
2.311663835428109e-13
3.6759228695344517e-13
5.798053389022518e-13
9.079416675254673e-13
1.442187443810052e-12
2.2773730849977215e-12
3.570188563148682e-12
5.656855413441701e-12
8.943884723552277e-12
1.4035788792883102e-11
2.218370214371513e-11
3.511905746638628e-11
5.5172215321703123e-11
8.697510622425995e-11
1.3787264192601673e-10
2.1683799706745035e-10
3.4092301998191314e-10
5.411670891605487e-10
8.52081931778214e-10
1.336026592741148e-09
2.123732668409957e-09
3.3477746212167837e-09
5.240589960536372e-09
8.332611019096159e-09
1.3150979799073645e-08
2.060725069305477e-08
3.2686811487402884e-08
5.165175308917052e-08
8.102079499540901e-08
1.2819511571981517e-07
2.0283131325009396e-07
3.1849885463430996e-07
5.026607813213648e-07
7.963531429305914e-07
1.2518502883152516e-06
1.9705161581194176e-06
3.1260407027698503e-06
4.919578202358425e-06
7.722940568182797e-06
1.2268693798718744e-05
1.9329949245980672e-05
3.0260573161900315e-05
4.8140425179530076e-05
7.593675543939694e-05
0.0001189358169759986
0.00018884673960712796
0.0002982375244815454
0.00046756341724135783
0.0007405023782527676
0.0011707143790220618
0.0018368722052096934
0.0029006343592836207
0.00458870495011666
0.007200527044911635
0.011323335092477923
0.017890020784155292
0.027995994197516
0.043648935159548284
0.06835031154917715
0.10548477456775132
0.16043569258540802
0.24195073364631547
0.35346628846122385
0.49642435440149274
0.6589315747640054
0.814055620813289
0.9308161859689604
0.9835896355067834
0.99795499001845
0.999933676266129
0.9999998607743845
0.9999999998634661
0.9999999999999947
1.0
1.0
1.0
1.0
1.0
1.0
1.0
1.0
1.0
1.0
###
1e-05
1.1768119524349992e-05
1.3848863713938717e-05
1.6297508346206434e-05
1.917910261672489e-05
2.2570197196339216e-05
2.656087782946684e-05
3.1257158496882356e-05
3.678379771828634e-05
4.328761281083062e-05
5.0941380148163754e-05
5.994842503189409e-05
7.054802310718646e-05
8.302175681319735e-05
9.770099572992247e-05
0.00011497569953977356
0.00013530477745798074
0.00015922827933410923
0.0001873817422860383
0.00022051307399030456
0.00025950242113997375
0.0003053855508833416
0.00035938136638046257
0.0004229242874389499
0.0004977023564332109
0.0005857020818056661
0.0006892612104349695
0.0008111308307896872
0.0009545484566618337
0.0011233240329780276
0.0013219411484660286
0.0015556761439304723
0.0018307382802953678
0.002154434690031882
0.0025353644939701114
0.0029836472402833374
0.003511191734215131
0.004132012400115334
0.004862601580065354
0.005722367659350214
0.006734150657750821
0.007924828983539169
0.0093260334688322
0.010974987654930556
0.01291549665014884
0.01519911082952933
0.01788649529057435
0.0210490414451202
0.02477076355991709
0.029150530628251757
0.034304692863149154
0.040370172585965536
0.047508101621027934
0.05590810182512223
0.06579332246575675
0.0774263682681127
0.09111627561154886
0.10722672220103231
0.1261856883066021
0.14849682622544635
0.1747528400007683
0.20565123083486514
0.24201282647943834
0.2848035868435799
0.3351602650938841
0.3944206059437656
0.46415888336127725
0.5462277217684337
0.642807311728432
0.7564633275546291
0.8902150854450375
1.0476157527896641
1.232846739442066
1.4508287784959402
1.7073526474706886
2.009233002565046
2.364489412645407
2.782559402207126
3.274549162877725
3.8535285937105273
4.534878508128582
5.3366992312063015
6.280291441834247
7.390722033525775
8.697490026177835
10.235310218990248
12.045035402587812
14.174741629268048
16.68100537200059
19.630406500402685
23.10129700083158
27.1858824273294
31.992671377973846
37.64935806792464
44.30621457583877
52.14008287999685
61.35907273413163
72.20809018385457
84.97534359086438
100.0
###
0.6979332350313744
0.5830262714607635
0.48484157831883523
0.4017146879662025
0.33183725221883664
0.2733988792817223
0.2360474038887693
0.19359624168682288
0.1582038980153671
0.12865904735466824
1.7148530132716264
1.3677329774791032
1.082193377205436
0.8492596181690727
0.6604393646539656
0.5080825532466037
0.4137049639004873
0.3097185309220349
0.22623281086486483
0.15918624333988
2.335707659264487
1.8293984249035584
1.4196708563849842
1.0908673508425268
0.8287241259109935
0.6208061820312594
0.4940809289807179
0.35685207726193396
0.24906678329274978
0.16472007910138817
2.815052213623452
2.179960494336067
1.6714280101373908
1.2676019386245767
0.9491167408421132
0.6994040968505765
0.5488277751265691
0.3876780837257538
0.26300715993133095
0.16717664122275686
3.215352148927675
2.469601020610397
1.877023907165931
1.410164948807318
1.044885974215667
0.760911940585852
0.5910548685438098
0.41084487508659556
0.2730628005101951
0.16860511094558653
3.563676669839787
2.719666147673235
2.0531547133277424
1.5310974852663206
1.1252956739443964
0.811951134824268
0.6257367251751702
0.42956066819184097
0.2809671894218483
0.1695555840726988
3.874603034545215
2.941488117357054
2.208256828490619
1.6369019060986136
1.1950860744718304
0.8558407497123807
0.6553184708897903
0.44532398998806216
0.2874852530557687
0.1702414838347492
4.157031513650008
3.141947622199837
2.3476806383911586
1.7314267194980466
1.2570339070607328
0.8945274750082782
0.6812445828847977
0.4589747659513826
0.2930585615054523
0.17076384783779577
4.416853330509126
3.3255654505974013
2.474814587244961
1.8171851337275748
1.3129241762486115
0.9292003073168655
0.7043370251449257
0.4710412543214504
0.2978818428705813
0.17118002711644698
4.658215537147178
3.495485687402055
2.5920007951616633
1.8958799656646623
1.3639652880696633
0.9606875801670146
0.7252168141354202
0.4818622518944213
0.3021720265650361
0.17151264776853095
4.884142420797947
3.653971725352484
2.7008358355889324
1.9687642485528813
1.4110410662581343
0.9895951676004082
0.744319533590386
0.491690064457088
0.30602948752000814
0.17179160253242984
5.096927941832906
3.8028498856140813
2.8028020598904875
2.0367614675200256
1.4547936360225786
1.01634866136948
0.7619187905985455
0.5007064963414037
0.3095359574652874
0.172026151227288
5.298405811840444
3.943404095237816
2.8987906169147326
2.1005818565414414
1.4957187594339347
1.0412771135107792
0.7782639824720576
0.5090205065380471
0.3127487950937523
0.1722273567138274
5.489937388699623
4.076711397164184
2.9896001826967487
2.160791880147762
1.5342089957310177
1.064640240856063
0.7935376459079562
0.5167554639108145
0.31571478747507226
0.17240197064161844
5.672695716939705
4.203639865835503
3.0758638262051226
2.2178446976681623
1.570565205176717
1.0866377566858367
0.8078785725200586
0.5239811753315282
0.31847386084552354
0.17255347240997662