# datat/BKevo/GBW_BKevo/gbw12.dat
# N(r,Y=0), r, *F2(x,Q^2)
# 1e-05 < r < 100.0
# 1 < Q^2 < 50, n=15, log grid
# 1e-5 < x < 1e-2, n=10, log grid
###
3.9689690773721603e-10
5.1432630080822e-10
6.680776453833874e-10
8.671738417480123e-10
1.1239831027729053e-09
1.4592785046757694e-09
1.89460875093144e-09
2.456217835883936e-09
3.187371769203736e-09
4.1392114561206785e-09
5.367350364791558e-09
6.961620439398412e-09
9.04274294890543e-09
1.172839990776805e-08
1.520445274945745e-08
1.9754545686691636e-08
2.5627318133686694e-08
3.3205792153725395e-08
4.3153694240664334e-08
5.5995475449923866e-08
7.255611637151974e-08
9.426549807662433e-08
1.2234547079544238e-07
1.585626866913631e-07
2.059070309951915e-07
2.6730546262521384e-07
3.4650869939818647e-07
4.4975185928794904e-07
5.839995717773411e-07
7.572046340504201e-07
9.823310570102504e-07
1.2758562086670345e-06
1.6546194254796704e-06
2.145485525972179e-06
2.7872449457979326e-06
3.615500265697365e-06
4.685713260241688e-06
6.088808567052053e-06
7.899937143079123e-06
1.023539251240114e-05
1.330064193028208e-05
1.7260884124190282e-05
2.2368394005515795e-05
2.9053251998102945e-05
3.771247948819501e-05
4.88819185346503e-05
6.345945507959708e-05
8.239231486376854e-05
0.00010681713159134857
0.00013860290415725917
0.00017999539530379319
0.00023340194596452565
0.00030269972152836356
0.00039318343559922566
0.0005099421497145817
0.0006609861588093698
0.0008587326349278563
0.0011139124673883144
0.0014429904536307017
0.001874925616536994
0.002432257783930897
0.0031505740528005493
0.004091010862819341
0.0053065277347899556
0.006872265860849136
0.00891429420323055
0.011557076864109932
0.01495650187687818
0.019367682593838993
0.025074950550082797
0.03239211553044471
0.04181576066878613
0.05396056553985093
0.06941611289487931
0.08906962075333617
0.11409401575520026
0.14542018225283748
0.1843302069770055
0.23239138002356216
0.29041375710777145
0.3592265527371836
0.4384287949129175
0.5267465477531307
0.6215598206708774
0.7156590585721643
0.803550725032426
0.8795710143858159
0.9352504052188404
0.9704663125837594
0.9897598577960357
0.9974081461204016
0.9994823904597543
0.9999418892635171
0.9999977275529618
0.999999909292984
0.9999999986182543
0.9999999999995859
0.9999999999999994
1.0
1.0
###
1e-05
1.1768119524349992e-05
1.3848863713938717e-05
1.6297508346206434e-05
1.917910261672489e-05
2.2570197196339216e-05
2.656087782946684e-05
3.1257158496882356e-05
3.678379771828634e-05
4.328761281083062e-05
5.0941380148163754e-05
5.994842503189409e-05
7.054802310718646e-05
8.302175681319735e-05
9.770099572992247e-05
0.00011497569953977356
0.00013530477745798074
0.00015922827933410923
0.0001873817422860383
0.00022051307399030456
0.00025950242113997375
0.0003053855508833416
0.00035938136638046257
0.0004229242874389499
0.0004977023564332109
0.0005857020818056661
0.0006892612104349695
0.0008111308307896872
0.0009545484566618337
0.0011233240329780276
0.0013219411484660286
0.0015556761439304723
0.0018307382802953678
0.002154434690031882
0.0025353644939701114
0.0029836472402833374
0.003511191734215131
0.004132012400115334
0.004862601580065354
0.005722367659350214
0.006734150657750821
0.007924828983539169
0.0093260334688322
0.010974987654930556
0.01291549665014884
0.01519911082952933
0.01788649529057435
0.0210490414451202
0.02477076355991709
0.029150530628251757
0.034304692863149154
0.040370172585965536
0.047508101621027934
0.05590810182512223
0.06579332246575675
0.0774263682681127
0.09111627561154886
0.10722672220103231
0.1261856883066021
0.14849682622544635
0.1747528400007683
0.20565123083486514
0.24201282647943834
0.2848035868435799
0.3351602650938841
0.3944206059437656
0.46415888336127725
0.5462277217684337
0.642807311728432
0.7564633275546291
0.8902150854450375
1.0476157527896641
1.232846739442066
1.4508287784959402
1.7073526474706886
2.009233002565046
2.364489412645407
2.782559402207126
3.274549162877725
3.8535285937105273
4.534878508128582
5.3366992312063015
6.280291441834247
7.390722033525775
8.697490026177835
10.235310218990248
12.045035402587812
14.174741629268048
16.68100537200059
19.630406500402685
23.10129700083158
27.1858824273294
31.992671377973846
37.64935806792464
44.30621457583877
52.14008287999685
61.35907273413163
72.20809018385457
84.97534359086438
100.0
###
0.9873025101958733
0.8252235603058657
0.6833775612630647
0.5610608321095272
0.45697281267262535
0.3694082990747624
0.3134465514008726
0.25017674860798556
0.19811712978451554
0.1554705025634338
2.6798422032998013
2.153924531872697
1.7133626718838981
1.3494073784787588
1.0524314628521045
0.8126786935021937
0.6648478576497191
0.5034853295966103
0.3760605615311404
0.2759940540321042
3.802150468874877
3.008972597756591
2.356085269150091
1.825862474378576
1.400382964066303
1.0624851521864926
0.8571185791923623
0.6361859331673887
0.46467165975967245
0.33239660581409636
4.702913417289571
3.6858387574849627
2.857824876054701
2.1925002955756807
1.6641565253948687
1.2488776098466414
0.9987659963720497
0.7321456831602235
0.5274091047975061
0.3713423512298814
5.474783471693414
4.260645986015466
3.2800309144671504
2.4981797131203707
1.8819347611474453
1.401215999239019
1.1135919021432297
0.8090118801450329
0.5770037897767873
0.40164757806528917
6.159467163402131
4.767141020189363
3.6495581266857067
2.7638828854719004
2.06990299845823
1.5317295799718649
1.2113533892603368
0.8738955652857393
0.6184509039867783
0.42670284104591394
6.780063937271886
5.223811893037511
3.980983226374468
3.000887296200302
2.2366298850274644
1.6467610116109561
1.2971709725126506
0.9304526620418954
0.6543097656626006
0.4481890117602764
7.350984339285727
5.642107002195751
4.283223908350128
3.2160636399706215
2.387298574332118
1.750226234609014
1.3740237719211874
0.9808381795546793
0.6860618009867449
0.4670859377508661
7.8819688886877355
6.029687281013466
4.562234374523827
3.4139507987076394
2.525319409769243
1.8446274687653113
1.443908892965375
1.0264402656966707
0.7146497973243335
0.48399204225473824
8.379850426976631
6.391974647745049
4.822195548403081
3.5977208908730445
2.6530569777944586
1.9316280379448443
1.5081723157069546
1.0682019530581452
0.7407105280359534
0.49932496807934756
8.849842772698038
6.732982431735319
5.066239022696904
3.769709215047665
2.772248744477182
2.012664786190986
1.5678012234257628
1.1068063697378228
0.7647123336432119
0.5133857872661538
9.295828864490838
7.0557582668683425
5.29661843557278
3.9316765889681604
2.8841954896303172
2.088424729324889
1.6235254194922475
1.1427712705345772
0.7869923550739784
0.5263873421338808
9.720909063287067
7.362716934342148
5.515205232226576
4.084991182772361
2.9898723254559334
2.1598488539914915
1.675909062224704
1.1764812448462685
0.8078096164981352
0.5384918496445997
10.127582979849704
7.655653001029031
5.723381377732401
4.230748073239256
3.0901553076782617
2.227451769136717
1.725405404294317
1.208244033883578
0.8273691121308366
0.5498280776570729
10.5178535857714
7.936377744981201
5.922553236072577
4.369842775241754
3.1856410106874486
2.291683738709716
1.7724041186329544
1.2383034754671995
0.8458286512144092
0.5604973320804367