# datat/BKevo/MVe_BKevo/mve47.dat
# N(r,Y=0), r, *F2(x,Q^2)
# 1e-05 < r < 100.0
# 1 < Q^2 < 50, n=15, log grid
# 1e-5 < x < 1e-2, n=10, log grid
###
9.732517556179117e-11
1.3276755673823306e-10
1.8188068760826932e-10
2.4878251594624947e-10
3.3934572756626463e-10
4.642268544052121e-10
6.349266408490599e-10
8.659373531193993e-10
1.182901107865988e-09
1.6176521481960458e-09
2.2058292512525928e-09
3.0087602168957033e-09
4.113863095799397e-09
5.608444331281877e-09
7.638202468343084e-09
1.0441433312114872e-08
1.4231148498818537e-08
1.935091877583864e-08
2.6445911358121687e-08
3.603360859133316e-08
4.896430760708936e-08
6.683329389039503e-08
9.103261518996295e-08
1.236544969227795e-07
1.6851004854308333e-07
2.294450586430692e-07
3.115519946207541e-07
4.238888661043672e-07
5.769845188749015e-07
7.831998696081108e-07
1.063962866610184e-06
1.4479001583899618e-06
1.964971415876499e-06
2.6656819994818336e-06
3.6275325935854454e-06
4.923189994172009e-06
6.671459421720367e-06
9.081964923065728e-06
1.233162985744843e-05
1.6706449457157438e-05
2.2755643030162674e-05
3.0932504043513946e-05
4.1960404213092344e-05
5.717911002303792e-05
7.787534855784202e-05
0.00010586117892343402
0.00014443086020680693
0.00019724588573756795
0.00026888858315180403
0.00036750675383066464
0.0005035389675109456
0.0006886454901807632
0.0009430154779999776
0.0012963933432115582
0.0017785031291226918
0.0024392170745947453
0.003362943995313993
0.00462516768240574
0.006347935292638273
0.008768318959866728
0.01207533935080034
0.01658209175890044
0.022876344676453796
0.03147476179734004
0.043133161738766315
0.05919647147573876
0.08096433559540439
0.11002279442925744
0.14891547550618617
0.2000513779674445
0.26544282263374286
0.34724879350291304
0.4455801285985881
0.5576736800668176
0.6767156411057681
0.7884697082344575
0.8829321660999068
0.949968294493698
0.9827580444372346
0.9960912889617253
0.9996308003622547
0.999974135605852
0.9999991689282405
0.9999999958273641
0.9999999999991744
0.9999999999999998
1.0
1.0
1.0
1.0
1.0
1.0
1.0
1.0
1.0
1.0
1.0
1.0
1.0
1.0
###
1e-05
1.1768119524349992e-05
1.3848863713938717e-05
1.6297508346206434e-05
1.917910261672489e-05
2.2570197196339216e-05
2.656087782946684e-05
3.1257158496882356e-05
3.678379771828634e-05
4.328761281083062e-05
5.0941380148163754e-05
5.994842503189409e-05
7.054802310718646e-05
8.302175681319735e-05
9.770099572992247e-05
0.00011497569953977356
0.00013530477745798074
0.00015922827933410923
0.0001873817422860383
0.00022051307399030456
0.00025950242113997375
0.0003053855508833416
0.00035938136638046257
0.0004229242874389499
0.0004977023564332109
0.0005857020818056661
0.0006892612104349695
0.0008111308307896872
0.0009545484566618337
0.0011233240329780276
0.0013219411484660286
0.0015556761439304723
0.0018307382802953678
0.002154434690031882
0.0025353644939701114
0.0029836472402833374
0.003511191734215131
0.004132012400115334
0.004862601580065354
0.005722367659350214
0.006734150657750821
0.007924828983539169
0.0093260334688322
0.010974987654930556
0.01291549665014884
0.01519911082952933
0.01788649529057435
0.0210490414451202
0.02477076355991709
0.029150530628251757
0.034304692863149154
0.040370172585965536
0.047508101621027934
0.05590810182512223
0.06579332246575675
0.0774263682681127
0.09111627561154886
0.10722672220103231
0.1261856883066021
0.14849682622544635
0.1747528400007683
0.20565123083486514
0.24201282647943834
0.2848035868435799
0.3351602650938841
0.3944206059437656
0.46415888336127725
0.5462277217684337
0.642807311728432
0.7564633275546291
0.8902150854450375
1.0476157527896641
1.232846739442066
1.4508287784959402
1.7073526474706886
2.009233002565046
2.364489412645407
2.782559402207126
3.274549162877725
3.8535285937105273
4.534878508128582
5.3366992312063015
6.280291441834247
7.390722033525775
8.697490026177835
10.235310218990248
12.045035402587812
14.174741629268048
16.68100537200059
19.630406500402685
23.10129700083158
27.1858824273294
31.992671377973846
37.64935806792464
44.30621457583877
52.14008287999685
61.35907273413163
72.20809018385457
84.97534359086438
100.0
###
1.8762045572598114
1.6917444432199684
1.5233634847308064
1.371639332626944
1.2367031572872456
1.1182387433771712
1.0397776770084668
0.9483546793473626
0.870905794641554
0.8065628627587368
5.817837599783367
5.070908166798367
4.403776019131602
3.8153219514944285
3.302034008075485
2.858827822883859
2.568658372965719
2.2326425621187083
1.948652842059668
1.7098281642459658
8.686251838822775
7.453812460356196
6.366472366545021
5.418747517267646
4.601521036423609
3.903277471010188
3.449730376699661
2.928238182402391
2.4899021958922445
2.122648088382813
11.084578756451409
9.41344634058997
7.952058342964679
6.689335892267768
5.609266879262908
4.69357575843618
4.102671299774659
3.426859731717805
2.8620323854394587
2.3908420254428675
13.193043818280294
11.116980542662612
9.313945133197828
7.76633739690948
6.4512332154502765
5.3428724276462285
4.631539108449793
3.8217159555361193
3.1484387040007906
2.5892858024295653
15.098082891732632
12.642914487043788
10.522723484112527
8.712843316404761
7.183056316034154
5.900373955286672
5.080630476312765
4.151450161327323
3.3821908456288527
2.746246090783539
16.849347925531383
14.035979517517882
11.618232402787271
9.563864161660543
7.8352951652110345
6.392369448252922
5.473642518112668
4.435928144749388
3.580306271920598
2.875864951980846
18.47885294414567
15.324835463769256
12.62552141221633
10.34119960748272
8.42673714394189
6.834727136416539
5.824527745514827
4.686955617453785
3.7527416454846816
2.9861387473459455
20.00866386280734
16.52884573463208
13.561600617388718
11.059514400377493
8.969890672078938
7.238222420527099
6.142595040687251
4.912550234807899
3.9055338100806885
3.0821126071449894
21.454401280899344
17.66208600037797
14.438520944118276
11.729219655543673
9.47355165517173
7.610048909694497
6.434182282241085
5.1175246198095365
4.0429392277452285
3.1670463908202637
22.829239290066482
18.734794797887915
15.265582907672913
12.358050592809748
9.944215008200445
7.9556069099187665
6.70394167822353
5.305723635544486
4.167879929986856
3.2431887280113374
24.141596734572683
19.755715744209898
16.0496662543978
12.95194899225255
10.386783315842969
8.27899766389479
6.955336625284173
5.479963745666362
4.282554100914956
3.3121250891965945
25.399275811633036
20.731028473433106
16.796272413436377
13.51527026248365
10.805121048216233
8.583330171361201
7.191164852951144
5.642365469548046
4.388600460957506
3.3752047018893854
26.608319974977686
21.666287228093584
17.509818451214915
14.052019364150626
11.20220518603739
8.871040466764656
7.413343493571432
5.794660105142602
4.487287265305412
3.4331647178479145
27.773599336053536
22.5651746481809
18.194175476459588
14.565305742433166
11.580616276714045
9.144243332054794
7.623103439136534
5.938001247739189
4.579606621536131
3.486899364916784