# datat/BKevo/GBW_BKevo/gbw7.dat
# N(r,Y=0), r, *F2(x,Q^2)
# 1e-05 < r < 100.0
# 1 < Q^2 < 50, n=15, log grid
# 1e-5 < x < 1e-2, n=10, log grid
###
0.0
0.0
0.0
0.0
0.0
0.0
0.0
0.0
0.0
0.0
0.0
1.110223024625157e-16
1.110223024625157e-16
1.9241154399979998e-16
3.3954460863694627e-16
5.249843825018884e-16
8.93458333865997e-16
1.4511976855674602e-15
2.4602404575402672e-15
4.202369957104612e-15
6.908166886175988e-15
1.180451929387385e-14
1.99391901135898e-14
3.3287812310415295e-14
5.638654735966512e-14
9.517995924218814e-14
1.591023049067376e-13
2.6857213738429797e-13
4.5437131524943295e-13
7.606050034682371e-13
1.2796470005293174e-12
2.1689871618080404e-12
3.6360151766736474e-12
6.094247641990423e-12
1.0349721946717057e-11
1.7377468196556455e-11
2.901355566045766e-11
4.9372763149302067e-11
8.303199228491707e-11
1.383082833657612e-10
2.354629378135683e-10
3.966483426295761e-10
6.61608906191702e-10
1.122612878922178e-09
1.894361096701488e-09
3.1642408069685885e-09
5.3506382074595246e-09
9.045104098679583e-09
1.5130397293287297e-08
2.5494377164687164e-08
4.3177211263604476e-08
7.233377165161486e-08
1.2143430727102956e-07
2.0605452540481316e-07
3.457316390670228e-07
5.782174110587097e-07
9.830878744391102e-07
1.6521191342966877e-06
2.75224924684466e-06
4.6890039322024695e-06
7.893034153714323e-06
1.3157636446249143e-05
2.235837449533521e-05
3.7699856242361525e-05
6.293213854877093e-05
0.00010657492140869221
0.0001800135463225074
0.00030091177563295257
0.0005077671276632481
0.0008590950342834445
0.0014378624129380395
0.0024165762729531997
0.004093426099876751
0.006854037420785461
0.011455540884098904
0.019376024603740712
0.03232257960211697
0.053369376587199195
0.08899243091570627
0.14501768154315764
0.23016513500901306
0.35707327913758413
0.5231431331551928
0.7120018314336948
0.8723547985035238
0.9651506985892626
0.9964140411371875
0.9999236004762628
0.9999994773777358
0.9999999997685304
1.0
1.0
1.0
1.0
1.0
1.0
1.0
1.0
1.0
1.0
###
1e-05
1.1768119524349992e-05
1.3848863713938717e-05
1.6297508346206434e-05
1.917910261672489e-05
2.2570197196339216e-05
2.656087782946684e-05
3.1257158496882356e-05
3.678379771828634e-05
4.328761281083062e-05
5.0941380148163754e-05
5.994842503189409e-05
7.054802310718646e-05
8.302175681319735e-05
9.770099572992247e-05
0.00011497569953977356
0.00013530477745798074
0.00015922827933410923
0.0001873817422860383
0.00022051307399030456
0.00025950242113997375
0.0003053855508833416
0.00035938136638046257
0.0004229242874389499
0.0004977023564332109
0.0005857020818056661
0.0006892612104349695
0.0008111308307896872
0.0009545484566618337
0.0011233240329780276
0.0013219411484660286
0.0015556761439304723
0.0018307382802953678
0.002154434690031882
0.0025353644939701114
0.0029836472402833374
0.003511191734215131
0.004132012400115334
0.004862601580065354
0.005722367659350214
0.006734150657750821
0.007924828983539169
0.0093260334688322
0.010974987654930556
0.01291549665014884
0.01519911082952933
0.01788649529057435
0.0210490414451202
0.02477076355991709
0.029150530628251757
0.034304692863149154
0.040370172585965536
0.047508101621027934
0.05590810182512223
0.06579332246575675
0.0774263682681127
0.09111627561154886
0.10722672220103231
0.1261856883066021
0.14849682622544635
0.1747528400007683
0.20565123083486514
0.24201282647943834
0.2848035868435799
0.3351602650938841
0.3944206059437656
0.46415888336127725
0.5462277217684337
0.642807311728432
0.7564633275546291
0.8902150854450375
1.0476157527896641
1.232846739442066
1.4508287784959402
1.7073526474706886
2.009233002565046
2.364489412645407
2.782559402207126
3.274549162877725
3.8535285937105273
4.534878508128582
5.3366992312063015
6.280291441834247
7.390722033525775
8.697490026177835
10.235310218990248
12.045035402587812
14.174741629268048
16.68100537200059
19.630406500402685
23.10129700083158
27.1858824273294
31.992671377973846
37.64935806792464
44.30621457583877
52.14008287999685
61.35907273413163
72.20809018385457
84.97534359086438
100.0
###
0.4990039981000375
0.40602885492064633
0.3282040858255408
0.26356637830321633
0.2101998100095856
0.1662801008428639
0.13855784630154264
0.10738197297151837
0.08166986935903872
0.06035732951370484
1.163421719941579
0.9037700241687736
0.6949565788396105
0.5283239063422775
0.39617699265010314
0.29190793580971885
0.2286165934971901
0.16035347209665085
0.10701587658685179
0.06551732223908623
1.5555208118594712
1.1872119519368263
0.8958460748776884
0.6671990504642941
0.4890081309034179
0.3510082721009828
0.2687346309748051
0.18174408249271373
0.11554714158459177
0.06564084296775631
1.8540417130788343
1.3996729458246908
1.0439282403342456
0.7677263793981103
0.5548656680241808
0.3919722108453594
0.29599078969450227
0.1958065583705117
0.12087632839037347
0.06560827100089137
2.101192834867233
1.5737993853362031
1.164012027570307
0.8482986813117305
0.6069839092809756
0.4239225697418234
0.31698825853976176
0.20643084298961636
0.12479901763301476
0.06551838160132384
2.314915327985995
1.7232646090101134
1.2662695518576947
0.9163338724227487
0.6505673234169814
0.4503768720097523
0.33422061095652233
0.2150300417770283
0.12790776720029107
0.06543361906362667
2.504770730725882
1.855265668656956
1.3560387312095383
0.9756490470486746
0.6882903577199697
0.473083517411293
0.34891060010219505
0.22228372816528794
0.1304991010597951
0.065358003191213
2.676553174888903
1.974112530828916
1.4364384076423078
1.0284965746310384
0.7217024879838926
0.4930529478101203
0.36180846162861674
0.22857499130276326
0.13273057737006183
0.0652879768663957
2.8340736363352805
2.0826531166439115
1.509547157281192
1.076328048880075
0.7517883820493327
0.5109481531874446
0.37321445346030163
0.2341417221936435
0.13467926068941719
0.06523393890873184
2.979983640367994
2.182839085941736
1.5767726231230932
1.120131430154057
0.7792162024226309
0.527160952233685
0.3835664838468736
0.23913696993390263
0.13640836029553283
0.06517628075222583
3.1162325900447905
2.2761007038116943
1.6391469523383984
1.1606288364177266
0.8044767345006084
0.542038006943717
0.3930534831814283
0.24367724773256588
0.13797544281570198
0.06512615918407619
3.2442821312919765
2.363505626963447
1.697432974518606
1.1983435531047522
0.8279240379916181
0.5557978185913375
0.4017675489783518
0.24784078720296848
0.13940347448201676
0.06507933868874381
3.3652677083777824
2.445889123636463
1.7522224592242346
1.2336952350327126
0.8498299923125224
0.5686038787741179
0.40985716334023725
0.251687819948355
0.14071240000974589
0.06503522763156007
3.4800941080490126
2.5238815732473827
1.803987396452999
1.2670032401054163
0.8704104078249042
0.5805982799724536
0.4174145621321277
0.2552662022055177
0.14192835100527063
0.06499296788755296
3.5894879064979004
2.598046527778734
1.8530168586143239
1.2985198582959168
0.8898307875562527
0.5918821812239444
0.42445633125858834
0.2586111216530202
0.14305686263406497
0.0649524220767138