# datat/BKevo/GBW_BKevo/gbw4.dat
# N(r,Y=0), r, *F2(x,Q^2)
# 1e-05 < r < 100.0
# 1 < Q^2 < 50, n=15, log grid
# 1e-5 < x < 1e-2, n=10, log grid
###
1.2544250094568028e-12
1.7324830324907843e-12
2.4046348613046715e-12
3.332388120246673e-12
4.604428747757249e-12
6.3843661785743944e-12
8.851973790323705e-12
1.223621473679616e-11
1.6949430699237428e-11
2.3512319866967014e-11
3.2516025604252155e-11
4.4993817187266774e-11
6.244771850484173e-11
8.640049940241669e-11
1.194304103286916e-10
1.6584613174811124e-10
2.2956527881726322e-10
3.1698476536933465e-10
4.404132368769211e-10
6.099110776139429e-10
8.421976988518487e-10
1.1694489085657861e-09
1.6203036664970465e-09
2.2383614611945638e-09
3.105041518828123e-09
4.304229726084828e-09
5.9486555503387075e-09
8.243623143802904e-09
1.1433074377135425e-08
1.580808790409497e-08
2.188430319730586e-08
3.036676899471814e-08
4.200599697624477e-08
5.809121815271398e-08
8.064947054315295e-08
1.1161284428943122e-07
1.5418803708953544e-07
2.1417620368004648e-07
2.9654284561387895e-07
4.0940653704397525e-07
5.687311525212792e-07
7.878264413713814e-07
1.088134811403503e-06
1.510108679396587e-06
2.0928727766777164e-06
2.891898166027039e-06
4.0093493877175305e-06
5.559342453569728e-06
7.68519278207782e-06
1.0643951286778816e-05
1.4766276255290312e-05
2.042191400037427e-05
2.825484591535055e-05
3.9217764613490254e-05
5.4263104125409506e-05
7.499623270236507e-05
0.00010414844967801876
0.00014416874855110274
0.00019903582727314983
0.00027654484092028093
0.00038297897389104037
0.0005288291046930075
0.0007341442619305125
0.0010170940315987443
0.0014048713264542313
0.0019480328997081152
0.002699508157787869
0.003729167108932456
0.0051634016237717024
0.00715421147237518
0.009878996532700485
0.013648247183847502
0.018887633180205074
0.026033935746731234
0.035819269029794785
0.049369623787891524
0.06767195078469694
0.09227713408492565
0.12573683349091047
0.16974291157924487
0.2267133974837628
0.29974083589879097
0.38925718676627036
0.4946973432869851
0.6105421255878818
0.7279260434490744
0.8357044428678192
0.9169393182411179
0.9666919637590247
0.9910625513099498
0.9985784941652034
0.9998422392494724
0.9999929218577105
0.9999999719445155
0.9999999998548157
0.999999999999864
1.0
1.0
1.0
1.0
###
1e-05
1.1768119524349992e-05
1.3848863713938717e-05
1.6297508346206434e-05
1.917910261672489e-05
2.2570197196339216e-05
2.656087782946684e-05
3.1257158496882356e-05
3.678379771828634e-05
4.328761281083062e-05
5.0941380148163754e-05
5.994842503189409e-05
7.054802310718646e-05
8.302175681319735e-05
9.770099572992247e-05
0.00011497569953977356
0.00013530477745798074
0.00015922827933410923
0.0001873817422860383
0.00022051307399030456
0.00025950242113997375
0.0003053855508833416
0.00035938136638046257
0.0004229242874389499
0.0004977023564332109
0.0005857020818056661
0.0006892612104349695
0.0008111308307896872
0.0009545484566618337
0.0011233240329780276
0.0013219411484660286
0.0015556761439304723
0.0018307382802953678
0.002154434690031882
0.0025353644939701114
0.0029836472402833374
0.003511191734215131
0.004132012400115334
0.004862601580065354
0.005722367659350214
0.006734150657750821
0.007924828983539169
0.0093260334688322
0.010974987654930556
0.01291549665014884
0.01519911082952933
0.01788649529057435
0.0210490414451202
0.02477076355991709
0.029150530628251757
0.034304692863149154
0.040370172585965536
0.047508101621027934
0.05590810182512223
0.06579332246575675
0.0774263682681127
0.09111627561154886
0.10722672220103231
0.1261856883066021
0.14849682622544635
0.1747528400007683
0.20565123083486514
0.24201282647943834
0.2848035868435799
0.3351602650938841
0.3944206059437656
0.46415888336127725
0.5462277217684337
0.642807311728432
0.7564633275546291
0.8902150854450375
1.0476157527896641
1.232846739442066
1.4508287784959402
1.7073526474706886
2.009233002565046
2.364489412645407
2.782559402207126
3.274549162877725
3.8535285937105273
4.534878508128582
5.3366992312063015
6.280291441834247
7.390722033525775
8.697490026177835
10.235310218990248
12.045035402587812
14.174741629268048
16.68100537200059
19.630406500402685
23.10129700083158
27.1858824273294
31.992671377973846
37.64935806792464
44.30621457583877
52.14008287999685
61.35907273413163
72.20809018385457
84.97534359086438
100.0
###
0.624760900768446
0.5104811455511176
0.41365330587605464
0.33255680216326405
0.2652543366394602
0.20983272157516072
0.17495431323846466
0.13599288626525205
0.10426115104892937
0.0784168822339294
1.5405978815917747
1.2077910017439966
0.9374293776022438
0.7201404405826044
0.5470327615574636
0.4102116231438889
0.32721924939174757
0.2379418111923371
0.1685078214729371
0.11476197241713255
2.1045702426330117
1.6236649638706153
1.2394403813103363
0.9356030824459091
0.6975134855826308
0.5124424345387033
0.4018844265527854
0.28485311590511814
0.19563099990533314
0.12811822866169775
2.542052845198384
1.9416591780104118
1.4669016266123236
1.0952928285561563
0.8070909668252186
0.5854258059102353
0.45430536647308173
0.3169065713745415
0.21351680920834779
0.13642398670214298
2.908656245524573
2.2056400823144835
1.6538818684693983
1.225205830806581
0.8952209655803716
0.6433766890295216
0.49547398743260607
0.34165673491042503
0.22701109462830105
0.14245955161872062
3.228493191405737
2.434346494321214
1.8147085444435638
1.3360641956176555
0.9698045861346051
0.6919628357935697
0.5297137292681006
0.3619805474836637
0.23790867829743173
0.14721783721716442
3.5146172528827866
2.637819025341166
1.9569712707152496
1.4335667980154119
1.0349416319207705
0.7340788649497019
0.5592093365064548
0.3793046649945627
0.24707729322538632
0.15109784423431452
3.774978080694001
2.8221362653956383
2.08519755847686
1.521001435535585
1.0930536308575678
0.77142159564826
0.5852239449890734
0.39447465549194216
0.2550287209615264
0.15441233110320235
4.0148755183959866
2.991318295599275
2.202452075062779
1.6005952694555652
1.1457072437714937
0.8050805914933189
0.6085694069952654
0.4080408509574592
0.2620231225496942
0.15729420239176994
4.238025436037564
3.1481640548813847
2.3107717977691227
1.673852632305025
1.193963666452966
0.8357907031153958
0.6297856003544862
0.4202425618381988
0.26830016273280294
0.15983704100113724
4.447170060502181
3.29473125421058
2.4116824150796976
1.7418772569974421
1.2386193707745465
0.8640926454859165
0.6492745376925667
0.431394320913358
0.273992473740122
0.16211745667526564
4.64437130388129
3.4325726961168668
2.5063207282801803
1.8054912261478304
1.2802387176685655
0.8903767962591147
0.6673172128448571
0.44166962993345543
0.2792055839399901
0.16418215042653214
4.831295443104297
3.5628836610777452
2.595567203276149
1.865332857164148
1.319268965405907
0.9149456286965661
0.6841351994429933
0.45120658492150356
0.2840150015235594
0.16606743160027151
5.009152197228737
3.686622087599307
2.6801226831824243
1.9218135894591701
1.3560599513263945
0.9380357637200111
0.6999011911236528
0.46011007277265276
0.2884826991225912
0.16780486106295972
5.178954689351698
3.804571085993066
2.7605467774909593
1.9754673578526587
1.390895629588936
0.9598363199417619
0.7147523095349516
0.46840581347449295
0.2926531161069345
0.1694121282674349