# datat/BKevo/GBW_BKevo/gbw1.dat
# N(r,Y=0), r, *F2(x,Q^2)
# 1e-05 < r < 100.0
# 1 < Q^2 < 50, n=15, log grid
# 1e-5 < x < 1e-2, n=10, log grid
###
7.540537815257335e-06
8.591382855980759e-06
9.784862725115058e-06
1.1145334751043885e-05
1.2698063852304953e-05
1.4463205682114173e-05
1.6473508220909844e-05
1.8767827920304825e-05
2.1378465638501773e-05
2.434899788967023e-05
2.7739101931471916e-05
3.160024311935926e-05
3.598966853584477e-05
4.099891511038486e-05
4.6709573826996834e-05
5.319563278203202e-05
6.059732886381658e-05
6.904344908138017e-05
7.862758210363609e-05
8.956433260351377e-05
0.00010204705139865025
0.00011621811474907642
0.00013237812905086862
0.0001508217902039937
0.00017177954294618616
0.00019565704193028277
0.00022290773671250293
0.0002539018795586566
0.0002891816342833655
0.00032944369111779484
0.00037527920541810745
0.0004274041899283978
0.00048688755263727966
0.0005546680343834921
0.0006316769749342143
0.0007195521576656271
0.0008197771908578978
0.0009335394262076631
0.0010633450002571695
0.0012114836263500525
0.0013795628546552174
0.0015712773320158665
0.0017900482122992333
0.002038480477755451
0.0023215665692190423
0.0026445643989495265
0.0030116586036383177
0.0034295238502164023
0.003906222922900402
0.00444842611042451
0.005064931847523214
0.00576807428363825
0.0065684103054707765
0.007477310464832663
0.008513592032849484
0.009693849928386384
0.011032349244450797
0.012557707543721557
0.014295836361107647
0.01626378319585024
0.01850490495757084
0.021057004725010185
0.023945819124759436
0.027229596135267136
0.030964801711220503
0.035191104633409555
0.039983218582335535
0.04542506331848527
0.05157633625248184
0.0585279187321424
0.06640271591065468
0.07528800586492443
0.08528334538750308
0.09656529491146075
0.1092569128334013
0.12344181323543596
0.13936737940661853
0.15719928286894375
0.17694373715503928
0.19893688355519515
0.22336843524958824
0.2500961739088514
0.27949986145337113
0.3117390110930716
0.34647681255323537
0.3839481318390443
0.4242452821756528
0.46671436464605015
0.5112003117666624
0.5576911989038884
0.6051397050693581
0.6527030525615202
0.7003525791833428
0.74678139439804
0.7903479406274367
0.8313571380058705
0.8687342192366887
0.900493286568997
0.9277739718821059
0.9503526907814529
###
1e-05
1.1768119524349992e-05
1.3848863713938717e-05
1.6297508346206434e-05
1.917910261672489e-05
2.2570197196339216e-05
2.656087782946684e-05
3.1257158496882356e-05
3.678379771828634e-05
4.328761281083062e-05
5.0941380148163754e-05
5.994842503189409e-05
7.054802310718646e-05
8.302175681319735e-05
9.770099572992247e-05
0.00011497569953977356
0.00013530477745798074
0.00015922827933410923
0.0001873817422860383
0.00022051307399030456
0.00025950242113997375
0.0003053855508833416
0.00035938136638046257
0.0004229242874389499
0.0004977023564332109
0.0005857020818056661
0.0006892612104349695
0.0008111308307896872
0.0009545484566618337
0.0011233240329780276
0.0013219411484660286
0.0015556761439304723
0.0018307382802953678
0.002154434690031882
0.0025353644939701114
0.0029836472402833374
0.003511191734215131
0.004132012400115334
0.004862601580065354
0.005722367659350214
0.006734150657750821
0.007924828983539169
0.0093260334688322
0.010974987654930556
0.01291549665014884
0.01519911082952933
0.01788649529057435
0.0210490414451202
0.02477076355991709
0.029150530628251757
0.034304692863149154
0.040370172585965536
0.047508101621027934
0.05590810182512223
0.06579332246575675
0.0774263682681127
0.09111627561154886
0.10722672220103231
0.1261856883066021
0.14849682622544635
0.1747528400007683
0.20565123083486514
0.24201282647943834
0.2848035868435799
0.3351602650938841
0.3944206059437656
0.46415888336127725
0.5462277217684337
0.642807311728432
0.7564633275546291
0.8902150854450375
1.0476157527896641
1.232846739442066
1.4508287784959402
1.7073526474706886
2.009233002565046
2.364489412645407
2.782559402207126
3.274549162877725
3.8535285937105273
4.534878508128582
5.3366992312063015
6.280291441834247
7.390722033525775
8.697490026177835
10.235310218990248
12.045035402587812
14.174741629268048
16.68100537200059
19.630406500402685
23.10129700083158
27.1858824273294
31.992671377973846
37.64935806792464
44.30621457583877
52.14008287999685
61.35907273413163
72.20809018385457
84.97534359086438
100.0
###
2.638739967730649
2.1879705231229485
1.7641072267324693
1.3807390670988684
1.0491934060698727
0.7752780323596121
0.6076660406201162
0.4305013178189366
0.2989229041925023
0.20406668633037392
9.244715729897335
7.406081034073772
5.7584781512752
4.345106908445519
3.187292923934581
2.27913728260742
1.7466188378060818
1.204563849195384
0.8169057483486345
0.5464010941266899
14.691235430104621
11.600670421776966
8.889136452064792
6.613185706128409
4.78755069629454
3.3837430069626957
2.572145651137925
1.7574834099910372
1.1824839313392708
0.7856309352354416
19.587870483563393
15.32476106175518
11.635195296431055
8.580733728783892
6.162371218672454
4.323769734909187
3.271710869137477
2.223353161600771
1.48902207977578
0.9854755244745093
24.127312902960515
18.74816614451365
14.139539774089062
10.362330496335243
7.399621374699476
5.166356245481437
3.8961166388720994
2.637556740075161
1.7607232367290968
1.1622593690174328
28.405216408037802
21.953941782564836
16.470945269803295
12.012266808914895
8.540357421369922
5.940052011257725
4.468265566111472
3.0161765666382845
2.0086161814940855
1.323275416614083
32.47836355837133
24.991028538015176
18.669458164418838
13.561832212108621
9.607998684221887
6.661422997230484
5.00127523288887
3.3682189669259954
2.2387579026530355
1.4725944474534478
36.38529170323773
27.891917991758955
20.761055369420667
15.031125833737608
10.617438699447447
7.342460938603732
5.503217985549547
3.6993477247990683
2.4550555700159826
1.6127264452345411
40.15104143041263
30.678238884187895
22.763851070835383
16.434164686346733
11.579203631696341
7.990078949551971
5.980065289589728
4.013421312137724
2.6598154701858103
1.7453934367566877
43.79510229500966
33.36695991426684
24.691141183453567
17.781033605174493
12.504193831989388
8.609487828555409
6.435724790793741
4.313225371321802
2.8551866728944506
1.871873104728132
47.33457759950891
35.97015601102983
26.55302991016603
19.079488619401427
13.387297221537057
9.204765215613255
6.873477769403136
4.600804361024303
3.042466090883224
1.993026161774592
50.78060788163052
38.49906569368793
28.35746923594915
20.335534888922986
14.243806458176286
9.779007699978383
7.295241291992226
4.877766348126104
3.222768587127068
2.1095897760264934
54.142960637718545
40.961907431788504
30.110817986687806
21.553989309790207
15.07349751284644
10.334704641527239
7.702778940827458
5.145407992478062
3.3968614952293783
2.222106985663087
57.429684069652374
43.36390288307003
31.81829529848981
22.738782837002542
15.879274414390167
10.873854453183604
8.098213686704476
5.404755393973992
3.5654710188240455
2.3310245697843577
60.64749614979951
45.71126155732813
33.48423521914431
23.8931807453656
16.663533474501694
11.398060099550234
8.482482142893739
5.656649591784956
3.7291630119525463
2.4367866980870208