# datat/BKevo/GBW_BKevo/gbw8.dat
# N(r,Y=0), r, *F2(x,Q^2)
# 1e-05 < r < 100.0
# 1 < Q^2 < 50, n=15, log grid
# 1e-5 < x < 1e-2, n=10, log grid
###
0.0
0.0
0.0
0.0
0.0
0.0
0.0
0.0
0.0
0.0
0.0
0.0
0.0
0.0
0.0
0.0
0.0
0.0
3.5081671075247023e-17
1.110223024625157e-16
1.110223024625157e-16
2.5179292802062656e-16
4.623630182357118e-16
8.579384449327378e-16
1.5033990426384448e-15
2.700776352987646e-15
4.742994545414477e-15
8.630546515679388e-15
1.5539120592408107e-14
2.7688887851883146e-14
4.968362479000844e-14
9.014236645450172e-14
1.6100851263919506e-13
2.8759030181502264e-13
5.226792236414602e-13
9.356427011687024e-13
1.6629715639660357e-12
3.0309211520314478e-12
5.4372923568449594e-12
9.633130079849883e-12
1.75693032312783e-11
3.1587912997313196e-11
5.6062414619107183e-11
1.0180301720414261e-10
1.8345284603454588e-10
3.261867923666108e-10
5.896405566124696e-10
1.0650953205638615e-09
1.8973554123413796e-09
3.413715375482404e-09
6.181696564992002e-09
1.1033555235644867e-08
1.975479894667337e-08
3.5865470153625513e-08
6.414498539792891e-08
1.1426537048625394e-07
2.0801236491763674e-07
3.728088581925814e-07
6.606084053162232e-07
1.2059775502107376e-06
2.1661143593849714e-06
3.841458006295584e-06
6.989068523219374e-06
1.2581776942685201e-05
2.2352899890396282e-05
4.048715439338227e-05
7.305564147680913e-05
0.00013002941679310625
0.00023442068942640116
0.0004239911439743642
0.0007559966152309714
0.0013560531568160966
0.0024576921584053726
0.0043873813183700604
0.007819424886486355
0.014168344037272726
0.025225485585618528
0.044375165695044023
0.07928501378423838
0.13765769730638694
0.23133891225720232
0.37780972275888847
0.5712074330735011
0.7810125638699053
0.9293197404098237
0.9888378839475789
0.9996037517695834
0.9999996179255962
0.9999999999331315
0.9999999999999999
1.0
1.0
1.0
1.0
1.0
1.0
1.0
1.0
1.0
1.0
###
1e-05
1.1768119524349992e-05
1.3848863713938717e-05
1.6297508346206434e-05
1.917910261672489e-05
2.2570197196339216e-05
2.656087782946684e-05
3.1257158496882356e-05
3.678379771828634e-05
4.328761281083062e-05
5.0941380148163754e-05
5.994842503189409e-05
7.054802310718646e-05
8.302175681319735e-05
9.770099572992247e-05
0.00011497569953977356
0.00013530477745798074
0.00015922827933410923
0.0001873817422860383
0.00022051307399030456
0.00025950242113997375
0.0003053855508833416
0.00035938136638046257
0.0004229242874389499
0.0004977023564332109
0.0005857020818056661
0.0006892612104349695
0.0008111308307896872
0.0009545484566618337
0.0011233240329780276
0.0013219411484660286
0.0015556761439304723
0.0018307382802953678
0.002154434690031882
0.0025353644939701114
0.0029836472402833374
0.003511191734215131
0.004132012400115334
0.004862601580065354
0.005722367659350214
0.006734150657750821
0.007924828983539169
0.0093260334688322
0.010974987654930556
0.01291549665014884
0.01519911082952933
0.01788649529057435
0.0210490414451202
0.02477076355991709
0.029150530628251757
0.034304692863149154
0.040370172585965536
0.047508101621027934
0.05590810182512223
0.06579332246575675
0.0774263682681127
0.09111627561154886
0.10722672220103231
0.1261856883066021
0.14849682622544635
0.1747528400007683
0.20565123083486514
0.24201282647943834
0.2848035868435799
0.3351602650938841
0.3944206059437656
0.46415888336127725
0.5462277217684337
0.642807311728432
0.7564633275546291
0.8902150854450375
1.0476157527896641
1.232846739442066
1.4508287784959402
1.7073526474706886
2.009233002565046
2.364489412645407
2.782559402207126
3.274549162877725
3.8535285937105273
4.534878508128582
5.3366992312063015
6.280291441834247
7.390722033525775
8.697490026177835
10.235310218990248
12.045035402587812
14.174741629268048
16.68100537200059
19.630406500402685
23.10129700083158
27.1858824273294
31.992671377973846
37.64935806792464
44.30621457583877
52.14008287999685
61.35907273413163
72.20809018385457
84.97534359086438
100.0
###
0.48668569790374033
0.3958067641198592
0.31984175240908314
0.25680625774679583
0.2047836269020692
0.1619715929801347
0.1349332350285747
0.1044913228137975
0.0793372413117577
0.05843301889103745
1.1275185877281197
0.8747452583349511
0.6716844617300163
0.5097710394993091
0.38142807565716536
0.2801725899681348
0.21870470923086527
0.1524005207576182
0.10058370021920901
0.06028990429270145
1.5041211905668366
1.1462459032659962
0.8635022505438639
0.6417679593723737
0.4691079460643672
0.3354615110939138
0.2558235800557971
0.17166652329302243
0.10770635848163261
0.059648077846980216
1.790364633144677
1.349429347561799
1.0046107325886113
0.7371589370465524
0.5312175309881343
0.3737501585269828
0.2810427035180372
0.18437697466910755
0.11222817997459074
0.059221246537532864
2.0270965353439103
1.5157662475759743
1.1189399423106232
0.8135379363089399
0.5803116623808919
0.40360277473407463
0.3004772055592815
0.19400316945127868
0.11558964633530223
0.05892726935824351
2.23165861074183
1.6584372298299483
1.216225249436634
0.8779881796386344
0.6213837518080373
0.4283126271157154
0.3164263786713395
0.20180879654619646
0.11828220150709
0.05871167866609468
2.413270177933086
1.7843929650642938
1.3015826658641185
0.9341483041112698
0.6568945328364578
0.4495011207233621
0.33002743081615593
0.2084009006629205
0.12053600579720715
0.058545100937619
2.5775132999436736
1.8977360582604066
1.3779951759315614
0.984163420827424
0.688339979681747
0.4681691731716191
0.34195432329208336
0.21412492433448227
0.12247848419666901
0.058411531569149154
2.728046153720729
2.0012056069263084
1.447450904981154
1.0294156543750161
0.7166464079062772
0.4848639134863469
0.35256435910830874
0.21919495396989588
0.12418997707562984
0.058304324288068504
2.8674469790327146
2.096609384933702
1.5112950771686615
1.0708432528178673
0.7424453298360186
0.5000161857207712
0.36214336058473423
0.2237446669765462
0.12571320794602747
0.058208235089149025
2.997578076578775
2.18544408941519
1.5705172540039147
1.1091351991927443
0.7662007550278216
0.5138929694198102
0.3709011306597
0.22788338562817897
0.12709352614125993
0.05812648805856287
3.119845737851414
2.2686796407370964
1.6258424981617396
1.1447948022258099
0.7882466100847877
0.5267323921359445
0.37897205051369115
0.23167927092834278
0.1283533810246956
0.058052885578575075
3.2353406495994426
2.3471065339543182
1.6778353098152878
1.1782014618174932
0.8088395475673222
0.5386866795968918
0.38642628723726324
0.23518948331599732
0.12951017525419192
0.057986375666775565
3.3449317305453374
2.4213531766034344
1.7269421400682334
1.2096742537703302
0.8281834299915795
0.5498789588330318
0.39342737254741217
0.23845355779323688
0.13058578264328008
0.057926274210868114
3.4493134728362023
2.491934738456924
1.7735681289096985
1.2394508117256808
0.8464342786688662
0.5604070073864257
0.3999928985662174
0.24150560922488806
0.13158600918526148
0.05787029279880691