# datat/BKevo/MVe_BKevo/mve23.dat
# N(r,Y=0), r, *F2(x,Q^2)
# 1e-05 < r < 100.0
# 1 < Q^2 < 50, n=15, log grid
# 1e-5 < x < 1e-2, n=10, log grid
###
4.866255389455826e-11
6.638377495385712e-11
9.094031572665553e-11
1.243912512433603e-10
1.6967280827198108e-10
2.321134605670153e-10
3.174632932847439e-10
4.3296867655969965e-10
5.914504984218427e-10
8.088260442258293e-10
1.1029145821073332e-09
1.5043801026133768e-09
2.0569315153116813e-09
2.80422220633556e-09
3.819101234171542e-09
5.220716656057437e-09
7.1155742872966885e-09
9.675459388578301e-09
1.3222955734571998e-08
1.8016804421372242e-08
2.4482154076788523e-08
3.341664750429452e-08
4.55163086075427e-08
6.182725038923126e-08
8.425502785128214e-08
1.14722535999269e-07
1.5577600946139765e-07
2.1194445574687074e-07
2.884923016056447e-07
3.916000120583611e-07
5.319815757503951e-07
7.239503448029169e-07
9.824861948416604e-07
1.3328418922625234e-06
1.8137679636579765e-06
2.461598057568254e-06
3.335735286066402e-06
4.54099290499528e-06
6.165834152168318e-06
8.353259641054597e-06
1.1377887033091676e-05
1.54663730942072e-05
2.0980422818690713e-05
2.8589968295577837e-05
3.8938442315674124e-05
5.293199716996315e-05
7.22180638087088e-05
9.862787361690003e-05
0.00013445339180690691
0.0001837704032272485
0.0002518016376835067
0.00034438255524293774
0.0004716196442275937
0.0006484099298253099
0.0008896513730255826
0.0012203558624915825
0.0016829083854122727
0.002315295644582511
0.003179022994054466
0.004393946078342766
0.006056246521634409
0.008325777043973562
0.011505204479592643
0.015864969557664026
0.021805333576693828
0.030054967677900023
0.041349149375086824
0.05662441114917615
0.07748688955439152
0.10568624488902859
0.14302423732999575
0.19220592107930334
0.2558998754927056
0.33551202646117506
0.43182405552253317
0.5420931566086843
0.6603857957210248
0.7766593763272198
0.8719162242846616
0.9409682356206177
0.9811689763589809
0.9953409652280414
0.9992983821263897
0.9999635962709613
0.9999992001772956
0.9999999900577512
0.9999999999801578
0.9999999999999999
1.0
1.0
1.0
1.0
1.0
1.0
1.0
1.0
1.0
1.0
1.0
1.0
###
1e-05
1.1768119524349992e-05
1.3848863713938717e-05
1.6297508346206434e-05
1.917910261672489e-05
2.2570197196339216e-05
2.656087782946684e-05
3.1257158496882356e-05
3.678379771828634e-05
4.328761281083062e-05
5.0941380148163754e-05
5.994842503189409e-05
7.054802310718646e-05
8.302175681319735e-05
9.770099572992247e-05
0.00011497569953977356
0.00013530477745798074
0.00015922827933410923
0.0001873817422860383
0.00022051307399030456
0.00025950242113997375
0.0003053855508833416
0.00035938136638046257
0.0004229242874389499
0.0004977023564332109
0.0005857020818056661
0.0006892612104349695
0.0008111308307896872
0.0009545484566618337
0.0011233240329780276
0.0013219411484660286
0.0015556761439304723
0.0018307382802953678
0.002154434690031882
0.0025353644939701114
0.0029836472402833374
0.003511191734215131
0.004132012400115334
0.004862601580065354
0.005722367659350214
0.006734150657750821
0.007924828983539169
0.0093260334688322
0.010974987654930556
0.01291549665014884
0.01519911082952933
0.01788649529057435
0.0210490414451202
0.02477076355991709
0.029150530628251757
0.034304692863149154
0.040370172585965536
0.047508101621027934
0.05590810182512223
0.06579332246575675
0.0774263682681127
0.09111627561154886
0.10722672220103231
0.1261856883066021
0.14849682622544635
0.1747528400007683
0.20565123083486514
0.24201282647943834
0.2848035868435799
0.3351602650938841
0.3944206059437656
0.46415888336127725
0.5462277217684337
0.642807311728432
0.7564633275546291
0.8902150854450375
1.0476157527896641
1.232846739442066
1.4508287784959402
1.7073526474706886
2.009233002565046
2.364489412645407
2.782559402207126
3.274549162877725
3.8535285937105273
4.534878508128582
5.3366992312063015
6.280291441834247
7.390722033525775
8.697490026177835
10.235310218990248
12.045035402587812
14.174741629268048
16.68100537200059
19.630406500402685
23.10129700083158
27.1858824273294
31.992671377973846
37.64935806792464
44.30621457583877
52.14008287999685
61.35907273413163
72.20809018385457
84.97534359086438
100.0
###
1.5767983274103374
1.3990245520140505
1.2381551758161458
1.0944737502677748
0.9676533501880878
0.8570078579781093
0.784028215794764
0.6990763119457092
0.6270489499371147
0.5666313613170486
4.667525650735154
3.988291025021013
3.391011936250625
2.8721069628580365
2.4258947587989126
2.0456140776317584
1.7991730518621103
1.5163209769803192
1.2789344220484284
1.080318295887291
6.83497857036926
5.7443835291089895
4.7992919149477595
3.9896907483522432
3.3029469959412103
2.7252794128387703
2.3548990609310847
1.9339644992436835
1.5843819341275627
1.2944737362245644
8.615249026633677
7.162919792280237
5.916749979565691
4.859456547433701
3.9711206439271844
3.2305557596046057
2.7594077720979806
2.2278864479975633
1.7901711555493343
1.430072823182443
10.162385201951691
8.381972034586958
6.865644001621363
5.588673387711466
4.5233451892669105
3.6413694543699293
3.083861499742206
2.4584282953227867
1.9469406051374738
1.529850532673691
11.54831901835042
9.46477789908884
7.7010185279392305
6.224454237629531
4.999761679690481
3.9917283966348593
3.3575345820992775
2.6497562965267543
2.0742226857882695
1.6068930143595999
12.81387518108165
10.446908429906438
8.453361221054397
6.792651538249361
5.421957730741755
4.2992857568225435
3.595879996042642
2.814253630745183
2.1818265867030995
1.670979808711624
13.9849847724547
11.350599689313574
9.141490175540419
7.309136067135918
5.803091100532095
4.5747617602496895
3.8079081539670496
2.9589884327485643
2.275178573703278
1.72542872213363
15.079287020842086
12.19106547794274
9.778435800378148
7.784507172433247
6.151811091723912
4.8248926780038754
3.9995261304481096
3.0886183280085118
2.3577903423009006
1.7727354980083667
16.109620044011294
12.979082553123865
10.372794586262344
8.226219127920244
6.474151501794382
5.054949729218891
4.17476950812483
3.206285742685997
2.4319811853082336
1.8145547460599474
17.085309143318284
13.722717438126061
10.931825489996491
8.639705641826513
6.774580063012829
5.268285590403469
4.33657285099104
3.3141416838065667
2.499392238075331
1.852014007283219
18.014122552266997
14.428208257435044
11.459879458648466
9.02915322883015
7.056396856795707
5.467492668135794
4.487076543933699
3.413857420694649
2.5612137484518915
1.8859615002719632
18.901811843015512
15.100436624321969
11.961629180705584
9.397827255573725
7.3222048803053905
5.654616703750674
4.6279592764986885
3.506680909108107
2.618348459951769
1.9169721820041705
19.75322244514437
15.74320687357886
12.440057016730627
9.748330571750168
7.574094158804925
5.831210358383946
4.760532879114361
3.5935957439451536
2.6714865604281437
1.9455192891526945
20.57175357735492
16.35980832138366
12.897921431419006
10.082643506448303
7.813659727384342
5.998657376527169
4.885837759154322
3.6753647857651743
2.7212019189472145
1.971969083776392