# datat/BKevo/MVe_BKevo/mve59.dat
# N(r,Y=0), r, *F2(x,Q^2)
# 1e-05 < r < 100.0
# 1 < Q^2 < 50, n=15, log grid
# 1e-5 < x < 1e-2, n=10, log grid
###
1.2976298509468378e-10
1.7701702090207883e-10
2.4249704880589404e-10
3.316928104988285e-10
4.5243308653086145e-10
6.18923607632141e-10
8.464943334982548e-10
1.1544624585726754e-09
1.5770047380663039e-09
2.1565473386275846e-09
2.9405829823798555e-09
4.010830397218083e-09
5.483757126293814e-09
7.475662150331947e-09
1.0180601612968206e-08
1.391588623668764e-08
1.896506690343129e-08
2.578540293237616e-08
3.5235191833221204e-08
4.8002444829237954e-08
6.521734799114929e-08
8.899879609379957e-08
1.2119387560413142e-07
1.6457712224530995e-07
2.2419668194297212e-07
3.0513844359603454e-07
4.1412869486697633e-07
5.631097516736822e-07
7.659270889399832e-07
1.038795561726711e-06
1.409745689440825e-06
1.9160670568656593e-06
2.5966048739090362e-06
3.51657747356494e-06
4.7753796145499006e-06
6.465431266573487e-06
8.737004454845055e-06
1.185234863949421e-05
1.602969737618916e-05
2.1619405252900523e-05
2.9283031745151034e-05
3.9555212778785703e-05
5.3280731508951935e-05
7.198859570706438e-05
9.710918310235601e-05
0.0001306240765591056
0.0001760368249972695
0.0002371228159834008
0.00031850019346280273
0.00042813548825977805
0.0005758869441393297
0.0007724708724840309
0.0010359025832175465
0.0013917489590823766
0.0018648630375966717
0.0024958981070105687
0.0033510373070156653
0.004488139175720423
0.005999023896541441
0.00805534803054671
0.010792413093873451
0.014431130109863199
0.019374758541070746
0.025978201211362
0.0347579286263198
0.04662340872463677
0.06247306214766249
0.08342700843992905
0.11132902788807854
0.14809270861721813
0.195578841023775
0.25632425079954124
0.3323032636456528
0.4238256097146902
0.5294943570245954
0.6428704506185018
0.7559325800661277
0.8570003022719398
0.9286293345711781
0.9728420099357437
0.9936255754047927
0.9988590522944232
0.9998856397567852
0.9999969249736868
0.9999999764791172
0.9999999998863951
0.999999999999932
1.0
1.0
1.0
1.0
1.0
1.0
1.0
1.0
1.0
1.0
1.0
1.0
1.0
###
1e-05
1.1768119524349992e-05
1.3848863713938717e-05
1.6297508346206434e-05
1.917910261672489e-05
2.2570197196339216e-05
2.656087782946684e-05
3.1257158496882356e-05
3.678379771828634e-05
4.328761281083062e-05
5.0941380148163754e-05
5.994842503189409e-05
7.054802310718646e-05
8.302175681319735e-05
9.770099572992247e-05
0.00011497569953977356
0.00013530477745798074
0.00015922827933410923
0.0001873817422860383
0.00022051307399030456
0.00025950242113997375
0.0003053855508833416
0.00035938136638046257
0.0004229242874389499
0.0004977023564332109
0.0005857020818056661
0.0006892612104349695
0.0008111308307896872
0.0009545484566618337
0.0011233240329780276
0.0013219411484660286
0.0015556761439304723
0.0018307382802953678
0.002154434690031882
0.0025353644939701114
0.0029836472402833374
0.003511191734215131
0.004132012400115334
0.004862601580065354
0.005722367659350214
0.006734150657750821
0.007924828983539169
0.0093260334688322
0.010974987654930556
0.01291549665014884
0.01519911082952933
0.01788649529057435
0.0210490414451202
0.02477076355991709
0.029150530628251757
0.034304692863149154
0.040370172585965536
0.047508101621027934
0.05590810182512223
0.06579332246575675
0.0774263682681127
0.09111627561154886
0.10722672220103231
0.1261856883066021
0.14849682622544635
0.1747528400007683
0.20565123083486514
0.24201282647943834
0.2848035868435799
0.3351602650938841
0.3944206059437656
0.46415888336127725
0.5462277217684337
0.642807311728432
0.7564633275546291
0.8902150854450375
1.0476157527896641
1.232846739442066
1.4508287784959402
1.7073526474706886
2.009233002565046
2.364489412645407
2.782559402207126
3.274549162877725
3.8535285937105273
4.534878508128582
5.3366992312063015
6.280291441834247
7.390722033525775
8.697490026177835
10.235310218990248
12.045035402587812
14.174741629268048
16.68100537200059
19.630406500402685
23.10129700083158
27.1858824273294
31.992671377973846
37.64935806792464
44.30621457583877
52.14008287999685
61.35907273413163
72.20809018385457
84.97534359086438
100.0
###
1.7778940506213592
1.5884617190905992
1.4151875576857236
1.2589321142815124
1.1200026891923573
0.9978067163594304
0.916780395379375
0.8220881388967339
0.7415585255392962
0.6739370086624353
5.447231803211259
4.697896856894726
4.030309039860707
3.443698933667264
2.934495976802584
2.4966799408752647
2.211072837557785
1.8816121128720629
1.6040171308416005
1.3711294331652626
8.096944419962854
6.873409796399752
5.798484337094608
4.866814207698435
4.068545359825643
3.390666439174331
2.9531346888049304
2.4529413828545197
2.0353980827534532
1.6877719831697537
10.30533223373319
8.657596994410005
7.22387883474525
5.993020312100075
4.947892908212361
4.068316982579077
3.5047754769176978
2.864996953209651
2.3349854007327204
1.8966982240363954
12.243444754379789
10.206386879821842
8.44706181151519
6.947513682146406
5.683188251181059
4.626304680840035
3.9532446225102094
3.193412966164195
2.5678060103142357
2.053893787079568
13.992440751712257
11.592534004951721
9.532278459488287
7.7865312766390264
6.323015957286491
5.106494266999371
4.335531214373187
3.469177035878538
2.759692356161363
2.1800347635597994
15.5989378084482
12.857335774712322
10.515631451015848
8.541189186552304
6.893912526720477
5.531180092253123
4.671041163382391
3.7084065141682574
2.9237569185225247
2.2857036455930837
17.09278637517169
14.026980165925245
11.41974283700542
9.230811493554247
7.412158279983698
5.913835545492133
4.971580592895059
3.9206075993691964
3.067626113161407
2.3768483291277236
18.49454415505232
15.119298651210721
12.260063750971966
9.868383683334917
7.88858397877546
6.2634075990237825
5.244709645349465
4.111900868919726
3.1959584487876445
2.457146085602953
19.81910510636954
16.147257343243517
13.04730838584314
10.463112402278103
8.330802686278961
6.586137728119505
5.4954361514187555
4.286471360470798
3.3120535693198168
2.5288568243369256
21.077698348525256
17.120454176741962
13.789867163410737
11.021766423603173
8.744423199866535
6.886561024075122
5.72809790247576
4.447338650428804
3.41822333690479
2.593761320134621
22.27903737811338
18.046130935186515
14.494052664466949
11.549559370394949
9.133688359057006
7.168096558287334
5.9453790892001885
4.596756226711379
3.516161146569505
2.6530832400727284
23.430047450358224
18.93057994276367
15.164501684216077
12.050441154150903
9.501946234790637
7.433393611574654
6.14945284380959
4.736399681420783
3.6071456224546385
2.70773414782314
24.536365094253924
19.778476708513878
15.805527173740776
12.528060238308024
9.85179614997327
7.684557753116983
6.342093090306106
4.8676331319081845
3.6921816608120275
2.758429972210822
25.60260937870258
20.593816541851606
16.42013176099077
12.984687700552303
10.185371004440052
7.923278340644016
6.524639672702169
4.991522060742607
3.7720523981921037
2.8057193967226355