# datat/BKevo/GBW_BKevo/gbw16.dat
# N(r,Y=0), r, *F2(x,Q^2)
# 1e-05 < r < 100.0
# 1 < Q^2 < 50, n=15, log grid
# 1e-5 < x < 1e-2, n=10, log grid
###
0.0
0.0
0.0
0.0
0.0
0.0
0.0
0.0
1.689189981448727e-17
1.110223024625157e-16
1.110223024625157e-16
2.220446049250313e-16
3.1373714035430186e-16
5.254784513873469e-16
9.140892246977225e-16
1.5749531475056657e-15
2.6803750015979913e-15
4.465933318090687e-15
7.53260263539534e-15
1.2607109871313836e-14
2.1044631840571142e-14
3.5857647091471614e-14
6.039095566146761e-14
1.0083239767864117e-13
1.7082295811355014e-13
2.8851458572631966e-13
4.822719538705524e-13
8.142702445105385e-13
1.3775651060363672e-12
2.3058478113297477e-12
3.879113930948403e-12
6.575061204581051e-12
1.1022390093777835e-11
1.8474210198620255e-11
3.1374507695487754e-11
5.2678483850363806e-11
8.79527155719914e-11
1.496702866138226e-10
2.517060063796015e-10
4.192722672850054e-10
7.137900268289173e-10
1.20241291553224e-09
2.005623073697222e-09
3.4031259136806934e-09
5.7426288750808785e-09
9.592184479725707e-09
1.6220101980422324e-08
2.7419627908351535e-08
4.5866786877218833e-08
7.728449748935934e-08
1.3088882286542435e-07
2.1927497556819902e-07
3.6811993616387596e-07
6.246403795173912e-07
1.0480619683571068e-06
1.7528263768856735e-06
2.9801620625404897e-06
5.008280033285752e-06
8.343236201193054e-06
1.4214331605809557e-05
2.392700720364104e-05
3.988595947002893e-05
6.77763228857801e-05
0.00011428006340211821
0.0001907622535320009
0.00032303863938826536
0.0005455955419935983
0.0009119109829364342
0.0015384461621929836
0.0026019294406308506
0.0043522967418383966
0.007307327188138826
0.012355404429217525
0.020629842117962434
0.03431842003416536
0.057544991955202816
0.09471867330567031
0.15313208182308602
0.24536551168258985
0.37657966874759613
0.5472391887356365
0.7326364826553713
0.8874163488723776
0.9756180144636557
0.9975853895831268
0.9999135222850385
0.9999996253550814
0.9999999999994994
1.0
1.0
1.0
1.0
1.0
1.0
1.0
1.0
1.0
1.0
1.0
1.0
###
1e-05
1.1768119524349992e-05
1.3848863713938717e-05
1.6297508346206434e-05
1.917910261672489e-05
2.2570197196339216e-05
2.656087782946684e-05
3.1257158496882356e-05
3.678379771828634e-05
4.328761281083062e-05
5.0941380148163754e-05
5.994842503189409e-05
7.054802310718646e-05
8.302175681319735e-05
9.770099572992247e-05
0.00011497569953977356
0.00013530477745798074
0.00015922827933410923
0.0001873817422860383
0.00022051307399030456
0.00025950242113997375
0.0003053855508833416
0.00035938136638046257
0.0004229242874389499
0.0004977023564332109
0.0005857020818056661
0.0006892612104349695
0.0008111308307896872
0.0009545484566618337
0.0011233240329780276
0.0013219411484660286
0.0015556761439304723
0.0018307382802953678
0.002154434690031882
0.0025353644939701114
0.0029836472402833374
0.003511191734215131
0.004132012400115334
0.004862601580065354
0.005722367659350214
0.006734150657750821
0.007924828983539169
0.0093260334688322
0.010974987654930556
0.01291549665014884
0.01519911082952933
0.01788649529057435
0.0210490414451202
0.02477076355991709
0.029150530628251757
0.034304692863149154
0.040370172585965536
0.047508101621027934
0.05590810182512223
0.06579332246575675
0.0774263682681127
0.09111627561154886
0.10722672220103231
0.1261856883066021
0.14849682622544635
0.1747528400007683
0.20565123083486514
0.24201282647943834
0.2848035868435799
0.3351602650938841
0.3944206059437656
0.46415888336127725
0.5462277217684337
0.642807311728432
0.7564633275546291
0.8902150854450375
1.0476157527896641
1.232846739442066
1.4508287784959402
1.7073526474706886
2.009233002565046
2.364489412645407
2.782559402207126
3.274549162877725
3.8535285937105273
4.534878508128582
5.3366992312063015
6.280291441834247
7.390722033525775
8.697490026177835
10.235310218990248
12.045035402587812
14.174741629268048
16.68100537200059
19.630406500402685
23.10129700083158
27.1858824273294
31.992671377973846
37.64935806792464
44.30621457583877
52.14008287999685
61.35907273413163
72.20809018385457
84.97534359086438
100.0
###
0.6742034999958147
0.5631912707941504
0.46859888981600206
0.38871486824663437
0.3216792152015444
0.26570610260310173
0.2299554581764099
0.18932097237136838
0.15547335272181595
0.12719745135894575
1.6392296673519728
1.3056432338391173
1.0317769899418865
0.8086543230596233
0.6279393296225498
0.4821410456994123
0.3917799683595625
0.29212473983894544
0.21197566476176768
0.1474702990360239
2.2238431947983366
1.7386913242865767
1.346819021786437
1.0327660127378775
0.7825881325037214
0.5842593207160235
0.4633669871585594
0.3324139171291135
0.22950740085759974
0.14896586601083006
2.673716950631504
2.066391649848893
1.5809718918649986
1.1960306295757084
0.8927504076959506
0.6551270080511171
0.5118885749436352
0.3586065498144783
0.24011553124874033
0.14916435188668817
3.048676704539252
2.3365469492393838
1.7717723085157822
1.327419821596735
0.9801738569290995
0.7104592133564975
0.5492371200051871
0.3783101812060832
0.24779625680843
0.14914241627675515
3.3744522482576342
2.5694305398890873
1.9349158440598528
1.4386893486888064
1.0534500268695048
0.7563050661717565
0.5798824324374874
0.39422172185513976
0.2538490488366659
0.14898110558440067
3.6649177393466266
2.7757925851778262
2.078439060917432
1.5359198752609113
1.1169727834798686
0.7956873111599195
0.6060081821557124
0.40761380744515185
0.25886024426072857
0.14884434891060197
3.9285148211186915
2.9620926243387498
2.207330184004713
1.6227097887170427
1.1733045305638283
0.8303625457538576
0.6288663049553449
0.4192206488882435
0.2631459566648733
0.14870092221695247
4.170829768963648
3.132601542924738
2.324750922823681
1.7013718383098517
1.2240892229771363
0.8614302103515599
0.6492465595804087
0.4294869595216483
0.2668974583580067
0.14858744734355941
4.395764800531893
3.290282634422265
2.4329054920288575
1.7735105766696921
1.2704381412659944
0.8896447306846538
0.6676528886258544
0.4386967249407363
0.27022937051068324
0.1484666429775499
4.606198215263561
3.437305823345824
2.5334004646080484
1.8402907522027059
1.3131611165718673
0.9155212504493861
0.6844811512710788
0.4470658600681892
0.27323567616627387
0.1483574055768562
4.804294492851381
3.5752982710728327
2.627445576153594
1.9025534761023564
1.352849557573207
0.9394617978899201
0.6999950612023287
0.4547483215938265
0.2759740636067028
0.14825539340190438
4.991740915560424
3.7055206333324393
2.7158233280189132
1.9609645856983164
1.3899569594305698
0.9617569083580413
0.7144152276321709
0.46183099353293977
0.2784886640276487
0.14816005562705248
5.16990568602553
3.828976730047968
2.7994802732713318
2.0160451864779403
1.424841430577653
0.9826483045886335
0.7278715892020259
0.4684272901018182
0.28081540600099764
0.14807084165356227
5.33982537058968
3.9464307174623676
2.8789022202834738
2.06820276981956
1.4577829304382068
1.002316415960468
0.7406144378917556
0.4745956617312121
0.28297287982293606
0.14798637455339206