# datat/BKevo/GBW_BKevo/gbw19.dat
# N(r,Y=0), r, *F2(x,Q^2)
# 1e-05 < r < 100.0
# 1 < Q^2 < 50, n=15, log grid
# 1e-5 < x < 1e-2, n=10, log grid
###
1.1701725831470785e-05
1.3332467836985952e-05
1.5184554836549227e-05
1.7295785087598562e-05
1.9705365081929757e-05
2.244457200326357e-05
2.5564224335661092e-05
2.912461967791766e-05
3.317588131391281e-05
3.7785630120208505e-05
4.30464725660984e-05
4.9038269412601014e-05
5.584985186989673e-05
6.362326388230228e-05
7.248511063120164e-05
8.25501927791981e-05
9.403612103628267e-05
0.00010714272940697766
0.0001220152122528701
0.00013898657064852812
0.00015835680449428205
0.00018034677187116956
0.00020542289238606036
0.0002340423799868151
0.00026656266556997687
0.0003036130826415631
0.00034589708440447154
0.0003939888620815911
0.0004487293422848282
0.0005111991920859725
0.0005823149969591682
0.0006631868860893916
0.0007554726054723069
0.0008606272863602337
0.0009800938429636277
0.0011164116769631178
0.0012718797158467582
0.0014483349684598164
0.0016496619629249188
0.001879406850547872
0.002140051710405921
0.0024373199450145127
0.002776505209773636
0.0031616237212637997
0.0036003987010336915
0.0041009568707798755
0.004669737327679952
0.00531704035555791
0.006055308886972325
0.006894780448827624
0.007848972401580282
0.008936879348563994
0.010174649082781456
0.011579606959205723
0.013180647456505087
0.01500304113030377
0.017068180410305427
0.019419833229364133
0.022097227503777635
0.025125099143956855
0.02856939729611356
0.03248668658190344
0.03691332350132409
0.041936607393560935
0.04763979236429079
0.05407715722000619
0.06135748193923457
0.06960204638122829
0.07888893074747984
0.08934294595895086
0.10113685118916867
0.11437762343206201
0.12918411805995964
0.14579527669186282
0.16434820631763708
0.184897652504479
0.20776206481925005
0.23310134391657072
0.26077717786567944
0.2911969570833901
0.3244879582634487
0.3601775439622394
0.39866516020075615
0.43994002543512734
0.48313787804094005
0.5283459600510907
0.5753955842265195
0.6229521926945656
0.6705329310477334
0.7179057440137548
0.7634438601581305
0.8060266504594714
0.845742376095247
0.8812586051558123
0.9112583447382195
0.9366776576044636
0.9571632469810972
0.9720130949195461
0.9829493801273284
0.9905325823034681
###
1e-05
1.1768119524349992e-05
1.3848863713938717e-05
1.6297508346206434e-05
1.917910261672489e-05
2.2570197196339216e-05
2.656087782946684e-05
3.1257158496882356e-05
3.678379771828634e-05
4.328761281083062e-05
5.0941380148163754e-05
5.994842503189409e-05
7.054802310718646e-05
8.302175681319735e-05
9.770099572992247e-05
0.00011497569953977356
0.00013530477745798074
0.00015922827933410923
0.0001873817422860383
0.00022051307399030456
0.00025950242113997375
0.0003053855508833416
0.00035938136638046257
0.0004229242874389499
0.0004977023564332109
0.0005857020818056661
0.0006892612104349695
0.0008111308307896872
0.0009545484566618337
0.0011233240329780276
0.0013219411484660286
0.0015556761439304723
0.0018307382802953678
0.002154434690031882
0.0025353644939701114
0.0029836472402833374
0.003511191734215131
0.004132012400115334
0.004862601580065354
0.005722367659350214
0.006734150657750821
0.007924828983539169
0.0093260334688322
0.010974987654930556
0.01291549665014884
0.01519911082952933
0.01788649529057435
0.0210490414451202
0.02477076355991709
0.029150530628251757
0.034304692863149154
0.040370172585965536
0.047508101621027934
0.05590810182512223
0.06579332246575675
0.0774263682681127
0.09111627561154886
0.10722672220103231
0.1261856883066021
0.14849682622544635
0.1747528400007683
0.20565123083486514
0.24201282647943834
0.2848035868435799
0.3351602650938841
0.3944206059437656
0.46415888336127725
0.5462277217684337
0.642807311728432
0.7564633275546291
0.8902150854450375
1.0476157527896641
1.232846739442066
1.4508287784959402
1.7073526474706886
2.009233002565046
2.364489412645407
2.782559402207126
3.274549162877725
3.8535285937105273
4.534878508128582
5.3366992312063015
6.280291441834247
7.390722033525775
8.697490026177835
10.235310218990248
12.045035402587812
14.174741629268048
16.68100537200059
19.630406500402685
23.10129700083158
27.1858824273294
31.992671377973846
37.64935806792464
44.30621457583877
52.14008287999685
61.35907273413163
72.20809018385457
84.97534359086438
100.0
###
3.107199042425522
2.642378125094746
2.191367223692353
1.7683271058149506
1.386327875693022
1.056306828609285
0.8463255257319952
0.616457327143557
0.4392586788931195
0.3070679391858963
11.237745555274724
9.25850773901866
7.416520060748547
5.769050643305406
4.357770254354294
3.2022793383348254
2.500393207996682
1.7637004581653373
1.2207756066759703
0.8312259904781838
18.097248857056012
14.713961436501817
11.616373993331983
8.903081110128356
6.629140051846796
4.805921435938109
3.717411654497862
2.5927915559463357
1.7766063684151137
1.1991273076642193
24.347211163418155
19.619116555137484
15.344948241622435
11.651765624181818
8.598711276532853
6.1829595688452015
4.75540798862176
3.294320275950442
2.2440976807549227
1.506929009640179
30.191594150506138
24.166697385821678
18.77241555846219
14.158040402229286
10.38162892653625
7.421021034937593
5.685237645279644
3.9198853031981455
2.6592959886609
1.7794481190746332
35.73553559216484
28.452413624973808
21.98199495515459
16.491019195275005
12.032464209481258
8.562407461813626
6.539704249057903
4.492813592959501
3.0385259218684837
2.0278326801891176
41.04380741971048
32.53327922939723
25.022682463111714
18.69084984812061
13.582610183708594
9.63039458963637
7.337417712912974
5.026297382363285
3.390936885770924
2.2582680486725972
46.15561133760318
36.447078310518485
27.92656460699304
20.783594934808924
15.05177159994098
10.639902880498507
8.09015395166007
5.5286858547422195
3.7222360672222465
2.4745841584200075
51.10258971908768
40.2200852303352
30.716151198390573
22.787414823773403
16.454958189389934
11.604008109956126
8.806040502032475
6.005686530792955
4.036346630757257
2.6794350939260827
55.90762584752497
43.87258815463645
33.408051675127155
24.715611094212065
17.801835395681707
12.525363364525662
9.490912832926984
6.461324636069539
4.336064327231793
2.874788479479923
60.58691191566495
47.419424479689305
36.014932881605446
26.57764541334669
19.10029822836139
13.409292141989324
10.149193366102951
6.8987333645249675
4.623496831747486
3.0619591583199424
65.15476689347551
50.872696192740236
38.54693236703392
28.383527055501467
20.356229785945064
14.265361373696182
10.78436143155322
7.320273589081082
4.900375291918775
3.2420682904690197
69.62242586992285
54.24225189855393
41.01207765554429
30.137578213249995
21.574506823455266
15.094659946868795
11.398976905937705
7.727841079101043
5.167784891302994
3.415933929616647
73.9981412629342
57.53616548575692
43.41707267406112
31.845710621634424
22.75906283199908
15.899950559637048
11.995338899557854
8.12298142585391
5.426673116418408
3.5842365113922288
78.29248328810347
60.761099735017034
45.767322276653815
33.512268222738456
23.913184311986967
16.68368069857065
12.575341624655104
8.506792064217777
5.678478229825898
3.7476134204013007