# datat/BKevo/ATAN_BKevo/atan3.dat
# N(r,Y=0), r, *F2(x,Q^2)
# 1e-05 < r < 100.0
# 1 < Q^2 < 50, n=15, log grid
# 1e-5 < x < 1e-2, n=10, log grid
###
6.340975208477061e-06
7.224653640018589e-06
8.228278029037016e-06
9.372331362710147e-06
1.0678060036350195e-05
1.2162414494820265e-05
1.3852934306612407e-05
1.578229602854715e-05
1.797766454826789e-05
2.0475687097063727e-05
2.332655053262538e-05
2.6573538266684406e-05
3.02647975167714e-05
3.4477310163169984e-05
3.927969850742943e-05
4.473419737166979e-05
5.0958749067053714e-05
5.806167564182461e-05
6.612171727766885e-05
7.531936991969537e-05
8.581727496901125e-05
9.773524507163349e-05
0.00011132613840707992
0.00012683787581552555
0.0001444644222056398
0.0001645470753271589
0.00018746737409788732
0.00021353704553025066
0.00024321242364937136
0.0002770798456850477
0.00031563720541034646
0.00035948760301647044
0.00040953091538614353
0.00046655816475418594
0.0005313548690314084
0.0006053004126419293
0.0006896457296460552
0.0007853947658442304
0.000894659501047647
0.0010193724019326251
0.0011608976678782305
0.0013223521396481064
0.001506627919480413
0.0017159414841695934
0.00195451496141499
0.0022268020695443255
0.0025363757632234623
0.002888905842429152
0.0032912407601884287
0.003749101952770584
0.004270022979341848
0.004864520243496434
0.005541703593983117
0.0063114516887061165
0.007189892640468482
0.008191459928920116
0.00932888971595228
0.010626885937369136
0.012108217135511488
0.013788935886004806
0.015706835695523905
0.017895808473915156
0.020381095047363285
0.023214787376735553
0.026448772781703166
0.03012376726267277
0.03430984786656621
0.03908665041507803
0.0445191636799775
0.05070029201671264
0.05775162223947396
0.06577543638538899
0.0748914954864632
0.08528342191094689
0.09710836986669663
0.11051020284299211
0.1257592732984523
0.14308545126023092
0.1626239454460096
0.1847488884745723
0.20974509171282116
0.23764162726122162
0.2688369812512682
0.30353826962465125
0.3414143731659183
0.38254066129156833
0.4267721071907161
0.47295434514084655
0.5203809760913424
0.5685398316457595
0.6156572185552849
0.6604642709185543
0.7030233452932899
0.7421618830888418
0.7768284368553293
0.8081478631364255
0.8359158010026342
0.8593877203229947
0.8800482789447405
0.8981356332677073
###
1e-05
1.1768119524349992e-05
1.3848863713938717e-05
1.6297508346206434e-05
1.917910261672489e-05
2.2570197196339216e-05
2.656087782946684e-05
3.1257158496882356e-05
3.678379771828634e-05
4.328761281083062e-05
5.0941380148163754e-05
5.994842503189409e-05
7.054802310718646e-05
8.302175681319735e-05
9.770099572992247e-05
0.00011497569953977356
0.00013530477745798074
0.00015922827933410923
0.0001873817422860383
0.00022051307399030456
0.00025950242113997375
0.0003053855508833416
0.00035938136638046257
0.0004229242874389499
0.0004977023564332109
0.0005857020818056661
0.0006892612104349695
0.0008111308307896872
0.0009545484566618337
0.0011233240329780276
0.0013219411484660286
0.0015556761439304723
0.0018307382802953678
0.002154434690031882
0.0025353644939701114
0.0029836472402833374
0.003511191734215131
0.004132012400115334
0.004862601580065354
0.005722367659350214
0.006734150657750821
0.007924828983539169
0.0093260334688322
0.010974987654930556
0.01291549665014884
0.01519911082952933
0.01788649529057435
0.0210490414451202
0.02477076355991709
0.029150530628251757
0.034304692863149154
0.040370172585965536
0.047508101621027934
0.05590810182512223
0.06579332246575675
0.0774263682681127
0.09111627561154886
0.10722672220103231
0.1261856883066021
0.14849682622544635
0.1747528400007683
0.20565123083486514
0.24201282647943834
0.2848035868435799
0.3351602650938841
0.3944206059437656
0.46415888336127725
0.5462277217684337
0.642807311728432
0.7564633275546291
0.8902150854450375
1.0476157527896641
1.232846739442066
1.4508287784959402
1.7073526474706886
2.009233002565046
2.364489412645407
2.782559402207126
3.274549162877725
3.8535285937105273
4.534878508128582
5.3366992312063015
6.280291441834247
7.390722033525775
8.697490026177835
10.235310218990248
12.045035402587812
14.174741629268048
16.68100537200059
19.630406500402685
23.10129700083158
27.1858824273294
31.992671377973846
37.64935806792464
44.30621457583877
52.14008287999685
61.35907273413163
72.20809018385457
84.97534359086438
100.0
###
2.4568646662475517
2.019527050406318
1.6135207184892224
1.251838911251764
0.9439270495208354
0.6934844177102424
0.5415652314711245
0.3825003589471361
0.2652003054321899
0.18106698730962548
8.488483288389437
6.735605031921261
5.187767447435792
3.8803593274666337
2.825269677795416
2.008986462023145
1.5338528948438666
1.0540137036253328
0.7129800034372815
0.47604716844713013
13.408619169865688
10.486108898369126
7.959951427112134
5.871603052788378
4.220456951289801
2.9663101944502466
2.246900573257091
1.529794042777539
1.0265035172954196
0.6805607293361999
17.80813456504498
13.798172026117733
10.379431406752799
7.59116400337009
5.413905055417676
3.77895045790839
2.8492052917556525
1.9294276416782299
1.2885933259904188
0.8509329700670283
21.871453895623464
16.834689858297537
12.57881325211579
9.143688603093095
6.485802759471664
4.504823669609183
3.385504400907697
2.2840116773260073
1.5205826206855013
1.001411198689424
25.689913946971764
19.668703727836863
14.62152677102322
10.578414425164613
7.471948094660485
5.1704644269624795
3.876227430865223
2.6076903744227855
1.7319085756868022
1.1382933342293033
29.317344365798085
22.34412015122925
16.54396958598896
11.923670743342836
8.393631093492806
5.790924746470084
4.33298267163884
2.9081940305022362
1.9279345309120353
1.2651294790648993
32.789608925615255
24.89717279935233
18.370073606690312
13.197335211295313
9.262938661440735
6.374921709812644
4.7627789106666105
3.190715009150375
2.11189774133948
1.3841007868843402
36.1315073590883
27.347192113852547
20.11633564953274
14.412210839062302
10.091111232847041
6.931070829699597
5.170497319209866
3.4584998623265646
2.2861507009317616
1.4966775171700768
39.361365896861614
29.707757559406915
21.7951132185286
15.57732910400736
10.883922065761885
7.46202124586782
5.559956154968482
3.7139529732089924
2.452266234102795
1.6039509879822542
42.49413150696219
31.99116065801772
23.41461636385614
16.699575791851508
11.646515942852531
7.971951746424686
5.933694090132513
3.958883977640566
2.611423396958664
1.7066719413885463
45.5411668664511
34.20593283292894
24.983184156424723
17.784497063778133
12.382204741283704
8.46358558243228
6.293769922695162
4.194681153068232
2.7645597359006224
1.8054700700625494
48.51080504353741
36.36082937480314
26.506028064979645
18.835877185652123
13.094660510559947
8.939151067033514
6.641807743264795
4.4224491145064455
2.912406301898281
1.900801507263987
51.41061380916886
38.46203091158403
27.987937584349833
19.85773949509503
13.786193348879191
9.400252270446089
6.979114391554077
4.643067200378193
3.055546891690347
1.9930815567612488
54.247582071933486
40.51310878064613
29.432890759280927
20.853039430492963
14.460121413031608
9.848475281963111
7.306826948213264
4.857291762286243
3.194482649710091
2.0826088577598787