# datat/BKevo/GBW_BKevo/gbw84.dat
# N(r,Y=0), r, *F2(x,Q^2)
# 1e-05 < r < 100.0
# 1 < Q^2 < 50, n=15, log grid
# 1e-5 < x < 1e-2, n=10, log grid
###
1.438314073109339e-09
1.863866414455834e-09
2.4210455378332298e-09
3.1425498828119314e-09
4.0732002972301084e-09
5.288276846302095e-09
6.8658694997588204e-09
8.90108375092383e-09
1.1550711170067329e-08
1.500008140307197e-08
1.945073181590733e-08
2.5228204163115915e-08
3.276998056773637e-08
4.250252810557315e-08
5.509938978059522e-08
7.158846296945012e-08
9.287079200548221e-08
1.2033440923937882e-07
1.5638459108851818e-07
2.029218942591333e-07
2.6293596310345106e-07
3.4160853747072637e-07
4.433674739092903e-07
5.746149339923212e-07
7.461859402166101e-07
9.686874736157956e-07
1.2557117199143326e-06
1.629854038799762e-06
2.1163534288024767e-06
2.744029859170707e-06
3.559863255092805e-06
4.62356535387487e-06
5.996159452329466e-06
7.774999431450321e-06
1.0100654980621404e-05
1.3102142720038784e-05
1.69804438648928e-05
2.2065045231748014e-05
2.8628269756090127e-05
3.709152337768688e-05
4.819932553683201e-05
6.255025981101942e-05
8.105840163543493e-05
0.00010528198631353453
0.00013665936575735848
0.00017713170204233423
0.00022995133536859785
0.00029854878473393114
0.00038703991568168287
0.000502190991372461
0.0006521294808663257
0.0008455643856669442
0.0010965156730274523
0.0014241148066013918
0.0018467337715021622
0.0023932653637434727
0.0031084223243642546
0.00403076306809949
0.005219355982954402
0.006777694296273852
0.00878592335633471
0.011370181387586775
0.014745361828327908
0.019095604607288368
0.024680039446228482
0.031925805425336136
0.04124470481356122
0.05314147199682613
0.06841131775586576
0.08789279675453394
0.11245869004876755
0.14337454657582369
0.18198808776314254
0.22937160690025826
0.28676418977737067
0.35490046380248985
0.43366573759870036
0.5219933844510691
0.6153616780870452
0.7101619766751177
0.8005425925180822
0.8748825334478818
0.9318689226780938
0.9700536146799581
0.9890110438498443
0.996910385654522
0.9994743837455144
0.999943840665212
0.9999955617523273
0.9999998640341962
0.9999999994628838
0.9999999999966604
0.9999999999999951
1.0
1.0
1.0
1.0
1.0
1.0
1.0
###
1e-05
1.1768119524349992e-05
1.3848863713938717e-05
1.6297508346206434e-05
1.917910261672489e-05
2.2570197196339216e-05
2.656087782946684e-05
3.1257158496882356e-05
3.678379771828634e-05
4.328761281083062e-05
5.0941380148163754e-05
5.994842503189409e-05
7.054802310718646e-05
8.302175681319735e-05
9.770099572992247e-05
0.00011497569953977356
0.00013530477745798074
0.00015922827933410923
0.0001873817422860383
0.00022051307399030456
0.00025950242113997375
0.0003053855508833416
0.00035938136638046257
0.0004229242874389499
0.0004977023564332109
0.0005857020818056661
0.0006892612104349695
0.0008111308307896872
0.0009545484566618337
0.0011233240329780276
0.0013219411484660286
0.0015556761439304723
0.0018307382802953678
0.002154434690031882
0.0025353644939701114
0.0029836472402833374
0.003511191734215131
0.004132012400115334
0.004862601580065354
0.005722367659350214
0.006734150657750821
0.007924828983539169
0.0093260334688322
0.010974987654930556
0.01291549665014884
0.01519911082952933
0.01788649529057435
0.0210490414451202
0.02477076355991709
0.029150530628251757
0.034304692863149154
0.040370172585965536
0.047508101621027934
0.05590810182512223
0.06579332246575675
0.0774263682681127
0.09111627561154886
0.10722672220103231
0.1261856883066021
0.14849682622544635
0.1747528400007683
0.20565123083486514
0.24201282647943834
0.2848035868435799
0.3351602650938841
0.3944206059437656
0.46415888336127725
0.5462277217684337
0.642807311728432
0.7564633275546291
0.8902150854450375
1.0476157527896641
1.232846739442066
1.4508287784959402
1.7073526474706886
2.009233002565046
2.364489412645407
2.782559402207126
3.274549162877725
3.8535285937105273
4.534878508128582
5.3366992312063015
6.280291441834247
7.390722033525775
8.697490026177835
10.235310218990248
12.045035402587812
14.174741629268048
16.68100537200059
19.630406500402685
23.10129700083158
27.1858824273294
31.992671377973846
37.64935806792464
44.30621457583877
52.14008287999685
61.35907273413163
72.20809018385457
84.97534359086438
100.0
###
1.5882674878108378
1.3885152885571765
1.2060587672636736
1.04178780981169
0.8958133658213161
0.7677432208768402
0.682871820785411
0.5835896227000588
0.49877866793801556
0.4268381302278421
4.765007328299754
4.014841100053132
3.354098809620797
2.7806525065771854
2.2893409745068967
1.8733406530941255
1.6058955701603295
1.3018702942340477
1.0501397009707039
0.8426536439956487
7.0313997270691875
5.832024795995443
4.793213331064709
3.9065212244380216
3.1591987546474627
2.5365035935390527
2.1417067987437037
1.6988601368686553
1.337775820632065
1.0446840842956093
8.912027309360951
7.317382945691818
5.95144193685627
4.798057605486357
3.8363390295744617
3.043321822016822
2.5450996746382395
1.9912223813850447
1.5441982337927629
1.1851741421945943
10.558566425487964
8.604852182095266
6.945046879173148
5.554745252248692
4.404600904075719
3.463602598085602
2.876367711468735
2.227918721833559
1.7085510293949429
1.2947758839669097
12.042291319279327
9.756259273476454
7.826844783490159
6.220964982088168
4.900846027488791
3.8273420489939176
3.1610495841900996
2.429074670104309
1.846615126953728
1.3855048855911722
13.40375893025026
10.806488212368198
8.626218749626078
6.821145682887286
5.344928553449823
4.1506095535959995
3.4125764483141907
2.6054992784970255
1.9664778020055507
1.4633776822613118
14.668889549675285
11.777547578895055
9.361634648562871
7.370420533847711
5.749214288434575
4.443098462086655
3.639182768630065
2.7633001841523477
2.0728960674607007
1.5318703023883167
15.855445224754865
12.684443697680452
10.045498245212332
7.878977692433141
6.12165044787474
4.7114004307987205
3.846176842022812
2.9066231003520473
2.1689194074063742
1.5932043189277727
16.976174868090155
13.537924031607206
10.68668167608364
8.353929214848513
6.468179985325707
4.959909856332296
4.037268275979867
3.0382850761749114
2.2566351963793783
1.6488546652761416
18.040984310730025
14.346049605526341
11.29185978179043
8.800597342037838
6.792958851361061
5.191973917999424
4.215171521809573
3.1603343209734955
2.33754478254871
1.699890118817009
19.057079901839963
15.115018461137723
11.865961503711505
9.223093782396603
7.099256393984665
5.410050641583121
4.381915912338178
3.2742918574924635
2.41275719294669
1.7470870535153777
20.030483666321906
15.84973481973174
12.413028674657559
9.624750721564219
7.389460079429571
5.616084843319464
4.539075066483907
3.381341565694455
2.4831389246740043
1.7910381917575642
20.966002452200676
16.55416389717078
12.936267414020897
10.00772173507639
7.665622281309302
5.81161435885509
4.687896544551248
3.4824579984241826
2.5493233612345003
1.8322079396623232
21.867463444303553
17.23153765194394
13.438290042221901
10.374587732888571
7.9292873668826855
5.997873848478381
4.8293751333257555
3.5780148495226904
2.611861297025592
1.8709519098257985