# datat/BKevo/GBW_BKevo/gbw40.dat
# N(r,Y=0), r, *F2(x,Q^2)
# 1e-05 < r < 100.0
# 1 < Q^2 < 50, n=15, log grid
# 1e-5 < x < 1e-2, n=10, log grid
###
6.27201402498155e-12
8.662408331935055e-12
1.2023146872851242e-11
1.6661954060762178e-11
2.302195944412884e-11
3.192194191517444e-11
4.4260036716651446e-11
6.118129572858572e-11
8.474707625768427e-11
1.1756155652339153e-10
1.6257990597665586e-10
2.2496929631198803e-10
3.1223870354651113e-10
4.320023638666613e-10
5.971518425542553e-10
8.292305778453837e-10
1.14782647514107e-09
1.5849237158243707e-09
2.2020660382806325e-09
3.0495551660251095e-09
4.210988272214638e-09
5.847244602325577e-09
8.10151823128956e-09
1.1191807376675155e-08
1.5525207545245923e-08
2.1521148526650056e-08
2.9743277370856593e-08
4.121811506801031e-08
5.716537039986264e-08
7.904043709602996e-08
1.094215111552692e-07
1.5183383539926067e-07
2.1002996688330956e-07
2.9045605684853284e-07
4.03247286884345e-07
5.580640953951134e-07
7.709399469532053e-07
1.070880552794755e-06
1.4827133376300998e-06
2.047031007729271e-06
2.843652483192023e-06
3.9391259147826516e-06
5.440662179380563e-06
7.550520305005626e-06
1.0464319444708179e-05
1.4459406752773466e-05
2.004658441507324e-05
2.7796398542076802e-05
3.842536894708212e-05
5.321861324657713e-05
7.382916742555857e-05
0.00010210536127327657
0.00014126619335854402
0.00019607320810503028
0.00027128575983950427
0.00037492471012860794
0.0005206321713262935
0.0007206333970479567
0.0009947828795276762
0.001381948766190392
0.0019134091749625102
0.002641344462660831
0.0036652646774913145
0.00507498910675476
0.007004561189915544
0.009701846646092272
0.013423789948125552
0.018506394231727945
0.0255491738581317
0.03525528467477286
0.04842072158839737
0.06639014547405944
0.0908867866679367
0.12350412866276356
0.16666200202438225
0.22334889913560668
0.2951536679303953
0.38362818446753383
0.4879302509694828
0.603679318477069
0.7232751142732685
0.828902672899227
0.9120014609946053
0.9663662399598346
0.990263728837463
0.9981098476177183
0.9998373474301896
0.999994765148614
0.999999886613945
0.9999999994490749
0.9999999999999908
1.0
1.0
1.0
1.0
1.0
1.0
1.0
1.0
1.0
###
1e-05
1.1768119524349992e-05
1.3848863713938717e-05
1.6297508346206434e-05
1.917910261672489e-05
2.2570197196339216e-05
2.656087782946684e-05
3.1257158496882356e-05
3.678379771828634e-05
4.328761281083062e-05
5.0941380148163754e-05
5.994842503189409e-05
7.054802310718646e-05
8.302175681319735e-05
9.770099572992247e-05
0.00011497569953977356
0.00013530477745798074
0.00015922827933410923
0.0001873817422860383
0.00022051307399030456
0.00025950242113997375
0.0003053855508833416
0.00035938136638046257
0.0004229242874389499
0.0004977023564332109
0.0005857020818056661
0.0006892612104349695
0.0008111308307896872
0.0009545484566618337
0.0011233240329780276
0.0013219411484660286
0.0015556761439304723
0.0018307382802953678
0.002154434690031882
0.0025353644939701114
0.0029836472402833374
0.003511191734215131
0.004132012400115334
0.004862601580065354
0.005722367659350214
0.006734150657750821
0.007924828983539169
0.0093260334688322
0.010974987654930556
0.01291549665014884
0.01519911082952933
0.01788649529057435
0.0210490414451202
0.02477076355991709
0.029150530628251757
0.034304692863149154
0.040370172585965536
0.047508101621027934
0.05590810182512223
0.06579332246575675
0.0774263682681127
0.09111627561154886
0.10722672220103231
0.1261856883066021
0.14849682622544635
0.1747528400007683
0.20565123083486514
0.24201282647943834
0.2848035868435799
0.3351602650938841
0.3944206059437656
0.46415888336127725
0.5462277217684337
0.642807311728432
0.7564633275546291
0.8902150854450375
1.0476157527896641
1.232846739442066
1.4508287784959402
1.7073526474706886
2.009233002565046
2.364489412645407
2.782559402207126
3.274549162877725
3.8535285937105273
4.534878508128582
5.3366992312063015
6.280291441834247
7.390722033525775
8.697490026177835
10.235310218990248
12.045035402587812
14.174741629268048
16.68100537200059
19.630406500402685
23.10129700083158
27.1858824273294
31.992671377973846
37.64935806792464
44.30621457583877
52.14008287999685
61.35907273413163
72.20809018385457
84.97534359086438
100.0
###
1.1257297567832043
0.9682342778376595
0.8288241983266686
0.7069056049830849
0.6014022960217755
0.5109369778840576
0.45203839198422485
0.3841556488728091
0.32679596406437766
0.27865017227411143
3.0788881306271336
2.5407622656657156
2.08189511219091
1.6948949510666544
1.3715695368528955
1.1035252347102384
0.9338157960332095
0.7431752702256237
0.5869565576704181
0.45900354069560734
4.370041072044322
3.5453471881174243
2.8535594022380253
2.2795422371280916
1.8075844921496418
1.4223296496761528
1.181796239345456
0.91529233814393
0.7004005517475176
0.527575614063246
5.402479458653579
4.3357594153750805
3.450483315094687
2.72357302096374
2.1320452779747767
1.6542786339011155
1.3586945580459076
1.034256651197127
0.7756151754532704
0.5699777493018974
6.284352024422534
5.003746644838971
3.9493084915014363
3.0902348546244944
2.396474598810842
1.8405257283728738
1.4989427905527049
1.1267012448378688
0.83249481099716
0.6008160678372304
7.064430870761818
5.589974428275447
4.383494478598961
3.4065523482480615
2.622474191129496
1.997905232875603
1.616357679602192
1.2029328208991024
0.8784922830457306
0.6249910349463645
7.7697686546492335
6.116714192433367
4.771047250137881
3.6869086082852256
2.8212108458349263
2.135155204674102
1.7179996393264747
1.2681583353064445
0.9171962959405501
0.6448608430749628
8.417230380363963
6.597725288941699
5.1230338402038536
3.9400719760834337
2.9995170874472854
2.2574482119280574
1.8080132003432952
1.325355118242768
0.9507996162584919
0.6617127947948054
9.01817864896934
7.042216002309271
5.446789828888852
4.171791363079791
3.161824540293736
2.3681237295453283
1.8890551152395392
1.3764491793863272
0.9804530241018498
0.67636725680357
9.58073842233642
7.4566800516992755
5.747468409230717
4.386091226482923
3.311255887732464
2.4694502827951137
1.9629306579762953
1.422701059757535
1.007056051146608
0.689297925803613
10.110831272474163
7.845931366863109
6.028859342801464
4.585857371953411
3.4500460312465777
2.5631057471952077
2.0309457943493263
1.4650187591461896
1.0311828322506067
0.7008838604336537
10.613160630080785
8.213627494857636
6.29382502779113
4.773305816236626
3.5797825124968754
2.6503195781603557
2.09406116299033
1.5040717651682662
1.0532882318707788
0.7113713465976574
11.090937393712194
8.56254304474252
6.544624068852387
4.950218442737562
3.701807748629056
2.732039195489883
2.1530117344952977
1.5403661160507622
1.0736790592328773
0.7209446367566058
11.547906853232613
8.895236400198996
6.783009530378253
5.117912514135088
3.8171147743680187
2.809012810896783
2.2083784992527455
1.5743000420820463
1.0926459549768173
0.7297660225772674
11.985650384021328
9.213122679639193
7.010412632107569
5.277478845056279
3.926503466642437
2.8818279934533
2.2606100573535226
1.6061765523498497
1.1103683224462273
0.7379275195777315