# datat/BKevo/GBW_BKevo/gbw66.dat
# N(r,Y=0), r, *F2(x,Q^2)
# 1e-05 < r < 100.0
# 1 < Q^2 < 50, n=15, log grid
# 1e-5 < x < 1e-2, n=10, log grid
###
1.2031664585937365e-09
1.5591459822510552e-09
2.025232798413335e-09
2.6287795567958876e-09
3.4072795447700485e-09
4.423705175753479e-09
5.743379798519688e-09
7.445860223369417e-09
9.662304315699228e-09
1.2547742742212605e-08
1.6270763655907624e-08
2.1103686540112495e-08
2.7412470354071864e-08
3.5553859707664125e-08
4.609128125610844e-08
5.988458308041272e-08
7.768749929756231e-08
1.0066113525731154e-07
1.308175327708386e-07
1.6974652979689498e-07
2.1994899892883267e-07
2.857595266922487e-07
3.708820672252115e-07
4.806721046007069e-07
6.241932644895494e-07
8.103184139353389e-07
1.0504175810569743e-06
1.3633920611843705e-06
1.7703545912177164e-06
2.295413441055908e-06
2.977867927938307e-06
3.867667722508808e-06
5.015859664190889e-06
6.503881688981696e-06
8.449322527471723e-06
1.0960106747796961e-05
1.4204358725956846e-05
1.8457700820033848e-05
2.394793745090519e-05
3.1027585253079384e-05
4.031945719430196e-05
5.232429048062141e-05
6.780674690048883e-05
8.807037121142248e-05
0.00011431843957801347
0.00014817488417131371
0.0001923606100766861
0.00024974568878032244
0.00032377369015300643
0.000420105955978945
0.0005455432757686116
0.0007073736547044244
0.0009173307140244283
0.0011914287239495557
0.0015450493224894051
0.0020023872736128776
0.0026008992188770483
0.003372901787874815
0.00436791913427707
0.00567279786038843
0.007354869493652266
0.009520181171664747
0.012349743282764062
0.015999047010253793
0.02068731791249696
0.026777396405014066
0.03462102599394023
0.04465150822280598
0.057557699225613296
0.07407575204258118
0.09498292417741612
0.12143172634815139
0.15470033165383032
0.19586140066326194
0.24626687842534678
0.30705897930841375
0.37860535736232803
0.4607067782303689
0.5505818589675888
0.6454427803930743
0.7404325587370033
0.8246487218741153
0.8947957451023296
0.9470004041670504
0.9772041660908742
0.9922189373602877
0.9982399070658267
0.9997268243988534
0.9999687830799371
0.9999984404273196
0.9999999827904941
0.9999999997710932
0.9999999999991535
1.0
1.0
1.0
1.0
1.0
1.0
1.0
###
1e-05
1.1768119524349992e-05
1.3848863713938717e-05
1.6297508346206434e-05
1.917910261672489e-05
2.2570197196339216e-05
2.656087782946684e-05
3.1257158496882356e-05
3.678379771828634e-05
4.328761281083062e-05
5.0941380148163754e-05
5.994842503189409e-05
7.054802310718646e-05
8.302175681319735e-05
9.770099572992247e-05
0.00011497569953977356
0.00013530477745798074
0.00015922827933410923
0.0001873817422860383
0.00022051307399030456
0.00025950242113997375
0.0003053855508833416
0.00035938136638046257
0.0004229242874389499
0.0004977023564332109
0.0005857020818056661
0.0006892612104349695
0.0008111308307896872
0.0009545484566618337
0.0011233240329780276
0.0013219411484660286
0.0015556761439304723
0.0018307382802953678
0.002154434690031882
0.0025353644939701114
0.0029836472402833374
0.003511191734215131
0.004132012400115334
0.004862601580065354
0.005722367659350214
0.006734150657750821
0.007924828983539169
0.0093260334688322
0.010974987654930556
0.01291549665014884
0.01519911082952933
0.01788649529057435
0.0210490414451202
0.02477076355991709
0.029150530628251757
0.034304692863149154
0.040370172585965536
0.047508101621027934
0.05590810182512223
0.06579332246575675
0.0774263682681127
0.09111627561154886
0.10722672220103231
0.1261856883066021
0.14849682622544635
0.1747528400007683
0.20565123083486514
0.24201282647943834
0.2848035868435799
0.3351602650938841
0.3944206059437656
0.46415888336127725
0.5462277217684337
0.642807311728432
0.7564633275546291
0.8902150854450375
1.0476157527896641
1.232846739442066
1.4508287784959402
1.7073526474706886
2.009233002565046
2.364489412645407
2.782559402207126
3.274549162877725
3.8535285937105273
4.534878508128582
5.3366992312063015
6.280291441834247
7.390722033525775
8.697490026177835
10.235310218990248
12.045035402587812
14.174741629268048
16.68100537200059
19.630406500402685
23.10129700083158
27.1858824273294
31.992671377973846
37.64935806792464
44.30621457583877
52.14008287999685
61.35907273413163
72.20809018385457
84.97534359086438
100.0
###
1.4976164802477936
1.3017115328591784
1.1236620763658232
0.9641443134351051
0.8232702221095829
0.7001964842223422
0.6189795596521732
0.52434314317315
0.4438427769632853
0.3757600743839286
4.4312589213477045
3.7085784810926796
3.0783459336415095
2.5339399089200585
2.0707923761854246
1.680948494366856
1.4317018122926524
1.1498462075343925
0.917857657621407
0.7277674129103076
6.502254187327283
5.358137652977743
4.373997460413759
3.53965103640992
2.841434746089097
2.263297101757814
1.8988324301710469
1.492308996859311
1.1629569208257364
0.8973600697400869
8.212240417510815
6.699037173686668
5.411829113483451
4.332431874608098
3.4387915644280143
2.706596239163635
2.2492376691724876
1.7437001862390977
1.338387450311858
1.0150545618213156
9.70454552182684
7.8576422340879555
6.299492721262857
5.003438288414224
3.9387845417958345
3.07334329298865
2.5363833903199318
1.9468528304841777
1.4778771926812075
1.1068416999551904
11.046043197917264
8.891447405205732
7.085552270470611
5.592990536542583
4.3745787353592185
3.3901774486667944
2.7827144891116298
2.1193077265624516
1.5949500892883706
1.182773688173055
12.274733933928694
9.832722297382166
7.796964550462069
6.1232799446266695
4.7640224439172405
3.6714229422458766
3.0001696654280474
2.2704114718928925
1.6965222434847806
1.2479333590694086
13.414729212833752
10.70175523977694
8.450539021791645
6.607975994479683
5.118104285959287
3.9256820597973205
3.1959059588966885
2.4054538260517577
1.7866582753676536
1.3052414997473856
14.482345135918349
11.512385381135646
9.057606504463307
7.056236546630816
5.444081814014743
4.158599559495964
3.374552792469996
2.528040007784836
1.8679623914766745
1.3565426156992935
15.48982982674259
12.27447102521426
9.626271084066342
7.47458395164652
5.747082288043822
4.374237458298404
3.5393666475938828
2.64059458443271
1.9422049228554938
1.4030921614001002
16.445946551891808
12.995389072399087
10.16244548138467
7.867706662956912
6.030866944076179
4.575488323143778
3.6927192242606353
2.744885478486614
2.010669026350568
1.4457790333280027
17.357896463509014
13.680723403048402
10.670750695336432
8.23929673011118
6.298280380517544
4.7645050368795285
3.8363837918404773
2.842223778138968
2.0742901590581013
1.4852540147614002
18.230565594455435
14.335125061585401
11.154790005584976
8.592094961670078
6.551588432451443
4.942993853483004
3.9717301311086084
2.9336237083228407
2.133802071785217
1.522012222273007
19.068628164811543
14.962131991167807
11.617459627529014
8.92870206680513
6.792476497527141
5.112308613042075
4.0998465410661
3.019897306543913
2.189768761104787
1.5564425538927946
19.875856312556586
15.564688749446601
12.061123330925323
9.250657424804347
7.022419386083182
5.2735249662795916
4.221603761976479
3.1016760101692156
2.242638672953733
1.5888475392669315