# datat/BKevo/ATAN_BKevo/atan1.dat
# N(r,Y=0), r, *F2(x,Q^2)
# 1e-05 < r < 100.0
# 1 < Q^2 < 50, n=15, log grid
# 1e-5 < x < 1e-2, n=10, log grid
###
0.0025174056562854725
0.0026876898820741265
0.0028678288783835957
0.003060510580808845
0.00326734372456663
0.003486764199307544
0.003720818080404059
0.003972047114143411
0.004239315672106592
0.0045236276893992015
0.004828784808650656
0.005154336452274063
0.005499701661428373
0.0058703663122941984
0.006266911979974156
0.006686444815069374
0.007136683516484506
0.007619706521552551
0.008129339273907783
0.008676239957291878
0.009263357380314953
0.00988368918345221
0.010548010367447104
0.011261140763262817
0.01201674239373288
0.012823701880524882
0.013689899342565183
0.014610270577057594
0.015590503665202388
0.01664263231819834
0.01776370686177766
0.018954430520475688
0.020232412626750986
0.021597961481414088
0.02304438876793545
0.02459672102707102
0.02626006198517471
0.028017120507297
0.029902716188854678
0.03192702259619798
0.03406321600982905
0.0363536429350945
0.038812416047255154
0.04141442496697324
0.044196624356123364
0.047183138481847735
0.05035254693355873
0.05373213623974375
0.057359695331808895
0.06122024109941397
0.06532552555699699
0.06973176334716834
0.0744341664511767
0.07942100904572419
0.08477310753991109
0.09050094386338471
0.09655866966947341
0.10305968077960027
0.11003651088610084
0.11739504029898971
0.12529150692169908
0.1337684229511455
0.14272786125788348
0.15231888517293654
0.16261399092397405
0.17352530597914878
0.18517294729562211
0.1976738657439439
0.2109586841375532
0.22509860444356616
0.24027010842959717
0.2564330983798544
0.2735810963796838
0.2919681685031482
0.3115956575615165
0.33233531681430356
0.35453752577501757
0.37825439313972564
0.4031597011447287
0.42971151257276413
0.45796813334312053
0.48737302372445535
0.5183612931050507
0.5509046222129804
0.5842037899018188
0.6183611384302181
0.6532192504690781
0.6876426209395292
0.7212638457412152
0.7539582033081704
0.7846014237364173
0.8126259467654159
0.8384273701812968
0.8614761409248178
0.8813515038727978
0.8989524370465983
0.9142818593685613
0.927021864914573
0.9381015168450798
0.9477001811056635
###
1e-05
1.1768119524349992e-05
1.3848863713938717e-05
1.6297508346206434e-05
1.917910261672489e-05
2.2570197196339216e-05
2.656087782946684e-05
3.1257158496882356e-05
3.678379771828634e-05
4.328761281083062e-05
5.0941380148163754e-05
5.994842503189409e-05
7.054802310718646e-05
8.302175681319735e-05
9.770099572992247e-05
0.00011497569953977356
0.00013530477745798074
0.00015922827933410923
0.0001873817422860383
0.00022051307399030456
0.00025950242113997375
0.0003053855508833416
0.00035938136638046257
0.0004229242874389499
0.0004977023564332109
0.0005857020818056661
0.0006892612104349695
0.0008111308307896872
0.0009545484566618337
0.0011233240329780276
0.0013219411484660286
0.0015556761439304723
0.0018307382802953678
0.002154434690031882
0.0025353644939701114
0.0029836472402833374
0.003511191734215131
0.004132012400115334
0.004862601580065354
0.005722367659350214
0.006734150657750821
0.007924828983539169
0.0093260334688322
0.010974987654930556
0.01291549665014884
0.01519911082952933
0.01788649529057435
0.0210490414451202
0.02477076355991709
0.029150530628251757
0.034304692863149154
0.040370172585965536
0.047508101621027934
0.05590810182512223
0.06579332246575675
0.0774263682681127
0.09111627561154886
0.10722672220103231
0.1261856883066021
0.14849682622544635
0.1747528400007683
0.20565123083486514
0.24201282647943834
0.2848035868435799
0.3351602650938841
0.3944206059437656
0.46415888336127725
0.5462277217684337
0.642807311728432
0.7564633275546291
0.8902150854450375
1.0476157527896641
1.232846739442066
1.4508287784959402
1.7073526474706886
2.009233002565046
2.364489412645407
2.782559402207126
3.274549162877725
3.8535285937105273
4.534878508128582
5.3366992312063015
6.280291441834247
7.390722033525775
8.697490026177835
10.235310218990248
12.045035402587812
14.174741629268048
16.68100537200059
19.630406500402685
23.10129700083158
27.1858824273294
31.992671377973846
37.64935806792464
44.30621457583877
52.14008287999685
61.35907273413163
72.20809018385457
84.97534359086438
100.0
###
8.086803489619452
7.56380664134611
6.953292869925054
6.231946766890321
5.376670087942097
4.376959720061108
3.5563181997482185
2.467027894694643
1.5371436681804542
0.8764099854759541
33.576574105106566
31.22226174754217
28.473109699728575
25.22626812484662
21.39478949289842
16.98974386938169
13.47996268178785
9.021474294616091
5.421803575856571
2.9897814322784995
57.70581879683679
53.51945009214832
48.630474365129324
42.859647959055955
36.07170699418336
28.338910258226722
22.265826587102477
14.697260834805098
8.71954198560935
4.755573130552691
81.13852945376065
75.11940209597083
68.09001403569387
59.7971811512923
50.067990541470415
39.058258924395
30.49713796063783
19.95871978504056
11.750103569003073
6.335040166456589
104.09504275476037
96.24281250274187
87.07239388293011
76.25990483605663
63.60213546903687
49.354888989033675
38.36017469272657
24.950294040198305
14.609433398750896
7.8405648746522
126.68884885429537
117.00320727480673
105.69177427294026
92.36141965209137
76.78616987316927
59.33349775866622
45.94898050046104
29.742371920401602
17.34424620877247
9.276276922423676
148.98935803865996
137.47016867850692
124.01758943857837
108.17132499587733
89.68849651266335
69.05828231290094
53.320098100607524
34.37899721771928
19.981926864796392
10.65793991353719
171.04287222633013
157.69074068617198
142.096717674966
123.73474440545556
102.35529837646233
78.57210748450889
60.51158497299108
38.88755048436533
22.540389263960932
11.995803507448677
192.88642587286301
177.6989767611119
159.96404427520312
139.09155880949484
114.81986229844965
87.90519553780506
67.5497879474087
43.28793580354472
25.032442803183358
13.297031143624848
214.5424194894855
197.5206027253761
177.6445092291823
154.26161313728124
127.10730779678465
97.08113522573498
74.45457810158875
47.594806194710785
27.46735708500776
14.566889652855021
236.03215524229648
217.1757911924293
195.15704916357083
169.26698735921732
139.23728494206438
106.11782023652496
81.2425189082072
51.8195991438754
29.852310675627244
15.809412154415789
257.3718396058372
236.68076489859405
212.52320412294475
184.1238828811261
151.2255030218634
115.02954569205552
87.92563671079317
55.97369408739953
32.19296237730646
17.027765764243856
278.5747917291063
256.0488535709095
229.75040753925128
198.84554910436648
163.08500907830611
123.82815847655306
94.51412889076803
60.06001966768058
34.49389094214825
18.224486399634113
299.65216125857586
275.29122672023584
246.84921908195906
213.4432389607049
174.82656760447918
132.52334678529465
101.01642217896416
64.08671644000651
36.75888032607498
19.40170976410169
320.60959169780466
294.41734268329026
263.83446144454325
227.92630726146373
186.4593254452962
141.12353219168645
107.4396080486377
68.05889530718544
38.99108892085852
20.561168392773812