# datat/BKevo/GBW_BKevo/gbw70.dat
# N(r,Y=0), r, *F2(x,Q^2)
# 1e-05 < r < 100.0
# 1 < Q^2 < 50, n=15, log grid
# 1e-5 < x < 1e-2, n=10, log grid
###
0.0
0.0
0.0
0.0
0.0
1.110223024625157e-16
1.110223024625157e-16
2.0374340747712053e-16
3.6685070701652155e-16
6.576673429581933e-16
1.0382698978202724e-15
1.75868614291951e-15
3.057821901498848e-15
5.0769861483220814e-15
8.559869929667049e-15
1.4507645234938537e-14
2.43806670820725e-14
4.053305656483269e-14
6.903241884901066e-14
1.1623452993205038e-13
1.9379514767071152e-13
3.2933290758789187e-13
5.552547262191366e-13
9.266890694171067e-13
1.5701299432150315e-12
2.651557871183063e-12
4.431752777046357e-12
7.482561643084255e-12
1.265915038343398e-11
2.118958596205182e-11
3.564739494240576e-11
6.042221239247734e-11
1.0129147302717917e-10
1.697701877836398e-10
2.8831916161950996e-10
4.840937976630994e-10
8.082494718260728e-10
1.3754080546391214e-09
2.313073820945544e-09
3.852939103249007e-09
6.5594356171034846e-09
1.1049677811256662e-08
1.8430846806385357e-08
3.127332021680515e-08
5.277238557691627e-08
8.81482089298824e-08
1.490560250243281e-07
2.519750222498413e-07
4.2149674048422437e-07
7.102123704833441e-07
1.2028135341990092e-06
2.0150445812671733e-06
3.3828649242240564e-06
5.740171747621947e-06
9.63121408170743e-06
1.6107633308935787e-05
2.738611074136655e-05
4.6023052842273176e-05
7.666827066164856e-05
0.00013061594270020896
0.00021985706996459725
0.00036647534363506236
0.0006226573870269461
0.0010496780117992045
0.0017516438802147169
0.002964540561923659
0.005002195457335197
0.008348396497279219
0.014046491495667468
0.023647825347798107
0.03927688847642345
0.06513526230517684
0.1077588841290821
0.174005928077038
0.27404124298977206
0.41696892728398627
0.5949043700679231
0.7818675526719382
0.916999077022558
0.9827635191188172
0.999205974618903
0.9999868396918233
0.9999999629663365
0.9999999999973499
1.0
1.0
1.0
1.0
1.0
1.0
1.0
1.0
1.0
1.0
1.0
1.0
1.0
1.0
1.0
1.0
###
1e-05
1.1768119524349992e-05
1.3848863713938717e-05
1.6297508346206434e-05
1.917910261672489e-05
2.2570197196339216e-05
2.656087782946684e-05
3.1257158496882356e-05
3.678379771828634e-05
4.328761281083062e-05
5.0941380148163754e-05
5.994842503189409e-05
7.054802310718646e-05
8.302175681319735e-05
9.770099572992247e-05
0.00011497569953977356
0.00013530477745798074
0.00015922827933410923
0.0001873817422860383
0.00022051307399030456
0.00025950242113997375
0.0003053855508833416
0.00035938136638046257
0.0004229242874389499
0.0004977023564332109
0.0005857020818056661
0.0006892612104349695
0.0008111308307896872
0.0009545484566618337
0.0011233240329780276
0.0013219411484660286
0.0015556761439304723
0.0018307382802953678
0.002154434690031882
0.0025353644939701114
0.0029836472402833374
0.003511191734215131
0.004132012400115334
0.004862601580065354
0.005722367659350214
0.006734150657750821
0.007924828983539169
0.0093260334688322
0.010974987654930556
0.01291549665014884
0.01519911082952933
0.01788649529057435
0.0210490414451202
0.02477076355991709
0.029150530628251757
0.034304692863149154
0.040370172585965536
0.047508101621027934
0.05590810182512223
0.06579332246575675
0.0774263682681127
0.09111627561154886
0.10722672220103231
0.1261856883066021
0.14849682622544635
0.1747528400007683
0.20565123083486514
0.24201282647943834
0.2848035868435799
0.3351602650938841
0.3944206059437656
0.46415888336127725
0.5462277217684337
0.642807311728432
0.7564633275546291
0.8902150854450375
1.0476157527896641
1.232846739442066
1.4508287784959402
1.7073526474706886
2.009233002565046
2.364489412645407
2.782559402207126
3.274549162877725
3.8535285937105273
4.534878508128582
5.3366992312063015
6.280291441834247
7.390722033525775
8.697490026177835
10.235310218990248
12.045035402587812
14.174741629268048
16.68100537200059
19.630406500402685
23.10129700083158
27.1858824273294
31.992671377973846
37.64935806792464
44.30621457583877
52.14008287999685
61.35907273413163
72.20809018385457
84.97534359086438
100.0
###
1.1333646913566935
0.9933541119449691
0.8709713323903429
0.7652779246123114
0.675036857550292
0.5988028813277418
0.5500753292576239
0.49469617066178345
0.4495936117210703
0.41346867602180376
3.038198980026998
2.5448655173458525
2.124677517527239
1.77004775678316
1.4727680633725424
1.2247967317899089
1.0666009611292229
0.887193514072021
0.7381832529304563
0.6142517816610726
4.267825182240206
3.506445189434643
2.8670212421078087
2.334280017602592
1.8931798869735008
1.5294153658193659
1.2995172212257584
1.040933874965867
0.8279494081714928
0.6520362741268424
5.239044575185848
4.251675670425355
3.4302492398947475
2.752305049574799
2.1959279236119875
1.7411921989019024
1.4560414294822612
1.137811379812849
0.878125631617055
0.6657691129246327
6.0618049076419345
4.87511783465577
3.895101296803042
3.0919560239410653
2.4376056517398035
1.9066156131140113
1.5757964493050933
1.209095743188694
0.9123869558679817
0.6720672212605526
6.785061460058669
5.418226031336883
4.295987695595979
3.381651102492095
2.6410677590896716
2.043724542685232
1.6736423153103406
1.2658102286285022
0.9382878695510927
0.6753078944758734
7.435764308711629
5.903277154089174
4.6512131488865345
3.6362792426690507
2.81803741541053
2.1615665207067476
1.7568292226259086
1.3130901445084249
0.9595294933359669
0.6770734123073606
8.030631092461912
6.3440454623838445
4.97195623501206
3.8643848490126893
2.9754099677459593
2.2653762672442705
1.8294749437855524
1.3537510236135768
0.9764970992263143
0.6780537061713248
8.580788510612336
6.749644613092087
5.265516973447508
4.071944564611791
3.1176179597952283
2.358445470029848
1.894143198134125
1.389502228822965
0.9918928561294145
0.678584737682277
9.094176718179908
7.1264778572627
5.53693819819253
4.26292255121892
3.247683700349802
2.4429909689820852
1.9525382156402376
1.4214535976405087
1.0045946028792567
0.678837695180142
9.57669741792362
7.4792568287133046
5.790004659658758
4.439932994624057
3.367789950425423
2.520613945610256
2.005874860373887
1.4503808678360668
1.016312449682659
0.6789235412898621
10.032569263856551
7.811594647580999
6.027523409932074
4.605566145231796
3.479549761383222
2.592470165149029
2.0550608997175557
1.4768387930274027
1.0268958661478098
0.6788966263876033
10.465606987631341
8.126189783261538
6.251619061962658
4.761289631704392
3.584242184266499
2.659447017631303
2.1006528349691
1.5012341430866294
1.036549561739009
0.6788077436868731
10.878617790435884
8.425291716890891
6.464041628124063
4.908437581700596
3.6827648057132154
2.7222362616173648
2.1432750044086837
1.5238881263503274
1.0454300096196176
0.6786659073244351
11.273632947996349
8.710698060373595
6.66617509067546
5.048022506617884
3.7759130795729536
2.7813782237036824
2.183287106519023
1.5450402621965778
1.0536542531746296
0.6784924535891238