# datat/BKevo/MVg_BKevo/mvg29.dat
# N(r,Y=0), r, *F2(x,Q^2)
# 1e-05 < r < 100.0
# 1 < Q^2 < 50, n=15, log grid
# 1e-5 < x < 1e-2, n=10, log grid
###
1.2315610228938593e-06
1.4781723732580388e-06
1.7744433404216132e-06
2.129545771909975e-06
2.5547823149744433e-06
3.0650538832301327e-06
3.6765987663859443e-06
4.408516135169082e-06
5.285754280654419e-06
6.33691683845378e-06
7.5942094630530626e-06
9.099309876292398e-06
1.0902329750184543e-05
1.3057453655165236e-05
1.563414799194128e-05
1.8719686502557277e-05
2.240501496207394e-05
2.6805646473400296e-05
3.2072583494960886e-05
3.8358085630748106e-05
4.585623270325841e-05
5.481902163006691e-05
6.550802595089936e-05
7.824697663230939e-05
9.345047462119306e-05
0.00011156885662308544
0.0001331386038544622
0.00015883907531241313
0.00018943827596499087
0.00022582152137896156
0.0002690971267519625
0.00032056047005061313
0.00038166571151476795
0.00045421244671911624
0.0005403569798690672
0.0006424754031649941
0.0007634749836996592
0.0009068876977450233
0.0010765735393905088
0.001277212102356227
0.0015144477763249203
0.0017945349885664917
0.002124951621171579
0.0025144918053806747
0.002973204958138093
0.0035128713211548014
0.004147017092215781
0.004891349727182577
0.0057642037515239965
0.006786088527757762
0.007980675207510553
0.009376127843850418
0.01100308655004338
0.012895495598081697
0.015096069533745197
0.017649985621301795
0.020602650591859756
0.024018230902273625
0.0279628592518375
0.03249147329384698
0.037700302425699425
0.04368214175342289
0.050507481933337504
0.0583087687749321
0.06721929272443072
0.07733607292743767
0.08883327535663443
0.10190977325932145
0.11671156680721771
0.13346133477948424
0.15246233495186345
0.17394196417082106
0.19816278986554894
0.22556601294999185
0.2564646253578567
0.29105330979795163
0.32986946873433604
0.3731872820767568
0.4206832393194846
0.47276807254243175
0.529238932685864
0.5883236019886815
0.6497788344902115
0.7122879101080797
0.7721407447510394
0.8280553011146272
0.8783871314612357
0.9194330544533963
0.9507525333794904
0.9733361920231289
0.9872586101383469
0.9945804190917369
0.9981602403266261
0.9995270883134951
0.9998903973092907
0.9999828629053443
0.9999987297593919
0.9999998922946625
0.9999999949867132
0.9999999999712107
###
1e-05
1.1768119524349992e-05
1.3848863713938717e-05
1.6297508346206434e-05
1.917910261672489e-05
2.2570197196339216e-05
2.656087782946684e-05
3.1257158496882356e-05
3.678379771828634e-05
4.328761281083062e-05
5.0941380148163754e-05
5.994842503189409e-05
7.054802310718646e-05
8.302175681319735e-05
9.770099572992247e-05
0.00011497569953977356
0.00013530477745798074
0.00015922827933410923
0.0001873817422860383
0.00022051307399030456
0.00025950242113997375
0.0003053855508833416
0.00035938136638046257
0.0004229242874389499
0.0004977023564332109
0.0005857020818056661
0.0006892612104349695
0.0008111308307896872
0.0009545484566618337
0.0011233240329780276
0.0013219411484660286
0.0015556761439304723
0.0018307382802953678
0.002154434690031882
0.0025353644939701114
0.0029836472402833374
0.003511191734215131
0.004132012400115334
0.004862601580065354
0.005722367659350214
0.006734150657750821
0.007924828983539169
0.0093260334688322
0.010974987654930556
0.01291549665014884
0.01519911082952933
0.01788649529057435
0.0210490414451202
0.02477076355991709
0.029150530628251757
0.034304692863149154
0.040370172585965536
0.047508101621027934
0.05590810182512223
0.06579332246575675
0.0774263682681127
0.09111627561154886
0.10722672220103231
0.1261856883066021
0.14849682622544635
0.1747528400007683
0.20565123083486514
0.24201282647943834
0.2848035868435799
0.3351602650938841
0.3944206059437656
0.46415888336127725
0.5462277217684337
0.642807311728432
0.7564633275546291
0.8902150854450375
1.0476157527896641
1.232846739442066
1.4508287784959402
1.7073526474706886
2.009233002565046
2.364489412645407
2.782559402207126
3.274549162877725
3.8535285937105273
4.534878508128582
5.3366992312063015
6.280291441834247
7.390722033525775
8.697490026177835
10.235310218990248
12.045035402587812
14.174741629268048
16.68100537200059
19.630406500402685
23.10129700083158
27.1858824273294
31.992671377973846
37.64935806792464
44.30621457583877
52.14008287999685
61.35907273413163
72.20809018385457
84.97534359086438
100.0
###
2.774198769984863
2.4277110740341534
2.0894053032946043
1.7652610342317678
1.4623743602294421
1.1873244013342936
1.0016900340253958
0.7852049463217577
0.6042388582779015
0.4571184523415014
9.732039783481985
8.269831206309144
6.892089640551695
5.6264949267503255
4.497758479117361
3.521193248816936
2.892106752071811
2.1873783858345304
1.6247291443026937
1.1865761660201921
15.441846317634635
12.951636566286492
10.645933220777316
8.568581364265796
6.753269593618568
5.214208694092142
4.239926505152221
3.165991717779772
2.3233330269788928
1.6774888869916098
20.551392905797922
17.089537395061097
13.92227374841067
11.104971441221826
8.674902040357422
6.641205474097591
5.367341453744817
3.977220291519596
2.898019958925935
2.078811522930356
25.26843330383927
20.877331733618508
16.895857724874478
13.38826426483596
10.391483897995084
7.906694279919743
6.362804485660844
4.689467415439416
3.4001797240008043
2.428172308469691
29.696972326574365
24.410372478867462
19.651818587532365
15.491585405795213
11.963822350674137
9.060076014184812
7.266540655961657
5.333685474298786
3.852885355858202
2.7422968933964595
33.899275783950785
27.746129800663102
22.24000487475756
17.457278383946566
13.426885861703585
10.128977936710305
8.102011128528426
5.927299877362667
4.26895894128056
3.030492238355285
37.91667685849737
30.920643851132358
24.693105242195024
19.31297626477907
14.802873500357814
11.131036912535222
8.883622143366258
6.481156624820136
4.65642657753488
3.2984007072841233
41.77924624830247
33.96032020252662
27.03381381475907
21.077639686951304
16.10736967341229
12.078439889495352
9.621205416257997
7.002803957717824
5.020692938547845
3.5500063047153825
45.507297842567894
36.88537676714826
29.2788777174908
22.765254307109437
17.351563139358184
12.97992622384295
10.321884873425295
7.497510048504363
5.365647098371962
3.787969660806303
49.11783457852338
39.710362251691336
31.44108022861124
24.386389594999173
18.543956556160076
13.842000906233261
10.989561323622988
7.969270136572608
5.694186797623724
4.014395100075161
52.625142147128635
42.44704164222527
33.530465920755105
25.949321098204425
19.691129904591197
14.669978879588545
11.63120910946337
8.42115527821449
6.008536479557164
4.23083815462451
56.03956071310667
45.10492365078051
35.55508240690558
27.46067774468836
20.798385160483914
15.467830628037255
12.251148688519754
8.855598926607072
6.310453080473765
4.438585910240359
59.37136286362532
47.691825799776026
37.521502715284456
28.925878104820967
21.870056602237778
16.238865442910466
12.847653539304888
9.274564057033873
6.601357473135015
4.638620819028083
62.625925639885935
50.21428586399992
39.435544539483516
30.349409099928916
22.909644968239352
16.98578597068684
13.425081635233122
9.67966620267658
6.882404096989963
4.831766823829957