# datat/BKevo/GBW_BKevo/gbw60.dat
# N(r,Y=0), r, *F2(x,Q^2)
# 1e-05 < r < 100.0
# 1 < Q^2 < 50, n=15, log grid
# 1e-5 < x < 1e-2, n=10, log grid
###
5.796345591485948e-16
8.745173819735516e-16
1.4694359900978969e-15
2.3230655513383444e-15
3.550486138712871e-15
5.660983056103145e-15
8.97054798723543e-15
1.4052219527046059e-14
2.2189761048482946e-14
3.517250314053799e-14
5.5235264389343455e-14
8.689577052942824e-14
1.37921174439454e-13
2.1699478344688977e-13
3.4075971232816513e-13
5.411546444742157e-13
8.524958250749327e-13
1.3351277902515989e-12
2.12363074327188e-12
3.3493514662930194e-12
5.245351396551031e-12
8.331480057417925e-12
1.315618170017446e-11
2.0624528529298636e-11
3.267918297251225e-11
5.1668082772293094e-11
8.108360792144692e-11
1.281530673033925e-10
2.0287928040268008e-10
3.187246623961636e-10
5.024468455812682e-10
7.964771903691281e-10
1.2526528071623173e-09
1.9694801634156843e-09
3.126270864118163e-09
4.922396849230715e-09
7.718099304627121e-09
1.2268602615848616e-08
1.9339777471190696e-08
3.027439242682802e-08
4.8136705354014646e-08
7.597196477345154e-08
1.1904613387912346e-07
1.8882860562092245e-07
2.9838725787746463e-07
4.680493833477221e-07
7.405708348703959e-07
1.1717367415735793e-06
1.8399363615564712e-06
2.9038202716123955e-06
4.600447825479751e-06
7.231798806199791e-06
1.1383431268860809e-05
1.8058702765706775e-05
2.8419597647424514e-05
4.4613868075772595e-05
7.087294569209859e-05
0.00011166201643603369
0.0001747998241018216
0.0002780697926589079
0.0004385978919079121
0.000686885076323833
0.0010904445744737217
0.0017216297892201473
0.002698031001034174
0.004270070227924999
0.006743682188453729
0.010564440971149735
0.016638645559273187
0.026211194975678045
0.040877101806879576
0.0636425353283257
0.09890885563208247
0.15111052785654244
0.22704601076939868
0.3343161919885732
0.47277302391481263
0.6352968488241355
0.7923003809100395
0.9137793407694061
0.9806146779523678
0.9973646153007611
0.9998545235508512
0.999998943770793
0.999999999875425
0.9999999999999934
1.0
1.0
1.0
1.0
1.0
1.0
1.0
1.0
1.0
1.0
1.0
1.0
1.0
1.0
###
1e-05
1.1768119524349992e-05
1.3848863713938717e-05
1.6297508346206434e-05
1.917910261672489e-05
2.2570197196339216e-05
2.656087782946684e-05
3.1257158496882356e-05
3.678379771828634e-05
4.328761281083062e-05
5.0941380148163754e-05
5.994842503189409e-05
7.054802310718646e-05
8.302175681319735e-05
9.770099572992247e-05
0.00011497569953977356
0.00013530477745798074
0.00015922827933410923
0.0001873817422860383
0.00022051307399030456
0.00025950242113997375
0.0003053855508833416
0.00035938136638046257
0.0004229242874389499
0.0004977023564332109
0.0005857020818056661
0.0006892612104349695
0.0008111308307896872
0.0009545484566618337
0.0011233240329780276
0.0013219411484660286
0.0015556761439304723
0.0018307382802953678
0.002154434690031882
0.0025353644939701114
0.0029836472402833374
0.003511191734215131
0.004132012400115334
0.004862601580065354
0.005722367659350214
0.006734150657750821
0.007924828983539169
0.0093260334688322
0.010974987654930556
0.01291549665014884
0.01519911082952933
0.01788649529057435
0.0210490414451202
0.02477076355991709
0.029150530628251757
0.034304692863149154
0.040370172585965536
0.047508101621027934
0.05590810182512223
0.06579332246575675
0.0774263682681127
0.09111627561154886
0.10722672220103231
0.1261856883066021
0.14849682622544635
0.1747528400007683
0.20565123083486514
0.24201282647943834
0.2848035868435799
0.3351602650938841
0.3944206059437656
0.46415888336127725
0.5462277217684337
0.642807311728432
0.7564633275546291
0.8902150854450375
1.0476157527896641
1.232846739442066
1.4508287784959402
1.7073526474706886
2.009233002565046
2.364489412645407
2.782559402207126
3.274549162877725
3.8535285937105273
4.534878508128582
5.3366992312063015
6.280291441834247
7.390722033525775
8.697490026177835
10.235310218990248
12.045035402587812
14.174741629268048
16.68100537200059
19.630406500402685
23.10129700083158
27.1858824273294
31.992671377973846
37.64935806792464
44.30621457583877
52.14008287999685
61.35907273413163
72.20809018385457
84.97534359086438
100.0
###
1.1108469141658062
0.9682983608356899
0.8433360456436038
0.735038210365541
0.6421618973842971
0.5632911367810928
0.5123540101486701
0.45428739177246175
0.40616493119556757
0.3667560163156036
2.9780405713777807
2.482660884729683
2.0609202265558744
1.705141736070159
1.4071663246126647
1.158874652490658
1.0006688232685048
0.8217326672937515
0.6727378359384908
0.5491800614561453
4.185809186450992
3.4245757159546257
2.7860358872141204
2.254956873107398
1.8160775487511687
1.4551460111547707
1.2276931321857707
0.9727179706723399
0.7636682897939695
0.591929874971287
5.140887194773919
4.1559065578685805
3.3378348064716152
2.663945671895518
2.112464715680633
1.6631717217520672
1.3824257675879654
1.0703951003768732
0.8175235015267811
0.6116080251674958
5.9505728731136704
4.768550889328546
3.794067667554036
2.997215250981297
2.3499498519553286
1.8265380692369193
1.5017068714055206
1.1432191127640283
0.8552338775155901
0.6230915656518953
6.662768542131119
5.302599225956297
4.187957820622255
3.2819937663020515
2.5503696685373503
1.9624270379279958
1.5996085476066542
1.2016059201298188
0.8839391691107014
0.6306947544170554
7.30379111407817
5.779918910618828
4.537363023665682
3.532444190594768
2.7250055735952654
2.079520330608917
1.683122184103851
1.2505359090867378
0.9075081012692584
0.6361420936737389
7.890072145537141
6.213888481318523
4.8530536842672385
3.757190161475576
2.880510752223964
2.1828430913660912
1.7562447214873333
1.2927221305275824
0.9273549321901653
0.6402606131735575
8.432401857864848
6.613415335880008
5.142157401178764
3.961790278988442
3.021178918484308
2.275606258376362
1.8214149355674865
1.329911200477926
0.944499317101376
0.6435016197253413
8.938665936089564
6.984743432227799
5.409633395800317
4.1501615002660674
3.1499757841808056
2.359962756223306
1.880311963794819
1.3631974421533062
0.9595878398750882
0.6461211061137546
9.41452290641524
7.332481882092568
5.659130059554041
4.3250888436134645
3.268967678365109
2.437473632786132
1.9341819201557557
1.3933672615596109
0.973070294526196
0.6482749303343608
9.864263849688573
7.660173340993422
5.893346086751982
4.488673406454986
3.37976012996234
2.509280144878154
1.983872493117157
1.4209791517364188
0.9852569915543199
0.6501289685280245
10.291535457746072
7.970436060628825
6.114421952542563
4.642555443341613
3.483562621911934
2.576248983691652
2.0300240196226826
1.4465027523783993
0.9963766553051048
0.6517007856510788
10.698968851520144
8.265494386343812
6.323959992113919
4.787985986144404
3.5813290869726435
2.639059771462843
2.07315657034267
1.470128562049557
1.006606737617072
0.653065428735566
11.089013738167791
8.547098767784481
6.523569266962837
4.925995786548792
3.673812304348546
2.698258632441902
2.1136669795627054
1.4922253855308514
1.0160783357878345
0.6542704962427576