# datat/BKevo/ATAN_BKevo/atan33.dat
# N(r,Y=0), r, *F2(x,Q^2)
# 1e-05 < r < 100.0
# 1 < Q^2 < 50, n=15, log grid
# 1e-5 < x < 1e-2, n=10, log grid
###
5.58863158860871e-09
7.013946565156519e-09
8.814887282910103e-09
1.1073757331498868e-08
1.3899739837807068e-08
1.7463775019730965e-08
2.1941973090755746e-08
2.7544991131985567e-08
3.459791204871202e-08
4.347578294385435e-08
5.458461611946164e-08
6.854123765913776e-08
8.614103884201492e-08
1.0816567189985071e-07
1.3578261665553108e-07
1.706725422342419e-07
2.143384678277458e-07
2.689840155436701e-07
3.3814889148949716e-07
4.2471947604598993e-07
5.330101615002559e-07
6.699508361594474e-07
8.415802257972264e-07
1.0562902636755773e-06
1.3272980270006985e-06
1.6675546051568486e-06
2.0932584257517902e-06
2.6295680039687747e-06
3.3041191726383977e-06
4.148146750309807e-06
5.2094358690799e-06
6.546698443095351e-06
8.220097587353816e-06
1.0320178245240163e-05
1.2971190963066596e-05
1.6288883743269906e-05
2.0444372176021097e-05
2.5699703772127143e-05
3.227728701528522e-05
4.050482081765231e-05
5.091748421688846e-05
6.395785003503972e-05
8.02708046538705e-05
0.00010087788549662067
0.00012673057152711733
0.00015907414823597833
0.00019985475146985007
0.00025110690541392685
0.0003152327854573139
0.00039593206567726293
0.0004975344995592998
0.000624668499813168
0.0007843502036408819
0.000985754349380683
0.001237786042064682
0.001553712374923279
0.0019528934159139303
0.002452428281470533
0.0030773103755072167
0.00386819915725533
0.004857814419251517
0.00609520728206933
0.007658496667948394
0.009616524457351299
0.012063287701147871
0.015145256142143399
0.01900651475972619
0.023822939161435956
0.02986117612206678
0.03740958048014182
0.046779797864804566
0.058422076432724
0.07285094715763392
0.09054133168561362
0.11211306551351707
0.13821502117937995
0.16929755643650013
0.20578721841422631
0.2476251372534631
0.29467227310707006
0.3463886931534574
0.4006489558877264
0.456772098938526
0.5134429600144145
0.567643260298397
0.6191224246802215
0.6675020557706203
0.7109245520904409
0.7497004594988071
0.7846149842485459
0.8150313521463439
0.8411976577207244
0.8642736611539336
0.8841964998258343
0.9009529220177319
0.9155933761352345
0.928243958068032
0.9387226665556024
0.9478404384122879
0.9557587502850999
###
1e-05
1.1768119524349992e-05
1.3848863713938717e-05
1.6297508346206434e-05
1.917910261672489e-05
2.2570197196339216e-05
2.656087782946684e-05
3.1257158496882356e-05
3.678379771828634e-05
4.328761281083062e-05
5.0941380148163754e-05
5.994842503189409e-05
7.054802310718646e-05
8.302175681319735e-05
9.770099572992247e-05
0.00011497569953977356
0.00013530477745798074
0.00015922827933410923
0.0001873817422860383
0.00022051307399030456
0.00025950242113997375
0.0003053855508833416
0.00035938136638046257
0.0004229242874389499
0.0004977023564332109
0.0005857020818056661
0.0006892612104349695
0.0008111308307896872
0.0009545484566618337
0.0011233240329780276
0.0013219411484660286
0.0015556761439304723
0.0018307382802953678
0.002154434690031882
0.0025353644939701114
0.0029836472402833374
0.003511191734215131
0.004132012400115334
0.004862601580065354
0.005722367659350214
0.006734150657750821
0.007924828983539169
0.0093260334688322
0.010974987654930556
0.01291549665014884
0.01519911082952933
0.01788649529057435
0.0210490414451202
0.02477076355991709
0.029150530628251757
0.034304692863149154
0.040370172585965536
0.047508101621027934
0.05590810182512223
0.06579332246575675
0.0774263682681127
0.09111627561154886
0.10722672220103231
0.1261856883066021
0.14849682622544635
0.1747528400007683
0.20565123083486514
0.24201282647943834
0.2848035868435799
0.3351602650938841
0.3944206059437656
0.46415888336127725
0.5462277217684337
0.642807311728432
0.7564633275546291
0.8902150854450375
1.0476157527896641
1.232846739442066
1.4508287784959402
1.7073526474706886
2.009233002565046
2.364489412645407
2.782559402207126
3.274549162877725
3.8535285937105273
4.534878508128582
5.3366992312063015
6.280291441834247
7.390722033525775
8.697490026177835
10.235310218990248
12.045035402587812
14.174741629268048
16.68100537200059
19.630406500402685
23.10129700083158
27.1858824273294
31.992671377973846
37.64935806792464
44.30621457583877
52.14008287999685
61.35907273413163
72.20809018385457
84.97534359086438
100.0
###
1.2026144989101437
1.0084503098194086
0.8359539668514633
0.6853253219096823
0.5559586610007907
0.4465449776987616
0.37652507911015454
0.2975461284490319
0.2330272397083684
0.18086240686154104
3.437478477112094
2.776696173568795
2.215828204166887
1.7478829604275923
1.363507538660058
1.0522758493481357
0.8603933432291326
0.6515590735717314
0.4877221526183388
0.3603785184396522
4.98485650682752
3.9667783210636967
3.118433819285951
2.423189520773534
1.8618512915703274
1.4148657472533301
1.1431980876094774
0.8515680822833916
0.6263273731388638
0.45396978199145316
6.253377308362071
4.929732529507125
3.839304293509854
2.955554347566701
2.2496083100583406
1.693242764818273
1.358073751107698
1.0013488295794148
0.7285168677032987
0.5217868562586174
7.356312870078463
5.759682089549003
4.455340836872432
3.4066905587825214
2.5754394707913617
1.9251488964899712
1.5359134916963628
1.1241688530876048
0.8114999216258095
0.5762787310203865
8.345297690074666
6.499223372579768
5.000865516605941
3.8037101349819196
2.8604148170668826
2.126715446957383
1.6897039360304724
1.2297268269708177
0.8822949824634706
0.6224285288236995
9.249647950931726
7.17206143961551
5.494744787009452
4.1614065158102065
3.1159104489755016
2.306545479746486
1.8264174810129723
1.3230155193888684
0.9445575817552335
0.6627748692010633
10.087741127999148
7.793024804514605
5.948704293315999
4.488876824799933
3.348904313441155
2.4698704592120944
1.9502381477303081
1.407149779355591
1.0004722127075036
0.6988358074507338
10.87209939285175
8.372139596218702
6.3706208984928745
4.792201631536639
3.563983051337484
2.6201304872459925
2.0638333240868083
1.4840811780863956
1.051374940339553
0.7315693878116188
11.611700079885212
8.91654602532932
6.766083045150591
5.075726877294261
3.7643958463977194
2.7597472544886714
2.169099284360493
1.5551811011508925
1.0982859828993383
0.7616529710741224
12.313179473219108
9.431575200583534
7.139227934926003
5.342529217729623
3.952536925133416
2.890466460753294
2.2675019434495605
1.6214471527499117
1.1418955149468584
0.7895129725739716
12.981853407499415
9.921309883412032
7.493248433035028
5.59496906888515
4.130208289227437
3.013631323471416
2.3600584554616097
1.6836358546446006
1.1827178234891826
0.8155308060887256
13.6219484366695
10.388969151386261
7.830550536306813
5.835204207870014
4.298867151654702
3.130273187618191
2.4475761132928366
1.7422976821772327
1.2211548341160403
0.8399839987491328
14.236271984244205
10.837146486654078
8.153210427700019
6.064478406660748
4.459533639488291
3.241221714927745
2.5307010693778484
1.7979313253831823
1.2575193535805056
0.8630423649411607
14.827993873710275
11.267952148836816
8.462826842593046
6.284029788953719
4.613211710658731
3.3471286568258733
2.6099746708858405
1.8508680753440083
1.2920703109133294
0.8849360954945783