# datat/BKevo/GBW_BKevo/gbw33.dat
# N(r,Y=0), r, *F2(x,Q^2)
# 1e-05 < r < 100.0
# 1 < Q^2 < 50, n=15, log grid
# 1e-5 < x < 1e-2, n=10, log grid
###
2.898172795742974e-16
4.372586909867758e-16
6.374125286412036e-16
1.07490116661823e-15
1.6150012735821144e-15
2.530789029877038e-15
4.068324569772117e-15
6.442938896151061e-15
1.01391345052834e-14
1.6048872279427574e-14
2.5188490903814822e-14
3.9737640750819374e-14
6.301507023724715e-14
9.908343254187472e-14
1.5565591097834391e-13
2.4722667191202405e-13
3.8945836323471324e-13
6.099388326937903e-13
9.701013741868104e-13
1.5300166375391354e-12
2.3961834138925573e-12
3.8059966206109686e-12
6.010033127357275e-12
9.421793823235018e-12
1.4928591952933842e-11
2.3603096439043896e-11
3.704071258291095e-11
5.854305859674803e-11
9.267967682761288e-11
1.45600289993436e-10
2.295285834663629e-10
3.638480629864604e-10
5.722390008736985e-10
8.997012837008684e-10
1.428148369041622e-09
2.248657731436937e-09
3.5257952687926958e-09
5.604564045054647e-09
8.834830187685416e-09
1.3829999749875218e-08
2.19898922262467e-08
3.4705643321800266e-08
5.4382859838549525e-08
8.62610103754083e-08
1.3630978767679317e-07
2.1381514549011942e-07
3.383089022149827e-07
5.352749532112656e-07
8.405232942511529e-07
1.32652919797383e-06
2.101587131110049e-06
3.3036492704820344e-06
5.200214802038493e-06
8.249649099967198e-06
1.2982791317487236e-05
2.0380832307804957e-05
3.237694180297411e-05
5.101121531873667e-05
7.98561489835657e-05
0.0001270381876536739
0.0002003855130645645
0.00031384279376977386
0.0004982903328549287
0.0007868559553605944
0.0012334307349171404
0.0019529830085688025
0.0030864852708084845
0.004840154119043611
0.007636258676125709
0.012062825599152088
0.01888862856119094
0.029601401120301525
0.04650220875146741
0.07216639620832663
0.1110673838008336
0.17015278903054115
0.2544142407322695
0.36949270088238284
0.5163237808392067
0.6803126131696036
0.8360056274260033
0.9381665112097032
0.9860287017379328
0.9989315262187447
0.9999740520420631
0.9999997835024039
0.9999999998530037
1.0
1.0
1.0
1.0
1.0
1.0
1.0
1.0
1.0
1.0
1.0
1.0
1.0
###
1e-05
1.1768119524349992e-05
1.3848863713938717e-05
1.6297508346206434e-05
1.917910261672489e-05
2.2570197196339216e-05
2.656087782946684e-05
3.1257158496882356e-05
3.678379771828634e-05
4.328761281083062e-05
5.0941380148163754e-05
5.994842503189409e-05
7.054802310718646e-05
8.302175681319735e-05
9.770099572992247e-05
0.00011497569953977356
0.00013530477745798074
0.00015922827933410923
0.0001873817422860383
0.00022051307399030456
0.00025950242113997375
0.0003053855508833416
0.00035938136638046257
0.0004229242874389499
0.0004977023564332109
0.0005857020818056661
0.0006892612104349695
0.0008111308307896872
0.0009545484566618337
0.0011233240329780276
0.0013219411484660286
0.0015556761439304723
0.0018307382802953678
0.002154434690031882
0.0025353644939701114
0.0029836472402833374
0.003511191734215131
0.004132012400115334
0.004862601580065354
0.005722367659350214
0.006734150657750821
0.007924828983539169
0.0093260334688322
0.010974987654930556
0.01291549665014884
0.01519911082952933
0.01788649529057435
0.0210490414451202
0.02477076355991709
0.029150530628251757
0.034304692863149154
0.040370172585965536
0.047508101621027934
0.05590810182512223
0.06579332246575675
0.0774263682681127
0.09111627561154886
0.10722672220103231
0.1261856883066021
0.14849682622544635
0.1747528400007683
0.20565123083486514
0.24201282647943834
0.2848035868435799
0.3351602650938841
0.3944206059437656
0.46415888336127725
0.5462277217684337
0.642807311728432
0.7564633275546291
0.8902150854450375
1.0476157527896641
1.232846739442066
1.4508287784959402
1.7073526474706886
2.009233002565046
2.364489412645407
2.782559402207126
3.274549162877725
3.8535285937105273
4.534878508128582
5.3366992312063015
6.280291441834247
7.390722033525775
8.697490026177835
10.235310218990248
12.045035402587812
14.174741629268048
16.68100537200059
19.630406500402685
23.10129700083158
27.1858824273294
31.992671377973846
37.64935806792464
44.30621457583877
52.14008287999685
61.35907273413163
72.20809018385457
84.97534359086438
100.0
###
0.9127167231680762
0.7812177781454182
0.66708179399875
0.5690445876537558
0.485596600537397
0.415021917469263
0.36964299097263537
0.31768468789576604
0.2743867560376888
0.23839055747664198
2.3500554326028236
1.9209678479486272
1.561025863257983
1.2616320501377716
1.014224668948001
0.8107078963322623
0.6824273997508857
0.5385834660796909
0.4205779910074254
0.32354815671777554
3.2547327703876205
2.611244045551481
2.0798593818166715
1.6446546873872405
1.290470358337011
1.0035685026707046
0.8252051285680534
0.6281846123575228
0.46905019393105957
0.3408196775911742
3.9620716581636923
3.1415033883571386
2.4708685228486966
1.927277401521048
1.4893820028896327
1.138448691259568
0.9224295150785927
0.6861888264850639
0.49800541678195775
0.3485425917363432
4.557422602659657
3.582762461142882
2.7922659395720273
2.1563605929262177
1.64819887097964
1.2442183596666891
0.9973855456259509
0.7295093059793268
0.5185756698875564
0.3530143430908824
5.078341993916893
3.965628781964491
3.0686237337156337
2.3514365284472762
1.7819005284712297
1.332080841965515
1.0589567175821342
0.7644768713731321
0.5345914267725473
0.35597285508527926
5.545399608541324
4.306589899290381
3.312967415046046
2.522633528401071
1.8981821431982158
1.4077196607788773
1.1114814648361317
0.7938521469790424
0.5477021996738511
0.35809556230712875
5.971145503169927
4.6157007439895645
3.533223660139573
2.675893289590078
2.0015710717616675
1.4744339574620888
1.1574468063681138
0.8192479809727292
0.5588123560758131
0.3597021553157515
6.363975263819588
4.899582195453202
3.734478065406104
2.815199099675622
2.094979687877517
1.5342792446877007
1.1984486372851109
0.8416672270945833
0.5684578536456868
0.3609770045636287
6.72984049610219
5.162881777283729
3.920339364115971
2.9432498042126864
2.180392506264084
1.5886804459387922
1.2355426146910578
0.8617568983840156
0.5769790804213561
0.36200409286330715
7.073038171374578
5.409013740728015
4.093423627566057
3.0620158415869336
2.2592499786114173
1.6386450748914287
1.269434340341997
0.8799874641472137
0.5846201320844752
0.3628597216768904
7.396912522813939
5.640551020626383
4.255695550417376
3.172963517840203
2.33260016205371
1.6849124968031393
1.300692585905985
0.896686219511803
0.5915477224527184
0.36358240030888456
7.704051795014112
5.859495276791873
4.408674972304938
3.277245419929262
2.401276842546052
1.7280469808977192
1.3297280561952163
0.9121085859039295
0.597884674434555
0.3642032491618352
7.996458715714349
6.067467435401581
4.553568552042985
3.375538034995641
2.4659334037972562
1.7684910363787412
1.356864634662072
0.9264435240736909
0.6037252807927929
0.3647434326503685
8.275894513162855
6.265701467776842
4.691341098714551
3.4688694964548104
2.5270395195178117
1.8065883740113078
1.3823412575622818
0.9398626092067621
0.6091433160327759
0.3652193589687746