# datat/BKevo/GBW_BKevo/gbw74.dat
# N(r,Y=0), r, *F2(x,Q^2)
# 1e-05 < r < 100.0
# 1 < Q^2 < 50, n=15, log grid
# 1e-5 < x < 1e-2, n=10, log grid
###
1.5490047400159744e-07
1.88260163811138e-07
2.2893875933465794e-07
2.7835981226265334e-07
3.3832646183258136e-07
4.1138077473439786e-07
5.002147499871984e-07
6.080088053540076e-07
7.392044432262766e-07
8.988817716125335e-07
1.0926475262836624e-06
1.3282535812560446e-06
1.6152684508311254e-06
1.9635707436373144e-06
2.3866744920934597e-06
2.9025707643090724e-06
3.5286547485474937e-06
4.288456804027244e-06
5.215749904864304e-06
6.341146413725477e-06
7.706601306479962e-06
9.372303102807026e-06
1.139520499399359e-05
1.3849710141704812e-05
1.6841127447082934e-05
2.0477259318927575e-05
2.4889364921790036e-05
3.02615146806247e-05
3.679731335478104e-05
4.4728198082941965e-05
5.437556216043597e-05
6.612317426267512e-05
8.037886768227498e-05
9.770315194859114e-05
0.0001188180127666772
0.00014444166151777522
0.00017555037338610262
0.00021349995626122778
0.00025955428267197253
0.00031542888318663204
0.00038361262317362455
0.00046638023255164116
0.0005667968273486026
0.0006892145954753628
0.0008379387632166094
0.0010183711484187256
0.0012381093599162728
0.0015052752681499434
0.0018293744085812495
0.0022236393723807563
0.0027033329462655665
0.00328514306628081
0.003992040448440827
0.0048525570752025494
0.005895880102466409
0.0071616864948286715
0.00870288930626849
0.010570214412483993
0.01283166412673215
0.015584071409193902
0.0189146368585173
0.022941550323604416
0.027828639414662414
0.0337321902305275
0.040850251991849135
0.04944816520188164
0.059795966324443735
0.07220981537699311
0.08709216718425154
0.1048684899680774
0.12600024611872268
0.15102234232343448
0.18047473323811555
0.21491391809496982
0.25485462372173207
0.30058009466235464
0.35248198409668546
0.41058733196096786
0.47375340213613715
0.5417231085782418
0.6132143847033469
0.6841202925868043
0.7533383847363567
0.8182881908858163
0.8735137602660287
0.9185183754913888
0.9529741144041105
0.9754819254711997
0.9886807953282518
0.9957565592529141
0.9987092203043437
0.9996597399344782
0.9999384959608594
0.9999935531307028
0.9999993246149008
0.999999961025709
0.9999999995544193
0.9999999999901686
0.999999999999906
1.0
###
1e-05
1.1768119524349992e-05
1.3848863713938717e-05
1.6297508346206434e-05
1.917910261672489e-05
2.2570197196339216e-05
2.656087782946684e-05
3.1257158496882356e-05
3.678379771828634e-05
4.328761281083062e-05
5.0941380148163754e-05
5.994842503189409e-05
7.054802310718646e-05
8.302175681319735e-05
9.770099572992247e-05
0.00011497569953977356
0.00013530477745798074
0.00015922827933410923
0.0001873817422860383
0.00022051307399030456
0.00025950242113997375
0.0003053855508833416
0.00035938136638046257
0.0004229242874389499
0.0004977023564332109
0.0005857020818056661
0.0006892612104349695
0.0008111308307896872
0.0009545484566618337
0.0011233240329780276
0.0013219411484660286
0.0015556761439304723
0.0018307382802953678
0.002154434690031882
0.0025353644939701114
0.0029836472402833374
0.003511191734215131
0.004132012400115334
0.004862601580065354
0.005722367659350214
0.006734150657750821
0.007924828983539169
0.0093260334688322
0.010974987654930556
0.01291549665014884
0.01519911082952933
0.01788649529057435
0.0210490414451202
0.02477076355991709
0.029150530628251757
0.034304692863149154
0.040370172585965536
0.047508101621027934
0.05590810182512223
0.06579332246575675
0.0774263682681127
0.09111627561154886
0.10722672220103231
0.1261856883066021
0.14849682622544635
0.1747528400007683
0.20565123083486514
0.24201282647943834
0.2848035868435799
0.3351602650938841
0.3944206059437656
0.46415888336127725
0.5462277217684337
0.642807311728432
0.7564633275546291
0.8902150854450375
1.0476157527896641
1.232846739442066
1.4508287784959402
1.7073526474706886
2.009233002565046
2.364489412645407
2.782559402207126
3.274549162877725
3.8535285937105273
4.534878508128582
5.3366992312063015
6.280291441834247
7.390722033525775
8.697490026177835
10.235310218990248
12.045035402587812
14.174741629268048
16.68100537200059
19.630406500402685
23.10129700083158
27.1858824273294
31.992671377973846
37.64935806792464
44.30621457583877
52.14008287999685
61.35907273413163
72.20809018385457
84.97534359086438
100.0
###
2.0309392431040028
1.7619753075084066
1.5105523011088386
1.2797598356013158
1.0720902637287835
0.8886100809444172
0.7670010112879158
0.6256344597835359
0.5063115642731943
0.40698061811927877
6.5760290926579295
5.512921016072436
4.557902805680505
3.7177870889704887
2.9943153099829307
2.3830505978984093
1.993246956603585
1.5568124815230437
1.2036873586923642
0.9215758172109525
10.054268537825562
8.306141398385213
6.764198276670815
5.43297804767534
4.307794849032137
3.3742927912697995
2.788306701710224
2.142017342038873
1.6278569030621488
1.2238608466885141
13.051402398425083
10.679960227371945
8.61403432056492
6.851963433212598
5.37982261082882
4.17254931863412
3.4222483249007944
2.6024064557594913
1.9569956132744553
1.4551219761329126
15.745960759990313
12.795838608614886
10.247328794277934
8.093518597602829
6.309715433878163
4.859122796311855
3.9639620656464785
2.992419120700117
2.2334695475442277
1.6477223108411634
18.224280676516965
14.728066940076618
11.729285529674334
9.212676161892558
7.142522656902385
5.47017645572229
4.4438550332765345
3.335858476933023
2.475416840391903
1.8152320918180498
20.536899069923507
16.521291894273702
13.097304423542749
10.240451440187211
7.903523539861586
6.0257730737345705
4.878627791125758
3.6454559273435447
2.692559087602859
1.964824504883825
22.716627380960684
18.20386690610853
14.375235820149982
11.196480558612224
8.608479320440036
6.538388785140771
5.278585762860022
3.9291618538187163
2.890777040953428
2.1009070910761234
24.78633470926054
19.795468576081543
15.579473118952384
12.094140165522111
9.268088716668904
7.016411288779063
5.650631564199224
4.192220376081405
3.0739821479190463
2.2263003438944753
26.762785586998287
21.310177982059813
16.721776568732164
12.943013261584246
9.890018314300518
7.465796665381062
5.999661724056402
4.438368265086425
3.2449173060004806
2.343041977154362
28.658733548022045
22.75884060549205
17.81119202024383
13.750343960360128
10.479982279658765
7.890939564691047
6.329289443973682
4.670279131126243
3.4055889238088675
2.452425587459271
30.484159938713063
24.14984012709843
18.854040542287972
14.521806216725984
11.04219548450224
8.295231568794678
6.642310430691687
4.8899990235204065
3.557512823121346
2.5556952868995833
32.247067776997156
25.49017354407168
19.858706517938607
15.26181822874892
11.580473883796813
8.68164459815114
6.940802271261266
5.099155776087527
3.7018553879479525
2.6536492351195102
33.95403817047132
26.785148794490404
20.82598090028269
15.973802808225555
12.097464829500845
9.052073175456522
7.226570244314087
5.299110021565735
3.839599531378826
2.746984873403667
35.610499049768556
28.03925933196523
21.76098729687051
16.66076458002927
12.59533866654275
9.408152457216472
7.501029772000167
5.49079016914358
3.9714613724192427
2.8361928182629073