# datat/BKevo/GBW_BKevo/gbw90.dat
# N(r,Y=0), r, *F2(x,Q^2)
# 1e-05 < r < 100.0
# 1 < Q^2 < 50, n=15, log grid
# 1e-5 < x < 1e-2, n=10, log grid
###
0.0
0.0
0.0
0.0
0.0
0.0
0.0
0.0
0.0
0.0
0.0
0.0
0.0
0.0
0.0
0.0
0.0
1.317958925792678e-18
1.110223024625157e-16
1.8121681572620553e-16
3.287549989394221e-16
5.333341791368483e-16
1.0357483389339391e-15
2.028783814074764e-15
3.930638270875862e-15
7.554465765427815e-15
1.4260940605768847e-14
2.7481326059381765e-14
5.307862674137215e-14
1.0078505553182357e-13
1.9310587050293618e-13
3.745253052130713e-13
7.1278861500361e-13
1.3572330763641743e-12
2.641213168327781e-12
5.039876640251273e-12
9.53241165796771e-12
1.861784111701146e-11
3.562212940310041e-11
6.709686061852928e-11
1.311716108253539e-10
2.5168485691455277e-10
4.751035780639355e-10
9.236909556765905e-10
1.7775607354653647e-09
3.3631139027774516e-09
6.500989691066867e-09
1.2549172103742513e-08
2.3798896915517553e-08
4.572848758760641e-08
8.855672847877912e-08
1.6835611931205052e-07
3.214671103606134e-07
6.246487962385855e-07
1.1905625785872777e-06
2.2584743508591163e-06
4.40401749787878e-06
8.416273744016755e-06
1.5856465207954345e-05
3.103469236987781e-05
5.947262759511309e-05
0.00011215513043672453
0.00021856964909103597
0.0004200265229496982
0.0007937443413383214
0.001537603359697763
0.002961833337570243
0.00560383450085589
0.010766006929542951
0.02070716955180607
0.03895986545920165
0.07320879150845166
0.1367449891693312
0.244069933555714
0.4124165686360744
0.6356262016572183
0.8503300456212469
0.9757570291965274
0.9984215388308303
0.9999828977390713
0.9999999980833927
1.0
1.0
1.0
1.0
1.0
1.0
1.0
1.0
1.0
1.0
1.0
1.0
1.0
1.0
1.0
1.0
1.0
1.0
1.0
###
1e-05
1.1768119524349992e-05
1.3848863713938717e-05
1.6297508346206434e-05
1.917910261672489e-05
2.2570197196339216e-05
2.656087782946684e-05
3.1257158496882356e-05
3.678379771828634e-05
4.328761281083062e-05
5.0941380148163754e-05
5.994842503189409e-05
7.054802310718646e-05
8.302175681319735e-05
9.770099572992247e-05
0.00011497569953977356
0.00013530477745798074
0.00015922827933410923
0.0001873817422860383
0.00022051307399030456
0.00025950242113997375
0.0003053855508833416
0.00035938136638046257
0.0004229242874389499
0.0004977023564332109
0.0005857020818056661
0.0006892612104349695
0.0008111308307896872
0.0009545484566618337
0.0011233240329780276
0.0013219411484660286
0.0015556761439304723
0.0018307382802953678
0.002154434690031882
0.0025353644939701114
0.0029836472402833374
0.003511191734215131
0.004132012400115334
0.004862601580065354
0.005722367659350214
0.006734150657750821
0.007924828983539169
0.0093260334688322
0.010974987654930556
0.01291549665014884
0.01519911082952933
0.01788649529057435
0.0210490414451202
0.02477076355991709
0.029150530628251757
0.034304692863149154
0.040370172585965536
0.047508101621027934
0.05590810182512223
0.06579332246575675
0.0774263682681127
0.09111627561154886
0.10722672220103231
0.1261856883066021
0.14849682622544635
0.1747528400007683
0.20565123083486514
0.24201282647943834
0.2848035868435799
0.3351602650938841
0.3944206059437656
0.46415888336127725
0.5462277217684337
0.642807311728432
0.7564633275546291
0.8902150854450375
1.0476157527896641
1.232846739442066
1.4508287784959402
1.7073526474706886
2.009233002565046
2.364489412645407
2.782559402207126
3.274549162877725
3.8535285937105273
4.534878508128582
5.3366992312063015
6.280291441834247
7.390722033525775
8.697490026177835
10.235310218990248
12.045035402587812
14.174741629268048
16.68100537200059
19.630406500402685
23.10129700083158
27.1858824273294
31.992671377973846
37.64935806792464
44.30621457583877
52.14008287999685
61.35907273413163
72.20809018385457
84.97534359086438
100.0
###
1.1932716189409445
1.0554700244233601
0.9354794745613474
0.8323953978620113
0.7450210971486525
0.6719752515358081
0.6257490576198398
0.5744491734238113
0.5339018232410352
0.5030693152339301
3.219464342170427
2.720368066202445
2.2946137407522182
1.9348649577034558
1.6329741024116025
1.3809695624564207
1.2203146766888207
1.0382407928561284
0.8876715170791795
0.7626535944550106
4.529866964705521
3.752123068046781
3.096895782089103
2.5492663534667024
2.0942404693600736
1.7175965525919938
1.4786650077119765
1.208879409048346
0.985572784543612
0.8001963301750128
5.565417369125367
4.551282120890322
3.7043426829975785
3.002431441044147
2.4238371109221006
1.9484393411773733
1.6487383640291962
1.312281136768311
1.0355363819131709
0.8071720530361723
6.442875472894174
5.219603908199316
4.20501712988752
3.3697921935591255
2.6857889843717113
2.1274068731640363
1.7773433403591934
1.3867530923794207
1.0680538016490881
0.8065008235623387
7.2144784009182565
5.801672987616563
4.636488835531681
3.682607630822544
2.905725707415138
2.2750954055210717
1.8818716316962514
1.4452963332177364
1.0911860923419758
0.8036255868544626
7.908739414366344
6.3214507972758325
5.018619516124305
3.957197230338311
3.0966856004348826
2.401702773865046
1.9703351566766811
1.4937773580593645
1.10972082252543
0.8002027293449424
8.543438829237449
6.793732202377745
5.363490741020095
4.203078873847128
3.266291119430161
2.5130148682545155
2.0474026692430787
1.5353217216578796
1.1250665807083533
0.7967968288700306
9.13057728457077
7.2283004996583164
5.679055433071098
4.426647148801907
3.4194154717313094
2.612691830616152
2.1159046019046865
1.571777794600885
1.1382214224281324
0.7936025911144955
9.678591266107214
7.632031028059839
5.970753401067867
4.6322344459724425
3.5593745377545445
2.7031606845407055
2.1777007440878475
1.6043334858038873
1.1497660507034377
0.7906666928213619
10.193600528308126
8.009979144678397
6.2426769862746365
4.82300695810259
3.688549736988127
2.7861650103022018
2.234107485974949
1.6338041993836578
1.16008967153432
0.7879999553899251
10.680406477001114
8.365969485986042
6.497858319871101
5.001055146546547
3.808700579729066
2.8629686036434374
2.286071201684246
1.6607637906860617
1.1694463624455005
0.7855804137780775
11.142748665416178
8.703045662326815
6.738588755767373
5.168569497163041
3.921174291003484
2.934533146484793
2.3343000112493804
1.68563640961038
1.178017218787117
0.7833822855995044
11.583592835858113
9.02347898736114
6.966756151699447
5.326819276359098
4.02702718366358
3.001606898488963
2.3793462838085264
1.7087552016382865
1.1859389146898243
0.7813834302259334
12.005534585192079
9.329237426103745
7.18385419834021
5.4769253241387785
4.127092150007495
3.064773007624903
2.4216336731701484
1.7303487837200509
1.1933061423477844
0.7795562499404426