# datat/BKevo/GBW_BKevo/gbw64.dat
# N(r,Y=0), r, *F2(x,Q^2)
# 1e-05 < r < 100.0
# 1 < Q^2 < 50, n=15, log grid
# 1e-5 < x < 1e-2, n=10, log grid
###
1.7323521836860287e-05
1.973770464762572e-05
2.2479568471566887e-05
2.5605069823990092e-05
2.917224959914275e-05
3.322740888306215e-05
3.7845778167532217e-05
4.3116620521088416e-05
4.9114134570877504e-05
5.5938421914654464e-05
6.372657298797658e-05
7.259680490767452e-05
8.268061110235592e-05
9.418826303331576e-05
0.0001073071677918644
0.00012220724469959201
0.000139210620326238
0.00015861308757637182
0.0001806295147538057
0.00020575282173220872
0.0002344270355592149
0.0002669789451171295
0.00030409890119474745
0.00034646355930734494
0.00039460170297362436
0.00044944465589959913
0.0005120333695252974
0.0005832171269838929
0.0006642400046210434
0.000756700876160399
0.0008619550889995448
0.0009816440871762656
0.0011182199782835685
0.0012738336833161494
0.0014506165748355948
0.0016523236891839324
0.0018823516240106554
0.0021434087971527664
0.0024412367695495376
0.002781071124647815
0.00316656126466834
0.003606160079500432
0.004107673618335025
0.004676995106961645
0.005325509809608286
0.006065183469056006
0.006905439485978737
0.007861411643252091
0.00895138293020767
0.010190283040468196
0.011597852258726775
0.013201920576348251
0.01502592763863381
0.01709488834630982
0.01945097119848358
0.022130634229556138
0.0251640782804519
0.02861483414214506
0.032539043574350966
0.03696995810070181
0.04200260347653332
0.047716624650655494
0.05415889470276265
0.061452678195347596
0.06971280688048717
0.07900571842669064
0.08947884366305789
0.1012948153743832
0.1145419944356545
0.12937512171707496
0.14601696012830143
0.16457436890261062
0.18515990836997218
0.20806574028998992
0.23340211303083952
0.26112485713995004
0.2915981345749109
0.3249037314958923
0.36061481756407926
0.39916707505744936
0.4405145453686761
0.4836459340769506
0.5289246530345606
0.5760518040320683
0.6234760011796864
0.6711231088032833
0.718565502993275
0.7638944730708457
0.8065271325698743
0.8462900119014591
0.8815524493292836
0.9115797008496974
0.9370185031125043
0.9572873915100221
0.9721484285375726
0.9830869982918953
0.9905578306032987
0.9949310081126809
0.9975560852753967
0.9989908514336862
###
1e-05
1.1768119524349992e-05
1.3848863713938717e-05
1.6297508346206434e-05
1.917910261672489e-05
2.2570197196339216e-05
2.656087782946684e-05
3.1257158496882356e-05
3.678379771828634e-05
4.328761281083062e-05
5.0941380148163754e-05
5.994842503189409e-05
7.054802310718646e-05
8.302175681319735e-05
9.770099572992247e-05
0.00011497569953977356
0.00013530477745798074
0.00015922827933410923
0.0001873817422860383
0.00022051307399030456
0.00025950242113997375
0.0003053855508833416
0.00035938136638046257
0.0004229242874389499
0.0004977023564332109
0.0005857020818056661
0.0006892612104349695
0.0008111308307896872
0.0009545484566618337
0.0011233240329780276
0.0013219411484660286
0.0015556761439304723
0.0018307382802953678
0.002154434690031882
0.0025353644939701114
0.0029836472402833374
0.003511191734215131
0.004132012400115334
0.004862601580065354
0.005722367659350214
0.006734150657750821
0.007924828983539169
0.0093260334688322
0.010974987654930556
0.01291549665014884
0.01519911082952933
0.01788649529057435
0.0210490414451202
0.02477076355991709
0.029150530628251757
0.034304692863149154
0.040370172585965536
0.047508101621027934
0.05590810182512223
0.06579332246575675
0.0774263682681127
0.09111627561154886
0.10722672220103231
0.1261856883066021
0.14849682622544635
0.1747528400007683
0.20565123083486514
0.24201282647943834
0.2848035868435799
0.3351602650938841
0.3944206059437656
0.46415888336127725
0.5462277217684337
0.642807311728432
0.7564633275546291
0.8902150854450375
1.0476157527896641
1.232846739442066
1.4508287784959402
1.7073526474706886
2.009233002565046
2.364489412645407
2.782559402207126
3.274549162877725
3.8535285937105273
4.534878508128582
5.3366992312063015
6.280291441834247
7.390722033525775
8.697490026177835
10.235310218990248
12.045035402587812
14.174741629268048
16.68100537200059
19.630406500402685
23.10129700083158
27.1858824273294
31.992671377973846
37.64935806792464
44.30621457583877
52.14008287999685
61.35907273413163
72.20809018385457
84.97534359086438
100.0
###
3.531341979171434
3.062664041540626
2.598442828845404
2.150170875914926
1.7327066872303054
1.3580726389895579
1.111306310432559
0.832291555495444
0.6090485305987681
0.43686120731977884
13.084597867443126
11.039791897433838
9.071799146028994
7.247280218810327
5.626686745806963
4.245426793072583
3.37789420666959
2.4399264647010406
1.7257093622813997
1.1990802045657787
21.317485826864857
17.76335628549053
14.395431180742788
11.33170636819574
8.667181748533935
6.444056171032551
5.073501682437213
3.6168304943516927
2.527532360878318
1.7371382964272781
28.894195047871914
23.877749523722034
19.17556536191266
14.952448040487361
11.329289139339997
8.347175601007404
6.52984468890922
4.618251555654656
3.2043462193770753
2.188229381951864
36.03138990733144
29.59063314953356
23.60315249140035
18.277442964688184
13.754045272188842
10.067968599907935
7.840199153987836
5.514040395312587
3.8067936502381143
2.588078071516793
42.84086201637829
35.006447740354204
27.773120575089926
21.388751907039346
16.007314378711
11.659948730442483
9.048101313788788
6.336251444190209
4.357920057522854
2.952813587282499
49.39058084992182
40.18812342066328
31.741539191879063
24.33461609934422
18.132377515650802
13.153843487722227
10.178477530668035
7.1032996936261785
4.87064734787773
3.291351149941322
55.72527352369876
45.17711607339915
35.545480490553494
27.146636336636284
20.152889560433195
14.569451931471162
11.24719446640003
7.826691983017276
5.353098360157271
3.609423585321189
61.87614377692774
50.003414570316934
39.21150519777315
29.846272170199043
22.087215873786818
15.920503369911318
12.265236646455183
8.514195107183205
5.810896776463418
3.9106406574366837
67.86783058437324
54.68914139042113
42.75900259783353
32.45093468705439
23.947567505360443
17.216872821827494
13.240522247878308
9.171700712309487
6.2480100148847235
4.198025806316287
73.71912955145115
59.25129640934065
46.20296721473407
34.9730825702009
25.74419712898894
18.46617669827999
14.17907243591777
9.803418161564192
6.6674395441063155
4.473431255738019
79.44505423321652
63.704881660640545
49.55527310117313
37.42165860148907
27.484796854934775
19.674209130887814
15.085532777449433
10.412671976681828
7.071500585323553
4.738498147977103
85.05599004528328
68.05926132503082
52.82550626356001
39.80493491928065
29.175432853789957
20.84573350401462
15.963628584581617
11.002058117520109
7.462078421111081
4.994485976608192
90.56594897857933
72.32386087746339
56.021589529061316
42.12951637662638
30.821596706206872
21.984555082360497
16.816424736086397
11.573856795704694
7.840515359624707
5.2423424085011865
95.9814249795389
76.50474404057633
59.150185998321426
44.400784383933605
32.4275767673137
23.09388734415814
17.6463493266109
12.129776326737858
8.208190392281463
5.483046087960117