# datat/BKevo/ATAN_BKevo/atan8.dat
# N(r,Y=0), r, *F2(x,Q^2)
# 1e-05 < r < 100.0
# 1 < Q^2 < 50, n=15, log grid
# 1e-5 < x < 1e-2, n=10, log grid
###
2.0241105246987264e-12
2.7080229345473696e-12
3.63593157290846e-12
4.87646346746143e-12
6.526195154580728e-12
8.756086757335767e-12
1.174770952814338e-11
1.5727053424891763e-11
2.1085263362026624e-11
2.8299485565640073e-11
3.789779528025375e-11
5.0771757872377764e-11
6.816801286736735e-11
9.131865163634692e-11
1.2224726015358222e-10
1.6419468965944973e-10
2.2003089916658724e-10
2.943265154606666e-10
3.954700313707071e-10
5.301346181764469e-10
7.091616254600659e-10
9.524532272201198e-10
1.2772226948115535e-09
1.7090774645480186e-09
2.2937651280372957e-09
3.076980289881663e-09
4.118679410355473e-09
5.523686656783693e-09
7.4124209406345244e-09
9.92507146972945e-09
1.3300975829174673e-08
1.7855513551365368e-08
2.3915991819249712e-08
3.202668045615341e-08
4.3009179591950655e-08
5.762645811219294e-08
7.711056067431339e-08
1.035919795774597e-07
1.3884617034203945e-07
1.857095758139224e-07
2.4949788806211946e-07
3.3452146197478824e-07
4.4756851643308233e-07
6.008733859619741e-07
8.059197534598821e-07
1.0786102745397526e-06
1.4470180920323129e-06
1.941497914968961e-06
2.599255475692693e-06
3.484490641863065e-06
4.676907959926525e-06
6.26342961622212e-06
8.39031394959633e-06
1.1265659417281058e-05
1.5092224035465776e-05
2.0201764763695204e-05
2.7134923780522934e-05
3.6363855495876204e-05
4.863732206420477e-05
6.53538045334661e-05
8.761067033614556e-05
0.00011719955870176225
0.00015738874493460608
0.00021105765502320534
0.0002824190464893438
0.0003789760821199478
0.0005083552078339911
0.0006804016451807384
0.0009122612562341648
0.0012239490201246203
0.0016383746793261513
0.002194432190235955
0.0029440543796026303
0.0039400516614824365
0.005269432260122527
0.00706438157489768
0.00944383208528877
0.012596597278431694
0.016845442792554517
0.02244227562185116
0.029779687180190376
0.03953420916808463
0.05219075489566056
0.06843938560997359
0.08928272303049781
0.11537302596450204
0.14735492715894377
0.18573086268704725
0.23039384452216552
0.2809157130848166
0.3359289839157666
0.39359006886780346
0.45279048978837017
0.5113183801412682
0.5667386963862152
0.6193719311018915
0.6681576666412408
0.7111765480029405
0.7502013845176894
0.7852705967786857
###
1e-05
1.1768119524349992e-05
1.3848863713938717e-05
1.6297508346206434e-05
1.917910261672489e-05
2.2570197196339216e-05
2.656087782946684e-05
3.1257158496882356e-05
3.678379771828634e-05
4.328761281083062e-05
5.0941380148163754e-05
5.994842503189409e-05
7.054802310718646e-05
8.302175681319735e-05
9.770099572992247e-05
0.00011497569953977356
0.00013530477745798074
0.00015922827933410923
0.0001873817422860383
0.00022051307399030456
0.00025950242113997375
0.0003053855508833416
0.00035938136638046257
0.0004229242874389499
0.0004977023564332109
0.0005857020818056661
0.0006892612104349695
0.0008111308307896872
0.0009545484566618337
0.0011233240329780276
0.0013219411484660286
0.0015556761439304723
0.0018307382802953678
0.002154434690031882
0.0025353644939701114
0.0029836472402833374
0.003511191734215131
0.004132012400115334
0.004862601580065354
0.005722367659350214
0.006734150657750821
0.007924828983539169
0.0093260334688322
0.010974987654930556
0.01291549665014884
0.01519911082952933
0.01788649529057435
0.0210490414451202
0.02477076355991709
0.029150530628251757
0.034304692863149154
0.040370172585965536
0.047508101621027934
0.05590810182512223
0.06579332246575675
0.0774263682681127
0.09111627561154886
0.10722672220103231
0.1261856883066021
0.14849682622544635
0.1747528400007683
0.20565123083486514
0.24201282647943834
0.2848035868435799
0.3351602650938841
0.3944206059437656
0.46415888336127725
0.5462277217684337
0.642807311728432
0.7564633275546291
0.8902150854450375
1.0476157527896641
1.232846739442066
1.4508287784959402
1.7073526474706886
2.009233002565046
2.364489412645407
2.782559402207126
3.274549162877725
3.8535285937105273
4.534878508128582
5.3366992312063015
6.280291441834247
7.390722033525775
8.697490026177835
10.235310218990248
12.045035402587812
14.174741629268048
16.68100537200059
19.630406500402685
23.10129700083158
27.1858824273294
31.992671377973846
37.64935806792464
44.30621457583877
52.14008287999685
61.35907273413163
72.20809018385457
84.97534359086438
100.0
###
0.2298646073545871
0.17404653302556894
0.13018735458866454
0.09614448935592969
0.07001327311174796
0.050166215993676544
0.03857599031180937
0.026605134285416488
0.017763722750837995
0.011308273331695293
0.5144505095233467
0.37687240277670386
0.27261631366400213
0.1944973958456222
0.13659659551171768
0.09413965845894282
0.07013536769574591
0.046146099221182416
0.029145869859463932
0.017290744815718715
0.6796478799171028
0.4916932097547485
0.3511703969582789
0.2472661222041117
0.17126642476991633
0.11629609115360082
0.08560130202110078
0.05532308024520629
0.03421442828192543
0.01976687028547815
0.8048230780406789
0.5777411271882946
0.4093658391860917
0.28588300908594105
0.1963112600805087
0.13207150750943517
0.09648331778403471
0.061663239307006096
0.0376384007611295
0.02139058476539266
0.9082159976668825
0.6483027799979749
0.45672902789831965
0.31706491158374933
0.2163630691156944
0.1445838028868994
0.10504736889724108
0.06659519761844025
0.040264837008906415
0.0226122432356212
0.9975072117232685
0.7089184007750485
0.4971931817623869
0.34354386182938684
0.23328308594157027
0.1550697559289769
0.11218486273334537
0.07066823668479986
0.04241122004322332
0.023595641850310056
1.0767630678916944
0.7624795270237414
0.5327971013411594
0.36675249517604924
0.24802859728057092
0.1641565097720445
0.11833781299462956
0.07415776619948623
0.04423413134664024
0.024422197752986385
1.1484383995166005
0.8107547619174876
0.5647638643204461
0.38749015207656534
0.26116137015941504
0.1722122072878023
0.12377467407327004
0.07722122276233494
0.04582391073779169
0.025137284961123343
1.2141195459792244
0.8548757312253042
0.5938857391597795
0.4063264468649953
0.27304637073708665
0.1794743243974618
0.12865909070828838
0.07996245596743111
0.04723639816071895
0.025765209806684522
1.2749572056168004
0.8956254799461918
0.6207069855914342
0.42362681662436574
0.2839262585100048
0.18610290703239732
0.13310582373137977
0.08244581886454579
0.04851335525147638
0.02632952704035291
1.3317603576399424
0.9335878592689594
0.6456354817840143
0.4396627722057092
0.29398412738035107
0.19220452023121257
0.13718640909040358
0.08471370767573268
0.04967077384147271
0.026836588803961055
1.3851380691233575
0.9691836866339872
0.6689627125600609
0.4546369837962585
0.30335204242765373
0.19787530891221056
0.14097134082051274
0.08681138129468774
0.0507368159316056
0.02730272984511272
1.4355711630681929
1.0027532533449244
0.690919632594021
0.4686998251957221
0.31212661788053114
0.20317573500813038
0.1445016625943038
0.08876212633871432
0.05172383676717776
0.02773111899233759
1.4834342855990166
1.0345592254265032
0.7116846048897948
0.4819745098649799
0.3203934821192608
0.2081583124672098
0.1478136911102641
0.09058567693245656
0.052645868956079526
0.028128085879331546
1.529027710682418
1.0648187500460595
0.731404111811198
0.49455710762136995
0.328217396521025
0.2128618493630016
0.15093509491663873
0.0923003036433578
0.053505398734983875
0.02849786521780997