# datat/BKevo/GBW_BKevo/gbw45.dat
# N(r,Y=0), r, *F2(x,Q^2)
# 1e-05 < r < 100.0
# 1 < Q^2 < 50, n=15, log grid
# 1e-5 < x < 1e-2, n=10, log grid
###
0.0
0.0
0.0
0.0
0.0
0.0
0.0
0.0
0.0
0.0
0.0
0.0
0.0
0.0
0.0
0.0
0.0
0.0
0.0
0.0
1.0671039401439082e-16
1.407706255581109e-16
2.866926603491138e-16
5.3495152913432e-16
1.0104151433345946e-15
1.916372016972583e-15
3.569188418089067e-15
6.8884978207067005e-15
1.3268729071997823e-14
2.5156886241162692e-14
4.8325007920878757e-14
9.36192738422388e-14
1.7823228362156084e-13
3.393338404994999e-13
6.603032920819453e-13
1.2599300510921019e-12
2.3830751589163123e-12
4.654460586160327e-12
8.905551550532776e-12
1.677418784570812e-11
3.2792942182927454e-11
6.29212142286382e-11
1.187759203790556e-10
2.3092276667472326e-10
4.443901962383798e-10
8.407785245463518e-10
1.6252474335023442e-09
3.1372930954568418e-09
5.949724289148474e-09
1.1432122155442363e-08
2.213918289501777e-08
4.208903258433774e-08
8.036678757733488e-08
1.561622379391196e-07
2.9764078256591525e-07
5.646190749793347e-07
1.101006306049756e-06
2.1040753667387056e-06
3.964139929960857e-06
7.758768893203338e-06
1.4868504707874713e-05
2.8039970029516066e-05
5.464715144765965e-05
0.00010502405747812678
0.00019849603289595838
0.0003846345033363847
0.0007413292506719841
0.0014039766951732253
0.0027029445846251912
0.0052199335885928545
0.009889818143837367
0.018846789433262408
0.036214958378505815
0.06781045288595212
0.1250041775260315
0.22765681099588073
0.3885077742595962
0.607668839298308
0.8253102348366216
0.9595895583952974
0.9983832979738474
0.9999874149251675
0.9999999935997461
0.9999999999999878
1.0
1.0
1.0
1.0
1.0
1.0
1.0
1.0
1.0
1.0
1.0
1.0
1.0
1.0
1.0
1.0
###
1e-05
1.1768119524349992e-05
1.3848863713938717e-05
1.6297508346206434e-05
1.917910261672489e-05
2.2570197196339216e-05
2.656087782946684e-05
3.1257158496882356e-05
3.678379771828634e-05
4.328761281083062e-05
5.0941380148163754e-05
5.994842503189409e-05
7.054802310718646e-05
8.302175681319735e-05
9.770099572992247e-05
0.00011497569953977356
0.00013530477745798074
0.00015922827933410923
0.0001873817422860383
0.00022051307399030456
0.00025950242113997375
0.0003053855508833416
0.00035938136638046257
0.0004229242874389499
0.0004977023564332109
0.0005857020818056661
0.0006892612104349695
0.0008111308307896872
0.0009545484566618337
0.0011233240329780276
0.0013219411484660286
0.0015556761439304723
0.0018307382802953678
0.002154434690031882
0.0025353644939701114
0.0029836472402833374
0.003511191734215131
0.004132012400115334
0.004862601580065354
0.005722367659350214
0.006734150657750821
0.007924828983539169
0.0093260334688322
0.010974987654930556
0.01291549665014884
0.01519911082952933
0.01788649529057435
0.0210490414451202
0.02477076355991709
0.029150530628251757
0.034304692863149154
0.040370172585965536
0.047508101621027934
0.05590810182512223
0.06579332246575675
0.0774263682681127
0.09111627561154886
0.10722672220103231
0.1261856883066021
0.14849682622544635
0.1747528400007683
0.20565123083486514
0.24201282647943834
0.2848035868435799
0.3351602650938841
0.3944206059437656
0.46415888336127725
0.5462277217684337
0.642807311728432
0.7564633275546291
0.8902150854450375
1.0476157527896641
1.232846739442066
1.4508287784959402
1.7073526474706886
2.009233002565046
2.364489412645407
2.782559402207126
3.274549162877725
3.8535285937105273
4.534878508128582
5.3366992312063015
6.280291441834247
7.390722033525775
8.697490026177835
10.235310218990248
12.045035402587812
14.174741629268048
16.68100537200059
19.630406500402685
23.10129700083158
27.1858824273294
31.992671377973846
37.64935806792464
44.30621457583877
52.14008287999685
61.35907273413163
72.20809018385457
84.97534359086438
100.0
###
0.9372238964850215
0.8102904369297896
0.7006809227171273
0.6070662216081726
0.5278925988185972
0.46157909671709624
0.4192681989240923
0.3715089507141423
0.3325795216818557
0.3012816777223481
2.3989875566152166
1.9754505950014505
1.6198338095848925
1.3234888497148223
1.0778740852339959
0.875109779836865
0.7465701326525341
0.6017100041022717
0.48192137066921514
0.38250732409956356
3.3123527123122662
2.673658193015491
2.1450748101411463
1.7107742617415254
1.3557203774894657
1.066384536665875
0.8856774486738371
0.6835479882034153
0.5189115479266043
0.3844082995384263
4.024114007157684
3.2076120788245195
2.5385239323949493
1.9941834848614792
1.5535285532759209
1.1980879639995161
0.9777265528793186
0.7346039925070361
0.5389408146381667
0.3814996668273757
4.622060226857797
3.6507698087767033
2.8608207288049967
2.222952318522836
1.7105598895199454
1.3005877233176883
1.0483749664554571
0.7724274527587811
0.5527785233365154
0.3791503089200491
5.14451098332009
4.034578146032984
3.1372696788915233
2.4171840123929553
1.842292373550487
1.3854071185026668
1.1061429832203227
0.8027421800646659
0.563556113579061
0.37589345927060797
5.612321857637336
4.375894834105856
3.38130640932751
2.58717766642257
1.9565932877672698
1.458256254918222
1.1553264185741023
0.828194323863733
0.5724095928171479
0.3737464525154261
6.038415794091753
4.684988894176264
3.600948245579764
2.7391865174792795
2.0580433919861103
1.522381951841662
1.198315317863481
0.8502202013702367
0.5805362641169773
0.37195817260099834
6.431271215971398
4.968591614646533
3.801447849686107
2.8771788262743025
2.1495780685149444
1.5799001076411854
1.2366397734185635
0.8696919292009097
0.5866346222810466
0.3704555962818322
6.796884382174943
5.231427015029561
3.986451850783361
3.0038914505844874
2.233188010220452
1.6320692851509861
1.2717390951900904
0.8871697899006451
0.5925702128186425
0.3691699598670497
7.1397258115169215
5.47695978151959
4.158615808963549
3.1213098896996825
2.3103114852029916
1.679967677292516
1.303400459104351
0.9030588049541782
0.5979482350836718
0.3680637600437017
7.463069157606527
5.707796278070759
4.3198935146367115
3.230910642580007
2.382006458419096
1.7242998980394535
1.3325995775112371
0.91763422894702
0.6028701883009463
0.36710017304831455
7.769568067607324
5.925962561929256
4.471840601122842
3.3338309503924144
2.4490839119575027
1.7656116266216177
1.3597240944830642
0.9311188132082645
0.6074112339775435
0.36625140661776706
8.06126284892665
6.133097150960536
4.615696217468902
3.4309759158403943
2.5121805759472333
1.8043324013418576
1.38507980866192
0.9436733263196491
0.6116308116572485
0.3654984269486956
8.339940269033054
6.330447567182964
4.752401531639009
3.5231188437535654
2.5717943481731673
1.8407983106970138
1.4083781208793924
0.95542655677173
0.615574076057373
0.36482462521352793