# datat/BKevo/GBW_BKevo/gbw36.dat
# N(r,Y=0), r, *F2(x,Q^2)
# 1e-05 < r < 100.0
# 1 < Q^2 < 50, n=15, log grid
# 1e-5 < x < 1e-2, n=10, log grid
###
0.0
0.0
0.0
0.0
0.0
0.0
0.0
0.0
0.0
0.0
0.0
0.0
0.0
0.0
0.0
0.0
0.0
0.0
0.0
0.0
0.0
1.110223024625157e-16
1.756703578865981e-16
3.2298691579841787e-16
6.284535464932598e-16
1.18385472280005e-15
2.3001730548885607e-15
4.4187307578427965e-15
8.4782186753774e-15
1.6118309385653144e-14
3.0930194831716326e-14
5.991627939463462e-14
1.1408279253899617e-13
2.171288995319494e-13
4.225760708279669e-13
8.064207348378651e-13
1.5251540663869449e-12
2.9788072746797086e-12
5.699554560854517e-12
1.0735533297565696e-11
2.0987505891701887e-11
4.026959385621965e-11
7.60165893453962e-11
1.4779058415474155e-10
2.8440969851753793e-10
5.380982459414434e-10
1.040158360018051e-09
2.0078675697573442e-09
3.807823590479577e-09
7.316558115565863e-09
1.4169077085232989e-08
2.6936981024177704e-08
5.143474480211987e-08
9.994383523917202e-08
1.904901114584534e-07
3.61356245375446e-07
7.046441842205722e-07
1.3466087670274963e-06
2.5370513698891876e-06
4.96561944925678e-06
9.515869725259842e-06
1.794567201563041e-05
3.497454092016447e-05
6.721673533244436e-05
0.00012704206607419666
0.0002461840361260532
0.00047451766829393466
0.0008987772508313474
0.001730766292774745
0.003344092411656978
0.006341126931417988
0.012104743273820934
0.023340655644772335
0.043964696596412105
0.08195889934019415
0.15279030455272266
0.27094953083297957
0.45095387485629274
0.6787401012447957
0.8803600711431918
0.9847153486440258
0.9993486870619237
0.9999958881427183
0.9999999995097459
1.0
1.0
1.0
1.0
1.0
1.0
1.0
1.0
1.0
1.0
1.0
1.0
1.0
1.0
1.0
1.0
###
1e-05
1.1768119524349992e-05
1.3848863713938717e-05
1.6297508346206434e-05
1.917910261672489e-05
2.2570197196339216e-05
2.656087782946684e-05
3.1257158496882356e-05
3.678379771828634e-05
4.328761281083062e-05
5.0941380148163754e-05
5.994842503189409e-05
7.054802310718646e-05
8.302175681319735e-05
9.770099572992247e-05
0.00011497569953977356
0.00013530477745798074
0.00015922827933410923
0.0001873817422860383
0.00022051307399030456
0.00025950242113997375
0.0003053855508833416
0.00035938136638046257
0.0004229242874389499
0.0004977023564332109
0.0005857020818056661
0.0006892612104349695
0.0008111308307896872
0.0009545484566618337
0.0011233240329780276
0.0013219411484660286
0.0015556761439304723
0.0018307382802953678
0.002154434690031882
0.0025353644939701114
0.0029836472402833374
0.003511191734215131
0.004132012400115334
0.004862601580065354
0.005722367659350214
0.006734150657750821
0.007924828983539169
0.0093260334688322
0.010974987654930556
0.01291549665014884
0.01519911082952933
0.01788649529057435
0.0210490414451202
0.02477076355991709
0.029150530628251757
0.034304692863149154
0.040370172585965536
0.047508101621027934
0.05590810182512223
0.06579332246575675
0.0774263682681127
0.09111627561154886
0.10722672220103231
0.1261856883066021
0.14849682622544635
0.1747528400007683
0.20565123083486514
0.24201282647943834
0.2848035868435799
0.3351602650938841
0.3944206059437656
0.46415888336127725
0.5462277217684337
0.642807311728432
0.7564633275546291
0.8902150854450375
1.0476157527896641
1.232846739442066
1.4508287784959402
1.7073526474706886
2.009233002565046
2.364489412645407
2.782559402207126
3.274549162877725
3.8535285937105273
4.534878508128582
5.3366992312063015
6.280291441834247
7.390722033525775
8.697490026177835
10.235310218990248
12.045035402587812
14.174741629268048
16.68100537200059
19.630406500402685
23.10129700083158
27.1858824273294
31.992671377973846
37.64935806792464
44.30621457583877
52.14008287999685
61.35907273413163
72.20809018385457
84.97534359086438
100.0
###
0.8617208646383576
0.7391210078413749
0.6336046456329336
0.5437350905538916
0.4678508566366725
0.4043980837820902
0.3636554992325191
0.31773536776246436
0.2799799145384001
0.24921880867124752
2.1705327376400634
1.7723126188374159
1.4398116171291122
1.1642015661312328
0.936949462558497
0.750157529179137
0.6323376897842065
0.4999711925795728
0.39096668854375344
0.3008557303039885
2.980074474809417
2.3855710731717714
1.8965749699924306
1.4972326930432895
1.1727225312618523
0.9099171726762476
0.7463702463060412
0.5651696063505569
0.41854542032282227
0.299762950513647
3.608340877196677
2.8528622875616843
2.2377205334975585
1.740416229488154
1.340473050720049
1.0200681671547556
0.8227048288153714
0.606457544589344
0.43402173958749735
0.29679495207448786
4.134767273205333
3.2398306650230126
2.516657019434082
1.936483833268459
1.4735813653079064
1.1058797038720074
0.881211431964203
0.6372290105891026
0.4449953863834052
0.29425181944719225
4.593943635504591
3.5744284770163115
2.7556229526157003
2.1027746390748243
1.5852275797060675
1.1769363173162848
0.9291262236983663
0.661998426072585
0.45362002858219613
0.2922233426039895
5.004553149291057
3.8716118228842755
2.966348567570091
2.2482730902356063
1.6820578738501637
1.2379611432313937
0.9699527510710937
0.682850963310654
0.46078724494602963
0.2905975651998061
5.378076500081725
4.140478514919155
3.155852398997292
2.378239855780428
1.7679772683026878
1.2916968442233345
1.005669934808013
0.7009273768184581
0.46695261376995556
0.2892739130841206
5.7221241384320125
4.386984751513531
3.3287232208235915
2.4961862416139797
1.8454763218892352
1.339862939989006
1.037518936747712
0.7169280833967331
0.472383499354756
0.28817923310150734
6.042054138810019
4.615260535829949
3.4880832457830215
2.6044359329773856
1.9162461954468106
1.3836116181090377
1.0663125866672019
0.7312974800795642
0.47724072892996855
0.28725099050188807
6.341805248534168
4.8283742520183965
3.63632714643431
2.704706089468633
1.9815104459145512
1.4237423054464184
1.092630407988469
0.7443656146882808
0.48164867026897845
0.28645952156889587
6.624349032636758
5.0286199464800925
3.7751431089905454
2.7982662576641477
2.042166999188107
1.4608855981048245
1.1169030355531384
0.7563659413687818
0.4856860050359588
0.2857740765915829
6.8920932353273905
5.2177797051621555
3.9058823949209875
2.8860925916156615
2.098904470579464
1.4954956750620119
1.1394501198166136
0.7674710027959103
0.4894131317994311
0.2851731148373193
7.146765561884765
5.3972738001278575
4.029596201305506
2.9689660037693066
2.152264381250875
1.5279335097508255
1.1605063879661193
0.7778043501442269
0.4928773927491959
0.2846418360002298
7.389909985743422
5.5682246531427015
4.147151214670456
3.0474825011821536
2.2026682508512225
1.5584774258099514
1.180685033563137
0.7874704804692445
0.49611481969475757
0.28416731463545797