# datat/BKevo/GBW_BKevo/gbw35.dat
# N(r,Y=0), r, *F2(x,Q^2)
# 1e-05 < r < 100.0
# 1 < Q^2 < 50, n=15, log grid
# 1e-5 < x < 1e-2, n=10, log grid
###
0.0
0.0
0.0
0.0
0.0
0.0
0.0
0.0
0.0
0.0
0.0
0.0
0.0
0.0
6.47770124939929e-18
1.110223024625157e-16
1.8679714215948338e-16
3.343848663133397e-16
5.142525520005566e-16
9.469118678298536e-16
1.7504853887115008e-15
3.081011782438709e-15
5.576456657481327e-15
9.881412104110178e-15
1.796744647748065e-14
3.2431060892184113e-14
5.772504763173676e-14
1.0411058903013632e-13
1.8823838304153584e-13
3.3569723097164473e-13
6.026303834955209e-13
1.0925375800313193e-12
1.951794897715528e-12
3.486868564630673e-12
6.337849971726169e-12
1.1345448034604265e-11
2.016442626809223e-11
3.675237603062335e-11
6.593108304420728e-11
1.1680930670229734e-10
2.1304091476734903e-10
3.830264568981403e-10
6.797982963999918e-10
1.234436397476215e-09
2.2245000868680424e-09
3.955253372939139e-09
7.1498231298674705e-09
1.2915060981490024e-08
2.300682438847753e-08
4.139379837002556e-08
7.49575964898515e-08
1.3378993142476566e-07
2.3954138146862613e-07
4.3489500664731497e-07
7.778046496424959e-07
1.3855504266503763e-06
2.522299235229511e-06
4.520570785232575e-06
8.010331339830284e-06
1.4623258324906515e-05
2.626539409818844e-05
4.6579491161418505e-05
8.474412855541807e-05
0.0001525521161382747
0.000271011173888057
0.0004908211908001116
0.000885476443063202
0.0015755411367357394
0.002838683784969224
0.005128505424452378
0.00912764080093715
0.016316122843568554
0.029377413573646736
0.05188441066127195
0.09072605282586749
0.15831012289830132
0.26528107275285223
0.42270980936869723
0.6247705656121869
0.8236229141121126
0.9579766590596466
0.9951599353276658
0.9998382291568648
0.9999996300845764
0.9999999999999114
1.0
1.0
1.0
1.0
1.0
1.0
1.0
1.0
1.0
1.0
1.0
1.0
1.0
1.0
1.0
###
1e-05
1.1768119524349992e-05
1.3848863713938717e-05
1.6297508346206434e-05
1.917910261672489e-05
2.2570197196339216e-05
2.656087782946684e-05
3.1257158496882356e-05
3.678379771828634e-05
4.328761281083062e-05
5.0941380148163754e-05
5.994842503189409e-05
7.054802310718646e-05
8.302175681319735e-05
9.770099572992247e-05
0.00011497569953977356
0.00013530477745798074
0.00015922827933410923
0.0001873817422860383
0.00022051307399030456
0.00025950242113997375
0.0003053855508833416
0.00035938136638046257
0.0004229242874389499
0.0004977023564332109
0.0005857020818056661
0.0006892612104349695
0.0008111308307896872
0.0009545484566618337
0.0011233240329780276
0.0013219411484660286
0.0015556761439304723
0.0018307382802953678
0.002154434690031882
0.0025353644939701114
0.0029836472402833374
0.003511191734215131
0.004132012400115334
0.004862601580065354
0.005722367659350214
0.006734150657750821
0.007924828983539169
0.0093260334688322
0.010974987654930556
0.01291549665014884
0.01519911082952933
0.01788649529057435
0.0210490414451202
0.02477076355991709
0.029150530628251757
0.034304692863149154
0.040370172585965536
0.047508101621027934
0.05590810182512223
0.06579332246575675
0.0774263682681127
0.09111627561154886
0.10722672220103231
0.1261856883066021
0.14849682622544635
0.1747528400007683
0.20565123083486514
0.24201282647943834
0.2848035868435799
0.3351602650938841
0.3944206059437656
0.46415888336127725
0.5462277217684337
0.642807311728432
0.7564633275546291
0.8902150854450375
1.0476157527896641
1.232846739442066
1.4508287784959402
1.7073526474706886
2.009233002565046
2.364489412645407
2.782559402207126
3.274549162877725
3.8535285937105273
4.534878508128582
5.3366992312063015
6.280291441834247
7.390722033525775
8.697490026177835
10.235310218990248
12.045035402587812
14.174741629268048
16.68100537200059
19.630406500402685
23.10129700083158
27.1858824273294
31.992671377973846
37.64935806792464
44.30621457583877
52.14008287999685
61.35907273413163
72.20809018385457
84.97534359086438
100.0
###
0.8710765172529331
0.7466489244673815
0.6393585843599
0.5477981522942191
0.47032920263398026
0.40536832827997915
0.3636176497498599
0.3163869773593755
0.27737675130979395
0.24539108818423988
2.204204934694434
1.8000283290562196
1.4622338848977678
1.1820489901523914
0.9509216840153559
0.7609683939066264
0.6411323857048511
0.5065974298459366
0.3959050457693481
0.3045136559349359
3.0317596849684008
2.4278937672566645
1.9308153635360814
1.5246607431457995
1.1945596047164326
0.9272351958069301
0.760973325129112
0.5767814294848485
0.42789330509796963
0.3073940909321031
3.674909741331898
2.9070658728331287
2.2814030269083805
1.775359056984267
1.3682886859995833
1.0421755303914304
0.8413395554333768
0.6214084162995818
0.4460333087877593
0.3065226073354073
4.214279206047239
3.304226814204501
2.5683003458354157
1.9776729973313238
1.5062841381842125
1.1317898429315456
0.9029921828607513
0.6545573936134006
0.458810389712376
0.30522562197329844
4.685040746824142
3.6478844070113743
2.814331607643405
2.149389258212388
1.6220702063347534
1.2060056553093959
0.953463760017489
0.6812171097268831
0.46879105099677837
0.3040023496013808
5.106206839438456
3.953253043563727
3.0313485426389155
2.299658110955633
1.7225364916562331
1.2697539578211399
0.996463030411894
0.7038179971265971
0.47694905364920764
0.30293017290688196
5.489475372767997
4.229639766400777
3.226589051368566
2.433979569036639
1.811702851707099
1.3258847392720179
1.0340569485857147
0.7229990275029197
0.4839397254490196
0.30200408567738013
5.842619489292558
4.483093347192958
3.4047484658260267
2.555887768797735
1.892147124968301
1.3762158802170519
1.0675727906732404
0.740128230352416
0.49005622774195007
0.30120395386012205
6.171094562729494
4.717880684289553
3.56908861070879
2.667806089731936
1.9656176710040423
1.4218944906093982
1.0978542258386432
0.7555350915274066
0.4954964905611292
0.3005002473342286
6.478922656104179
4.937124546523707
3.721817377263303
2.771495195555192
2.0333814380997364
1.463819068638859
1.1255314820742464
0.7694538387899971
0.5004092345643566
0.29988357487176964
6.7692036817223
5.143184544614881
3.8650033045611583
2.86826124370217
2.0963684763463033
1.5026176512054217
1.1510368031661784
0.7822737814047952
0.5048909775082963
0.2993365063427477
7.0442228416339425
5.337865288532242
3.999853592847368
2.9591138350147017
2.1552915141073608
1.5387693600363943
1.1747370934017425
0.7941086215434751
0.5090136819802216
0.29884633586595216
7.305909072417428
5.522606154344766
4.127493362299299
3.044849754499985
2.210712511508721
1.5726506584967168
1.1969159320343656
0.8051087254161602
0.5131942363873356
0.29840533742728637
7.555729801640825
5.698610007975866
4.248764162741705
3.126096613194738
2.2630680213873076
1.6045520229268708
1.217708973627716
0.8154097548035688
0.5163949078271495
0.29800408476874385