# datat/BKevo/ATAN_BKevo/atan15.dat
# N(r,Y=0), r, *F2(x,Q^2)
# 1e-05 < r < 100.0
# 1 < Q^2 < 50, n=15, log grid
# 1e-5 < x < 1e-2, n=10, log grid
###
2.1176953707473905e-09
2.6577887513617777e-09
3.3402176716662433e-09
4.196169360233023e-09
5.267016485614443e-09
6.6175332778518555e-09
8.314453028979265e-09
1.0437599845926904e-08
1.311015711497609e-08
1.6474241112941044e-08
2.0683701732977713e-08
2.5972272353585407e-08
3.2641349909621796e-08
4.0987125210579225e-08
5.145199038413163e-08
6.46727999403595e-08
8.121909165280336e-08
1.0192588215771612e-07
1.281344692582711e-07
1.6093858660159598e-07
2.0197308316684489e-07
2.53863895614159e-07
3.1889927315660145e-07
4.002591639305984e-07
5.029519038188647e-07
6.318850382271581e-07
7.931966237832683e-07
9.964199558594557e-07
1.2520270581266623e-06
1.5718537154330611e-06
1.9740071108839376e-06
2.4807349068137204e-06
3.11483467045072e-06
3.910616539288457e-06
4.915162706185427e-06
6.172333512763599e-06
7.74696973977338e-06
9.738369050232291e-06
1.2230808761595053e-05
1.534846402592366e-05
1.929413099546235e-05
2.423551480675383e-05
3.0416984258841037e-05
3.822563577365732e-05
4.802202040554901e-05
6.027802643250761e-05
7.573113206375411e-05
9.515232285934225e-05
0.00011945192239484222
0.0001500319973765538
0.000188533472237611
0.0002367105479504275
0.00029722259715962555
0.00037354763085071586
0.00046906192592233035
0.0005887964732192917
0.0007400954335939453
0.0009294478790827701
0.0011663425685082057
0.0014662317620225387
0.0018415642584185732
0.0023110212574737896
0.0029044341721571427
0.0036481710649142692
0.0045783396525424375
0.005751584015701765
0.007224083236856731
0.009064988757491853
0.01138091420392623
0.014289796969095825
0.017922205092873414
0.022474836339998094
0.028187793284332897
0.03529867141499279
0.044153026776779146
0.0552039163314485
0.06884247997783388
0.08560372839885756
0.10617769047933337
0.1310452114589544
0.16078764517768954
0.19583089936651302
0.2363344981932871
0.2822522625476382
0.33252126512514907
0.38631711423662385
0.44258623258890495
0.4987861040177137
0.5536113376489108
0.6065084835230133
0.6555159817676958
0.6998262490718806
0.7403033104937816
0.7762925750827965
0.807304169347731
0.8348408871541204
0.8589490453506865
0.8791451630738982
0.8968469797452673
0.9123105231976834
###
1e-05
1.1768119524349992e-05
1.3848863713938717e-05
1.6297508346206434e-05
1.917910261672489e-05
2.2570197196339216e-05
2.656087782946684e-05
3.1257158496882356e-05
3.678379771828634e-05
4.328761281083062e-05
5.0941380148163754e-05
5.994842503189409e-05
7.054802310718646e-05
8.302175681319735e-05
9.770099572992247e-05
0.00011497569953977356
0.00013530477745798074
0.00015922827933410923
0.0001873817422860383
0.00022051307399030456
0.00025950242113997375
0.0003053855508833416
0.00035938136638046257
0.0004229242874389499
0.0004977023564332109
0.0005857020818056661
0.0006892612104349695
0.0008111308307896872
0.0009545484566618337
0.0011233240329780276
0.0013219411484660286
0.0015556761439304723
0.0018307382802953678
0.002154434690031882
0.0025353644939701114
0.0029836472402833374
0.003511191734215131
0.004132012400115334
0.004862601580065354
0.005722367659350214
0.006734150657750821
0.007924828983539169
0.0093260334688322
0.010974987654930556
0.01291549665014884
0.01519911082952933
0.01788649529057435
0.0210490414451202
0.02477076355991709
0.029150530628251757
0.034304692863149154
0.040370172585965536
0.047508101621027934
0.05590810182512223
0.06579332246575675
0.0774263682681127
0.09111627561154886
0.10722672220103231
0.1261856883066021
0.14849682622544635
0.1747528400007683
0.20565123083486514
0.24201282647943834
0.2848035868435799
0.3351602650938841
0.3944206059437656
0.46415888336127725
0.5462277217684337
0.642807311728432
0.7564633275546291
0.8902150854450375
1.0476157527896641
1.232846739442066
1.4508287784959402
1.7073526474706886
2.009233002565046
2.364489412645407
2.782559402207126
3.274549162877725
3.8535285937105273
4.534878508128582
5.3366992312063015
6.280291441834247
7.390722033525775
8.697490026177835
10.235310218990248
12.045035402587812
14.174741629268048
16.68100537200059
19.630406500402685
23.10129700083158
27.1858824273294
31.992671377973846
37.64935806792464
44.30621457583877
52.14008287999685
61.35907273413163
72.20809018385457
84.97534359086438
100.0
###
0.7641570364144258
0.6158669461803226
0.4901047593503472
0.38533086628514435
0.2994436290536353
0.23006130416771275
0.18738030470219677
0.14105510100495577
0.10484118936853809
0.07680403524119492
2.021494341704275
1.5713884508172355
1.206473220150011
0.915282845398712
0.6862431894481505
0.5084373646912372
0.40270745840435873
0.29164317671437795
0.20799360589204208
0.14561585037615957
2.8466617222458703
2.182478623715056
1.6530572457416113
1.2373209185558276
0.9153068733096552
0.6690055984776145
0.5244024594817395
0.37436444707105876
0.2629652424744795
0.18110482724217716
3.5074141063475017
2.6661900062733173
2.0025810204128014
1.4865650432538549
1.0906304047646
0.7905277566359518
0.6157194299949463
0.4357104277722288
0.3032436921594625
0.2067857877671917
4.073218475471154
3.0773313524917274
2.297505745510063
1.6953623013146961
1.2364669047297145
0.8908887341554786
0.690719521132475
0.4857277270863752
0.33583883493165867
0.22741414721299033
4.575101382805228
3.440021557799397
2.556291291857039
1.8776250699998551
1.36309942384105
0.9775746187568726
0.7552552957138515
0.5285298523990054
0.3635807058685861
0.24488293485425758
5.030125497517254
3.7674312868500666
2.788887617891544
2.0407969408896593
1.476005835722343
1.0545490838774019
0.8123750782292368
0.5662753015563415
0.38793990790435556
0.2601547067037487
5.448867825094667
4.067687713612828
3.001471409007107
2.1894263267966556
1.5785019240039078
1.1241905537634105
0.8639256788319719
0.6002017577733018
0.409775678481012
0.27380382732925884
5.838491861767899
4.346229645476597
3.1981363285111106
2.326503517192249
1.6727714644143925
1.1880630923145992
0.9111064671890552
0.631172798839655
0.4296477075641696
0.2861935052078613
6.204038590166359
4.6068929018661615
3.3817056253308766
2.4541409780375263
1.7603328284032589
1.2472470792601358
0.9547400829420755
0.6597499087029263
0.44793658438914513
0.29757858458928493
6.549270871954348
4.852501797384225
3.554271558868272
2.5738985372653564
1.8423079421576407
1.3025414422834034
0.995437791419346
0.6863444151300052
0.4649231632596428
0.3081233328712817
6.877079534155921
5.085224090179365
3.7174793510142847
2.6869173866662734
1.919529424322109
1.3545260792778997
1.0336543873585111
0.7112677851646593
0.480811747294543
0.3179698709810288
7.189677969260868
5.3067865715041735
3.872552427759231
2.7941261575829253
1.992653945501946
1.403660151019238
1.0697291950368586
0.7347558860864244
0.4957613695543809
0.32722095364779213
7.48887909347796
5.518374283229874
4.020600420878154
2.896276464496216
2.0621940384627466
1.4503214848323973
1.103916406305441
0.7570031887218955
0.5098982873402184
0.3359506067158206
7.776149837812885
5.721348727629474
4.162259445910583
2.993909430506958
2.1285813299707024
1.4947805261974974
1.1364945869992191
0.7781553803728293
0.5233228713343242
0.3442349527801091