# datat/BKevo/MVg_BKevo/mvg22.dat
# N(r,Y=0), r, *F2(x,Q^2)
# 1e-05 < r < 100.0
# 1 < Q^2 < 50, n=15, log grid
# 1e-5 < x < 1e-2, n=10, log grid
###
4.866099378585793e-11
6.638126925453253e-11
9.09362130519205e-11
1.2438450409131118e-10
1.696618866632367e-10
2.3209547870571722e-10
3.1743403046716304e-10
4.3292116766893176e-10
5.91373051531689e-10
8.086992240136875e-10
1.1027088422056372e-09
1.5040454047891716e-09
2.0563827280972508e-09
2.803330763350273e-09
3.817656730756212e-09
5.218344150742066e-09
7.111715944183285e-09
9.6692285773955e-09
1.3212707198930316e-08
1.8000119036441512e-08
2.4455216774962364e-08
3.337243119744236e-08
4.5444249256243874e-08
6.171083437311969e-08
8.406460480820785e-08
1.1441196719126552e-07
1.55274054818344e-07
2.1112662914818033e-07
2.8715799423425735e-07
3.8944351412871784e-07
5.284840147143733e-07
7.182456439389155e-07
9.732732642916428e-07
1.3179808073234256e-06
1.789560508317003e-06
2.4225763967270484e-06
3.273208350218622e-06
4.439427671564782e-06
6.002678163716805e-06
8.093641630639457e-06
1.0958755381007012e-05
1.4796801679301741e-05
1.9921580013294326e-05
2.689977285121034e-05
3.6259877681522586e-05
4.873248962386655e-05
6.56045839457728e-05
8.825594494152236e-05
0.00011836691210185467
0.0001588192162126815
0.00021314889265821801
0.00028516704976853474
0.0003812243915935848
0.0005102097948596956
0.0006806330150285455
0.000906247091137388
0.0012089549324019227
0.0016074424529056107
0.002130951329610618
0.00283238070836244
0.003752088260279403
0.0049549742468112425
0.0065549145916728915
0.00864931233775531
0.011377798747145495
0.014978647209379088
0.019686312453829537
0.02579597387898567
0.033798129598762286
0.044241446451246585
0.057732113450269996
0.07523908929734967
0.09795959101450448
0.12701644280477475
0.1640695653901071
0.2111775998123345
0.26970131436217754
0.34119965811588676
0.42630572879039197
0.5236801487597194
0.630167408581261
0.7356569248608682
0.8324703569704623
0.9114923910118989
0.9613422770019954
0.9872123507653348
0.9974450220253293
0.9996987781582507
0.9999767606906667
0.9999994004365784
0.9999999989782202
0.9999999999975387
0.9999999999999992
1.0
1.0
1.0
1.0
1.0
1.0
1.0
###
1e-05
1.1768119524349992e-05
1.3848863713938717e-05
1.6297508346206434e-05
1.917910261672489e-05
2.2570197196339216e-05
2.656087782946684e-05
3.1257158496882356e-05
3.678379771828634e-05
4.328761281083062e-05
5.0941380148163754e-05
5.994842503189409e-05
7.054802310718646e-05
8.302175681319735e-05
9.770099572992247e-05
0.00011497569953977356
0.00013530477745798074
0.00015922827933410923
0.0001873817422860383
0.00022051307399030456
0.00025950242113997375
0.0003053855508833416
0.00035938136638046257
0.0004229242874389499
0.0004977023564332109
0.0005857020818056661
0.0006892612104349695
0.0008111308307896872
0.0009545484566618337
0.0011233240329780276
0.0013219411484660286
0.0015556761439304723
0.0018307382802953678
0.002154434690031882
0.0025353644939701114
0.0029836472402833374
0.003511191734215131
0.004132012400115334
0.004862601580065354
0.005722367659350214
0.006734150657750821
0.007924828983539169
0.0093260334688322
0.010974987654930556
0.01291549665014884
0.01519911082952933
0.01788649529057435
0.0210490414451202
0.02477076355991709
0.029150530628251757
0.034304692863149154
0.040370172585965536
0.047508101621027934
0.05590810182512223
0.06579332246575675
0.0774263682681127
0.09111627561154886
0.10722672220103231
0.1261856883066021
0.14849682622544635
0.1747528400007683
0.20565123083486514
0.24201282647943834
0.2848035868435799
0.3351602650938841
0.3944206059437656
0.46415888336127725
0.5462277217684337
0.642807311728432
0.7564633275546291
0.8902150854450375
1.0476157527896641
1.232846739442066
1.4508287784959402
1.7073526474706886
2.009233002565046
2.364489412645407
2.782559402207126
3.274549162877725
3.8535285937105273
4.534878508128582
5.3366992312063015
6.280291441834247
7.390722033525775
8.697490026177835
10.235310218990248
12.045035402587812
14.174741629268048
16.68100537200059
19.630406500402685
23.10129700083158
27.1858824273294
31.992671377973846
37.64935806792464
44.30621457583877
52.14008287999685
61.35907273413163
72.20809018385457
84.97534359086438
100.0
###
1.222610211343454
1.0486517344495314
0.8932855978974313
0.7564255931288066
0.6373249274967447
0.5348375860060184
0.46797884781633114
0.390851290590709
0.32585866830431637
0.27134557231295703
3.4388428046769612
2.8366261505650274
2.3188274465092125
1.8803652059113707
1.5132437794682556
1.2089472338081928
1.0167176506932878
0.8016465398906522
0.6265873843619761
0.4846137101600021
4.94386708252623
4.011441356292696
3.224950808711612
2.570141703350617
2.030868323483683
1.5911177681097013
1.3172523897083515
1.0151613833733248
0.773325980517638
0.5805659883223898
6.161873325895016
4.948798833094384
3.936819668232679
3.1033426513907165
2.4241937737050385
1.8761567066907872
1.5380362841480502
1.1684644972740221
0.8758890445788473
0.6453476869797924
7.211281371411723
5.748438706878579
4.537958406954524
3.548883941058074
2.7491981666455345
2.108836401319434
1.716493055122199
1.2905753187101126
0.9561628074421624
0.694991812713675
8.145649031102767
6.455163493000103
5.065268844982569
3.936641999622385
3.0297138274346267
2.307899041818156
1.8680565860259002
1.3931648296697807
1.02275583453942
0.7355245179295853
8.99493233070509
7.093800382550462
5.538920543925183
4.282787855020488
3.2784830714200917
2.4831930038679335
2.000750052682063
1.482222241087763
1.079985544318085
0.7700177919016087
9.777920327314403
7.679759685615817
5.971370625870872
4.59719012192266
3.503225936266824
2.6406391757012115
2.1193634041370704
1.5612758234499196
1.1303756152014792
0.79989832194225
10.507402936416717
8.223420873193128
6.37091761714814
4.886407658405858
3.709031677423956
2.7840978099161227
2.227009224877441
1.6325911719376291
1.1755175258232484
0.8265379270784462
11.192467622287541
8.732196849349576
6.743426523966429
5.155034706951849
3.8994115697552547
2.9162401693661066
2.325818042590997
1.69771077090016
1.2164863532683365
0.8505322876161415
11.839916533475243
9.211488841428773
7.093242791753076
5.406455682454763
4.07692526181198
3.039018252131332
2.4173440676257196
1.7577550249008087
1.2540616228593233
0.8723800322956153
12.455075114611413
9.66555476054544
7.42366306640419
5.643226561846768
4.243614610740363
3.1538997917394096
2.502743655154054
1.8135481488809109
1.2888083764245104
0.8924635515968976
13.041863611207264
10.097621261533678
7.7371972237469935
5.867366048777959
4.400941651619179
3.2619895935291017
2.5829047760255537
1.865721764112033
1.3211625300240628
0.911061503924777
13.603568576805479
10.510327995675656
8.03603254566408
6.080412149230987
4.550111801628955
3.3642007340766926
2.6585484179068968
1.9147751070766665
1.3514613245404503
0.9283913613364231
14.143020611398214
10.905835998177958
8.321771101124709
6.283680281417236
4.6920939568821565
3.461219869733691
2.7300837655643977
1.961100170545443
1.379969421920671
0.9446231563516008