# datat/BKevo/GBW_BKevo/gbw47.dat
# N(r,Y=0), r, *F2(x,Q^2)
# 1e-05 < r < 100.0
# 1 < Q^2 < 50, n=15, log grid
# 1e-5 < x < 1e-2, n=10, log grid
###
1.21450134042389e-07
1.476058893125343e-07
1.795000527067777e-07
2.1824876385378727e-07
2.6526577942483115e-07
3.2254421401909955e-07
3.921947374180291e-07
4.767109657627743e-07
5.795752724807251e-07
7.047707323659632e-07
8.566933245062768e-07
1.0414209319939583e-06
1.2664557825888717e-06
1.5395432349432258e-06
1.8712790187657427e-06
2.275769108568329e-06
2.766652277226522e-06
3.3623776149502885e-06
4.08942501442886e-06
4.9717962713756685e-06
6.042386452597339e-06
7.348386851907099e-06
8.934452083895194e-06
1.0858918641827584e-05
1.3204355246708143e-05
1.605528577299628e-05
1.951462588287506e-05
2.372669953181688e-05
2.8851147476306522e-05
3.506943355362316e-05
4.2633556316630956e-05
5.184442428923687e-05
6.302181578239005e-05
7.660522791578378e-05
9.316078318847905e-05
0.00011325164599212765
0.00013764335221611606
0.00016739909229109554
0.00020350996223059787
0.00024732128835068426
0.00030078502568134315
0.00036568518297269
0.0004444258089863786
0.0005404209510240703
0.0006570479127694974
0.0007985446444481562
0.0009708732882946744
0.0011804080986090645
0.0014346102381257778
0.0017438706593165165
0.0021201782108627165
0.0025766432835548107
0.0031313243208069613
0.003806668620865727
0.004625642477087847
0.005619499619574189
0.006829992154219972
0.008297147661671434
0.010074714702116053
0.012239526436584845
0.01486074418148422
0.018032397467958674
0.02188573169251365
0.02654599281885621
0.03217265938037657
0.03898206898153087
0.0471951373738426
0.05707231661333748
0.0689529945647138
0.08320071434476016
0.10021318930721711
0.12047457785949699
0.14449933527383987
0.172817653382
0.20599180624692873
0.24448793060206775
0.28881806291109746
0.3393210994132527
0.395603898289489
0.45775350061876785
0.525168242017262
0.5950731639220568
0.6665763579597562
0.737484438132805
0.8026002008448214
0.8603795210641263
0.9091894955941718
0.9455772666713241
0.9704794961269648
0.9863303012675397
0.9946082663971152
0.9981387761167663
0.9995203216976922
0.9999156967955428
0.99998624162576
0.9999986236444381
0.9999999537935074
0.9999999978334122
0.9999999999500367
0.9999999999999429
###
1e-05
1.1768119524349992e-05
1.3848863713938717e-05
1.6297508346206434e-05
1.917910261672489e-05
2.2570197196339216e-05
2.656087782946684e-05
3.1257158496882356e-05
3.678379771828634e-05
4.328761281083062e-05
5.0941380148163754e-05
5.994842503189409e-05
7.054802310718646e-05
8.302175681319735e-05
9.770099572992247e-05
0.00011497569953977356
0.00013530477745798074
0.00015922827933410923
0.0001873817422860383
0.00022051307399030456
0.00025950242113997375
0.0003053855508833416
0.00035938136638046257
0.0004229242874389499
0.0004977023564332109
0.0005857020818056661
0.0006892612104349695
0.0008111308307896872
0.0009545484566618337
0.0011233240329780276
0.0013219411484660286
0.0015556761439304723
0.0018307382802953678
0.002154434690031882
0.0025353644939701114
0.0029836472402833374
0.003511191734215131
0.004132012400115334
0.004862601580065354
0.005722367659350214
0.006734150657750821
0.007924828983539169
0.0093260334688322
0.010974987654930556
0.01291549665014884
0.01519911082952933
0.01788649529057435
0.0210490414451202
0.02477076355991709
0.029150530628251757
0.034304692863149154
0.040370172585965536
0.047508101621027934
0.05590810182512223
0.06579332246575675
0.0774263682681127
0.09111627561154886
0.10722672220103231
0.1261856883066021
0.14849682622544635
0.1747528400007683
0.20565123083486514
0.24201282647943834
0.2848035868435799
0.3351602650938841
0.3944206059437656
0.46415888336127725
0.5462277217684337
0.642807311728432
0.7564633275546291
0.8902150854450375
1.0476157527896641
1.232846739442066
1.4508287784959402
1.7073526474706886
2.009233002565046
2.364489412645407
2.782559402207126
3.274549162877725
3.8535285937105273
4.534878508128582
5.3366992312063015
6.280291441834247
7.390722033525775
8.697490026177835
10.235310218990248
12.045035402587812
14.174741629268048
16.68100537200059
19.630406500402685
23.10129700083158
27.1858824273294
31.992671377973846
37.64935806792464
44.30621457583877
52.14008287999685
61.35907273413163
72.20809018385457
84.97534359086438
100.0
###
1.8599760122677367
1.597939428087793
1.355528380061758
1.1355116464209212
0.9400191582934906
0.7693722323230985
0.6574920926355017
0.5288604370735195
0.42163151127971077
0.33344707628338754
5.903060200675078
4.895277469241253
4.001897285659689
3.226626477037388
2.568549494340098
2.0193345566617
1.6732262138360312
1.290032813932883
0.9838931628346316
0.7422967471372316
8.949589250826484
7.312446454716295
5.888240371370011
4.67563600244406
3.6651966699819103
2.837370011187563
2.3236594569318876
1.763190549421061
1.322846473279428
0.9809142222314166
11.554853938727069
9.351613177990322
7.458690399272231
5.8663389074172745
4.5548685979643855
3.4925451673527785
2.8397189717510773
2.1338735481506754
1.5850525548167134
1.1631464406177665
13.885179581092444
11.159876440354866
8.838865773392856
6.9037892107245264
5.323590488123544
4.054060058386598
3.279348661996909
2.447159639158839
1.8049194871060057
1.314763503471821
16.02048660044377
12.805172998333633
10.08689222858968
7.8360738999643385
6.010171865192025
4.552644736901843
3.6679986360598376
2.722529345061473
1.997095989281509
1.4465521636273067
18.00701805922483
14.328361362634793
11.235825816444953
8.690167024175807
6.636171351002047
5.00514622716419
4.019525784043846
2.9704984150351605
2.1694166210357486
1.5642389197214819
19.87474872928948
15.75352943645409
12.306887233677514
9.483089445904003
7.2150552499878255
5.42199881778102
4.342481349302075
3.1974988540578115
2.326617618315245
1.6712246676213371
21.644431949931793
17.09925668517348
13.31435038929298
10.226381043490823
7.755922997167546
5.81024196813012
4.642512658826485
3.407802784127581
2.4718283918037414
1.769790848208422
23.331328972543854
18.37778421739898
14.268591922681289
10.928338755981054
8.265252772336522
6.17484916995898
4.923768422701024
3.6044066508216526
2.607242693161196
1.8614517700776048
24.946992582844814
19.5992362482313
15.177392684739356
11.595142530978846
8.74779657078726
6.519519485140386
5.189289216132484
3.789526384382287
2.7344808732636428
1.9474327409370753
26.50015970933353
20.77030733699729
16.0470380016245
12.231571779027218
9.207406534063683
6.847050667815725
5.4411349477338735
3.964835918188379
2.854749831130516
2.0285648697372096
27.9983034847357
21.89477675331373
16.881831250620074
12.841390015468725
9.64694799521141
7.159648007958505
5.681210320063157
4.1316421277972575
2.968987768927991
2.1055154963423544
29.447195738377392
22.98450920214658
17.68589935045462
13.427679238781895
10.068847899388814
7.459159417510998
5.910907574330196
4.290995545619493
3.0779637666294586
2.1788039587466557
30.851697538407905
24.036693903240533
18.462507141728242
13.992904187582946
10.474771377285562
7.747060037035995
6.131389963586879
4.443730546410939
3.182274653356215
2.24889443785851