# datat/BKevo/GBW_BKevo/gbw77.dat
# N(r,Y=0), r, *F2(x,Q^2)
# 1e-05 < r < 100.0
# 1 < Q^2 < 50, n=15, log grid
# 1e-5 < x < 1e-2, n=10, log grid
###
9.645386380645497e-14
1.4193657759847002e-13
2.1060948898653106e-13
3.1155305658854135e-13
4.587573550685433e-13
6.795199596124541e-13
1.0063082239082189e-12
1.4827804420812745e-12
2.192587863801873e-12
3.249790424978627e-12
4.791890438768814e-12
7.073464662424831e-12
1.0493351353934463e-11
1.5484326241927188e-11
2.281631117251694e-11
3.38779761671238e-11
5.0030143173890405e-11
7.358577719458212e-11
1.0936179345384414e-10
1.6163041217086604e-10
2.3773902278492075e-10
3.529844133318019e-10
5.221127616482483e-10
7.685032182285726e-10
1.1391626933759512e-09
1.686375283970681e-09
2.4839701862483135e-09
3.675826447907437e-09
5.446176972311879e-09
8.02789309206089e-09
1.1859372807358392e-08
1.7586347090804305e-08
2.5942410055673934e-08
3.825642019888009e-08
5.678121083321427e-08
8.382461649839756e-08
1.2339034600613949e-07
1.8330632848646975e-07
2.708222089676452e-07
3.9822740782406883e-07
5.916878899355855e-07
8.748775526206352e-07
1.2873458943091054e-06
1.9096280351634266e-06
2.8259159487484054e-06
4.1611638277940445e-06
6.16231469687939e-06
9.126796171812063e-06
1.3448935647797539e-05
1.9882684707626654e-05
2.947279048215235e-05
4.3462071723340976e-05
6.414105370332359e-05
9.516116976655255e-05
0.0001404336275354459
0.0002068762845541564
0.0003071922249366491
0.0004536656272927449
0.0006670370306174189
0.0009912863166689906
0.0014648619296650667
0.0021541077533852064
0.0031958972200580495
0.00472396829662327
0.00694631568773303
0.01027646072710425
0.015175805616010445
0.0222763669988787
0.0327764230380416
0.04816799236240896
0.07019811585806125
0.10190281157342047
0.14718572856360168
0.20935351086508538
0.2928166271225968
0.4007531734661751
0.530197652602587
0.672814256414952
0.8050245121986955
0.9091617036963672
0.9726465723210079
0.9942034264833814
0.9993542045747594
0.9999830123363462
0.9999999153457678
0.9999999998023237
0.9999999999999677
1.0
1.0
1.0
1.0
1.0
1.0
1.0
1.0
1.0
1.0
1.0
1.0
1.0
###
1e-05
1.1768119524349992e-05
1.3848863713938717e-05
1.6297508346206434e-05
1.917910261672489e-05
2.2570197196339216e-05
2.656087782946684e-05
3.1257158496882356e-05
3.678379771828634e-05
4.328761281083062e-05
5.0941380148163754e-05
5.994842503189409e-05
7.054802310718646e-05
8.302175681319735e-05
9.770099572992247e-05
0.00011497569953977356
0.00013530477745798074
0.00015922827933410923
0.0001873817422860383
0.00022051307399030456
0.00025950242113997375
0.0003053855508833416
0.00035938136638046257
0.0004229242874389499
0.0004977023564332109
0.0005857020818056661
0.0006892612104349695
0.0008111308307896872
0.0009545484566618337
0.0011233240329780276
0.0013219411484660286
0.0015556761439304723
0.0018307382802953678
0.002154434690031882
0.0025353644939701114
0.0029836472402833374
0.003511191734215131
0.004132012400115334
0.004862601580065354
0.005722367659350214
0.006734150657750821
0.007924828983539169
0.0093260334688322
0.010974987654930556
0.01291549665014884
0.01519911082952933
0.01788649529057435
0.0210490414451202
0.02477076355991709
0.029150530628251757
0.034304692863149154
0.040370172585965536
0.047508101621027934
0.05590810182512223
0.06579332246575675
0.0774263682681127
0.09111627561154886
0.10722672220103231
0.1261856883066021
0.14849682622544635
0.1747528400007683
0.20565123083486514
0.24201282647943834
0.2848035868435799
0.3351602650938841
0.3944206059437656
0.46415888336127725
0.5462277217684337
0.642807311728432
0.7564633275546291
0.8902150854450375
1.0476157527896641
1.232846739442066
1.4508287784959402
1.7073526474706886
2.009233002565046
2.364489412645407
2.782559402207126
3.274549162877725
3.8535285937105273
4.534878508128582
5.3366992312063015
6.280291441834247
7.390722033525775
8.697490026177835
10.235310218990248
12.045035402587812
14.174741629268048
16.68100537200059
19.630406500402685
23.10129700083158
27.1858824273294
31.992671377973846
37.64935806792464
44.30621457583877
52.14008287999685
61.35907273413163
72.20809018385457
84.97534359086438
100.0
###
1.2556411005464587
1.1010136303581097
0.9639119879059366
0.8438037952409501
0.7397402735957311
0.6504740500677688
0.5924003192830869
0.5256520267269289
0.4698130670856333
0.42359740951635855
3.4836462463660496
2.9289897707459867
2.4517492840060657
2.0451229488929745
1.7015963227414854
1.4132966213058002
1.2285918428030245
1.0184827097421583
0.8438834998548321
0.6980106057970716
4.964627875357173
4.099900914181361
3.3669004529633435
2.7511392900481364
2.2380105142341264
1.8129350289562407
1.543582618876572
1.2403045128161376
0.99074434560769
0.7850299205984609
6.150321124546604
5.020855032846796
4.072894595777134
3.2843027742645567
2.6333687062497058
2.0990957232423564
1.763293975054383
1.3882590644620698
1.0824745192910377
0.8330039017542726
7.1634896840866515
5.798619259455216
4.661626873536418
3.722709356453696
2.9533388801736766
2.32639487125008
1.9349098504366795
1.5005228620332824
1.1491444218782805
0.8649126735400579
8.059894827819583
6.480717414552012
5.173094021888133
4.099660196600601
3.22527071127354
2.5169456024889936
2.0770121509624335
1.5915417025030474
1.2014939523123906
0.8883189189181456
8.870349930331802
7.093129883402378
5.628907351111342
4.432875385580365
3.4634371242413855
2.6820539846308873
2.1989720457773387
1.6683862465209458
1.2445975248512395
0.9065542608900804
9.614241318068222
7.6520253783627075
6.042325083882
4.733102183202061
3.6764424047350652
2.828394246055531
2.3062146963273666
1.7350953339377297
1.2812477409004441
0.9213551494177393
10.304605460599534
8.168169631286618
6.422130516196358
5.0073255662933684
3.8697297137728475
2.960240817774707
2.4021864537028508
1.7941191078650836
1.3131358336825556
0.9337270086726889
10.950715977157307
8.649186149769799
6.774474609334315
5.260456052588926
4.047179977628884
3.0805063144403837
2.48924334407669
1.8471411507114575
1.3413254990671624
0.9442961373775137
11.559527449845865
9.100740863473742
7.103885201591066
5.496096964193561
4.211576802869205
3.191292921886085
2.569068624752206
1.8952690084893045
1.36669003774194
0.9534935364268153
12.136281826926346
9.527042036954319
7.4137926935801
5.716925733951561
4.365004068153354
3.2941516571592375
2.6428408180126057
1.9394771686306902
1.3897059945948564
0.9616065269801192
12.684891503949165
9.931415726430492
7.706891083663217
5.9250247433010275
4.508802591800817
3.3902696928722946
2.7114947992107115
1.980348939414456
1.4106879616096188
0.9688089696313584
13.209384908229518
10.316667511933135
7.985220503495197
6.122047342283303
4.644667301462477
3.480580306024861
2.77577496826849
2.0184607467541404
1.4300754068890953
0.975354819700261
13.711760564435425
10.68491387387051
8.25060537999068
6.309349119345902
4.773350500886804
3.5658198156836196
2.83623559832682
2.054050507143081
1.4480651322514249
0.9812697709174533