# datat/BKevo/GBW_BKevo/gbw69.dat
# N(r,Y=0), r, *F2(x,Q^2)
# 1e-05 < r < 100.0
# 1 < Q^2 < 50, n=15, log grid
# 1e-5 < x < 1e-2, n=10, log grid
###
6.906568616111105e-16
1.0897314680352965e-15
1.7189142671324697e-15
2.718373374365259e-15
4.289892308433764e-15
6.837646306783037e-15
1.0754294301969664e-14
1.6903412113950696e-14
2.6773009341738366e-14
4.234709952593841e-14
6.656919533850555e-14
1.0483937130822467e-13
1.6625020047059957e-13
2.6160747552211696e-13
4.1080126446367164e-13
6.524162009963956e-13
1.0278094476517432e-12
1.6095830185369178e-12
2.5601378136113276e-12
4.037842550663827e-12
6.323531048760411e-12
1.0044010117273515e-11
1.586049170755719e-11
2.4864114209149056e-11
3.939667350157182e-11
6.228886306779825e-11
9.775107838978056e-11
1.544961544919268e-10
2.445830546347233e-10
3.842415852571559e-10
6.057296714575603e-10
9.602008247430673e-10
1.510147812562292e-09
2.3743259535230284e-09
3.768906210172542e-09
5.934243330424889e-09
9.304629628118328e-09
1.479053302876793e-08
2.331525648423383e-08
3.649758772228191e-08
5.803167230023926e-08
9.158873915516322e-08
1.4351722102125275e-07
2.2764415467880543e-07
3.5972364502101905e-07
5.642614520453685e-07
8.928022922810778e-07
1.4125984325983469e-06
2.218152723440082e-06
3.5007276632138825e-06
5.546111850505295e-06
8.71835868973769e-06
1.3723389829729255e-05
2.177080285908374e-05
3.426141984227439e-05
5.37844332765726e-05
8.544092697345753e-05
0.00013461364795739006
0.00021072783549172985
0.0003352198819756333
0.0005287315067485321
0.0008280222793876316
0.0013144447044823747
0.0020751500743933786
0.003251727667381829
0.005145508000829321
0.00812410457957715
0.012722032474335626
0.020023716476100618
0.03151091328226765
0.04906726604184454
0.07620631242896231
0.11795930273279509
0.17916945384690525
0.26683962239949743
0.3873636774805072
0.5372306130908845
0.70347035542393
0.8484661955448705
0.9468018398680891
0.991306487343202
0.9991855555622043
0.9999725034922518
0.9999999027218126
0.9999999999987885
1.0
1.0
1.0
1.0
1.0
1.0
1.0
1.0
1.0
1.0
1.0
1.0
1.0
1.0
1.0
###
1e-05
1.1768119524349992e-05
1.3848863713938717e-05
1.6297508346206434e-05
1.917910261672489e-05
2.2570197196339216e-05
2.656087782946684e-05
3.1257158496882356e-05
3.678379771828634e-05
4.328761281083062e-05
5.0941380148163754e-05
5.994842503189409e-05
7.054802310718646e-05
8.302175681319735e-05
9.770099572992247e-05
0.00011497569953977356
0.00013530477745798074
0.00015922827933410923
0.0001873817422860383
0.00022051307399030456
0.00025950242113997375
0.0003053855508833416
0.00035938136638046257
0.0004229242874389499
0.0004977023564332109
0.0005857020818056661
0.0006892612104349695
0.0008111308307896872
0.0009545484566618337
0.0011233240329780276
0.0013219411484660286
0.0015556761439304723
0.0018307382802953678
0.002154434690031882
0.0025353644939701114
0.0029836472402833374
0.003511191734215131
0.004132012400115334
0.004862601580065354
0.005722367659350214
0.006734150657750821
0.007924828983539169
0.0093260334688322
0.010974987654930556
0.01291549665014884
0.01519911082952933
0.01788649529057435
0.0210490414451202
0.02477076355991709
0.029150530628251757
0.034304692863149154
0.040370172585965536
0.047508101621027934
0.05590810182512223
0.06579332246575675
0.0774263682681127
0.09111627561154886
0.10722672220103231
0.1261856883066021
0.14849682622544635
0.1747528400007683
0.20565123083486514
0.24201282647943834
0.2848035868435799
0.3351602650938841
0.3944206059437656
0.46415888336127725
0.5462277217684337
0.642807311728432
0.7564633275546291
0.8902150854450375
1.0476157527896641
1.232846739442066
1.4508287784959402
1.7073526474706886
2.009233002565046
2.364489412645407
2.782559402207126
3.274549162877725
3.8535285937105273
4.534878508128582
5.3366992312063015
6.280291441834247
7.390722033525775
8.697490026177835
10.235310218990248
12.045035402587812
14.174741629268048
16.68100537200059
19.630406500402685
23.10129700083158
27.1858824273294
31.992671377973846
37.64935806792464
44.30621457583877
52.14008287999685
61.35907273413163
72.20809018385457
84.97534359086438
100.0
###
1.1610608543603145
1.0162533119806174
0.8890518202249355
0.7786136244815851
0.6837746629745821
0.6031481736874363
0.5511260651585085
0.4918411805599935
0.44283805873893684
0.4028895860643374
3.143586244150457
2.6328303654430174
2.196561237552617
1.8273729603915159
1.5172834221848353
1.258211668609169
1.0927791399103968
0.9050203026133087
0.7489969534883137
0.6191669722184708
4.43478237041201
3.645209240777037
2.9805200480149305
2.42576171583158
1.9657371338603185
1.5861776528945184
1.3462770387317387
1.0766077017846127
0.8547885341588782
0.6719590243906999
5.458810924028956
4.433484089243722
3.5786178126505286
2.8718638121630606
2.2913684136835055
1.8167217508302862
1.5191711478699954
1.187345136946244
0.9174080896480509
0.6965079755136226
6.328531743120329
5.094852633503584
4.073890859710918
3.235894881511324
2.5525715196680063
1.997884934617137
1.652437273686505
1.2698264266493169
0.9607261512596399
0.7108920958277838
7.094525073406969
5.672156958845391
4.501941471201048
3.547098695575386
2.7731337470853434
2.148630381933115
1.7618387134024986
1.3359150168830058
0.9942806120329087
0.7205091414224516
7.784687100232101
6.188528890970748
4.881957892970063
3.8211328586784377
2.965418100562593
2.2785473818977544
1.8551728518000725
1.391214195738559
1.0214864417068492
0.7272676550877878
8.416350241952617
6.658403019195187
5.225535717989605
4.067087147436139
3.136704463604566
2.3932114168549457
1.9368257032514142
1.4389098008603405
1.0443579072902867
0.7324372518613903
9.001148141440062
7.091245256068595
5.54034506257106
4.291149555206184
3.2917083747129494
2.496157895060766
2.0095990075075254
1.4809183359427127
1.0640882064286685
0.7365029105867891
9.547322865806423
7.493753052699024
5.831734604969121
4.4974910244563615
3.4336491974365035
2.589794397351395
2.0754198653948905
1.5185045466237341
1.0814329363785415
0.7397706547076001
10.060990423209047
7.870897680499492
6.103650601676582
4.689169139522527
3.5648251984648485
2.675840043061297
2.135592135536656
1.5525586197542176
1.0969133416134957
0.7425140394721449
10.546734856408406
8.226368608446748
6.359002656403195
4.868439737702394
3.6869880251128384
2.7555592192911385
2.1910849597376107
1.5837798659166489
1.1108989327149958
0.7452458738635879
11.008336479417038
8.563097427317995
6.600105229059333
5.037177703784462
3.8014655310519987
2.829915289875105
2.24264166923507
1.6125093007424895
1.1236484936453777
0.7472085045197943
11.448643111063184
8.883430189205345
6.8287827625191895
5.196626095025292
3.909303320896291
2.8996633507950347
2.290817856269231
1.6391638967024709
1.1353705983167268
0.7489219870154624
11.870067372166266
9.189249835165382
7.046500055161193
5.348033355086631
4.011336981602563
2.965396124685985
2.336065466371128
1.6640841717247803
1.1462147423847715
0.7499980486998234