# datat/BKevo/ATAN_BKevo/atan31.dat
# N(r,Y=0), r, *F2(x,Q^2)
# 1e-05 < r < 100.0
# 1 < Q^2 < 50, n=15, log grid
# 1e-5 < x < 1e-2, n=10, log grid
###
1.2732395461883361e-06
1.4983635162665944e-06
1.7632920950337688e-06
2.0750632130678144e-06
2.4419591911930947e-06
2.873726763549016e-06
3.381836003367803e-06
3.9797850299239615e-06
4.6834585913126995e-06
5.511550048951976e-06
6.486057973988289e-06
7.632870547874169e-06
8.982453291957052e-06
1.0570658395894091e-05
1.2439677144960396e-05
1.4639160747881633e-05
1.722753934055004e-05
2.0273574205140593e-05
2.3858184439970818e-05
2.8076596607250087e-05
3.304087446303731e-05
3.8882895973151945e-05
4.575785670429075e-05
5.38483926523055e-05
6.3369432033174e-05
7.45739049391414e-05
8.775946251938973e-05
0.00010327638417694478
0.00012153688288416409
0.0001430260557753784
0.00016831477085213543
0.00019807483228672396
0.00023309682722188004
0.0002743111276617739
0.00032281260579402075
0.0003798897203281104
0.0004470587434161101
0.0005261040382593258
0.00061912546580109
0.0007285941618660879
0.0008574181690804259
0.001009019712005662
0.0011874260816604897
0.0013973765654542922
0.0016444484113007321
0.0019352049112836467
0.002277369523319857
0.002680031184814959
0.0031538856221762436
0.0037115185171932505
0.004367739835882057
0.005139977524452992
0.0060487364998784475
0.007118140596328176
0.008376578476222434
0.009857441451399628
0.011599986441344827
0.01365041816475005
0.016063050087299944
0.018901589236475228
0.022241076542321995
0.026169552341566184
0.030789770888366014
0.036222752569685164
0.04260996257937543
0.05011454119625984
0.058927765279950646
0.06927176150140597
0.08139518165955201
0.09558288680523025
0.11216281614161147
0.13147479720570282
0.1538686941023337
0.1797527693163976
0.20945983334046914
0.2431369599496456
0.2810781996419134
0.32326595537398173
0.3688169937420247
0.4176313615106647
0.46892505742789925
0.5201885745794835
0.5712594806171598
0.6211363297333284
0.667268479282387
0.7099494208503329
0.7491947783806474
0.7836954436044253
0.8139893431678463
0.8409067660122215
0.864071462474974
0.883792679146272
0.9010481410569274
0.9158402534146481
0.9282020649397691
0.9389523799668561
0.9482030910888093
0.9558355326121949
0.9624581328678766
0.9681954985939719
###
1e-05
1.1768119524349992e-05
1.3848863713938717e-05
1.6297508346206434e-05
1.917910261672489e-05
2.2570197196339216e-05
2.656087782946684e-05
3.1257158496882356e-05
3.678379771828634e-05
4.328761281083062e-05
5.0941380148163754e-05
5.994842503189409e-05
7.054802310718646e-05
8.302175681319735e-05
9.770099572992247e-05
0.00011497569953977356
0.00013530477745798074
0.00015922827933410923
0.0001873817422860383
0.00022051307399030456
0.00025950242113997375
0.0003053855508833416
0.00035938136638046257
0.0004229242874389499
0.0004977023564332109
0.0005857020818056661
0.0006892612104349695
0.0008111308307896872
0.0009545484566618337
0.0011233240329780276
0.0013219411484660286
0.0015556761439304723
0.0018307382802953678
0.002154434690031882
0.0025353644939701114
0.0029836472402833374
0.003511191734215131
0.004132012400115334
0.004862601580065354
0.005722367659350214
0.006734150657750821
0.007924828983539169
0.0093260334688322
0.010974987654930556
0.01291549665014884
0.01519911082952933
0.01788649529057435
0.0210490414451202
0.02477076355991709
0.029150530628251757
0.034304692863149154
0.040370172585965536
0.047508101621027934
0.05590810182512223
0.06579332246575675
0.0774263682681127
0.09111627561154886
0.10722672220103231
0.1261856883066021
0.14849682622544635
0.1747528400007683
0.20565123083486514
0.24201282647943834
0.2848035868435799
0.3351602650938841
0.3944206059437656
0.46415888336127725
0.5462277217684337
0.642807311728432
0.7564633275546291
0.8902150854450375
1.0476157527896641
1.232846739442066
1.4508287784959402
1.7073526474706886
2.009233002565046
2.364489412645407
2.782559402207126
3.274549162877725
3.8535285937105273
4.534878508128582
5.3366992312063015
6.280291441834247
7.390722033525775
8.697490026177835
10.235310218990248
12.045035402587812
14.174741629268048
16.68100537200059
19.630406500402685
23.10129700083158
27.1858824273294
31.992671377973846
37.64935806792464
44.30621457583877
52.14008287999685
61.35907273413163
72.20809018385457
84.97534359086438
100.0
###
2.3383295559569963
2.003822877996596
1.6889060167862364
1.3992068401309274
1.1396312670620725
0.9131701063323381
0.7655484836337884
0.5976802452289676
0.4606207040460664
0.35096497263726933
7.893418997955048
6.538643612669006
5.3154877859108165
4.241045248376428
3.324054740206068
2.562134318914641
2.0863672224955807
1.5668750240092655
1.161399237411025
0.8503900384715003
12.312924303373626
10.05267810989806
8.050849856903772
6.327102127457121
4.884776555018194
3.7102080726240625
2.988482286543747
2.2123960985526083
1.6165868847347924
1.1669514118115765
16.205019745451374
13.106533660928314
10.397266269147998
8.09395512568812
6.19097223854236
4.65979733092712
3.7285386948169017
2.736418095332483
1.9824967705898189
1.4189376640902915
19.759141035386502
15.87069179178785
12.502730296083032
9.666220446871488
7.344156712786964
5.4920701267908365
4.373834738491113
3.190379963719273
2.297565830254874
1.6347042346562248
23.06847117813726
18.427359085981724
14.437649341240553
11.10234054097082
8.391476775059285
6.243871111832064
4.954643891660446
3.5970962967829174
2.57878316192226
1.826458758312663
26.188052449676803
20.824649086752412
16.24274171844479
12.435666171741314
9.359559019446381
6.936130861126947
5.487753509243643
3.969099517657326
2.8350552232087076
2.00075986734588
29.15400031517692
23.09384928690419
17.94410423850015
13.687550388195573
10.26506611998354
7.581512067846136
5.983670476714815
4.3141634243722695
3.0719972805701588
2.161656747992021
31.991696629586958
25.256791160172305
19.56017002971456
14.872702682610608
11.119834735283456
8.1888590855873
6.4494864856067435
4.637590544113507
3.2937057391660836
2.311837173214913
34.71986637639182
27.329475973437713
21.104027701616843
16.001576448686833
11.931916364473976
8.764458448907627
6.890268860450297
4.9429655090392135
3.5027017891661143
2.4531877284224977
37.35286312768144
29.324110140087914
22.585730520040773
17.08230089719639
12.70737204923936
9.313155656113166
7.309782992795607
5.232951381440475
3.7012215311421373
2.5871051519614188
39.901985569847334
31.25025488448616
24.013110235577866
18.121049052388848
13.451357048223883
9.838474784125982
7.71102001695011
5.509971999026123
3.8900571716030607
2.7146531923046355
42.37723559254459
33.11559600473876
25.392425499544828
19.122932825711477
14.167547994003074
10.343365234345367
8.09613744514156
5.775569737752137
4.071079616412864
2.8366584621662407
44.78456402798773
34.925078900803165
26.728792142529333
20.091846289530544
14.859008454817898
10.830128011669073
8.467070785361631
6.031046194257845
4.245039429565631
2.953787636797845
47.13091135440485
36.68798146115643
28.02642751032362
21.03066130663443
15.5282900071905
11.300649623017375
8.82530003188322
6.277617462453972
4.412698436691325
3.06658332248689