# datat/BKevo/ATAN_BKevo/atan4.dat
# N(r,Y=0), r, *F2(x,Q^2)
# 1e-05 < r < 100.0
# 1 < Q^2 < 50, n=15, log grid
# 1e-5 < x < 1e-2, n=10, log grid
###
3.1830988654748605e-07
3.745908790672985e-07
4.408230237595089e-07
5.18765803268695e-07
6.104897978010921e-07
7.184316908918658e-07
8.454590008494913e-07
9.949462574932101e-07
1.170864647848109e-06
1.3778875122706393e-06
1.6215144935500422e-06
1.908217637054686e-06
2.2456133231305632e-06
2.642664599203098e-06
3.109919286612253e-06
3.6597901875818623e-06
4.3068848361323115e-06
5.068393552892444e-06
5.964546112638053e-06
7.019149156122391e-06
8.260218622722768e-06
9.720724004729828e-06
1.1439464194740963e-05
1.3462098193274759e-05
1.5842358057770077e-05
1.8643476315630663e-05
2.1939865760786383e-05
2.581909625812617e-05
3.0384221071077418e-05
3.5756514511490014e-05
4.2078693637443686e-05
4.9518709586903256e-05
5.8274209265873766e-05
6.857778590953467e-05
8.070315800605197e-05
9.497244074441305e-05
0.00011176470310630604
0.00013152603793782882
0.00015478141264779906
0.00018214861506955297
0.00021435466500398454
0.0002522551281243311
0.0002968568439698667
0.00034934467214462205
0.00041111296955888196
0.00048380263084180585
0.0005693446756765633
0.0006700115492286211
0.0007884774883207543
0.0009278895484194155
0.0010919512061546071
0.0012850207477299374
0.0015122269861397328
0.001779605466701705
0.002094258882590803
0.002464545505302713
0.002900300848558493
0.003413099566858236
0.004016561900581387
0.004726713028627293
0.005562412658764673
0.006545850905730573
0.007703127972182529
0.009064960361104877
0.010667480555463158
0.012553156836940443
0.014771954471807746
0.01738262493461802
0.020454101153290247
0.024067371417521913
0.0283176110655145
0.033316031014227546
0.03919257346018796
0.04609992653387979
0.054214814168786665
0.06373964498016083
0.07491320613425151
0.08800593210561826
0.1033060164726584
0.1211626016665931
0.1419475046680696
0.1659697992933295
0.19364239977389622
0.2253221943671713
0.2610351469003775
0.3009313642576347
0.34497933666554853
0.39226830842821464
0.4420637585722162
0.4937329951808222
0.5453803261833972
0.5954621755677434
0.6437782723352684
0.6888599705105602
0.7293284898865876
0.7662568628374482
0.7992904630452888
0.8274508008978209
0.8523881034145687
0.8743340846210698
###
1e-05
1.1768119524349992e-05
1.3848863713938717e-05
1.6297508346206434e-05
1.917910261672489e-05
2.2570197196339216e-05
2.656087782946684e-05
3.1257158496882356e-05
3.678379771828634e-05
4.328761281083062e-05
5.0941380148163754e-05
5.994842503189409e-05
7.054802310718646e-05
8.302175681319735e-05
9.770099572992247e-05
0.00011497569953977356
0.00013530477745798074
0.00015922827933410923
0.0001873817422860383
0.00022051307399030456
0.00025950242113997375
0.0003053855508833416
0.00035938136638046257
0.0004229242874389499
0.0004977023564332109
0.0005857020818056661
0.0006892612104349695
0.0008111308307896872
0.0009545484566618337
0.0011233240329780276
0.0013219411484660286
0.0015556761439304723
0.0018307382802953678
0.002154434690031882
0.0025353644939701114
0.0029836472402833374
0.003511191734215131
0.004132012400115334
0.004862601580065354
0.005722367659350214
0.006734150657750821
0.007924828983539169
0.0093260334688322
0.010974987654930556
0.01291549665014884
0.01519911082952933
0.01788649529057435
0.0210490414451202
0.02477076355991709
0.029150530628251757
0.034304692863149154
0.040370172585965536
0.047508101621027934
0.05590810182512223
0.06579332246575675
0.0774263682681127
0.09111627561154886
0.10722672220103231
0.1261856883066021
0.14849682622544635
0.1747528400007683
0.20565123083486514
0.24201282647943834
0.2848035868435799
0.3351602650938841
0.3944206059437656
0.46415888336127725
0.5462277217684337
0.642807311728432
0.7564633275546291
0.8902150854450375
1.0476157527896641
1.232846739442066
1.4508287784959402
1.7073526474706886
2.009233002565046
2.364489412645407
2.782559402207126
3.274549162877725
3.8535285937105273
4.534878508128582
5.3366992312063015
6.280291441834247
7.390722033525775
8.697490026177835
10.235310218990248
12.045035402587812
14.174741629268048
16.68100537200059
19.630406500402685
23.10129700083158
27.1858824273294
31.992671377973846
37.64935806792464
44.30621457583877
52.14008287999685
61.35907273413163
72.20809018385457
84.97534359086438
100.0
###
1.2532834456764939
0.9988851663715755
0.7802530673385931
0.5978290963076491
0.44992230572548925
0.33307953338096696
0.26318077154474073
0.18994020447543483
0.13521220034177214
0.09500528453688294
3.7596557614843698
2.891544255301363
2.1824979357462846
1.6185202828486873
1.1812854044143846
0.8497533655463396
0.6579392553886521
0.46281823117604426
0.32165433859352704
0.22096662532053607
5.590581687575766
4.2414733166460925
3.1610192519602873
2.316458003308851
1.6722505181030483
1.1908557936137203
0.9156047682267283
0.638484427600258
0.44022918924129184
0.30026374606762435
7.138791810633837
5.370889089998434
3.971251830731754
2.8897733635338296
2.0724733217580567
1.4670199676141369
1.123282528321374
0.7793169739955714
0.5348643280633008
0.36332537526315695
8.515233515564507
6.368118273788623
4.682646632409092
3.3902055694810365
2.4201680765389355
1.7059659333029726
1.3024490591931743
0.9004196202513388
0.6160285474395492
0.41729829646748734
9.771692697415034
7.274126522748117
5.3259688032697134
3.8409977701890803
2.7323333021538723
1.9198263326470981
1.4625081122916355
1.0083667527554772
0.6882978129599842
0.46525096303831737
10.93783166199831
8.111287972780202
5.918633202159642
4.255079559260215
3.0182903429816443
2.115275982222763
1.6085949848762056
1.106721433812683
0.7540093670428999
0.5088358498518244
12.032319767046332
8.894772921836024
6.471650268609681
4.640523200338376
3.283901041155698
2.2965594456534086
1.7438772745827307
1.1976779952954528
0.814640066035408
0.549066192871779
13.068154908247358
9.634307764720933
6.992469747731318
5.002815386954192
3.5331090256854747
2.4663427764942187
1.8704795702444967
1.2827028649998427
0.8713281468729123
0.5866145765207463
14.054688477032471
10.337047521309456
7.486311400055581
5.346059075137606
3.76869060968068
2.626563018087039
1.989901086037385
1.3628289906896438
0.9247083011945636
0.621955449364771
14.998984638138191
11.008354114540188
7.957298901447773
5.671793030840478
3.9926227250524464
2.7788126045339894
2.1032178270029274
1.43874722274113
0.9753311947153833
0.6554299061222572
15.906522249692092
11.652365314786449
8.40846438294426
5.9841383839383235
4.206613766925472
2.9241147100132188
2.211356359524832
1.5111908157536171
1.0235386889489744
0.6873141479293228
16.781656717815093
12.27243220814165
8.842242769692238
6.284073827791936
4.412202083063845
3.0635007002842602
2.3149518346002615
1.580551024196015
1.0696401511612972
0.71781187847465
17.627925585627967
12.872586306090485
9.261396329156534
6.573128436621134
4.609606549554741
3.1974896159046144
2.414535016247028
1.647259477809173
1.1139372728296302
0.7470922117214067
18.44825079154363
13.450834125518977
9.665962047070447
6.85227321354949
4.800388546892203
3.326708167697335
2.510542817682273
1.7114726535964504
1.1566067440435202
0.7752846798924021