# datat/BKevo/ATAN_BKevo/atan13.dat
# N(r,Y=0), r, *F2(x,Q^2)
# 1e-05 < r < 100.0
# 1 < Q^2 < 50, n=15, log grid
# 1e-5 < x < 1e-2, n=10, log grid
###
6.366197730948112e-07
7.49181758134337e-07
8.816460475185911e-07
1.0375316065366935e-06
1.2209795956010563e-06
1.4368633817818866e-06
1.6909180016959665e-06
1.9898925149815324e-06
2.341729295688245e-06
2.7557750245282207e-06
3.243028987078896e-06
3.816435274074914e-06
4.4912266462046065e-06
5.285329198314366e-06
6.2198385730756445e-06
7.319580374919142e-06
8.613769671866704e-06
1.0136787105141971e-05
1.1929092224217967e-05
1.403829831052084e-05
1.6520437242660164e-05
1.9441448004882916e-05
2.2878928382014612e-05
2.6924196374470164e-05
3.168471609574953e-05
3.728695259892321e-05
4.387973146919719e-05
5.163819243069635e-05
6.076844200214026e-05
7.151302879592187e-05
8.415738690512345e-05
9.903741856771758e-05
0.00011654841754758598
0.00013715557022143276
0.00016140631338908495
0.00018994487722387123
0.00022352939931169908
0.00026305206452645514
0.00030956280681657935
0.00036429720029787586
0.0004287092809143768
0.0005045101761994033
0.0005937135585176322
0.0006986891319763538
0.000822225592423217
0.0009676047004728992
0.001138688433409096
0.0013400215972350017
0.0015769525435036197
0.0018557751291287154
0.002183895913294212
0.0025700309484989374
0.003024436827106564
0.0035591828047305024
0.0041884720561402855
0.0049290169455787035
0.005800479983164321
0.006826001081612482
0.00803280395795638
0.00945289955534226
0.01112396742623564
0.013090315625604905
0.015403979392371597
0.01812620629121771
0.021328952948566408
0.025096477070013185
0.02952784017686819
0.03473923605654414
0.04086576277489445
0.0480653621167016
0.056522872086909946
0.06644959354825189
0.07808698985676586
0.09171770145835677
0.10765184645637034
0.12621320754219398
0.14779050999763219
0.1727673686919497
0.20139403852016233
0.23406691960061712
0.2710290710757721
0.3118917311445367
0.3567097774210944
0.4050860283652507
0.4553322324330643
0.5067925830550556
0.5585913044934312
0.6083830569866019
0.6554114667637011
0.6996095926755523
0.739559838698853
0.77491778305398
0.8066936376228983
0.8345321399737446
0.8582030596462528
0.879017604329843
0.8970841600803796
0.9120961870528701
0.9251782860802001
0.936548966209056
###
1e-05
1.1768119524349992e-05
1.3848863713938717e-05
1.6297508346206434e-05
1.917910261672489e-05
2.2570197196339216e-05
2.656087782946684e-05
3.1257158496882356e-05
3.678379771828634e-05
4.328761281083062e-05
5.0941380148163754e-05
5.994842503189409e-05
7.054802310718646e-05
8.302175681319735e-05
9.770099572992247e-05
0.00011497569953977356
0.00013530477745798074
0.00015922827933410923
0.0001873817422860383
0.00022051307399030456
0.00025950242113997375
0.0003053855508833416
0.00035938136638046257
0.0004229242874389499
0.0004977023564332109
0.0005857020818056661
0.0006892612104349695
0.0008111308307896872
0.0009545484566618337
0.0011233240329780276
0.0013219411484660286
0.0015556761439304723
0.0018307382802953678
0.002154434690031882
0.0025353644939701114
0.0029836472402833374
0.003511191734215131
0.004132012400115334
0.004862601580065354
0.005722367659350214
0.006734150657750821
0.007924828983539169
0.0093260334688322
0.010974987654930556
0.01291549665014884
0.01519911082952933
0.01788649529057435
0.0210490414451202
0.02477076355991709
0.029150530628251757
0.034304692863149154
0.040370172585965536
0.047508101621027934
0.05590810182512223
0.06579332246575675
0.0774263682681127
0.09111627561154886
0.10722672220103231
0.1261856883066021
0.14849682622544635
0.1747528400007683
0.20565123083486514
0.24201282647943834
0.2848035868435799
0.3351602650938841
0.3944206059437656
0.46415888336127725
0.5462277217684337
0.642807311728432
0.7564633275546291
0.8902150854450375
1.0476157527896641
1.232846739442066
1.4508287784959402
1.7073526474706886
2.009233002565046
2.364489412645407
2.782559402207126
3.274549162877725
3.8535285937105273
4.534878508128582
5.3366992312063015
6.280291441834247
7.390722033525775
8.697490026177835
10.235310218990248
12.045035402587812
14.174741629268048
16.68100537200059
19.630406500402685
23.10129700083158
27.1858824273294
31.992671377973846
37.64935806792464
44.30621457583877
52.14008287999685
61.35907273413163
72.20809018385457
84.97534359086438
100.0
###
1.763550591024791
1.4598294152397728
1.1852917170248707
0.944235957018189
0.7385494865757498
0.5678519669861783
0.4614558281410485
0.3454004627405763
0.2550374405464604
0.18589606196034847
5.617636900677026
4.483771644176213
3.508648003555975
2.694572416446722
2.033522540143619
1.5101066842118258
1.1965482024222402
0.8666421308641072
0.6195609995281535
0.43743666681332466
8.553244245961414
6.727603708161929
5.189220603194822
3.9302805668526215
2.926945142040868
2.1462356467845054
1.6853807981639364
1.2066616106907462
0.8531713805509862
0.5959872623138399
11.083940551763153
8.638161141042485
6.603576149343475
4.9589286657544225
3.663420302475484
2.6660117235402674
2.082194362290761
1.4806042348932444
1.0400871626247639
0.7220970555796314
13.362233062601469
10.344374030739216
7.857172828470193
5.864161685240312
4.307424458608538
3.1180715856618426
2.4260472110903417
1.7168544224349844
1.2006288462693098
0.8300355462518032
15.461237484846958
11.906909029173963
8.998924919251781
6.684724393911804
4.8886732896527985
3.524253589714617
2.7341322663831455
1.927874315419148
1.3437044861872385
0.9259374323249993
17.42327977248396
13.359369495746162
10.056554887032565
7.4419247423367505
5.423083125180812
3.8966081342438605
3.0159559087050525
2.1204160017030826
1.473791681559472
1.0131095828975532
19.275761516269046
14.726430169344892
11.047741790692196
8.149347456267044
5.920959713058568
4.242642960021134
3.2774169913237863
2.298660381974941
1.5941251894308477
1.0935708058985665
21.037703475340304
16.02252303343344
11.984784100061635
8.816191936492425
6.38920963935764
4.567415005892642
3.522476140503751
2.465463282232287
1.7065641741776265
1.1686703486946792
22.722989651011105
17.258738093572703
12.87637565754222
9.449223733595746
6.8327833632472545
4.874523041582683
3.753934919121703
2.6227843823115444
1.8124849154743894
1.2393481720953232
24.341936424153825
18.4434790993023
13.729051648425418
10.053384546990495
7.255283354070384
5.166670776205915
3.9739056214125514
2.7720108480014383
1.9129592279828136
1.3063091854671653
25.903243024544143
19.583218642382608
14.547565319886427
10.632727019119944
7.65982544385697
5.445908882642368
4.183769162987731
2.914440181609663
2.0086326773637224
1.3700848079319297
27.413271954598393
20.683588756684916
15.33635896338602
11.189844199188482
8.048373799616945
5.713655357465275
4.385122834518506
3.0508644788472834
2.100245956051501
1.4310876119441933
28.877460838331153
21.748662701319134
16.09879289159344
11.728143586368793
8.422837032323498
5.971754202194621
4.57885125474521
3.1820856066041707
2.1882429093183506
1.489648438291983
30.300238974403648
22.781857477551046
16.837239518723006
12.247661446258295
8.784638431121484
6.220716756178812
4.765798819884658
3.3085137521898083
2.2730236731341105
1.546044980121287