# datat/BKevo/ATAN_BKevo/atan18.dat
# N(r,Y=0), r, *F2(x,Q^2)
# 1e-05 < r < 100.0
# 1 < Q^2 < 50, n=15, log grid
# 1e-5 < x < 1e-2, n=10, log grid
###
4.0671476784227426e-13
5.61717916058642e-13
7.796487782467391e-13
1.0804544573888363e-12
1.4928717501206543e-12
2.0699973717327618e-12
2.8700658412839197e-12
3.967335416933891e-12
5.495470129444558e-12
7.623344701547852e-12
1.0542583567804665e-11
1.4588259563919446e-11
2.024729338806024e-11
2.801343754100024e-11
3.8722641193318206e-11
5.3771916670872014e-11
7.443144830721947e-11
1.0277526095287702e-10
1.4279419952439738e-10
1.9775010740627527e-10
2.730638840202671e-10
3.7916783836784613e-10
5.253474718440391e-10
7.257389949147936e-10
1.0067407493604947e-09
1.395550891094362e-09
1.928719431505644e-09
2.6728117045520553e-09
3.7069204105271446e-09
5.125421385112274e-09
7.095499220358455e-09
9.84575032886623e-09
1.3619511468709786e-08
1.883478714919309e-08
2.6148799410044934e-08
3.618798552183158e-08
4.999204599189809e-08
6.944187633511037e-08
9.61474300425066e-08
1.3274097424566094e-07
1.8439844022149596e-07
2.554352179313383e-07
3.528035305365355e-07
4.896191724178944e-07
6.785674637622677e-07
9.376336557707939e-07
1.2999423092353677e-06
1.8024929696002864e-06
2.491752416128362e-06
3.4510635500452663e-06
4.78763470056962e-06
6.621347462800412e-06
9.1609975181032e-06
1.2715472212390805e-05
1.7593574082871145e-05
2.4315801667635914e-05
3.376770257315366e-05
4.674328725988239e-05
6.453251807029762e-05
8.966268477329252e-05
0.00012417082180419403
0.0001714580683066588
0.00023802408563574118
0.00032975885432369115
0.0004554770144717668
0.0006315652197892374
0.0008751764785478798
0.001208950511182081
0.0016738331555066685
0.0023190484294661677
0.003202022445833042
0.0044232202514857735
0.006120274053893368
0.008434282001299358
0.011601613779385567
0.015985544191514527
0.02190456423382076
0.029860182693789608
0.040683299452586495
0.0549418036122851
0.07347477397397789
0.09749914063971912
0.12754011816612765
0.16418934002369232
0.2076021554730615
0.25722174133792064
0.3121919751124992
0.37033353675646147
0.4298656306625327
0.4896089017948989
0.5470420817613818
0.6006574286189702
0.6508485573130834
0.6964734281570201
0.7365798554249466
0.7727170513685915
0.8047662104007087
0.8319447486385946
0.8559741772523473
0.8771239661072516
###
1e-05
1.1768119524349992e-05
1.3848863713938717e-05
1.6297508346206434e-05
1.917910261672489e-05
2.2570197196339216e-05
2.656087782946684e-05
3.1257158496882356e-05
3.678379771828634e-05
4.328761281083062e-05
5.0941380148163754e-05
5.994842503189409e-05
7.054802310718646e-05
8.302175681319735e-05
9.770099572992247e-05
0.00011497569953977356
0.00013530477745798074
0.00015922827933410923
0.0001873817422860383
0.00022051307399030456
0.00025950242113997375
0.0003053855508833416
0.00035938136638046257
0.0004229242874389499
0.0004977023564332109
0.0005857020818056661
0.0006892612104349695
0.0008111308307896872
0.0009545484566618337
0.0011233240329780276
0.0013219411484660286
0.0015556761439304723
0.0018307382802953678
0.002154434690031882
0.0025353644939701114
0.0029836472402833374
0.003511191734215131
0.004132012400115334
0.004862601580065354
0.005722367659350214
0.006734150657750821
0.007924828983539169
0.0093260334688322
0.010974987654930556
0.01291549665014884
0.01519911082952933
0.01788649529057435
0.0210490414451202
0.02477076355991709
0.029150530628251757
0.034304692863149154
0.040370172585965536
0.047508101621027934
0.05590810182512223
0.06579332246575675
0.0774263682681127
0.09111627561154886
0.10722672220103231
0.1261856883066021
0.14849682622544635
0.1747528400007683
0.20565123083486514
0.24201282647943834
0.2848035868435799
0.3351602650938841
0.3944206059437656
0.46415888336127725
0.5462277217684337
0.642807311728432
0.7564633275546291
0.8902150854450375
1.0476157527896641
1.232846739442066
1.4508287784959402
1.7073526474706886
2.009233002565046
2.364489412645407
2.782559402207126
3.274549162877725
3.8535285937105273
4.534878508128582
5.3366992312063015
6.280291441834247
7.390722033525775
8.697490026177835
10.235310218990248
12.045035402587812
14.174741629268048
16.68100537200059
19.630406500402685
23.10129700083158
27.1858824273294
31.992671377973846
37.64935806792464
44.30621457583877
52.14008287999685
61.35907273413163
72.20809018385457
84.97534359086438
100.0
###
0.3582652499989473
0.28011122749956163
0.21663491859058404
0.1656817325166704
0.12520845657714344
0.0933630684812326
0.07415305077786555
0.05363541913608208
0.03784157830819398
0.02577357615028624
0.8284128257147245
0.6240612156942474
0.46457008609406714
0.34144386474949645
0.2473535687574646
0.17613787901005284
0.13466475815373838
0.09192176245184384
0.06044180110869766
0.03752807776383884
1.1061584601836114
0.8215156069742593
0.6026699541816356
0.4362334464820974
0.31090513111118856
0.2174895413190694
0.16383895138162727
0.10935103724736203
0.06994806337365057
0.041855730346679436
1.3179592166333727
0.9701829841923475
0.7052701503389133
0.5056489960456226
0.35672892717639343
0.24677620999998678
0.18419186053581374
0.12121394012140846
0.07620591135920446
0.04454758192621306
1.493542727323299
1.092403069553883
0.7889042379019845
0.5617051556702529
0.39335168728917724
0.2699201885078376
0.20011233745934445
0.13034831575274672
0.08092623836045311
0.04650353921308655
1.6455797402102292
1.197590494836967
0.8603963961268668
0.6093009374257323
0.4242107849963716
0.28925151758744994
0.21331745339526725
0.13783657909154357
0.08472778587328927
0.04803853054374292
1.7807854878749239
1.2906694836306274
0.923361976117322
0.6509711746031182
0.4510692041522005
0.3059642591327682
0.22466968372119686
0.14421098509821853
0.087927406822078
0.0493013079387533
1.9032343502703049
1.3746264696648403
0.9798992573096991
0.688224803029283
0.4749652926052709
0.32075053891423305
0.2346621575075501
0.1497855924882327
0.09069974468351774
0.050373901243105125
2.015603714366755
1.451412542478134
1.031425445776829
0.7220476419437262
0.4965673502052893
0.33405363901348123
0.24361231837212505
0.15476202593310617
0.09313739710170875
0.05130616106432335
2.1197710359835784
1.5223808068575404
1.0788966044787667
0.7531047954457563
0.516326277941873
0.3461700904865787
0.2517384530397887
0.15923659495222348
0.09532250697730563
0.05213067397002702
2.217108839289847
1.5885203824991867
1.123018906854107
0.7818834753370869
0.5345770347754888
0.35732118349338
0.2591944348839847
0.16332236022327248
0.09730394307371544
0.05286337622181187
2.3086472944136203
1.6505743618582722
1.1643164757783624
0.8087445563805657
0.5515627618335336
0.3676638837402348
0.26608958706961566
0.16706437132084753
0.09911671818817656
0.05352888637408095
2.395187122615223
1.7091202793603322
1.203149385229437
0.8339681628522472
0.5674688375650546
0.377321335763219
0.2725100511844024
0.1705511746619815
0.10078804210991175
0.05413589199235474
2.477364729427461
1.7646027237767559
1.239905659622313
0.8577727890146412
0.5824447310840304
0.3863859154713118
0.27852396945707397
0.17380793405555736
0.10233943789947879
0.05469404043157736
2.5557014029938707
1.8173948627164658
1.2748192668667637
0.880332285530124
0.596602126670446
0.39493812822313673
0.28418320738056824
0.176856260821291
0.10378697981920276
0.05521002740027405