# datat/BKevo/GBW_BKevo/gbw51.dat
# N(r,Y=0), r, *F2(x,Q^2)
# 1e-05 < r < 100.0
# 1 < Q^2 < 50, n=15, log grid
# 1e-5 < x < 1e-2, n=10, log grid
###
4.686122566860792e-16
7.63495079511036e-16
1.1089354106008082e-15
1.8167354258489134e-15
2.896935639776682e-15
4.573195365867522e-15
7.243544402954786e-15
1.1312049242603937e-14
1.782855736015256e-14
2.8322507190708215e-14
4.451949850375318e-14
7.008573067675244e-14
1.1110780110871713e-13
1.7480956214336105e-13
2.7459008399512517e-13
4.361421324992175e-13
6.870402117192481e-13
1.0759564231034879e-12
1.7113925926647939e-12
2.699212472795737e-12
4.227104328042932e-12
6.714178678453986e-12
1.0602328968132485e-11
1.66210653057202e-11
2.633572412532845e-11
4.163860208541405e-11
6.534430944773196e-11
1.0327695605739944e-10
1.634979282077078e-10
2.568562478480785e-10
4.049156526753279e-10
6.41871116551337e-10
1.00949742701072e-09
1.5871797202949586e-09
2.5194230001281275e-09
3.966898762971437e-09
6.219920868946085e-09
9.887115225785881e-09
1.55856876458175e-08
2.4397758715823487e-08
3.87927760155458e-08
6.122486776891414e-08
9.593780888054068e-08
1.521746420186087e-07
2.4046660992700203e-07
3.7719522987914325e-07
5.968169255937522e-07
9.442882669044967e-07
1.4827822389382037e-06
2.3401535352084156e-06
3.707445742118664e-06
5.8280214264381705e-06
9.17377682872474e-06
1.4553311616785235e-05
2.2903066896189533e-05
3.595392176617645e-05
5.711603549241401e-05
8.998803639762282e-05
0.00014087141002887976
0.00022409923114620505
0.00035347604902107607
0.0005535892469798256
0.0008788713527631005
0.0013876784806507
0.0021748843582823554
0.0034426600633101503
0.005438319252045394
0.008522622833648385
0.013431128078263185
0.02117919260562145
0.033077270789322696
0.051619043753904977
0.08053006357247404
0.12371658507091918
0.1874667883180836
0.27987741349507694
0.403458902689918
0.5565390151858662
0.719643656562499
0.8630740612302136
0.958518195250538
0.9919518228477564
0.9992835660508248
0.99998911994393
0.9999999901024911
0.9999999999968073
1.0
1.0
1.0
1.0
1.0
1.0
1.0
1.0
1.0
1.0
1.0
1.0
1.0
1.0
###
1e-05
1.1768119524349992e-05
1.3848863713938717e-05
1.6297508346206434e-05
1.917910261672489e-05
2.2570197196339216e-05
2.656087782946684e-05
3.1257158496882356e-05
3.678379771828634e-05
4.328761281083062e-05
5.0941380148163754e-05
5.994842503189409e-05
7.054802310718646e-05
8.302175681319735e-05
9.770099572992247e-05
0.00011497569953977356
0.00013530477745798074
0.00015922827933410923
0.0001873817422860383
0.00022051307399030456
0.00025950242113997375
0.0003053855508833416
0.00035938136638046257
0.0004229242874389499
0.0004977023564332109
0.0005857020818056661
0.0006892612104349695
0.0008111308307896872
0.0009545484566618337
0.0011233240329780276
0.0013219411484660286
0.0015556761439304723
0.0018307382802953678
0.002154434690031882
0.0025353644939701114
0.0029836472402833374
0.003511191734215131
0.004132012400115334
0.004862601580065354
0.005722367659350214
0.006734150657750821
0.007924828983539169
0.0093260334688322
0.010974987654930556
0.01291549665014884
0.01519911082952933
0.01788649529057435
0.0210490414451202
0.02477076355991709
0.029150530628251757
0.034304692863149154
0.040370172585965536
0.047508101621027934
0.05590810182512223
0.06579332246575675
0.0774263682681127
0.09111627561154886
0.10722672220103231
0.1261856883066021
0.14849682622544635
0.1747528400007683
0.20565123083486514
0.24201282647943834
0.2848035868435799
0.3351602650938841
0.3944206059437656
0.46415888336127725
0.5462277217684337
0.642807311728432
0.7564633275546291
0.8902150854450375
1.0476157527896641
1.232846739442066
1.4508287784959402
1.7073526474706886
2.009233002565046
2.364489412645407
2.782559402207126
3.274549162877725
3.8535285937105273
4.534878508128582
5.3366992312063015
6.280291441834247
7.390722033525775
8.697490026177835
10.235310218990248
12.045035402587812
14.174741629268048
16.68100537200059
19.630406500402685
23.10129700083158
27.1858824273294
31.992671377973846
37.64935806792464
44.30621457583877
52.14008287999685
61.35907273413163
72.20809018385457
84.97534359086438
100.0
###
1.054233407057687
0.9144841145628813
0.7922783787787512
0.6866067615904244
0.5961364132533601
0.5193668842245324
0.4699667650132956
0.4134416101426733
0.3663299921067789
0.3276757970841189
2.794481100723844
2.3171461419760577
1.9123456556575757
1.5721231092595214
1.2881700382145622
1.0523405036458628
0.9025003029350861
0.733287234729809
0.5929059393385905
0.4766704790968884
3.911450133115558
3.182926708919719
2.574395687682921
2.070357058289643
1.6555175002833211
1.3157037618818876
1.1022951432213448
0.8639216591476033
0.6692831341358139
0.510076366665509
4.791851123902185
3.8530964481071104
3.0767832721024635
2.440171739118538
1.921242725001732
1.5003919788277433
1.2384234470326703
0.9484718246045583
0.7143844328694109
0.5253059199064823
5.536697032612284
4.413356746465847
3.4914350738221507
2.7408810181832988
2.133932973342644
1.6453470940425066
1.3433729665313698
1.011583520201525
0.7465264763469136
0.5341574463325514
6.1908903037792165
4.901179535653466
3.849050753783487
2.997708124034771
2.3133071580365865
1.7658870951708572
1.4295316033494734
1.0622348411047304
0.7710634755655936
0.5400114997818108
6.779053876715084
5.336698705128774
4.1659523214684855
3.223501097920726
2.4695169623595405
1.8697173637792424
1.5030079222673605
1.1047184066275606
0.791069113979469
0.5442052614139504
7.316422222384831
5.732340394253256
4.45207765122037
3.425882785483929
2.6085495029879953
1.9613281014865762
1.5673659148883776
1.1413694534371093
0.8076787170038818
0.5473774618571992
7.813199890986278
6.096318525046414
4.713962188220559
3.6100890032873
2.734275028304668
2.0435589384346455
1.62471932895375
1.1736965086370628
0.8225567393330236
0.5498758135923744
8.27658874347128
6.434409566429843
4.956112703116365
3.7796341014218644
2.8493282624747405
2.118330913369949
1.6765778342216275
1.202641900658285
0.8351471624914252
0.5518949395086535
8.711928013490507
6.7508606145748455
5.201855441037725
3.9367522252601113
2.955646983274018
2.1870270516601025
1.7239901883572333
1.2288863866308395
0.8466549337625491
0.5535701346050028
9.123274668153716
7.048881848665556
5.393731615136013
4.083835854198186
3.0545901645292775
2.2506595741271282
1.7677019403477379
1.2529144580387876
0.8570682382215966
0.5549877016376199
9.513710987049095
7.331041615982811
5.593560621874137
4.222127726941327
3.147271105219414
2.3100006545752025
1.8083227852726453
1.2751325974909093
0.8665783623110411
0.5562049105201715
9.886073949866075
7.5992094994535595
5.783052255496327
4.352826547267305
3.2345454588820064
2.365654902808752
1.8462870037332888
1.295733650384109
0.8753284823241679
0.5572589987753339
10.242136266664177
7.855109279979742
5.963359083415525
4.476796426189928
3.3170873168821275
2.418094430698542
1.8819431395795208
1.3149373668350752
0.8834388558579642
0.558186018020803