# datat/BKevo/ATAN_BKevo/atan7.dat
# N(r,Y=0), r, *F2(x,Q^2)
# 1e-05 < r < 100.0
# 1 < Q^2 < 50, n=15, log grid
# 1e-5 < x < 1e-2, n=10, log grid
###
4.029933820182e-11
5.2222657776758245e-11
6.783395612369847e-11
8.804939423362819e-11
1.1412478271505973e-10
1.4816935041164024e-10
1.9237106033706498e-10
2.4939462009849664e-10
3.236330883517602e-10
4.2027911701584743e-10
5.449794697322487e-10
7.068553274315438e-10
9.181642599165829e-10
1.190855219555909e-09
1.5437998460747465e-09
2.0057982417621133e-09
2.6020962807382297e-09
3.3715845014602507e-09
4.38165506111619e-09
5.685558657702469e-09
7.3670605655037546e-09
9.571345273229804e-09
1.2422474641976254e-08
1.6099827625991696e-08
2.0906985458013457e-08
2.7141140190167866e-08
3.5183125180139696e-08
4.5666030368249734e-08
5.9297017783954404e-08
7.688358459305856e-08
9.974204859938191e-08
1.2954546239332475e-07
1.6800363336409766e-07
2.178443244117351e-07
2.8300619330196296e-07
3.671042220593931e-07
4.7576984932090607e-07
6.182353589527713e-07
8.021314553050521e-07
1.0392664380326188e-06
1.3505034077062628e-06
1.7526168291852816e-06
2.2712232049754493e-06
2.9499946945854422e-06
3.829247618918453e-06
4.963396346236076e-06
6.4436244695300725e-06
8.36613186183625e-06
1.0846361080108468e-05
1.4074153944118047e-05
1.827765057387522e-05
2.370143872459926e-05
3.073950779067598e-05
3.9930044485399175e-05
5.179050077616546e-05
6.713561639089549e-05
8.722913865153394e-05
0.00011316403797971627
0.00014661825540742256
0.0001905471208710093
0.00024725503289670277
0.00032038439527588527
0.0004162111262126361
0.0005401923885146175
0.0007000930646378718
0.0009090195527586023
0.0011800148613884415
0.0015295321009986824
0.0019848262250101076
0.0025767987013381806
0.003340159955292033
0.004331189564857024
0.0056222682859728805
0.007285910975665284
0.009436728101239878
0.012240867249520252
0.015846176433044
0.020478882696488242
0.02650352311942848
0.03420271589491771
0.04400124638546679
0.056579419059111666
0.07242089278528985
0.09218496880079882
0.11673189164549047
0.1465965644562101
0.18226145830521828
0.22388324790495398
0.2711281748428796
0.32343095295327906
0.37917907438977067
0.4364867206661427
0.4944165116556619
0.5508667489188196
0.6036119248943913
0.6532069842194246
0.6987703647599409
0.7386099335176213
0.7745334932959353
0.8066476157451856
###
1e-05
1.1768119524349992e-05
1.3848863713938717e-05
1.6297508346206434e-05
1.917910261672489e-05
2.2570197196339216e-05
2.656087782946684e-05
3.1257158496882356e-05
3.678379771828634e-05
4.328761281083062e-05
5.0941380148163754e-05
5.994842503189409e-05
7.054802310718646e-05
8.302175681319735e-05
9.770099572992247e-05
0.00011497569953977356
0.00013530477745798074
0.00015922827933410923
0.0001873817422860383
0.00022051307399030456
0.00025950242113997375
0.0003053855508833416
0.00035938136638046257
0.0004229242874389499
0.0004977023564332109
0.0005857020818056661
0.0006892612104349695
0.0008111308307896872
0.0009545484566618337
0.0011233240329780276
0.0013219411484660286
0.0015556761439304723
0.0018307382802953678
0.002154434690031882
0.0025353644939701114
0.0029836472402833374
0.003511191734215131
0.004132012400115334
0.004862601580065354
0.005722367659350214
0.006734150657750821
0.007924828983539169
0.0093260334688322
0.010974987654930556
0.01291549665014884
0.01519911082952933
0.01788649529057435
0.0210490414451202
0.02477076355991709
0.029150530628251757
0.034304692863149154
0.040370172585965536
0.047508101621027934
0.05590810182512223
0.06579332246575675
0.0774263682681127
0.09111627561154886
0.10722672220103231
0.1261856883066021
0.14849682622544635
0.1747528400007683
0.20565123083486514
0.24201282647943834
0.2848035868435799
0.3351602650938841
0.3944206059437656
0.46415888336127725
0.5462277217684337
0.642807311728432
0.7564633275546291
0.8902150854450375
1.0476157527896641
1.232846739442066
1.4508287784959402
1.7073526474706886
2.009233002565046
2.364489412645407
2.782559402207126
3.274549162877725
3.8535285937105273
4.534878508128582
5.3366992312063015
6.280291441834247
7.390722033525775
8.697490026177835
10.235310218990248
12.045035402587812
14.174741629268048
16.68100537200059
19.630406500402685
23.10129700083158
27.1858824273294
31.992671377973846
37.64935806792464
44.30621457583877
52.14008287999685
61.35907273413163
72.20809018385457
84.97534359086438
100.0
###
0.30921105313525427
0.23679993942527686
0.17915531732671197
0.13389569138094243
0.09880415022492857
0.0719045883225008
0.056076510992988424
0.039609279766090404
0.027339724146935872
0.01829288018127194
0.7207589986296208
0.5343158199839093
0.3913183310755126
0.28302256497614675
0.20194528182530266
0.14190702720369944
0.10764717112073773
0.07307873461105663
0.048263783754828905
0.030684180779673092
0.9674141513940655
0.7084318092748407
0.512517970634967
0.3661194253413619
0.25794204611262384
0.17887249126308244
0.13428260917498339
0.08981826201175873
0.05835655398292874
0.036417810778508586
1.1570728612380181
0.8409209224689156
0.6037633873663918
0.4280050704827046
0.29917196358267933
0.20576920958052547
0.15347926272063822
0.10172093060883075
0.06542856629935867
0.040371427014106155
1.3152523160538148
0.9506672982087211
0.6788441670243877
0.47855539120174767
0.33260921980113245
0.2274120370020139
0.1688326305478102
0.1111581971160141
0.07098390060409046
0.04344511315296216
1.452854200509219
1.0456576927165186
0.7434867684536006
0.5218713679214951
0.3610988333870037
0.24574705719152187
0.1817810500592517
0.11906585407888146
0.0756070582921311
0.04598533437755046
1.575701864546477
1.1301246513153325
0.8007392098174294
0.5600567609136742
0.3861221225600123
0.26177551102534735
0.1930632980291521
0.12592186590703375
0.07959099531162635
0.048163146232015716
1.6873333909461168
1.2066318423510114
0.8524259497786323
0.5944219315464593
0.4085493827323189
0.27609359073400536
0.20311217954785632
0.13200113963747545
0.08311210073120309
0.050076814950278645
1.7900898690566778
1.2768554905205174
0.8997356799814265
0.6257870628478236
0.4289577517697608
0.2890870075331521
0.2121998141224919
0.13748312377892385
0.08627501686524683
0.051788337311131354
1.8855921782853413
1.3419750505498993
0.9434916245082025
0.6547197891449978
0.44773534892238037
0.30100164145593505
0.22052061402615622
0.14248883642900204
0.08915279538317979
0.053343711097478895
1.9750413221881784
1.4028050444253546
0.9843039905700083
0.6816446617069831
0.46517072352509437
0.3120372971456389
0.2282154640461027
0.1470968152050613
0.09179316122170103
0.05476261523908623
2.05934482904678
1.4600462718280927
1.0226063068110034
0.7068736972476419
0.4814660988290577
0.3223337392304587
0.23537452077567952
0.1513818445657431
0.09424261188637208
0.05607752551833134
2.139214878135583
1.5141737573764946
1.0587749475551205
0.7306453164289474
0.4967974626935195
0.3319997341025626
0.24208772991805746
0.15538834901244128
0.09652749381266773
0.05729998416414033
2.215192025901058
1.5655925850002537
1.0930521126306671
0.7531531043433947
0.5112862707582554
0.341116209363825
0.2484131344892361
0.15915539853669403
0.09867073919016255
0.0584443937524026
2.2877349966203657
1.6146188752533175
1.1257057831064665
0.7745474960058927
0.5250390759181721
0.3497563448442431
0.2543973201341813
0.1627128454947693
0.10069121634511029
0.059520561382421754