# datat/BKevo/GBW_BKevo/gbw34.dat
# N(r,Y=0), r, *F2(x,Q^2)
# 1e-05 < r < 100.0
# 1 < Q^2 < 50, n=15, log grid
# 1e-5 < x < 1e-2, n=10, log grid
###
0.0
0.0
0.0
0.0
0.0
0.0
0.0
9.27211050146049e-17
1.2791420227700295e-16
2.220446049250313e-16
3.090825317859189e-16
5.901183645557438e-16
1.025717222844031e-15
1.709580776311378e-15
2.8532899765556825e-15
4.795434158653599e-15
8.041125004793973e-15
1.3399117913197855e-14
2.2778993550799032e-14
3.836498006112012e-14
6.39067397305029e-14
1.0863960963268854e-13
1.8317971560684663e-13
3.0573714218549666e-13
5.179538248460013e-13
8.746525351788623e-13
1.4619646498007757e-12
2.468322851223069e-12
4.1759840116886215e-12
6.989953392325818e-12
1.1759262557116982e-11
1.9931900458641083e-11
3.341373183338162e-11
5.6003228561519354e-11
9.510985203928043e-11
1.596914048234098e-10
2.666229197385745e-10
4.5371544542607333e-10
7.63029785685441e-10
1.270995873969403e-09
2.163806812137388e-09
3.64503433392069e-09
6.079912068425071e-09
1.0316348464577823e-08
1.7408395343134125e-08
2.9078065654528376e-08
4.917015355125454e-08
8.312076608158717e-08
1.3904209081338712e-07
2.3428276749109857e-07
3.967806595668943e-07
6.647172748053349e-07
1.1159305461921702e-06
1.893554293784441e-06
3.177126307748032e-06
5.313566390167167e-06
9.034133597355921e-06
1.5182186542065145e-05
2.529174802840112e-05
4.308915000368697e-05
7.253130245572775e-05
0.0001209066972666959
0.0002054447402827584
0.0003463907471031606
0.0005781698530675574
0.0009789383156805706
0.0016529859034276984
0.002761799221350603
0.0046562096218895795
0.007865944953254895
0.013134325033705456
0.02198409789585144
0.036968430818828536
0.06120674804082746
0.10040124642362883
0.16409392005843562
0.2597695511014303
0.3955316946285572
0.5701939524490777
0.7557436450673279
0.9088723241180081
0.9790177841916771
0.9978657917847328
0.9999662846989743
0.999999981023536
0.9999999999977156
1.0
1.0
1.0
1.0
1.0
1.0
1.0
1.0
1.0
1.0
1.0
1.0
1.0
1.0
###
1e-05
1.1768119524349992e-05
1.3848863713938717e-05
1.6297508346206434e-05
1.917910261672489e-05
2.2570197196339216e-05
2.656087782946684e-05
3.1257158496882356e-05
3.678379771828634e-05
4.328761281083062e-05
5.0941380148163754e-05
5.994842503189409e-05
7.054802310718646e-05
8.302175681319735e-05
9.770099572992247e-05
0.00011497569953977356
0.00013530477745798074
0.00015922827933410923
0.0001873817422860383
0.00022051307399030456
0.00025950242113997375
0.0003053855508833416
0.00035938136638046257
0.0004229242874389499
0.0004977023564332109
0.0005857020818056661
0.0006892612104349695
0.0008111308307896872
0.0009545484566618337
0.0011233240329780276
0.0013219411484660286
0.0015556761439304723
0.0018307382802953678
0.002154434690031882
0.0025353644939701114
0.0029836472402833374
0.003511191734215131
0.004132012400115334
0.004862601580065354
0.005722367659350214
0.006734150657750821
0.007924828983539169
0.0093260334688322
0.010974987654930556
0.01291549665014884
0.01519911082952933
0.01788649529057435
0.0210490414451202
0.02477076355991709
0.029150530628251757
0.034304692863149154
0.040370172585965536
0.047508101621027934
0.05590810182512223
0.06579332246575675
0.0774263682681127
0.09111627561154886
0.10722672220103231
0.1261856883066021
0.14849682622544635
0.1747528400007683
0.20565123083486514
0.24201282647943834
0.2848035868435799
0.3351602650938841
0.3944206059437656
0.46415888336127725
0.5462277217684337
0.642807311728432
0.7564633275546291
0.8902150854450375
1.0476157527896641
1.232846739442066
1.4508287784959402
1.7073526474706886
2.009233002565046
2.364489412645407
2.782559402207126
3.274549162877725
3.8535285937105273
4.534878508128582
5.3366992312063015
6.280291441834247
7.390722033525775
8.697490026177835
10.235310218990248
12.045035402587812
14.174741629268048
16.68100537200059
19.630406500402685
23.10129700083158
27.1858824273294
31.992671377973846
37.64935806792464
44.30621457583877
52.14008287999685
61.35907273413163
72.20809018385457
84.97534359086438
100.0
###
0.8865560531474972
0.7593861405009602
0.6494380593950729
0.5553437041404865
0.4755485485469311
0.40838510913501064
0.3651369614079208
0.31602874000579395
0.2752728133967873
0.2416446939886694
2.258795953367344
1.8452017845010027
1.4990530628936454
1.2116239153598565
0.9743631257021169
0.7792847573675423
0.6564398063106623
0.5182742188046132
0.40476161608452216
0.31137414988737755
3.115222830849686
2.4964721425727188
1.9865138475101956
1.5694709712967987
1.2303719090064948
0.9557332956395475
0.7849396427880505
0.595987673683312
0.44333203777444824
0.31998708277319454
3.7823352675339037
2.994727711058783
2.3522174963952143
1.8321465560639436
1.4135772057555682
1.0782184899775171
0.8717230270272566
0.6456633712764822
0.4655869194819639
0.3223790129200579
4.342525942152683
3.408328445783111
2.652014088608491
2.044487438479095
1.559361703948028
1.173877632028021
0.9383686257684553
0.6828663291041813
0.48130783602640836
0.3231756843741805
4.8319860477603305
3.7665730947563287
2.9092749051808826
2.2248290260993557
1.681821829769248
1.2531597831013106
0.9929637473842702
0.7126144944206327
0.4934264408576585
0.3234093028696672
5.2702521500992585
4.0851659699182
3.136436497926077
2.382917253394825
1.788156773860131
1.3213258306265099
1.0394736629691532
0.7373741274945208
0.5033746457232274
0.32340923652172804
5.669226200043117
4.373685432010096
3.3409252079054355
2.5242509641973716
1.8825848720428138
1.381377545091999
1.080157552472766
0.7589361279035216
0.5118139054963929
0.32330540021277554
6.037082580347196
4.638412717666235
3.5276310410529708
2.65259355588338
1.9678137830001996
1.4351905240671488
1.1164029098762325
0.7779661309457376
0.5191561167626496
0.32315649076258784
6.37939261722922
4.883753578293512
3.699942577427672
2.770467053299358
2.045682529547292
1.4840672706850566
1.1491580236312058
0.7950232533916171
0.5256549166690881
0.3229801559476361
6.700314002505052
5.112942539199764
3.8602680145479593
2.8797157533949664
2.1175247800216472
1.5289311073241367
1.1790754381581448
0.8105029514248245
0.5314959617477027
0.32280116347534604
7.003029077987901
5.328411499314623
4.010484811179133
2.981702752466868
2.184319468163719
1.5704538003712099
1.2067008289729069
0.8246885771845043
0.536803148603763
0.32262170439130167
7.289920739494565
5.532052330346801
4.152020474320249
3.0774842032436314
2.2468190272467963
1.6091451685684077
1.2323214063599783
0.8377885130570998
0.5416677454365106
0.32244490444058005
7.562928210198976
5.725394675731778
4.286008080054997
3.1679130087544443
2.305615676178272
1.6454131075048841
1.2562621970570076
0.8499702960007212
0.5461612537319623
0.32227336648782406
7.823739521695956
5.909600879982857
4.413356613490272
3.2534779688666355
2.3611707792494023
1.6795612370718127
1.2787437223632376
0.861356691421602
0.5503375309091375
0.3221086366073013