# datat/BKevo/ATAN_BKevo/atan39.dat
# N(r,Y=0), r, *F2(x,Q^2)
# 1e-05 < r < 100.0
# 1 < Q^2 < 50, n=15, log grid
# 1e-5 < x < 1e-2, n=10, log grid
###
2.2979049394905942e-05
2.6181410176944424e-05
2.9818442912567867e-05
3.396437586455917e-05
3.869620380915212e-05
4.407535343496107e-05
5.020162533790652e-05
5.719343603726272e-05
6.514922832360172e-05
7.420180803665105e-05
8.453304724545352e-05
9.629980063270878e-05
0.00010967654881857559
0.0001249422663089912
0.0001423456333460853
0.0001621121825950356
0.00018466932499674375
0.00021040960863582465
0.00023961837991566548
0.0002729497377798242
0.0003109930781133655
0.0003541825897294601
0.0004034346049245707
0.00045964756355660447
0.0005235243746076646
0.0005963018662688994
0.0006793626965595437
0.0007738365320134392
0.000881377080097017
0.001004109166450238
0.0011438371057685027
0.0013027464691064189
0.0014840983154703032
0.0016907592227057933
0.0019255758163793147
0.002193546832633079
0.002499205506261938
0.002846189986456218
0.0032421538243135833
0.0036940999966831355
0.0042069720273971
0.004792064835670512
0.005459858769108126
0.006218385380611135
0.007082944395782836
0.008069674336786117
0.009191520493256998
0.010469026075703176
0.011927004167741008
0.013586178525554238
0.015473834840128022
0.017628064176333773
0.020081842253724107
0.022870904166188095
0.02605362226481512
0.029682164715750563
0.03380241563742668
0.03850361431911774
0.04386777226658958
0.04995192713267324
0.056891946553568204
0.06480870721314264
0.07378938042652738
0.0840181435902371
0.09567556580661088
0.10889332480647357
0.12390602424778818
0.14097410451386358
0.16027580483057688
0.18206887846667502
0.2066918534547025
0.2343194254040549
0.2650853983777101
0.2993199665821124
0.3370004162483238
0.37767420374772653
0.42145311392739015
0.4678032981946129
0.5149404804884369
0.5628663877140727
0.6106250392914272
0.6555386274592047
0.6981464080379197
0.7379502325276519
0.7731640374649444
0.8046498307268994
0.8328180282254374
0.8569733975863185
0.8777847980466518
0.8960196426970116
0.9115245275736724
0.9245993211674182
0.935962990392986
0.945649563859312
0.9537063941674467
0.9606902451746272
0.9666835892401716
0.9716164821312752
0.9758897040782581
0.9795866664873806
###
1e-05
1.1768119524349992e-05
1.3848863713938717e-05
1.6297508346206434e-05
1.917910261672489e-05
2.2570197196339216e-05
2.656087782946684e-05
3.1257158496882356e-05
3.678379771828634e-05
4.328761281083062e-05
5.0941380148163754e-05
5.994842503189409e-05
7.054802310718646e-05
8.302175681319735e-05
9.770099572992247e-05
0.00011497569953977356
0.00013530477745798074
0.00015922827933410923
0.0001873817422860383
0.00022051307399030456
0.00025950242113997375
0.0003053855508833416
0.00035938136638046257
0.0004229242874389499
0.0004977023564332109
0.0005857020818056661
0.0006892612104349695
0.0008111308307896872
0.0009545484566618337
0.0011233240329780276
0.0013219411484660286
0.0015556761439304723
0.0018307382802953678
0.002154434690031882
0.0025353644939701114
0.0029836472402833374
0.003511191734215131
0.004132012400115334
0.004862601580065354
0.005722367659350214
0.006734150657750821
0.007924828983539169
0.0093260334688322
0.010974987654930556
0.01291549665014884
0.01519911082952933
0.01788649529057435
0.0210490414451202
0.02477076355991709
0.029150530628251757
0.034304692863149154
0.040370172585965536
0.047508101621027934
0.05590810182512223
0.06579332246575675
0.0774263682681127
0.09111627561154886
0.10722672220103231
0.1261856883066021
0.14849682622544635
0.1747528400007683
0.20565123083486514
0.24201282647943834
0.2848035868435799
0.3351602650938841
0.3944206059437656
0.46415888336127725
0.5462277217684337
0.642807311728432
0.7564633275546291
0.8902150854450375
1.0476157527896641
1.232846739442066
1.4508287784959402
1.7073526474706886
2.009233002565046
2.364489412645407
2.782559402207126
3.274549162877725
3.8535285937105273
4.534878508128582
5.3366992312063015
6.280291441834247
7.390722033525775
8.697490026177835
10.235310218990248
12.045035402587812
14.174741629268048
16.68100537200059
19.630406500402685
23.10129700083158
27.1858824273294
31.992671377973846
37.64935806792464
44.30621457583877
52.14008287999685
61.35907273413163
72.20809018385457
84.97534359086438
100.0
###
3.832117770896342
3.3716227929469875
2.9120449170613467
2.461738232920392
2.034594345993958
1.6421786280180921
1.377554045941125
1.0698078487546978
0.8152591645596067
0.6115422028831455
14.416130079564786
12.376632714514965
10.381461605751122
8.488065493928756
6.760574178490897
5.244718300617793
4.266427801347709
3.178121740592363
2.3224626756353395
1.6695497628918148
23.65181805269841
20.076389716881135
16.62098835435594
13.394346950859182
10.505451530916401
8.021754871087051
6.448050769743678
4.7280574243452005
3.4020367545168275
2.4089976090642944
32.2100102177961
27.131885924739038
22.26834833793306
17.776890065576755
13.806679056342746
10.438161457318449
8.328758561528828
6.0486352569660395
4.311854177512054
3.0254047270531004
40.31224763431445
33.75886104971298
27.527241569057104
21.821851681778494
16.82436218644248
12.630246240103315
10.02485158149503
7.230793462425451
5.120905524737423
3.5700356577284804
48.07174865464615
40.0792868261765
32.49989878261481
25.621042969581595
19.64190878143625
14.663035170826502
11.590849884042074
8.316526423978075
5.8603597049369025
4.065767842534051
55.5574598565135
46.119962628183124
37.24757150157122
29.228867283029494
22.30361654826517
16.57414520687225
13.058062314040676
9.329698044707197
6.547892545252952
4.525179301855633
62.81575957647457
51.965362459833514
41.810876322682056
32.681211859081806
24.839600308240236
18.387713145877168
14.446608035824829
10.285313469183569
7.1941154834564385
4.956087071994443
69.88004873233325
57.63337116443052
46.21866867471059
36.003059704561295
27.270437276185515
20.120588321645155
15.77036168960491
11.193812029155321
7.807248004235447
5.363921236737725
76.77529534173904
63.147842850258584
50.49245579360649
39.21292800070153
29.61304274277557
21.785075660473467
17.039388139704766
12.0627388532563
8.392735456503765
5.752490217357964
83.52110326024138
68.52686814484187
54.64878481406212
42.32559127122354
31.877773214574088
23.390495205116398
18.26123044217366
12.897717523832235
8.954208685066563
6.1246431398538235
90.13267303686392
73.78501860871026
58.70090081162142
45.35241289117496
34.07442678907143
24.944192180241874
19.44193824755416
13.703114500175953
9.494928329318284
6.482587005875946
96.62365751138135
78.93460941678362
62.65949430582946
48.30203217270049
36.2104520964989
26.45195130652839
20.586242577214893
14.48241519893961
10.017401693752387
6.828016103842506
103.00431901832346
83.9856333724556
66.53324106456718
51.182318740481875
38.29196838249077
27.918588792818404
21.697992767602855
15.238396968235508
10.52362350316363
7.162370742716664
109.28365391729702
88.94594249778577
70.3297964383627
53.99941937064404
40.32408872520575
29.34799914642118
22.78003736221293
15.973474540977813
11.015286174502023
7.486836139965704