# datat/BKevo/GBW_BKevo/gbw55.dat
# N(r,Y=0), r, *F2(x,Q^2)
# 1e-05 < r < 100.0
# 1 < Q^2 < 50, n=15, log grid
# 1e-5 < x < 1e-2, n=10, log grid
###
1.642251265313081e-05
1.8711133190937308e-05
2.131039234824294e-05
2.4273336445466077e-05
2.765498783311415e-05
3.1499239811846736e-05
3.587741045031275e-05
4.087412063082039e-05
4.655971063154664e-05
5.302907660471133e-05
6.041217979127282e-05
6.882109037577897e-05
7.838046491522236e-05
8.928964060510434e-05
0.0001017262807469073
0.00011585147225811308
0.00013197059217368324
0.0001503640560180863
0.0001712355689402912
0.0001950524232705789
0.00022223556709847117
0.0002530948193368592
0.0002882846476394774
0.0003284465468652014
0.00037408185370486257
0.0004260735072717222
0.00048540838791823914
0.000552891722939081
0.0006297030127803679
0.0007173581202604453
0.0008171421414089674
0.0009306114541381354
0.0010600909430437296
0.0012076201579862313
0.0013752203391426947
0.0015664518822152862
0.0017845357566026333
0.0020320412041965083
0.0023144125584757804
0.0026366152562519625
0.0030021127063851833
0.003418921220228447
0.003894445524641741
0.004434280298192491
0.005049225989935711
0.005750635895056986
0.006547459857314033
0.0074540619786691385
0.00848779523105994
0.009662847079937352
0.010997972175069606
0.012519596975252302
0.014250012532892858
0.016213028595369657
0.018448712299283552
0.020991769464747016
0.02387105186902398
0.027146976679610683
0.030873056833821733
0.035081321054548385
0.03986224440788601
0.04529194397270363
0.051415895281112914
0.058351844612744196
0.06620990709004529
0.07505513328756014
0.08502930245335814
0.09628908789135462
0.1089222576808544
0.12307989682849643
0.13897798785405455
0.15672527941357178
0.17643756174391428
0.19840056893595406
0.22273187862241495
0.2494069659926591
0.27878577992758086
0.3109667889886438
0.3455743132741733
0.3830429622302103
0.42335854828916675
0.4655980560018781
0.5101318481884982
0.5567063091169807
0.6038698550866728
0.6515655958998974
0.6993940872322909
0.7455055353314132
0.7893054991550583
0.8305863867870601
0.8676702738737282
0.8997251912435729
0.9273023497473468
0.9496844550512984
0.9664707974705761
0.9791070697186561
0.9879688408630032
0.9933368078553547
0.9966654632813298
0.998555282608596
###
1e-05
1.1768119524349992e-05
1.3848863713938717e-05
1.6297508346206434e-05
1.917910261672489e-05
2.2570197196339216e-05
2.656087782946684e-05
3.1257158496882356e-05
3.678379771828634e-05
4.328761281083062e-05
5.0941380148163754e-05
5.994842503189409e-05
7.054802310718646e-05
8.302175681319735e-05
9.770099572992247e-05
0.00011497569953977356
0.00013530477745798074
0.00015922827933410923
0.0001873817422860383
0.00022051307399030456
0.00025950242113997375
0.0003053855508833416
0.00035938136638046257
0.0004229242874389499
0.0004977023564332109
0.0005857020818056661
0.0006892612104349695
0.0008111308307896872
0.0009545484566618337
0.0011233240329780276
0.0013219411484660286
0.0015556761439304723
0.0018307382802953678
0.002154434690031882
0.0025353644939701114
0.0029836472402833374
0.003511191734215131
0.004132012400115334
0.004862601580065354
0.005722367659350214
0.006734150657750821
0.007924828983539169
0.0093260334688322
0.010974987654930556
0.01291549665014884
0.01519911082952933
0.01788649529057435
0.0210490414451202
0.02477076355991709
0.029150530628251757
0.034304692863149154
0.040370172585965536
0.047508101621027934
0.05590810182512223
0.06579332246575675
0.0774263682681127
0.09111627561154886
0.10722672220103231
0.1261856883066021
0.14849682622544635
0.1747528400007683
0.20565123083486514
0.24201282647943834
0.2848035868435799
0.3351602650938841
0.3944206059437656
0.46415888336127725
0.5462277217684337
0.642807311728432
0.7564633275546291
0.8902150854450375
1.0476157527896641
1.232846739442066
1.4508287784959402
1.7073526474706886
2.009233002565046
2.364489412645407
2.782559402207126
3.274549162877725
3.8535285937105273
4.534878508128582
5.3366992312063015
6.280291441834247
7.390722033525775
8.697490026177835
10.235310218990248
12.045035402587812
14.174741629268048
16.68100537200059
19.630406500402685
23.10129700083158
27.1858824273294
31.992671377973846
37.64935806792464
44.30621457583877
52.14008287999685
61.35907273413163
72.20809018385457
84.97534359086438
100.0
###
3.4734140683661097
3.005015653445666
2.541913075572745
2.0969275410154014
1.6833587885206949
1.3143508759767313
1.0724092605210962
0.7999024792939121
0.5832056252423845
0.4167322597437095
12.82936457300438
10.792103380847646
8.838643205909158
7.03683990743351
5.441492487136047
4.090928392666944
3.2465166128955905
2.3365774224887392
1.6477608531096948
1.141369897465431
20.87131754529832
17.336320517397894
14.004942898127311
10.983014782729677
8.367760672316564
6.199435104562163
4.869003445706089
3.45943635392538
2.4111054760816604
1.652434785131749
28.26927212260711
23.288258394242224
18.63592491705785
14.475796912369955
10.92595649172407
8.022342440263575
6.261167410762125
4.414039241285539
3.0551081557557995
2.080756217508515
35.217213397273504
28.82463115074046
22.910370958437223
17.680110602576374
13.254231636693367
9.669357383435026
7.513051193261302
5.2674100046447085
3.6281428594638077
2.460350136284646
41.84855139316132
34.07876927026344
26.939742442614868
20.676265128627456
15.416142452451192
11.1922129443576
8.666448515560655
6.05057059738203
4.152243231397254
2.8065647810274084
48.22203709523282
39.10196658667652
30.771970703204243
23.51135830212529
17.45413145257145
12.620693083673489
9.745417187020943
6.781003898192322
4.639734641950052
3.1278818127151666
54.38310693050088
43.93481623565278
34.44358923411858
26.216412746975358
19.39098762525369
13.973795464146335
10.765201955353499
7.469607393630595
5.098431586106952
3.4297462294750094
60.36353954425309
48.60884748893238
37.98039477488856
28.81281669788163
21.24424258938379
15.264772220780953
11.736513677829938
8.123930611434417
5.533584889085594
3.7156084724157297
66.18481194928958
53.14454892659055
41.40149851673865
31.31651293629718
23.02673794922912
16.503227813502477
12.666876655754631
8.749686766721755
5.949178495386622
3.988321235112566
71.86868676429727
57.55951948976888
44.72160853458157
33.73972773089011
24.74736536760743
17.6964189505033
13.561653033912677
9.350746719881066
6.347425323476679
4.249658900171509
77.42895467439531
61.86676997081465
47.95235114830451
36.09197291923826
26.413990255513166
18.85008819803115
14.426238102578262
9.930390366017217
6.731428295392526
4.501177269330933
82.87776243754176
66.07787544067986
51.10311781475045
38.38030966519372
28.032657956673845
19.968699229929012
15.263426101667227
10.491153357142391
7.102517921520567
4.744072209025395
88.2253969957424
70.20095555526086
54.18166384967893
40.613058587988746
29.608295215639757
21.055855928924462
16.074014492894875
11.034851036191965
7.462134246617293
4.979202061406411
93.47986008080457
74.24336606982885
57.19450729798159
42.79350039350637
31.14501090396468
22.11471175199878
16.86491467651702
11.563589302034357
7.8114551724715495
5.207619748036502