# datat/BKevo/GBW_BKevo/gbw41.dat
# N(r,Y=0), r, *F2(x,Q^2)
# 1e-05 < r < 100.0
# 1 < Q^2 < 50, n=15, log grid
# 1e-5 < x < 1e-2, n=10, log grid
###
4.763793405359027e-14
7.014928256849272e-14
1.0398748131379447e-13
1.538555003303674e-13
2.2657388922319913e-13
3.3560843831582013e-13
4.970565514163405e-13
7.323651022739016e-13
1.083025670528769e-12
1.6051910707004401e-12
2.366894932270006e-12
3.493821552222815e-12
5.1830665879676496e-12
7.648314884674441e-12
1.1269919276175724e-11
1.6733679946527266e-11
2.471182032097456e-11
3.634681143475185e-11
5.401800887592177e-11
7.983555589881373e-11
1.174285228910132e-10
1.743526277401432e-10
2.5789167943177253e-10
3.795934852723381e-10
5.626764128601192e-10
8.329658934657368e-10
1.2269288401983308e-09
1.8156327353480354e-09
2.6900771710510846e-09
3.965286494159321e-09
5.857802385981116e-09
8.686576268124864e-09
1.2813958568848754e-08
1.8896324044971616e-08
2.8046433976646836e-08
4.1404217257076416e-08
6.094726051005048e-08
9.054208126655013e-08
1.337695605718789e-07
1.966999205259771e-07
2.922575510160088e-07
4.321359183112714e-07
6.358700768543313e-07
9.432395219862007e-07
1.3958300743720381e-06
2.0553617453460717e-06
3.043810109965037e-06
4.508087844165265e-06
6.6429717023862265e-06
9.820876143599653e-06
1.4557860752837638e-05
2.1467835333923085e-05
3.1682263589931585e-05
4.7004934833209635e-05
6.936809610544239e-05
0.00010218956887217434
0.0001517461592831268
0.00022410914946693092
0.0003295310245916227
0.000489760038584303
0.0007238253522118161
0.0010645793029748479
0.0015798804750423996
0.002336202833393992
0.0034371422412478314
0.005089439017240278
0.007525540043400802
0.011066450327118772
0.01632808111669001
0.024095766726869326
0.03531969672688826
0.05171819111889544
0.07569384794587881
0.10963869933894096
0.15738247355338894
0.2240365949771379
0.31227697087740136
0.42433650608656825
0.556991408884715
0.6986524516202649
0.8316059796127153
0.9248973017410561
0.9768241939021796
0.9964701510049837
0.9997141223264001
0.9999889007907351
0.9999999199889187
0.9999999999955256
0.9999999999999997
1.0
1.0
1.0
1.0
1.0
1.0
1.0
1.0
1.0
1.0
1.0
###
1e-05
1.1768119524349992e-05
1.3848863713938717e-05
1.6297508346206434e-05
1.917910261672489e-05
2.2570197196339216e-05
2.656087782946684e-05
3.1257158496882356e-05
3.678379771828634e-05
4.328761281083062e-05
5.0941380148163754e-05
5.994842503189409e-05
7.054802310718646e-05
8.302175681319735e-05
9.770099572992247e-05
0.00011497569953977356
0.00013530477745798074
0.00015922827933410923
0.0001873817422860383
0.00022051307399030456
0.00025950242113997375
0.0003053855508833416
0.00035938136638046257
0.0004229242874389499
0.0004977023564332109
0.0005857020818056661
0.0006892612104349695
0.0008111308307896872
0.0009545484566618337
0.0011233240329780276
0.0013219411484660286
0.0015556761439304723
0.0018307382802953678
0.002154434690031882
0.0025353644939701114
0.0029836472402833374
0.003511191734215131
0.004132012400115334
0.004862601580065354
0.005722367659350214
0.006734150657750821
0.007924828983539169
0.0093260334688322
0.010974987654930556
0.01291549665014884
0.01519911082952933
0.01788649529057435
0.0210490414451202
0.02477076355991709
0.029150530628251757
0.034304692863149154
0.040370172585965536
0.047508101621027934
0.05590810182512223
0.06579332246575675
0.0774263682681127
0.09111627561154886
0.10722672220103231
0.1261856883066021
0.14849682622544635
0.1747528400007683
0.20565123083486514
0.24201282647943834
0.2848035868435799
0.3351602650938841
0.3944206059437656
0.46415888336127725
0.5462277217684337
0.642807311728432
0.7564633275546291
0.8902150854450375
1.0476157527896641
1.232846739442066
1.4508287784959402
1.7073526474706886
2.009233002565046
2.364489412645407
2.782559402207126
3.274549162877725
3.8535285937105273
4.534878508128582
5.3366992312063015
6.280291441834247
7.390722033525775
8.697490026177835
10.235310218990248
12.045035402587812
14.174741629268048
16.68100537200059
19.630406500402685
23.10129700083158
27.1858824273294
31.992671377973846
37.64935806792464
44.30621457583877
52.14008287999685
61.35907273413163
72.20809018385457
84.97534359086438
100.0
###
1.0364759838375155
0.8927640818260928
0.7667335109716742
0.6574247164566119
0.563521788289609
0.48354710363835895
0.4317129937815255
0.3722067793972036
0.3222755083328996
0.2805901280028071
2.756847197725267
2.272917072415836
1.862854680393682
1.5187803526962547
1.2322117686979353
0.9949635166126611
0.8446938490326587
0.6755762589311061
0.5364168790564585
0.4217717050318794
3.866792026140728
3.1310382200896103
2.5174864029399604
2.01050058393762
1.5946773781110468
1.255545508219577
1.043597665181566
0.8081997854221601
0.6175443046895387
0.4632901879625031
4.744043807879778
3.797713789522553
3.0166891917538643
2.3779046178101986
1.8593129291783035
1.4406860924697622
1.1814774442321638
0.8963538146906419
0.6682328874169938
0.485627222699526
5.487595877107698
4.356437657670848
3.430043206316029
2.6781082513675614
2.0723442321661385
1.5871414174006004
1.2888829919447453
0.9631923677363435
0.7049333284832852
0.5005995679280921
6.141583852248933
4.843719198293149
3.7873186966127106
2.9350608890452285
2.2526980356664006
1.7095732331096347
1.3776395949762297
1.0173919100045563
0.7339214199097793
0.5115908519994242
6.730210691470509
5.279400182547815
4.104512660091728
3.1614462130183427
2.410238786164415
1.8154508078865739
1.45372227384081
1.0631138422310127
0.7578488568656415
0.5201865731167808
7.268447658362024
5.675643130392579
4.391316875088833
3.3648437355695373
2.550802515174495
1.9091448197644467
1.5205548936416537
1.1028739318994552
0.7783705875703899
0.527175053288958
7.766460859411403
6.0405361219223375
4.6541180966751865
3.5502339950690227
2.6781358590369297
1.993451002321983
1.580339328381325
1.1380784448251218
0.7960103299761471
0.5330283541473295
8.23132917102368
6.379761504343082
4.8974204108534725
3.7210475916168377
2.7948518045656776
2.070266029433205
1.6345257120580958
1.1696565782819377
0.8117636910804615
0.5380371738972292
8.668303623473541
6.69750709296093
5.1243786089054595
3.879803048507651
2.902832097344795
2.140962111592253
1.6841683820255597
1.198385532351469
0.8259211272107696
0.5424044230912529
9.081297005603393
6.996995426714392
5.337593568463706
4.0283976671559305
3.0034713522728
2.2065438783896405
1.730032431398262
1.2247483366063119
0.8387782383513277
0.546261234820082
9.473799347673026
7.280629144916741
5.538918976933267
4.1682021253821855
3.097845334708653
2.2677823447379755
1.7727023249289475
1.2491250081486882
0.8505599734176832
0.5497041766584372
9.847816397218947
7.550397524760991
5.729884156196762
4.3004147348416915
3.1868055609144883
2.3252848406017077
1.8126153264361318
1.271845207519753
0.8614293421613836
0.5528090636031648
10.206078168680971
7.807865106465006
5.911713832473376
4.425952056191282
3.2710205759009794
2.379521382419669
1.8501645495851007
1.2930700283451213
0.8715219499866349
0.5556316611219928