# datat/BKevo/GBW_BKevo/gbw86.dat
# N(r,Y=0), r, *F2(x,Q^2)
# 1e-05 < r < 100.0
# 1 < Q^2 < 50, n=15, log grid
# 1e-5 < x < 1e-2, n=10, log grid
###
1.0948404845558081e-13
1.610649376994257e-13
2.3894929117820465e-13
3.5359362718948936e-13
5.206344092537082e-13
7.711202104903695e-13
1.141920014097148e-12
1.6825701712384485e-12
2.488109895267622e-12
3.687739848460403e-12
5.4376464795068115e-12
8.026791997669217e-12
1.1907581958755651e-11
1.757114602772559e-11
2.5891321044392354e-11
3.844383705045108e-11
5.6772874704248616e-11
8.35031551663445e-11
1.2410083759309613e-10
1.8341386170963066e-10
2.6977987152409027e-10
4.0055718136206885e-10
5.924794584473409e-10
8.720766864989049e-10
1.2926910474188831e-09
1.9136531339458393e-09
2.818742261292161e-09
4.171228626435327e-09
6.1801744966994955e-09
9.109836219475985e-09
1.3457695807584414e-08
1.9956511630084335e-08
2.9438746078072405e-08
4.34123521067633e-08
6.443378393301461e-08
9.512190983569663e-08
1.400200302282526e-07
2.0801106720228902e-07
3.07321721139549e-07
4.518976927138019e-07
6.714314064495195e-07
9.927873532619024e-07
1.4608452174093133e-06
2.166994023939438e-06
3.20677245662229e-06
4.721974969136816e-06
6.992825299327393e-06
1.035683523902934e-05
1.526147489364157e-05
2.256230286226663e-05
3.3444858575748204e-05
4.931943861685008e-05
7.278521731510518e-05
0.00010798561697123859
0.00015935875590262697
0.00023475432763328066
0.000348586064968152
0.0005147914881498351
0.0007569015490520268
0.001124808206668444
0.0016621184902352471
0.002444067199898981
0.0036258209453585623
0.005358888240139828
0.007878771779817564
0.01165321027890539
0.017203031072888033
0.025240083750417544
0.03710965524492478
0.05447592807121967
0.07926979992477073
0.11480908706926524
0.16525439590032884
0.23394531913397884
0.3250345944534201
0.4404735410198387
0.5753519668016951
0.7184874261877412
0.8429772465658999
0.9336531936147557
0.9831117159093116
0.9970419991955599
0.9997431728444431
0.9999954854302373
0.9999999902319524
0.9999999999891772
0.9999999999999993
1.0
1.0
1.0
1.0
1.0
1.0
1.0
1.0
1.0
1.0
1.0
1.0
1.0
###
1e-05
1.1768119524349992e-05
1.3848863713938717e-05
1.6297508346206434e-05
1.917910261672489e-05
2.2570197196339216e-05
2.656087782946684e-05
3.1257158496882356e-05
3.678379771828634e-05
4.328761281083062e-05
5.0941380148163754e-05
5.994842503189409e-05
7.054802310718646e-05
8.302175681319735e-05
9.770099572992247e-05
0.00011497569953977356
0.00013530477745798074
0.00015922827933410923
0.0001873817422860383
0.00022051307399030456
0.00025950242113997375
0.0003053855508833416
0.00035938136638046257
0.0004229242874389499
0.0004977023564332109
0.0005857020818056661
0.0006892612104349695
0.0008111308307896872
0.0009545484566618337
0.0011233240329780276
0.0013219411484660286
0.0015556761439304723
0.0018307382802953678
0.002154434690031882
0.0025353644939701114
0.0029836472402833374
0.003511191734215131
0.004132012400115334
0.004862601580065354
0.005722367659350214
0.006734150657750821
0.007924828983539169
0.0093260334688322
0.010974987654930556
0.01291549665014884
0.01519911082952933
0.01788649529057435
0.0210490414451202
0.02477076355991709
0.029150530628251757
0.034304692863149154
0.040370172585965536
0.047508101621027934
0.05590810182512223
0.06579332246575675
0.0774263682681127
0.09111627561154886
0.10722672220103231
0.1261856883066021
0.14849682622544635
0.1747528400007683
0.20565123083486514
0.24201282647943834
0.2848035868435799
0.3351602650938841
0.3944206059437656
0.46415888336127725
0.5462277217684337
0.642807311728432
0.7564633275546291
0.8902150854450375
1.0476157527896641
1.232846739442066
1.4508287784959402
1.7073526474706886
2.009233002565046
2.364489412645407
2.782559402207126
3.274549162877725
3.8535285937105273
4.534878508128582
5.3366992312063015
6.280291441834247
7.390722033525775
8.697490026177835
10.235310218990248
12.045035402587812
14.174741629268048
16.68100537200059
19.630406500402685
23.10129700083158
27.1858824273294
31.992671377973846
37.64935806792464
44.30621457583877
52.14008287999685
61.35907273413163
72.20809018385457
84.97534359086438
100.0
###
1.2969658399170407
1.1406702740295203
1.0018840528605792
0.880107724482171
0.7744630356203293
0.6837552490997258
0.6247479902615726
0.5568789700282458
0.5001851827319981
0.4533665894066712
3.6260352047417705
3.0591913655638105
2.570201103410286
2.1525618315657526
1.7988954797435837
1.5014347194605366
1.3105421633065184
1.0930670545505319
0.9117892721276702
0.760692330444114
5.1827777642237205
4.2951699656609605
3.540358896859993
2.90468828210219
2.373531127462086
1.9323809479066743
1.6522229874379208
1.3361251904391493
1.0753191196438368
0.8599232849417555
6.432196649400815
5.269472650298336
4.290462167755521
3.4738810446811748
2.7978995074081165
2.24149763579426
1.8909261864586477
1.4984532174980498
1.1774841888780385
0.9148287094378752
7.501462413913536
6.093555155727698
4.916906302801983
3.9425079670209056
3.1417204951152446
2.4872439222482714
2.077492098016104
1.6216388320432202
1.2516886928491615
0.9513857624985812
8.448494062770639
6.817001018269137
5.461614043416996
4.345798831119168
3.434140687893719
2.6933720819516447
2.2320292563548745
1.7215322009085896
1.3099356432119005
0.9782034700584065
9.305600368690987
7.467118847894051
5.947428647873228
4.702562618179718
3.690393659771961
2.872055992666453
2.3647050632514603
1.8058729753230232
1.3578870223758435
0.9990973013916803
10.092797099660462
8.060788598260565
6.38832125949122
5.024114573495035
3.9197076903692483
3.0304763667417123
2.4813946461507377
1.8790569004447626
1.3986298562867536
1.0160491779281777
10.823778251848056
8.609334836128843
6.793565122153914
5.31796329404087
4.127837800953868
3.1732454316883603
2.5858331524196183
1.9438283273716694
1.4340702126121982
1.0302142624221575
11.508246207972247
9.120803113184927
7.16967061502399
5.589335057151168
4.318977541037945
3.3035027770547525
2.680584380941236
2.001950122763662
1.465392409613597
1.042311856983314
12.153481801880403
9.601087512255985
7.5214266423666505
5.842023616337889
4.496120374285319
3.4235147442406713
2.7674811274761066
2.054823019428316
1.4935732698668227
1.0528332136940717
12.764731332952076
10.054713357709215
7.852463407898125
6.078895323106081
4.661206306687912
3.5349560249240564
2.847780087810173
2.1033316461642215
1.5190823297664315
1.062118185191672
13.34712417336283
10.485123799946608
8.16563197664878
6.3021666155019
4.816429760276834
3.639109811233374
2.9225243269371073
2.1481782301230887
1.5424261092424911
1.0703915179892947
13.903307671210392
10.895308354799148
8.463133556466477
6.5136016793026945
4.962869812580103
3.7369844463687425
2.9925081599793577
2.189998326056736
1.5639466336454555
1.0778419480927812
14.43645734687206
11.287482526336024
8.746803521109197
6.714615643496808
5.1015795698499975
3.829387332319153
3.0583469833347636
2.2290598737895246
1.5839208815666064
1.084602236655549