# datat/BKevo/GBW_BKevo/gbw46.dat
# N(r,Y=0), r, *F2(x,Q^2)
# 1e-05 < r < 100.0
# 1 < Q^2 < 50, n=15, log grid
# 1e-5 < x < 1e-2, n=10, log grid
###
1.544049087422133e-05
1.7592259291478632e-05
2.003609153182448e-05
2.282186203740439e-05
2.600130318270235e-05
2.9615683945203993e-05
3.373205814561244e-05
3.8429987030055806e-05
4.3775605514418784e-05
4.9858136152936686e-05
5.679976986085942e-05
6.470587699722213e-05
7.36936622476917e-05
8.395054514384728e-05
9.56435686785221e-05
0.00010892419256264883
0.00012407953772947933
0.00014137325881622534
0.00016099689256469173
0.00018338979831059057
0.0002089477681815445
0.0002379621219785534
0.00027104821504000135
0.00030880921607695977
0.0003517165401757115
0.0004006003846682516
0.0004563886884259795
0.000519838647214462
0.0005920593631897681
0.0006744762060442131
0.0007682976737879073
0.0008749873913578949
0.0009967315422578567
0.0011354482290789577
0.0012930385671578262
0.0014728507282339947
0.0016779141334748006
0.0019106461241503666
0.002176166907589831
0.002479147214902541
0.0028228472628881985
0.0032148071486385404
0.0036619936100898156
0.004169674943971289
0.004748013288318592
0.005407693192592892
0.0061571463070837626
0.0070098956836714245
0.007982278064184533
0.009087667703123727
0.010343739911929632
0.011775385991781318
0.013403636426819788
0.015250975645271581
0.017355169190869265
0.019748995460018792
0.02245980876988551
0.02554460946674752
0.029054009899053716
0.033018644804544334
0.03752398224366572
0.0426422205184626
0.0484171882747062
0.05496051189368438
0.06237701832060003
0.07073000656957976
0.08015486494845782
0.09080148759686495
0.10275655047123163
0.1161666737639352
0.13123993262342862
0.14808635630678585
0.16682433893324358
0.18773174692846922
0.21093292047759007
0.23642324017154942
0.26455683907010974
0.29544876915359186
0.3287773395327497
0.364974767601867
0.4040601968454937
0.44520675826722006
0.4887923934121685
0.5346139618174919
0.5813341808852296
0.6289192775673454
0.6770068129658315
0.723825736047947
0.7687802872665768
0.8116350984059978
0.8506782909696563
0.8849827082516638
0.9149941108030495
0.9398474019834882
0.9589532360782096
0.9736925655235025
0.9843319781966579
0.9910217477301166
0.9953201304932419
0.9978639003676714
###
1e-05
1.1768119524349992e-05
1.3848863713938717e-05
1.6297508346206434e-05
1.917910261672489e-05
2.2570197196339216e-05
2.656087782946684e-05
3.1257158496882356e-05
3.678379771828634e-05
4.328761281083062e-05
5.0941380148163754e-05
5.994842503189409e-05
7.054802310718646e-05
8.302175681319735e-05
9.770099572992247e-05
0.00011497569953977356
0.00013530477745798074
0.00015922827933410923
0.0001873817422860383
0.00022051307399030456
0.00025950242113997375
0.0003053855508833416
0.00035938136638046257
0.0004229242874389499
0.0004977023564332109
0.0005857020818056661
0.0006892612104349695
0.0008111308307896872
0.0009545484566618337
0.0011233240329780276
0.0013219411484660286
0.0015556761439304723
0.0018307382802953678
0.002154434690031882
0.0025353644939701114
0.0029836472402833374
0.003511191734215131
0.004132012400115334
0.004862601580065354
0.005722367659350214
0.006734150657750821
0.007924828983539169
0.0093260334688322
0.010974987654930556
0.01291549665014884
0.01519911082952933
0.01788649529057435
0.0210490414451202
0.02477076355991709
0.029150530628251757
0.034304692863149154
0.040370172585965536
0.047508101621027934
0.05590810182512223
0.06579332246575675
0.0774263682681127
0.09111627561154886
0.10722672220103231
0.1261856883066021
0.14849682622544635
0.1747528400007683
0.20565123083486514
0.24201282647943834
0.2848035868435799
0.3351602650938841
0.3944206059437656
0.46415888336127725
0.5462277217684337
0.642807311728432
0.7564633275546291
0.8902150854450375
1.0476157527896641
1.232846739442066
1.4508287784959402
1.7073526474706886
2.009233002565046
2.364489412645407
2.782559402207126
3.274549162877725
3.8535285937105273
4.534878508128582
5.3366992312063015
6.280291441834247
7.390722033525775
8.697490026177835
10.235310218990248
12.045035402587812
14.174741629268048
16.68100537200059
19.630406500402685
23.10129700083158
27.1858824273294
31.992671377973846
37.64935806792464
44.30621457583877
52.14008287999685
61.35907273413163
72.20809018385457
84.97534359086438
100.0
###
3.406602888471349
2.9385313452702397
2.4772166691702493
2.0351907063936987
1.6271291250572408
1.2647282740088854
1.0284379930116525
0.7636148414535577
0.5544097199891781
0.3945094954652933
12.535883603010214
10.507788004755218
8.571786843108038
6.794669740959897
5.232667024662066
3.9170292364332138
3.099100591641203
2.2216400379823567
1.5613068875856793
1.0779408781347928
20.359152144096825
16.8475129439489
13.550427612555426
10.582965304074996
8.029741345021806
5.925063042478305
4.640306874238983
3.2848023602024052
2.282119500869921
1.5594651375504642
27.536812237544343
22.593802991968087
18.005778196447718
13.930309443099626
10.471673059668657
7.65872550112801
5.9611486383929115
4.187789269838911
2.889823199682488
1.9628851475048454
34.28484074119079
27.950677007367876
22.123213693486612
16.997634046388026
12.691524275679068
9.223803769256822
7.147898169880556
4.994665964868931
3.4304010041942363
2.3203367831419817
40.72330077377664
33.0200920096454
25.994141663151865
19.86331169887427
14.75353280022086
10.670039524762856
8.240835660137918
5.734916623666871
3.924680726948092
2.6463101625045664
46.88512971516541
37.863769600678346
29.673290128131857
22.57315300183699
16.694454057819065
12.025963685236533
9.262863135456023
6.425052949915939
4.3843480931483505
2.9488094865388232
52.847901718609954
42.52178731974525
33.195991591502136
25.157218001578123
18.538330614411727
13.309884536182519
10.228434732701409
7.0755398074464
4.8167736323182275
3.232969310676036
58.63251991750314
47.0232255063689
36.587587126612085
27.63636684662606
20.301854642491097
14.53452187278798
11.1479167116013
7.693542879843611
5.226963389513799
3.502056966627332
64.26236865503837
51.38968895722568
39.86676491204293
30.025984591463267
21.99677022586932
15.708855503521166
12.028353665198724
8.284436814311059
5.618532098455213
3.758745387938738
69.75597459146361
55.63780153441552
43.047871411486135
32.33797689689495
23.63347166375321
16.840082508484212
12.875098112368342
8.851956172064517
5.993998781420927
4.004717214356068
75.12803531855282
59.78084367228869
46.142156208082106
34.581637617406145
25.218314186921805
17.933527757099995
13.693081788565722
9.399176265418076
6.355802074368014
4.241437012789321
80.39053293456847
63.83046915119092
49.159000666996825
36.764282710461686
26.756874385334957
18.99355891788981
14.484347835478259
9.928506039688003
6.705529716643074
4.470037934421338
85.55364333471312
67.79370985861307
52.10578289532542
38.89141424930986
28.253857279752232
20.023524996639217
15.251654848855217
10.441689993603147
7.044392898931162
4.691316241435083
90.62547556866092
71.67903760345736
54.98888891822779
40.969439493378566
29.71388011179785
21.026844131075187
15.999516647793579
10.940708760234415
7.373517001143817
4.9061946106730785