# datat/BKevo/MVg_BKevo/mvg25.dat
# N(r,Y=0), r, *F2(x,Q^2)
# 1e-05 < r < 100.0
# 1 < Q^2 < 50, n=15, log grid
# 1e-5 < x < 1e-2, n=10, log grid
###
0.0
0.0
2.7433672109541783e-17
1.110223024625157e-16
1.110223024625157e-16
2.220446049250313e-16
3.355300658322077e-16
5.368103148646674e-16
9.38854119143587e-16
1.5289128190245172e-15
2.496644629888979e-15
4.183506100614114e-15
6.9193164209166955e-15
1.1478729984955942e-14
1.8928485204981344e-14
3.1589444339545373e-14
5.2289360208511694e-14
8.584929784803411e-14
1.4372119783437288e-13
2.3800226932829567e-13
3.903583164032783e-13
6.520251112483774e-13
1.0802350206349487e-12
1.7727809010186604e-12
2.9486573612470457e-12
4.8886980029271854e-12
8.026017209144847e-12
1.3293576198100488e-11
2.2052525788444418e-11
3.621543423011416e-11
5.971996751024526e-11
9.911694092715492e-11
1.6280449889229332e-10
2.6723291237769123e-10
4.436906515888031e-10
7.288289610138039e-10
1.1905588118902538e-09
1.977144925327509e-09
3.2474415649575027e-09
5.285642931491385e-09
8.765317316292908e-09
1.4392701734980778e-08
2.34130020155797e-08
3.863373625325717e-08
6.340277709926776e-08
1.0305588809223412e-07
1.691541256054992e-07
2.773731070744602e-07
4.503491597808085e-07
7.350332274322503e-07
1.2038715695117474e-06
1.9518060385907477e-06
3.1665187434902957e-06
5.1782244659850755e-06
8.380071327749037e-06
1.3509080812776967e-05
2.2048732067185175e-05
3.56047663479395e-05
5.701569639910751e-05
9.28496897877134e-05
0.00014957580908620452
0.0002387917644593596
0.00038653632909537805
0.0006212218347098853
0.000989428428558739
0.0015916996354935402
0.002553235708837919
0.004059224889137704
0.006493805498124614
0.010402145284481901
0.01651076393966781
0.026251191989056354
0.04190121079036404
0.06610482588141728
0.10357835448204217
0.16198559071306168
0.24730575963101364
0.36660696285871486
0.5220888039569573
0.6963996300298602
0.858079707996925
0.9545370177478545
0.9923053801004158
0.9996884630305035
0.999998068085651
0.9999999970577146
0.99999999999987
1.0
1.0
1.0
1.0
1.0
1.0
1.0
1.0
1.0
1.0
1.0
1.0
1.0
###
1e-05
1.1768119524349992e-05
1.3848863713938717e-05
1.6297508346206434e-05
1.917910261672489e-05
2.2570197196339216e-05
2.656087782946684e-05
3.1257158496882356e-05
3.678379771828634e-05
4.328761281083062e-05
5.0941380148163754e-05
5.994842503189409e-05
7.054802310718646e-05
8.302175681319735e-05
9.770099572992247e-05
0.00011497569953977356
0.00013530477745798074
0.00015922827933410923
0.0001873817422860383
0.00022051307399030456
0.00025950242113997375
0.0003053855508833416
0.00035938136638046257
0.0004229242874389499
0.0004977023564332109
0.0005857020818056661
0.0006892612104349695
0.0008111308307896872
0.0009545484566618337
0.0011233240329780276
0.0013219411484660286
0.0015556761439304723
0.0018307382802953678
0.002154434690031882
0.0025353644939701114
0.0029836472402833374
0.003511191734215131
0.004132012400115334
0.004862601580065354
0.005722367659350214
0.006734150657750821
0.007924828983539169
0.0093260334688322
0.010974987654930556
0.01291549665014884
0.01519911082952933
0.01788649529057435
0.0210490414451202
0.02477076355991709
0.029150530628251757
0.034304692863149154
0.040370172585965536
0.047508101621027934
0.05590810182512223
0.06579332246575675
0.0774263682681127
0.09111627561154886
0.10722672220103231
0.1261856883066021
0.14849682622544635
0.1747528400007683
0.20565123083486514
0.24201282647943834
0.2848035868435799
0.3351602650938841
0.3944206059437656
0.46415888336127725
0.5462277217684337
0.642807311728432
0.7564633275546291
0.8902150854450375
1.0476157527896641
1.232846739442066
1.4508287784959402
1.7073526474706886
2.009233002565046
2.364489412645407
2.782559402207126
3.274549162877725
3.8535285937105273
4.534878508128582
5.3366992312063015
6.280291441834247
7.390722033525775
8.697490026177835
10.235310218990248
12.045035402587812
14.174741629268048
16.68100537200059
19.630406500402685
23.10129700083158
27.1858824273294
31.992671377973846
37.64935806792464
44.30621457583877
52.14008287999685
61.35907273413163
72.20809018385457
84.97534359086438
100.0
###
0.8961330419070043
0.7666937800513298
0.654442480253451
0.5581884186870677
0.4763899296244101
0.40731578797150453
0.36289831125429645
0.31224049059081926
0.2700441208595899
0.23503277087372304
2.295778328380878
1.874773580485409
1.5219582630692519
1.2288403776812056
0.9868628360308155
0.7879593775751275
0.662644324609798
0.522168081078205
0.40692830978673855
0.312161524863702
3.1734020873080584
2.543106217434553
2.023121255376027
1.5977571908474202
1.2519226206942855
0.9719987883480936
0.7980681182528753
0.6058968575636595
0.45095195217830897
0.3260476459680222
3.8584433994630616
3.05560818394944
2.4001317602168863
1.8694449822685362
1.4423792845535455
1.1004148299844136
0.8900339075358414
0.6601182756229362
0.4770731976777036
0.3318075571292675
4.434425772113575
3.481646001310969
2.709696366286337
2.0894203630367567
1.5942654827476355
1.200955395538319
0.960864002587371
0.7004589229292391
0.4955918355588173
0.335001960386829
4.9381484081842775
3.8510351983104254
2.97564402826523
2.276590411550204
1.7220326111081687
1.2844658564421256
1.0189953413666386
0.7330094266421374
0.5100035546162927
0.3370119260478282
5.389451531992174
4.179804715387971
3.2106747874730486
2.4407509522717743
1.8330855948669478
1.3562882596192722
1.0685604288706916
0.7603448792822817
0.521803128382074
0.33840142184957633
5.800643320313487
4.477711065568348
3.4224269833539744
2.587644907939096
1.9317808909622534
1.4196148412574636
1.1119361479948777
0.7839786960794898
0.5318026586237348
0.3394206057308628
6.179894368213695
4.751200320318564
3.6158354863021622
2.721108674072979
2.0209154011570427
1.476406618227468
1.1505932878527412
0.8048382548756275
0.540490660022966
0.3402025322408684
6.5329575044540755
5.004775813400869
3.7943877400371795
2.8437451326501413
2.102393580184547
1.528011782947467
1.1855761076828593
0.823530700848012
0.548167123164573
0.3408129484998535
6.864075751297334
5.241747645334262
3.9606190465763786
2.9574583880703007
2.1775978968125744
1.575393079087112
1.2175230499634515
0.8404948451639551
0.5550547222388011
0.3413131246690756
7.1765153505863575
5.464608818313984
4.1164254704692365
3.063655794683732
2.247544076239174
1.619262157249735
1.2469851169122932
0.8560309465611188
0.5612999508172304
0.3417228844125447
7.47270235673319
5.675300832284435
4.263273993097063
3.1634349779246413
2.313000612285034
1.6601560098443457
1.274348847752874
0.870379586662517
0.5670152071927917
0.3420642791550145
7.754626973277212
5.875392472539362
4.402333691442393
3.2577193647630507
2.374605383410258
1.6984907237985223
1.2999200379669664
0.8837144170547547
0.5722889557895335
0.34235037109194466
8.024022244376322
6.066077531907346
4.534532952223305
3.3468004866834598
2.4328497367299016
1.7345968106494887
1.3239327881581622
0.896178333578941
0.5771696009661932
0.3425985309792226