# datat/BKevo/ATAN_BKevo/atan22.dat
# N(r,Y=0), r, *F2(x,Q^2)
# 1e-05 < r < 100.0
# 1 < Q^2 < 50, n=15, log grid
# 1e-5 < x < 1e-2, n=10, log grid
###
9.54929659641815e-07
1.1237726372008551e-06
1.3224690712768194e-06
1.556297409803299e-06
1.8314693933987668e-06
2.1552950726682178e-06
2.536377002536408e-06
2.9848387724600785e-06
3.512593943512433e-06
4.133662536759685e-06
4.864543480565374e-06
5.724652911026226e-06
6.736839969165608e-06
7.927993797241972e-06
9.329757859241312e-06
1.0979370561767263e-05
1.2920654506805258e-05
1.5205180656105656e-05
1.7893638333681604e-05
2.1057447461471384e-05
2.4780655857026803e-05
2.9162171995882536e-05
3.4318392554353646e-05
4.038629453150686e-05
4.75270740941477e-05
5.593042881753949e-05
6.581959707285681e-05
7.745728843215454e-05
9.115266265317402e-05
0.00010726954262623739
0.00012623607943327528
0.00014855612633635405
0.00017482262386097518
0.00020573335133805776
0.00024210946352608032
0.0002849173051734208
0.0003352940817152688
0.0003945780684166823
0.0004643441640273359
0.0005464457258437681
0.0006430637986376528
0.0007567650641761121
0.0008905700142215341
0.001048033167183089
0.0012333375219002372
0.0014514056476864926
0.001708030355262553
0.002010028642817381
0.002365422732456061
0.0027836527745205763
0.003275827622639424
0.003855020055869843
0.0045366123789023815
0.005338703888122001
0.006282593817652867
0.007393340269211597
0.00870041572097443
0.01023850656189525
0.012048406481788768
0.014178033435183124
0.016683807214803028
0.01963200973757037
0.02310028179827193
0.0271800326082464
0.031978429375921304
0.03762017083677605
0.044251694486778265
0.0520440537465575
0.06119307684816967
0.07192580160183298
0.08450610471210626
0.0992241929499155
0.11639867583587533
0.1364010205641906
0.15959857819327156
0.18630122043980793
0.21691249552932726
0.2517058758540941
0.29048781597998774
0.3334258018855617
0.3802467657905251
0.42935770145738883
0.4804686511154671
0.5325883824323088
0.5831147462066985
0.6316996688675163
0.6778439225721464
0.7196516286809211
0.757228083854467
0.7911938036888582
0.820850191009667
0.8463796459131043
0.8688841737398357
0.8882912103818932
0.9045856601982502
0.9187979038598614
0.9310556659966681
0.9411880002304819
0.9499896788838961
0.9576213918243491
###
1e-05
1.1768119524349992e-05
1.3848863713938717e-05
1.6297508346206434e-05
1.917910261672489e-05
2.2570197196339216e-05
2.656087782946684e-05
3.1257158496882356e-05
3.678379771828634e-05
4.328761281083062e-05
5.0941380148163754e-05
5.994842503189409e-05
7.054802310718646e-05
8.302175681319735e-05
9.770099572992247e-05
0.00011497569953977356
0.00013530477745798074
0.00015922827933410923
0.0001873817422860383
0.00022051307399030456
0.00025950242113997375
0.0003053855508833416
0.00035938136638046257
0.0004229242874389499
0.0004977023564332109
0.0005857020818056661
0.0006892612104349695
0.0008111308307896872
0.0009545484566618337
0.0011233240329780276
0.0013219411484660286
0.0015556761439304723
0.0018307382802953678
0.002154434690031882
0.0025353644939701114
0.0029836472402833374
0.003511191734215131
0.004132012400115334
0.004862601580065354
0.005722367659350214
0.006734150657750821
0.007924828983539169
0.0093260334688322
0.010974987654930556
0.01291549665014884
0.01519911082952933
0.01788649529057435
0.0210490414451202
0.02477076355991709
0.029150530628251757
0.034304692863149154
0.040370172585965536
0.047508101621027934
0.05590810182512223
0.06579332246575675
0.0774263682681127
0.09111627561154886
0.10722672220103231
0.1261856883066021
0.14849682622544635
0.1747528400007683
0.20565123083486514
0.24201282647943834
0.2848035868435799
0.3351602650938841
0.3944206059437656
0.46415888336127725
0.5462277217684337
0.642807311728432
0.7564633275546291
0.8902150854450375
1.0476157527896641
1.232846739442066
1.4508287784959402
1.7073526474706886
2.009233002565046
2.364489412645407
2.782559402207126
3.274549162877725
3.8535285937105273
4.534878508128582
5.3366992312063015
6.280291441834247
7.390722033525775
8.697490026177835
10.235310218990248
12.045035402587812
14.174741629268048
16.68100537200059
19.630406500402685
23.10129700083158
27.1858824273294
31.992671377973846
37.64935806792464
44.30621457583877
52.14008287999685
61.35907273413163
72.20809018385457
84.97534359086438
100.0
###
2.0941853320381294
1.7699987271481248
1.4694028115129016
1.197944026106856
0.9594510575705569
0.7556542410036517
0.6251664669858336
0.4793955540480996
0.3627932551461825
0.27124854895739425
6.905615525611916
5.633476172518921
4.507422624469066
3.53907503735036
2.729546540966566
2.070678442849332
1.6662059995708722
1.2316526303635527
0.8985635987685294
0.6474707413659253
10.665093037667244
8.573101260641716
6.758190709213041
5.228663224682923
3.9749420815599663
2.9736667520962223
2.3686196891824203
1.7279059350007673
1.2443420243886867
0.885132179556245
13.946246053632825
11.105575997450115
8.672918166592762
6.648888416556367
5.009906064317444
3.7163414387370137
2.9420694378844563
2.129256340275289
1.5216265236056856
1.074233638177093
16.924379069136165
13.385263177624893
10.381789142332225
7.906626422923817
5.919961253153291
4.365021437256944
3.440569052378637
2.4762459474499288
1.7600989827377191
1.2361229638174625
19.68486477887872
15.484224017954732
11.94597896936643
9.05148202371305
6.744032509456769
4.949575885376088
3.8884685885613717
2.786645288007446
1.9727621010575318
1.3799607604058286
22.277689434672865
17.44568004334269
13.400198584185365
10.111045145611497
7.503931998924643
5.486645861055622
4.298827222712557
3.070248119381555
2.166450220171081
1.5107026572709283
24.73549198582573
19.297036115432725
14.767173129899653
11.104009988594568
8.21344723883265
5.986635007475316
4.68012270429543
3.3331261310815115
2.34543830485415
1.6313922254864373
27.081002356688945
21.057648472028216
16.063656672809955
12.04230061139047
8.882030741997422
6.456630905057998
5.037908718161048
3.5792518167505945
2.51285915341201
1.7440385849045847
29.331007718253144
22.7413503809186
17.30150944294895
12.93465557226312
9.51626701912841
6.901481816515897
5.376185617456392
3.8115010095501245
2.670641277969836
1.8500561899122807
31.49830385618178
24.358745889360726
18.48596947361636
13.787759132343666
10.12174394960404
7.325234313203423
5.697972423020214
4.032033663188612
2.8203239356732555
1.9504984206975047
33.59293099617894
25.918114135003265
19.625402932146113
14.605929216680144
10.701983191311145
7.730613681948405
6.0053155321188445
4.2425703776499315
2.9629685168559305
2.0461611795505252
35.622982726702396
27.426081134252623
20.72499006947566
15.394818642770511
11.259768327579412
8.119916682030695
6.300268103589948
4.44431948259689
3.0995243439460882
2.137668216416793
37.59069244808705
28.8880691901055
21.789218498117126
16.156989602140253
11.79740544716006
8.494979307053962
6.58420914299393
4.638327791962061
3.23071326181809
2.225517829394261
39.50993335091626
30.30855844036746
22.82151073856224
16.89518547585311
12.317868177981898
8.857348543917226
6.858483061893347
4.82543498234297
3.357149317712632
2.3101122125833906