# datat/BKevo/GBW_BKevo/gbw80.dat
# N(r,Y=0), r, *F2(x,Q^2)
# 1e-05 < r < 100.0
# 1 < Q^2 < 50, n=15, log grid
# 1e-5 < x < 1e-2, n=10, log grid
###
0.0
0.0
0.0
0.0
0.0
0.0
0.0
0.0
0.0
0.0
0.0
1.166895074772187e-17
1.110223024625157e-16
1.110223024625157e-16
2.285223061744306e-16
4.1396208003937283e-16
7.066611917065136e-16
1.2304710395682208e-15
2.349218155077752e-15
4.161542167905786e-15
7.335008462233552e-15
1.3382744498108664e-14
2.4044256400405634e-14
4.274543758283576e-14
7.74280784494544e-14
1.39580035300367e-13
2.4839692180706686e-13
4.481465786080925e-13
8.104305264416178e-13
1.4448854536106996e-12
2.5942215946188585e-12
4.702908380919087e-12
8.401484498084249e-12
1.5009429838170407e-11
2.728168486938485e-11
4.8837206153675384e-11
8.679886660693582e-11
1.5820275935971203e-10
2.8380424630339354e-10
5.028125393429219e-10
9.170470578822256e-10
1.6487594281376504e-09
2.926230988611472e-09
5.313702547039926e-09
9.575488721512579e-09
1.7025616022721794e-08
3.0776825822751416e-08
5.5593623852400916e-08
9.903419883357978e-08
1.7818198038040528e-07
3.2265925641598567e-07
5.759063473531557e-07
1.0311192773242088e-06
1.8720292320620737e-06
3.3481005471269064e-06
5.964167888543156e-06
1.0857335052952591e-05
1.9458907130888356e-05
3.448047616229894e-05
6.294506400026115e-05
0.0001130557997883165
0.0002004885867546565
0.00036473255762446905
0.0006564966284471859
0.0011660546010767128
0.0021109832877869144
0.003805751899917811
0.006764052831097815
0.012160021441825281
0.021880640845595895
0.03868819176996236
0.06831236131988798
0.12017801807057896
0.20446292548624473
0.33517715865650566
0.5188420488145175
0.7279498804444559
0.9050707941295106
0.9813913984813584
0.9987160152897467
0.9999958741815805
0.9999999997065472
0.9999999999999991
1.0
1.0
1.0
1.0
1.0
1.0
1.0
1.0
1.0
1.0
1.0
1.0
1.0
1.0
1.0
1.0
1.0
###
1e-05
1.1768119524349992e-05
1.3848863713938717e-05
1.6297508346206434e-05
1.917910261672489e-05
2.2570197196339216e-05
2.656087782946684e-05
3.1257158496882356e-05
3.678379771828634e-05
4.328761281083062e-05
5.0941380148163754e-05
5.994842503189409e-05
7.054802310718646e-05
8.302175681319735e-05
9.770099572992247e-05
0.00011497569953977356
0.00013530477745798074
0.00015922827933410923
0.0001873817422860383
0.00022051307399030456
0.00025950242113997375
0.0003053855508833416
0.00035938136638046257
0.0004229242874389499
0.0004977023564332109
0.0005857020818056661
0.0006892612104349695
0.0008111308307896872
0.0009545484566618337
0.0011233240329780276
0.0013219411484660286
0.0015556761439304723
0.0018307382802953678
0.002154434690031882
0.0025353644939701114
0.0029836472402833374
0.003511191734215131
0.004132012400115334
0.004862601580065354
0.005722367659350214
0.006734150657750821
0.007924828983539169
0.0093260334688322
0.010974987654930556
0.01291549665014884
0.01519911082952933
0.01788649529057435
0.0210490414451202
0.02477076355991709
0.029150530628251757
0.034304692863149154
0.040370172585965536
0.047508101621027934
0.05590810182512223
0.06579332246575675
0.0774263682681127
0.09111627561154886
0.10722672220103231
0.1261856883066021
0.14849682622544635
0.1747528400007683
0.20565123083486514
0.24201282647943834
0.2848035868435799
0.3351602650938841
0.3944206059437656
0.46415888336127725
0.5462277217684337
0.642807311728432
0.7564633275546291
0.8902150854450375
1.0476157527896641
1.232846739442066
1.4508287784959402
1.7073526474706886
2.009233002565046
2.364489412645407
2.782559402207126
3.274549162877725
3.8535285937105273
4.534878508128582
5.3366992312063015
6.280291441834247
7.390722033525775
8.697490026177835
10.235310218990248
12.045035402587812
14.174741629268048
16.68100537200059
19.630406500402685
23.10129700083158
27.1858824273294
31.992671377973846
37.64935806792464
44.30621457583877
52.14008287999685
61.35907273413163
72.20809018385457
84.97534359086438
100.0
###
1.162036854805567
1.0234061865462594
0.9025083294983258
0.7984084343097305
0.7098681394092784
0.6354849451729389
0.5881188704137
0.5350838529071567
0.49246341237524544
0.4591836934256206
3.1230228531706694
2.6276891513568885
2.205532714064502
1.8490128726757173
1.5499804431386888
1.3004291717638625
1.1412001026894127
0.9606141220803511
0.8107362648783997
0.6863098684184695
4.389288631439873
3.6211352193188135
2.975105749396862
2.4359732411717285
1.9887658228276324
1.6192041845457048
1.3851063347841577
1.121276682138076
0.903193238436579
0.7225198667305895
5.389390900704071
4.390580449733539
3.5581664137483964
2.8696468883186816
2.3033244697403346
1.8391323643085242
1.5471953702853072
1.220328923691507
0.9523917101885421
0.7321561464208323
6.236576037133647
5.034029507908413
4.038927161354921
3.2215325634982936
2.553799407358104
2.0102171076079602
1.6704777029516862
1.2924450268908136
0.9855195018498729
0.7345463242729575
6.981277546324627
5.594413168601566
4.4533205111432395
3.5213121153411886
2.7643355119845507
2.151682977747471
1.7708343317730884
1.3494630547581454
1.0097568909337515
0.7344336817568069
7.651273198096171
6.094800763964646
4.820378714839771
3.784640535387304
2.9472660415762446
2.273104683283733
1.8559856627465305
1.3968317290253995
1.028561911030695
0.7333767731878597
8.263738197941823
6.549439812439491
5.15167634347568
4.020443768057309
3.109817424104634
2.3799346659421996
1.9302437392024074
1.4374879909555398
1.0446221225423609
0.7319732108332465
8.830179962891105
6.967753698817306
5.454818478692087
4.234902540931884
3.256622247573932
2.475640034419755
1.9962952377410985
1.4731944339564553
1.0584064718853792
0.7304752060057564
9.358759366535384
7.356364774327429
5.735081070645605
4.432148988988454
3.3908345600222476
2.562537497169133
2.0558964826834285
1.5050872599220355
1.0704998451183028
0.7289858108928055
9.855503742657794
7.720141760187052
5.996332089815977
4.615199539514114
3.514728275618671
2.6422822090313542
2.1103126283973905
1.533954547134997
1.0812957972082882
0.7275597010511176
10.324911434892076
8.062768172639885
6.241499944558786
4.786015172998081
3.6299818746059564
2.7160810038537386
2.160443582794621
1.5603571629969977
1.0910581127462502
0.7262138973198
10.770755872191152
8.38718898240623
6.472786095946455
4.94676937664961
3.737880794919203
2.784851796914863
2.206977014891213
1.584707576856537
1.0999786162914609
0.7249517281377711
11.195976508796367
8.69556276484867
6.692003268136789
5.0986306642378585
3.8394352261109903
2.849311386050227
2.2504322847901923
1.6073239735383074
1.1082038418481062
0.7237745510122933
11.602671200584012
8.989807886621797
6.900583579049366
5.242701175090945
3.9354416877122316
2.910017204501405
2.2912282357843736
1.6284508365709047
1.1158295585926898
0.7226720660923373