# datat/BKevo/GBW_BKevo/gbw44.dat
# N(r,Y=0), r, *F2(x,Q^2)
# 1e-05 < r < 100.0
# 1 < Q^2 < 50, n=15, log grid
# 1e-5 < x < 1e-2, n=10, log grid
###
0.0
0.0
0.0
0.0
0.0
0.0
0.0
0.0
0.0
0.0
0.0
0.0
0.0
0.0
1.110223024625157e-16
1.5146988878842861e-16
2.9781944462199903e-16
4.46725127701648e-16
8.064604990760821e-16
1.4611955909436062e-15
2.519017689052861e-15
4.621517673658064e-15
8.332360958509948e-15
1.48170781603707e-14
2.682792374139502e-14
4.8480057884582406e-14
8.627822414009872e-14
1.556183368353513e-13
2.813657947469028e-13
5.016085134780185e-13
9.005514013722435e-13
1.632581015411206e-12
2.9165113837817416e-12
5.2103770274019356e-12
9.470669683388111e-12
1.6953500840152596e-11
3.013164495787319e-11
5.491910825531991e-11
9.852093291689466e-11
1.745482561217476e-10
3.183472730159462e-10
5.723567375635373e-10
1.0158231702003264e-09
1.8446192035452381e-09
3.324072150937913e-09
5.910338179079153e-09
1.0683986335385255e-08
1.9298985647015273e-08
3.4379115428778474e-08
6.185478458148566e-08
1.120091927978829e-07
1.9992239220340496e-07
3.579468517214296e-07
6.49863874663995e-07
1.162273864880956e-06
2.070428365123983e-06
3.7690712496162968e-06
6.755084634273575e-06
1.1969820635466909e-05
2.1851463507208866e-05
3.924813385522327e-05
6.960296408028007e-05
0.00012663044267935416
0.00022794977430166794
0.0004049447517870203
0.000733341761817746
0.0013228650049843822
0.002353398600056964
0.004238761546730939
0.007653334660673563
0.013607887484654576
0.02427978580808138
0.04356265013863837
0.07649915607383648
0.1324291701672928
0.226620975591585
0.3683262789756385
0.5596996072367846
0.7652341984954346
0.9213548625849162
0.9909805166960693
0.9996026257232143
0.9999966925179912
0.9999999991347822
1.0
1.0
1.0
1.0
1.0
1.0
1.0
1.0
1.0
1.0
1.0
1.0
1.0
1.0
1.0
1.0
###
1e-05
1.1768119524349992e-05
1.3848863713938717e-05
1.6297508346206434e-05
1.917910261672489e-05
2.2570197196339216e-05
2.656087782946684e-05
3.1257158496882356e-05
3.678379771828634e-05
4.328761281083062e-05
5.0941380148163754e-05
5.994842503189409e-05
7.054802310718646e-05
8.302175681319735e-05
9.770099572992247e-05
0.00011497569953977356
0.00013530477745798074
0.00015922827933410923
0.0001873817422860383
0.00022051307399030456
0.00025950242113997375
0.0003053855508833416
0.00035938136638046257
0.0004229242874389499
0.0004977023564332109
0.0005857020818056661
0.0006892612104349695
0.0008111308307896872
0.0009545484566618337
0.0011233240329780276
0.0013219411484660286
0.0015556761439304723
0.0018307382802953678
0.002154434690031882
0.0025353644939701114
0.0029836472402833374
0.003511191734215131
0.004132012400115334
0.004862601580065354
0.005722367659350214
0.006734150657750821
0.007924828983539169
0.0093260334688322
0.010974987654930556
0.01291549665014884
0.01519911082952933
0.01788649529057435
0.0210490414451202
0.02477076355991709
0.029150530628251757
0.034304692863149154
0.040370172585965536
0.047508101621027934
0.05590810182512223
0.06579332246575675
0.0774263682681127
0.09111627561154886
0.10722672220103231
0.1261856883066021
0.14849682622544635
0.1747528400007683
0.20565123083486514
0.24201282647943834
0.2848035868435799
0.3351602650938841
0.3944206059437656
0.46415888336127725
0.5462277217684337
0.642807311728432
0.7564633275546291
0.8902150854450375
1.0476157527896641
1.232846739442066
1.4508287784959402
1.7073526474706886
2.009233002565046
2.364489412645407
2.782559402207126
3.274549162877725
3.8535285937105273
4.534878508128582
5.3366992312063015
6.280291441834247
7.390722033525775
8.697490026177835
10.235310218990248
12.045035402587812
14.174741629268048
16.68100537200059
19.630406500402685
23.10129700083158
27.1858824273294
31.992671377973846
37.64935806792464
44.30621457583877
52.14008287999685
61.35907273413163
72.20809018385457
84.97534359086438
100.0
###
0.9467082328204109
0.8178552800622382
0.7063451172533597
0.6108893686364472
0.5299697860632617
0.462094284182013
0.4184327826927825
0.3692105445415635
0.3290557517258444
0.2963633490456468
2.4343686890919782
2.0045477787482993
1.6432834893134152
1.3419836407648447
1.0921476336752627
0.8857485736493587
0.7552927414484217
0.6077569464936823
0.48591769692263365
0.384934991132835
3.367347433585908
2.7187963060761224
2.1816147419598133
1.7399962529660695
1.3788698119671985
1.084599677711929
0.900483824982159
0.6954034484771727
0.5283434771991944
0.39195726202074394
4.095545087986805
3.265943594499882
2.5856542611327784
2.031923572295315
1.583558737017086
1.2219204066347744
0.9977871335830392
0.7506617173557086
0.5518992916211145
0.3919748757898941
4.707788887947348
3.720508584018124
2.9169805365245285
2.2678390366815897
1.7462413228896647
1.328923848670526
1.072228734369549
0.791464258206232
0.568095254720872
0.3907739593894209
5.24311600560868
4.114461681168411
3.2013820660450008
2.468172765578134
1.8828127979465135
1.4175061998543679
1.1331111753334966
0.8241654837164591
0.5806171980464124
0.38940705525907676
5.722694892626274
4.464992677259592
3.452569138565041
2.6437806794390903
2.001361341261207
1.4936018613458137
1.184923202956483
0.8519127002458142
0.5908528820565898
0.38811686767688647
6.15968482708361
4.7825439488410275
3.678734606107377
2.800791188438555
2.106613617500525
1.5606200784984434
1.2302095323465596
0.8752553527304134
0.599544275610747
0.3869567912876454
6.562720715906905
5.074013146809248
3.88530054770051
2.9433661670013884
2.201600699103058
1.6206520611168338
1.270567669217161
0.8961569547614338
0.6071209799836337
0.38592866878297055
6.937919772145861
5.3442176027953625
4.075912448993316
3.074315036006689
2.2883795198022368
1.6751737256990866
1.3070225374845301
0.9148954099865519
0.6138441938792824
0.3850104454330008
7.289829774278918
5.596695005049165
4.25332270007775
3.1956908126363444
2.3684383092114993
1.725214777963396
1.340336923189502
0.9319080252862104
0.6199031985664295
0.3841950279061953
7.621802162507312
5.834112470358768
4.419571029351906
3.3090065092645955
2.4428714362589754
1.771527365615256
1.3710340851319027
0.9475173179501124
0.6254228733620174
0.38346498372067844
7.93654496927642
6.05854234252403
4.576232001714958
3.415435060135029
2.5125180204355964
1.8146831843699636
1.3995566490172004
0.9619380723491364
0.6304941597215887
0.38280653097008643
8.236130346872974
6.27166108357094
4.724557119947873
3.515926093983784
2.5780376308668593
1.8551318421900462
1.4262411061713676
0.9753185231998576
0.6351895901632465
0.38221070158587284
8.522394997907371
6.473275434847402
4.865545609300724
3.6109922238541037
2.6399461356916256
1.8932228900183121
1.451267818952
0.9878531970130822
0.6395642654295389
0.38166708105952396