# datat/BKevo/ATAN_BKevo/atan37.dat
# N(r,Y=0), r, *F2(x,Q^2)
# 1e-05 < r < 100.0
# 1 < Q^2 < 50, n=15, log grid
# 1e-5 < x < 1e-2, n=10, log grid
###
0.004792269192929612
0.0051164314300515485
0.0054593537398896505
0.005826153021625916
0.006219891750391525
0.006637592401358143
0.007083149993966193
0.007561403133544839
0.008070189976577971
0.008611421668079019
0.009192335220007562
0.00981207288855543
0.010469528729120684
0.011175145951484541
0.011930031673350949
0.012728677006858174
0.013585775683523376
0.014505284328669403
0.015475448723558128
0.016516558361478105
0.017634226753260613
0.018815123829004153
0.020079761460723867
0.02143731493768169
0.02287571894280105
0.024411890526330145
0.02606083070474778
0.027812898982699855
0.029678923490998346
0.03168181224205007
0.03381595005928282
0.03608267561302606
0.03851551094903143
0.04111504291220143
0.04386853917232564
0.046823641509981064
0.049990065493809
0.05333489447356792
0.056924412619257195
0.060777986388996785
0.0648445516569687
0.06920472056799787
0.0738853571900979
0.07883865682964393
0.08413496500692888
0.08982020098047445
0.09585357782467527
0.10228702775131092
0.10919247203750285
0.11654135787259595
0.12435601524234714
0.13274340766962
0.14169432882299213
0.15118631077406003
0.16137304360078963
0.17227420465604262
0.18380200664853844
0.19617182486950216
0.20944476304422355
0.22343989169046122
0.2384530966296557
0.25456265376241616
0.2715766693522206
0.28977355416507145
0.3092829796344978
0.32992105611421374
0.35189781399611625
0.37541020193465163
0.40027694573627276
0.4265709443865355
0.45455229849601336
0.48400690917755435
0.5147272851731816
0.5469960935258562
0.580478471109704
0.6144203991386264
0.6490815384564733
0.6839490165999639
0.7174952590885061
0.750154071683933
0.7814173262585187
0.8096012390472359
0.8355004768883691
0.8590283235408436
0.8792771335265407
0.8970006691790977
0.9125809194216906
0.925722050595415
0.9368934026656428
0.9465793850468632
0.9547360763124006
0.96155792655279
0.9674501753965461
0.9724446798066527
0.9765778957303548
0.9801474048595127
0.9832005977508008
0.9857057295587379
0.9878710331467933
0.9897407066941224
###
1e-05
1.1768119524349992e-05
1.3848863713938717e-05
1.6297508346206434e-05
1.917910261672489e-05
2.2570197196339216e-05
2.656087782946684e-05
3.1257158496882356e-05
3.678379771828634e-05
4.328761281083062e-05
5.0941380148163754e-05
5.994842503189409e-05
7.054802310718646e-05
8.302175681319735e-05
9.770099572992247e-05
0.00011497569953977356
0.00013530477745798074
0.00015922827933410923
0.0001873817422860383
0.00022051307399030456
0.00025950242113997375
0.0003053855508833416
0.00035938136638046257
0.0004229242874389499
0.0004977023564332109
0.0005857020818056661
0.0006892612104349695
0.0008111308307896872
0.0009545484566618337
0.0011233240329780276
0.0013219411484660286
0.0015556761439304723
0.0018307382802953678
0.002154434690031882
0.0025353644939701114
0.0029836472402833374
0.003511191734215131
0.004132012400115334
0.004862601580065354
0.005722367659350214
0.006734150657750821
0.007924828983539169
0.0093260334688322
0.010974987654930556
0.01291549665014884
0.01519911082952933
0.01788649529057435
0.0210490414451202
0.02477076355991709
0.029150530628251757
0.034304692863149154
0.040370172585965536
0.047508101621027934
0.05590810182512223
0.06579332246575675
0.0774263682681127
0.09111627561154886
0.10722672220103231
0.1261856883066021
0.14849682622544635
0.1747528400007683
0.20565123083486514
0.24201282647943834
0.2848035868435799
0.3351602650938841
0.3944206059437656
0.46415888336127725
0.5462277217684337
0.642807311728432
0.7564633275546291
0.8902150854450375
1.0476157527896641
1.232846739442066
1.4508287784959402
1.7073526474706886
2.009233002565046
2.364489412645407
2.782559402207126
3.274549162877725
3.8535285937105273
4.534878508128582
5.3366992312063015
6.280291441834247
7.390722033525775
8.697490026177835
10.235310218990248
12.045035402587812
14.174741629268048
16.68100537200059
19.630406500402685
23.10129700083158
27.1858824273294
31.992671377973846
37.64935806792464
44.30621457583877
52.14008287999685
61.35907273413163
72.20809018385457
84.97534359086438
100.0
###
8.808978162594274
8.353499640957015
7.8208232738510395
7.189088144835431
6.432267359095614
5.52743064186699
4.750394000766323
3.628544351938365
2.535999408316604
1.639135278866256
36.82673442326885
34.77684809708246
32.37915554786337
29.534533887003157
26.128399013406536
22.06760079775504
18.617480410016928
13.750603663852804
9.202098551694169
5.651387412005128
63.48437412163622
59.83989528345486
55.57647106580378
50.51767272188474
44.46284310825481
37.26341852639383
31.18426414328473
22.713347305298118
14.946161175952483
9.00970332149218
89.44558528562102
84.20629911757474
78.07672503897443
70.80317829209211
62.101062705074895
51.77623400164533
43.09948594862876
31.112177131702598
20.259925393091596
12.077412847472157
114.93090958356306
108.09665928101685
100.10057771420439
90.61187328073706
79.26407314778639
65.8253490402096
54.575389433879394
39.137461239833726
25.294949869901597
14.87947614661946
140.05387361834437
131.62439202505757
121.76137666202564
110.05758629567804
96.06551609843297
79.52305762656562
65.72050098477183
46.88481755752851
30.125856128412725
17.611708337523293
164.88389940626695
154.85872770556665
143.12931232963516
129.20963671493948
112.57506747537202
92.93795982763214
76.6007054640855
54.41173040213945
34.79635292011752
20.24123852229533
189.46790744570583
177.84724464127805
164.25023171062327
148.1153868171171
128.83976704890318
106.11636986034122
87.26031889131511
61.756552582186316
39.33572915601603
22.787514856873898
213.83950951027114
200.62412498694593
185.15910079844136
166.80872256021496
144.89362332011834
119.09170409566278
97.73118512017317
68.94658811526023
43.764542527959954
25.264135467559036
238.02520037324697
223.21434521569932
205.8815170925828
185.31547760185626
160.7624530789018
131.88913410168283
108.03723591231416
76.00233250005512
48.09822672539993
27.681114532134256
262.0447687875907
245.63830731024586
226.43754652910255
203.65676955938955
176.46631692604697
144.5284379264305
118.19717832893588
82.93961092161844
52.34820083528376
30.046103278346802
285.9144125205183
267.9122644538045
246.84468276210418
221.84658255785558
192.01111168167265
157.02535514248783
128.22596623593756
89.77105379399868
56.52389586950571
32.36512223987678
309.6474392618112
290.04953082652713
267.11242596119155
239.9000872842223
207.42990343450208
169.39281060226241
138.13585767313046
96.50697884180552
60.632869871471904
34.64298918561175
333.25499674959525
312.06126200365435
287.2557466083124
257.8287299550981
222.73655761716196
181.6419408090423
147.9370660042358
103.15591208674424
64.68133793343213
36.88376805162199
356.74651826236055
333.9569036201391
307.2828430177987
275.64055166358025
237.91713375843364
193.78162737657303
157.63821968799516
109.72505159915536
68.67453295995827
39.09076409904629