# datat/BKevo/GBW_BKevo/gbw83.dat
# N(r,Y=0), r, *F2(x,Q^2)
# 1e-05 < r < 100.0
# 1 < Q^2 < 50, n=15, log grid
# 1e-5 < x < 1e-2, n=10, log grid
###
1.6500885041484675e-07
2.005455012484289e-07
2.4387866893398704e-07
2.9652480244973766e-07
3.60404708777551e-07
4.3822634254949986e-07
5.32857374919206e-07
6.476857687175055e-07
7.87442865588784e-07
9.575402863975797e-07
1.1639506458495374e-06
1.4149316817928964e-06
1.7206763197081607e-06
2.0917078152788643e-06
2.5424220826295706e-06
3.0919842253332317e-06
3.758924581710867e-06
4.5683090172753305e-06
5.556114395101247e-06
6.754950719184395e-06
8.209510767635417e-06
9.983910663454424e-06
1.2138820078166887e-05
1.475349731506446e-05
1.7940123035020524e-05
2.1813534080304016e-05
2.6513554584447245e-05
3.2236265650257415e-05
3.9198557120707335e-05
4.764696705993253e-05
5.792385819337194e-05
7.04380372704246e-05
8.562394528501078e-05
0.00010407865752576778
0.00012657125492018464
0.0001538667972931687
0.00018700523407273365
0.00022743078143361403
0.0002764897257722553
0.0003360094417160851
0.0004086409839005394
0.0004968073193077954
0.0006037732416527632
0.0007341742516477864
0.0008925957923136417
0.0010847911053850107
0.0013188514574924226
0.0016034261524918876
0.0019486376155296798
0.002368575433916235
0.002879489366965968
0.003499145623569356
0.004251994157844468
0.005168397408328376
0.006279413577098663
0.007627249447945015
0.009268162263107513
0.011256083382699924
0.013663276282021764
0.016592520334952836
0.020136383288498556
0.02442021144308894
0.02961738317656418
0.03589328083449534
0.04345717184225406
0.052588347353107585
0.0635707506642055
0.07673611024988843
0.09250357241111942
0.11131441833583208
0.13364599184021084
0.16004259600705786
0.19104392929852104
0.22720677722124455
0.2690192258841151
0.3166923746599635
0.3705701358609
0.43057011908876625
0.495308475294523
0.5644286836763817
0.6364567417894159
0.7069428215439675
0.7747898988283544
0.8374000379984458
0.8894165172025286
0.930734515621412
0.9614450804795406
0.9807257212075211
0.9915195743803484
0.9970165918093616
0.999161575367378
0.9997959404116175
0.9999667870715255
0.9999970338653956
0.9999997275125883
0.9999999866054152
0.9999999998903858
0.9999999999980711
0.9999999999999858
1.0
###
1e-05
1.1768119524349992e-05
1.3848863713938717e-05
1.6297508346206434e-05
1.917910261672489e-05
2.2570197196339216e-05
2.656087782946684e-05
3.1257158496882356e-05
3.678379771828634e-05
4.328761281083062e-05
5.0941380148163754e-05
5.994842503189409e-05
7.054802310718646e-05
8.302175681319735e-05
9.770099572992247e-05
0.00011497569953977356
0.00013530477745798074
0.00015922827933410923
0.0001873817422860383
0.00022051307399030456
0.00025950242113997375
0.0003053855508833416
0.00035938136638046257
0.0004229242874389499
0.0004977023564332109
0.0005857020818056661
0.0006892612104349695
0.0008111308307896872
0.0009545484566618337
0.0011233240329780276
0.0013219411484660286
0.0015556761439304723
0.0018307382802953678
0.002154434690031882
0.0025353644939701114
0.0029836472402833374
0.003511191734215131
0.004132012400115334
0.004862601580065354
0.005722367659350214
0.006734150657750821
0.007924828983539169
0.0093260334688322
0.010974987654930556
0.01291549665014884
0.01519911082952933
0.01788649529057435
0.0210490414451202
0.02477076355991709
0.029150530628251757
0.034304692863149154
0.040370172585965536
0.047508101621027934
0.05590810182512223
0.06579332246575675
0.0774263682681127
0.09111627561154886
0.10722672220103231
0.1261856883066021
0.14849682622544635
0.1747528400007683
0.20565123083486514
0.24201282647943834
0.2848035868435799
0.3351602650938841
0.3944206059437656
0.46415888336127725
0.5462277217684337
0.642807311728432
0.7564633275546291
0.8902150854450375
1.0476157527896641
1.232846739442066
1.4508287784959402
1.7073526474706886
2.009233002565046
2.364489412645407
2.782559402207126
3.274549162877725
3.8535285937105273
4.534878508128582
5.3366992312063015
6.280291441834247
7.390722033525775
8.697490026177835
10.235310218990248
12.045035402587812
14.174741629268048
16.68100537200059
19.630406500402685
23.10129700083158
27.1858824273294
31.992671377973846
37.64935806792464
44.30621457583877
52.14008287999685
61.35907273413163
72.20809018385457
84.97534359086438
100.0
###
2.076005710132953
1.8055791635144876
1.5520411897107957
1.318729270647067
1.1080360974379548
0.9214804072342143
0.7974265463191554
0.6527149407077042
0.5302788137448992
0.42807518660865196
6.756053032610061
5.679983897847202
4.709591535171794
3.85319640951362
3.112858003352757
2.485441451623677
2.0841888524097145
1.6331373467926527
1.2672641018252855
0.9740686392158344
10.35198324555636
8.576980482667514
7.005086550408109
5.643406635239163
4.488018766047429
3.52650223115031
2.9212183064482096
2.251171137126473
1.7166685239412987
1.295410604305006
13.456757450593074
11.044464138193067
8.933667303345418
7.126913300387205
5.612193081707111
4.366204476998613
3.5895283812030994
2.7378992945830714
2.0656978246317625
1.5413932392743472
16.251465597194382
13.245488986658717
10.638129156020865
8.426570406773148
6.588413765292482
5.089002597183113
4.1611000217329295
3.150536464807891
2.3590261072426393
1.7463036410521728
18.825058611206753
15.25803617432525
12.186306577385922
9.5990785869872
7.463513661809953
5.732720048092465
4.667731836094702
3.514066524237985
2.6158099867841202
1.9245574004745651
21.227870164272066
17.12725052349977
13.616511501959067
10.676546360793077
8.263530912942862
6.318345441500854
5.126931354273779
3.8419474088039056
2.8463277250006396
2.0837699479207585
23.494421478564778
18.882126773179383
14.95328702451324
11.67946314208175
9.00486673085482
6.85885505548071
5.549514393530598
4.142461749105996
3.0567969872159986
2.228611646932129
25.647701905512697
20.542942896330732
16.21358789206021
12.621461793703652
9.698884828681665
7.36309420759626
5.942704131134461
4.421122664513802
3.251356102755622
2.3620857657155554
27.705021012800994
22.124433752702913
17.409625492416158
13.512692387643302
10.35347965210209
7.837291190789418
6.311669400098548
4.681950685924546
3.432909965300383
2.4863063821018017
29.67939504929981
23.637502581578573
18.551411590844587
14.360796394536617
10.97481047235486
8.286072001706712
6.660237770621254
4.927696909867469
3.603581512460685
2.602803444780711
31.581357189894323
25.090859721201085
19.644844177241477
15.170675560864257
11.56700346459527
8.713006398657676
6.991270278242049
5.160593826965393
3.7649770753494707
2.712744628777354
33.41834068545916
26.49172549982182
20.696130058267872
15.948723733695067
12.134000044430087
9.120883412505098
7.307035098996644
5.382319642341215
3.91832712574039
2.8170303552632308
35.19775338790752
27.84558724701201
21.708372599918793
16.697198913620262
12.67863062486598
9.511957697774694
7.6093979002812695
5.594323134110262
4.064684544238519
2.916402021260099
36.92505246848751
29.157077105803644
22.690505927147065
17.41937534867839
13.203341986029631
9.887923146648795
7.89980882486783
5.797581149284278
4.2048019132277235
3.0113821321251737