# datat/BKevo/ATAN_BKevo/atan34.dat
# N(r,Y=0), r, *F2(x,Q^2)
# 1e-05 < r < 100.0
# 1 < Q^2 < 50, n=15, log grid
# 1e-5 < x < 1e-2, n=10, log grid
###
3.7033426799844703e-10
4.799046486525493e-10
6.233660304954454e-10
8.091375545128687e-10
1.0487596013457078e-09
1.361615112616611e-09
1.7678105644404362e-09
2.2918335187729e-09
2.97405436961697e-09
3.8621914426986065e-09
5.008136162846281e-09
6.49570841426185e-09
8.437550199012636e-09
1.0943467452422236e-08
1.4186882746326064e-08
1.843245712119516e-08
2.3912189728954936e-08
3.09834685487618e-08
4.026559965825192e-08
5.224793496720654e-08
6.770024273069837e-08
8.795670839742418e-08
1.1415740919052506e-07
1.4795076354604864e-07
1.9212655746500258e-07
2.4941586297540634e-07
3.2331838105170074e-07
4.196519461262982e-07
5.44915084187544e-07
7.065283591976489e-07
9.165881849036429e-07
1.1904692178374387e-06
1.5438838736336385e-06
2.0018991499130944e-06
2.6007096499468343e-06
3.373535519921927e-06
4.372127265546147e-06
5.681325549042561e-06
7.3712531322879225e-06
9.550422922245715e-06
1.2410556925730105e-05
1.6105804022256186e-05
2.08715664440877e-05
2.710916626887642e-05
3.518908431316162e-05
4.561134978028902e-05
5.921386346421567e-05
7.688060313688528e-05
9.967234410656655e-05
0.0001293334415890891
0.0001679600402687149
0.00021779925980391503
0.0002824705398615853
0.0003669173070771969
0.00047589162647349416
0.0006168743370894084
0.0008014646062110802
0.0010396885763649401
0.001346932110142922
0.0017502661618099638
0.002270765299137617
0.0029417070702744785
0.003820274679833714
0.004955989030497428
0.006419089036193061
0.008327327969800243
0.010796684747827363
0.013972017850170632
0.01808926851351543
0.023408881210071213
0.030214717969354946
0.03894830522809511
0.050138253052399176
0.06426801354439249
0.08202758523264786
0.10422843700887077
0.13140853616897277
0.1641932783376896
0.20292851508749757
0.2475486769840526
0.2977129411938521
0.3516380451249762
0.4084706542264489
0.4668218689998399
0.5235700429376762
0.5781806139524931
0.630065576533407
0.6771195370367575
0.7194935873313604
0.7579019359938258
0.7915669901723726
0.820679319307506
0.8464548375579749
0.8687875235249058
0.8876309366262968
0.9041334397779911
0.918422595731956
0.9302818690681952
0.940615358016545
0.9496004126044404
###
1e-05
1.1768119524349992e-05
1.3848863713938717e-05
1.6297508346206434e-05
1.917910261672489e-05
2.2570197196339216e-05
2.656087782946684e-05
3.1257158496882356e-05
3.678379771828634e-05
4.328761281083062e-05
5.0941380148163754e-05
5.994842503189409e-05
7.054802310718646e-05
8.302175681319735e-05
9.770099572992247e-05
0.00011497569953977356
0.00013530477745798074
0.00015922827933410923
0.0001873817422860383
0.00022051307399030456
0.00025950242113997375
0.0003053855508833416
0.00035938136638046257
0.0004229242874389499
0.0004977023564332109
0.0005857020818056661
0.0006892612104349695
0.0008111308307896872
0.0009545484566618337
0.0011233240329780276
0.0013219411484660286
0.0015556761439304723
0.0018307382802953678
0.002154434690031882
0.0025353644939701114
0.0029836472402833374
0.003511191734215131
0.004132012400115334
0.004862601580065354
0.005722367659350214
0.006734150657750821
0.007924828983539169
0.0093260334688322
0.010974987654930556
0.01291549665014884
0.01519911082952933
0.01788649529057435
0.0210490414451202
0.02477076355991709
0.029150530628251757
0.034304692863149154
0.040370172585965536
0.047508101621027934
0.05590810182512223
0.06579332246575675
0.0774263682681127
0.09111627561154886
0.10722672220103231
0.1261856883066021
0.14849682622544635
0.1747528400007683
0.20565123083486514
0.24201282647943834
0.2848035868435799
0.3351602650938841
0.3944206059437656
0.46415888336127725
0.5462277217684337
0.642807311728432
0.7564633275546291
0.8902150854450375
1.0476157527896641
1.232846739442066
1.4508287784959402
1.7073526474706886
2.009233002565046
2.364489412645407
2.782559402207126
3.274549162877725
3.8535285937105273
4.534878508128582
5.3366992312063015
6.280291441834247
7.390722033525775
8.697490026177835
10.235310218990248
12.045035402587812
14.174741629268048
16.68100537200059
19.630406500402685
23.10129700083158
27.1858824273294
31.992671377973846
37.64935806792464
44.30621457583877
52.14008287999685
61.35907273413163
72.20809018385457
84.97534359086438
100.0
###
0.9439167991802944
0.7842729557451409
0.6450310415524138
0.5254031099566135
0.4240394997521126
0.33921772684627877
0.2853163871303262
0.2248121629368932
0.17556993655191516
0.13582974600615794
2.5476322927856434
2.0372517021052867
1.6115997505595052
1.2616289869975592
0.9775596069137057
0.7495972421655178
0.6098884522310676
0.45847799494424524
0.3400754638667706
0.2482140653359969
3.607114510398959
2.841123647242167
2.2134337091084793
1.7060775619398878
1.3010393195693875
0.9812230131353742
0.787973470826217
0.5813968171435412
0.4224271984813797
0.30110016179587845
4.456135051743924
3.476684297348681
2.6828303534015805
2.047914392742084
1.5462427487200334
1.1541081320312296
0.9192225931430899
0.6703502310651412
0.48076615028452835
0.33760079135496074
5.1829548725925205
4.015994009768875
3.077592071785526
2.332825741394534
1.7486755128671876
1.295429688562559
1.0256618278015426
0.7416315492739314
0.5268912015849578
0.3659915788068346
5.8272273131413215
4.490949502153274
3.422986280604255
2.580423249061058
1.9233894583072126
1.416479503215288
1.1162974827328318
0.8018141505150037
0.5654483253088421
0.38944363664455356
6.410895768041586
4.91899886716519
3.732656800215839
2.801242915479507
2.078353203160298
1.5232538347265256
1.195871254053001
0.8542811490275207
0.5988032920658887
0.4095643773351049
6.947603590804741
5.310946812421057
4.014998423396856
3.0016965331971983
2.2183879013370027
1.6192574729480707
1.2671412903787787
0.9010278671346211
0.6283383549234072
0.4272347895406299
7.446597971607432
5.674017139596852
4.275586594060284
3.186023869842076
2.3466621185043968
1.7068571437593727
1.3319530202060845
0.9433390624530181
0.6549308182784828
0.4430500714250575
7.914336881386785
6.01331273175058
4.518343368206025
3.357184864117245
2.4653792266701817
1.7876390889636626
1.3915579847102
0.9820918800890992
0.6791724568477266
0.4573912043289406
8.355717676341905
6.332612717822734
4.7461992458742674
3.517360789719013
2.5761506419158486
1.862805987928641
1.4468661269951435
1.0179166603115923
0.7014992061395368
0.47053964946046795
8.774488521064514
6.634793304675066
4.961279110301973
3.668193086810278
2.6801870615186427
1.933091899302072
1.4985548285901844
1.0512931259212506
0.7222238405290453
0.4826942971277299
9.173546350744871
6.922114196874063
5.165321968801857
3.810958670419574
2.7784256833518755
1.9993758427146495
1.5471490620761474
1.0825785600657947
0.7415887371962951
0.49400918401521954
9.55524380960788
7.196247296623598
5.359695593454864
3.9466704240600365
2.8716146119816304
2.0621134501938925
1.59306480541888
1.1120596661312627
0.7597817656316532
0.5046063347025733
9.921499881619045
7.458956595662562
5.545515748140425
4.076189059320889
2.960323418370458
2.1217288698518124
1.6365588135197038
1.1399604015806102
0.7769548576313143
0.5145782043306598