# datat/BKevo/GBW_BKevo/gbw87.dat
# N(r,Y=0), r, *F2(x,Q^2)
# 1e-05 < r < 100.0
# 1 < Q^2 < 50, n=15, log grid
# 1e-5 < x < 1e-2, n=10, log grid
###
9.80474141185408e-16
1.5269901590220718e-15
2.3288931236641312e-15
3.7444931541603424e-15
5.9048935820158786e-15
9.368435336660075e-15
1.4765876141288192e-14
2.3142607602624642e-14
3.657907693963422e-14
5.790907115201001e-14
9.10045145006844e-14
1.431980686265029e-13
2.272138362621587e-13
3.5751591423598073e-13
5.613510509099625e-13
8.917078529112699e-13
1.404694179200967e-12
2.1997760106521862e-12
3.4989812223642217e-12
5.518530938799659e-12
8.642443014859671e-12
1.3727172215516433e-11
2.1676580264790433e-11
3.398189812863487e-11
5.3843538322881227e-11
8.513041366375889e-11
1.3359675020823885e-10
2.1115030612183962e-10
3.3427230755729613e-10
5.251439732218943e-10
8.278522094669772e-10
1.3123089426599012e-09
2.0639229071541426e-09
3.2449973821034125e-09
5.1509738478134606e-09
8.110345769831557e-09
1.2716661359570118e-08
2.021425978904581e-08
3.186502133081939e-08
4.9881347457505745e-08
7.931203612784837e-08
1.2517456505163025e-07
1.9614535290748822e-07
3.111218430852361e-07
4.916352048740014e-07
7.711775086532772e-07
1.2201950030678977e-06
1.930601425261551e-06
3.031553827992373e-06
4.784450443442461e-06
7.579877504468156e-06
1.1915384053081772e-05
1.875574459857379e-05
2.9754090343443637e-05
4.682487125591659e-05
7.35065935981124e-05
0.00011677045246498025
0.00018397217676938629
0.00028799113978832656
0.00045811691141706004
0.0007225468891494682
0.0011314877019812548
0.0017960102624941722
0.002835004032893934
0.004441472049867385
0.0070255765495885105
0.011086192832674407
0.017346087505143038
0.027263498069496312
0.04280822801172645
0.06644143130503664
0.10264923666158993
0.15753684426460293
0.23635431031302845
0.3455564368579094
0.487212801344305
0.6499080368676602
0.809913497069811
0.9225016087021725
0.980727336711054
0.998424219976732
0.9999338146277686
0.999999208664644
0.9999999993601109
0.9999999999999999
1.0
1.0
1.0
1.0
1.0
1.0
1.0
1.0
1.0
1.0
1.0
1.0
1.0
1.0
1.0
###
1e-05
1.1768119524349992e-05
1.3848863713938717e-05
1.6297508346206434e-05
1.917910261672489e-05
2.2570197196339216e-05
2.656087782946684e-05
3.1257158496882356e-05
3.678379771828634e-05
4.328761281083062e-05
5.0941380148163754e-05
5.994842503189409e-05
7.054802310718646e-05
8.302175681319735e-05
9.770099572992247e-05
0.00011497569953977356
0.00013530477745798074
0.00015922827933410923
0.0001873817422860383
0.00022051307399030456
0.00025950242113997375
0.0003053855508833416
0.00035938136638046257
0.0004229242874389499
0.0004977023564332109
0.0005857020818056661
0.0006892612104349695
0.0008111308307896872
0.0009545484566618337
0.0011233240329780276
0.0013219411484660286
0.0015556761439304723
0.0018307382802953678
0.002154434690031882
0.0025353644939701114
0.0029836472402833374
0.003511191734215131
0.004132012400115334
0.004862601580065354
0.005722367659350214
0.006734150657750821
0.007924828983539169
0.0093260334688322
0.010974987654930556
0.01291549665014884
0.01519911082952933
0.01788649529057435
0.0210490414451202
0.02477076355991709
0.029150530628251757
0.034304692863149154
0.040370172585965536
0.047508101621027934
0.05590810182512223
0.06579332246575675
0.0774263682681127
0.09111627561154886
0.10722672220103231
0.1261856883066021
0.14849682622544635
0.1747528400007683
0.20565123083486514
0.24201282647943834
0.2848035868435799
0.3351602650938841
0.3944206059437656
0.46415888336127725
0.5462277217684337
0.642807311728432
0.7564633275546291
0.8902150854450375
1.0476157527896641
1.232846739442066
1.4508287784959402
1.7073526474706886
2.009233002565046
2.364489412645407
2.782559402207126
3.274549162877725
3.8535285937105273
4.534878508128582
5.3366992312063015
6.280291441834247
7.390722033525775
8.697490026177835
10.235310218990248
12.045035402587812
14.174741629268048
16.68100537200059
19.630406500402685
23.10129700083158
27.1858824273294
31.992671377973846
37.64935806792464
44.30621457583877
52.14008287999685
61.35907273413163
72.20809018385457
84.97534359086438
100.0
###
1.2472162052929294
1.0989884134588048
0.9683485362865708
0.8546308183200274
0.7567832052731855
0.6735254775174309
0.6198276363732235
0.5587625288234173
0.5085103875895641
0.46790995978946137
3.433603096378779
2.8978122747842106
2.4377338628365233
2.046473430544931
1.7163504271241385
1.4394296311949009
1.2620489289706027
1.0602723724360126
0.8923327772290653
0.7523644905945164
4.874405983441483
4.037784955932253
3.3293095015628027
2.7346478636935565
2.2388420594066805
1.8276571014270715
1.5666393867315338
1.271963157931232
1.0284448059680324
0.826814195999762
6.022823907024968
4.929607989381829
4.0125118062010525
3.2497724452348167
2.6195465555414033
2.101276939848088
1.7747016345262923
1.4086299819454817
1.1085871930084497
0.8621932166618508
7.001282230694635
5.6800936840372
4.57979456829763
3.6710722359384036
2.9254791693725264
2.316515025024462
1.9351509380349812
1.5103045816170635
1.1646666061979951
0.8835820135541932
7.864989305099571
6.336523947168617
5.071028713124066
4.031900115955423
3.1841231564964074
2.495723985919267
2.066823663808555
1.5916428915499183
1.207586233804045
0.8970381715410001
8.644559561011942
6.924727726303252
5.507726997492002
4.3498655568057
3.4098000161663085
2.6502219803374323
2.179131266248634
1.6596533826731177
1.2422757649856722
0.9070398695402124
9.359060023192207
7.460593395525563
5.903016751020928
4.6356211215000656
3.6109801867511213
2.786630499003524
2.277406414871572
1.718239475331014
1.2713576360757786
0.9146058304613593
10.021328540040793
7.95476211479757
6.265570988940799
4.896037128313767
3.793114348576381
2.909133980640508
2.365018606406719
1.7697938669351188
1.2963833011204675
0.9205557295256155
10.640516252518031
8.41472092663712
6.601418901030919
5.136099440038745
3.959965389746887
3.020575359560756
2.444222391352463
1.8158889251108037
1.3183440193610578
0.925359516258774
11.22338906392977
8.846012899596547
6.915007105017461
5.359225552407957
4.114277573452948
3.1230049181825628
2.5166258420281835
1.8576264953113009
1.3379102989804335
0.9293455407645782
11.775074722291858
9.25281909892818
7.20969665248215
5.568050864612658
4.2580135028315835
3.2179164910141127
2.583389266160857
1.8958573064089228
1.355554990181481
0.9327090642808573
12.299665865720042
9.638431366000397
7.48809363743063
5.7646146153987
4.3927509875656625
3.306457187035066
2.645418897727974
1.9310392696685141
1.371622490520474
0.9355902312701634
12.800407326945892
10.005474678946603
7.75227486799227
5.950503093493999
4.519718310506623
3.389521747342736
2.7033770864806734
1.9637114719737092
1.3863751560512385
0.9380958213160032
13.279969552393297
10.355951062737656
8.003907918361893
6.12705206976823
4.6399020993397855
3.467812741907961
2.757811632762117
1.9942064863613258
1.4000066106287754
0.9402854750233778