# datat/BKevo/ATAN_BKevo/atan21.dat
# N(r,Y=0), r, *F2(x,Q^2)
# 1e-05 < r < 100.0
# 1 < Q^2 < 50, n=15, log grid
# 1e-5 < x < 1e-2, n=10, log grid
###
1.5270493025799122e-05
1.7398589238482895e-05
1.981554226685927e-05
2.2570679746276725e-05
2.5715167770397154e-05
2.9289826818961726e-05
3.3360978360629015e-05
3.800731488615567e-05
4.329425554852009e-05
4.9310055114734513e-05
5.617557481433366e-05
6.399505082784871e-05
7.28844324729569e-05
8.302910941395058e-05
9.459433957114689e-05
0.00010772999837900578
0.00012272011742222347
0.00013982556053048533
0.00015923595175114326
0.0001813859658729415
0.00020666727992957247
0.00023536842968541741
0.0002680983544424949
0.00030545410327528533
0.000347902787237401
0.0003962663279615189
0.00045146355683840534
0.0005142451824520503
0.000585710159524756
0.0006672705196564736
0.000760125302543018
0.0008657269083513294
0.0009862424420696164
0.0011235768615746365
0.00127962186794926
0.0014576993259892324
0.0016608217608739706
0.00189140688896199
0.002154540821317775
0.002454877352869001
0.0027957017388184533
0.0031845199888851008
0.0036282968604578443
0.004132369965157897
0.004706906949977276
0.00536263308131858
0.006108152231005774
0.006957117760896296
0.007926021173952665
0.009028638726379584
0.010283109562576876
0.011714755266781257
0.01334550610547893
0.015199137891373001
0.017314474282042233
0.019726243913241754
0.02246505838267708
0.02559034707040646
0.02915683099632139
0.03320291649727218
0.03781937628554209
0.04308739771723201
0.049066810088623306
0.05588203725424912
0.0636563681555008
0.07248430034886003
0.08253023685597556
0.09397958235162109
0.10697577621301459
0.12172430428683571
0.1384939781674364
0.15748423197619488
0.17890937303854965
0.20312492885025293
0.23035019776338303
0.26065124395491757
0.2943974342874187
0.33166781746516566
0.3718888182856237
0.41525714291227556
0.46136572414002147
0.5083927862275974
0.5562576426635654
0.6040876060521572
0.6494975677485645
0.6924371499398746
0.7326454645661983
0.7685798668000935
0.8005163339148267
0.8291274365313691
0.8539031276460696
0.8750809352742487
0.8936497926647892
0.9095858088672271
0.9229080179602077
0.9344910240157247
0.9444531175879101
0.9526659774490689
0.9597868014414122
0.9659509438800032
###
1e-05
1.1768119524349992e-05
1.3848863713938717e-05
1.6297508346206434e-05
1.917910261672489e-05
2.2570197196339216e-05
2.656087782946684e-05
3.1257158496882356e-05
3.678379771828634e-05
4.328761281083062e-05
5.0941380148163754e-05
5.994842503189409e-05
7.054802310718646e-05
8.302175681319735e-05
9.770099572992247e-05
0.00011497569953977356
0.00013530477745798074
0.00015922827933410923
0.0001873817422860383
0.00022051307399030456
0.00025950242113997375
0.0003053855508833416
0.00035938136638046257
0.0004229242874389499
0.0004977023564332109
0.0005857020818056661
0.0006892612104349695
0.0008111308307896872
0.0009545484566618337
0.0011233240329780276
0.0013219411484660286
0.0015556761439304723
0.0018307382802953678
0.002154434690031882
0.0025353644939701114
0.0029836472402833374
0.003511191734215131
0.004132012400115334
0.004862601580065354
0.005722367659350214
0.006734150657750821
0.007924828983539169
0.0093260334688322
0.010974987654930556
0.01291549665014884
0.01519911082952933
0.01788649529057435
0.0210490414451202
0.02477076355991709
0.029150530628251757
0.034304692863149154
0.040370172585965536
0.047508101621027934
0.05590810182512223
0.06579332246575675
0.0774263682681127
0.09111627561154886
0.10722672220103231
0.1261856883066021
0.14849682622544635
0.1747528400007683
0.20565123083486514
0.24201282647943834
0.2848035868435799
0.3351602650938841
0.3944206059437656
0.46415888336127725
0.5462277217684337
0.642807311728432
0.7564633275546291
0.8902150854450375
1.0476157527896641
1.232846739442066
1.4508287784959402
1.7073526474706886
2.009233002565046
2.364489412645407
2.782559402207126
3.274549162877725
3.8535285937105273
4.534878508128582
5.3366992312063015
6.280291441834247
7.390722033525775
8.697490026177835
10.235310218990248
12.045035402587812
14.174741629268048
16.68100537200059
19.630406500402685
23.10129700083158
27.1858824273294
31.992671377973846
37.64935806792464
44.30621457583877
52.14008287999685
61.35907273413163
72.20809018385457
84.97534359086438
100.0
###
3.3921046762525626
2.9309233406537554
2.4765686803450535
2.0416779246459384
1.6405853285818652
1.2845632208859867
1.0523152759429735
0.7910564055010617
0.58308869145602
0.4228155512706738
12.46904862722469
10.467859820380484
8.559044637944966
6.8056892413311125
5.263073057391506
3.9625856165455353
3.1524601160720103
2.2802025707017597
1.6186747285578849
1.1309451260548589
20.23948497526526
16.773987167278083
13.521737492096648
10.59148199032924
8.066812671374167
5.983036419245469
4.707926447544901
3.358339930691217
2.352767495679479
1.623051561430848
27.36388020546408
22.486110697383673
17.959549365530453
13.933552694942652
10.511794612964664
7.7245249834929215
6.0387569048691825
4.271378113553767
2.9691478735513437
2.0331480357959353
34.05907798547773
27.808362083958436
22.058787920146745
16.994155166850657
12.732181212323775
9.29487383243035
7.2325455776875405
5.085729723224684
3.5160297925678607
2.395398829688619
40.432386784853975
32.8432968904374
25.911074584632665
19.852102738568476
14.793498173807041
10.744764579213527
8.330798970752546
5.831743837002991
4.015118602407237
2.725010419521648
46.55286689690731
37.65385348792435
29.57096795266877
22.55358094723076
16.73294450262755
12.103231024718722
9.357014717367855
6.526516010218543
4.478724111841981
3.030402551612982
52.46337141991686
42.27760034370501
33.07432969336516
25.128282447526654
18.574592836153457
13.388849786450434
10.326082458108084
7.180858976856723
4.914311793057877
3.3168739928114785
58.19574646484919
46.742761834154535
36.446449647825794
27.599820591472245
20.33531035166378
14.614481517404945
11.248157808393609
7.8021621000800785
5.327239381971174
3.5879829306846496
63.7748477347824
51.074552811088154
39.70604282572719
29.980087240656466
22.036021713167525
15.789433081948609
12.128817922475694
8.395741916471923
5.721121119672554
3.846269435454848
69.21637574070138
55.28850651700689
42.86749916729988
32.28235284428262
23.65987361607356
16.920642033453205
12.977312915559072
8.965586414716071
6.0987556752625975
4.09363368926623
74.5369185732029
59.3974106329359
45.94216879632898
34.51622733111327
25.24015898927138
18.013999519045758
13.798063271071765
9.514798614754387
6.462290756386309
4.331550787541057
79.74629287273231
63.412098531622235
48.93960675126481
36.6870852667063
26.77521998453811
19.073488394078016
14.590750715154373
10.045832332906224
6.813177239636796
4.561087800573378
84.85969847721216
67.34508689409417
51.86670770658932
38.804894688699655
28.268031396882805
20.102801362405387
15.358140395921467
10.56067168232716
7.153258167651945
4.783384317087119
89.88041180872557
71.19675485153682
54.73013483320062
40.872672908612294
29.723528148791466
21.10471648698504
16.106517458434674
11.060940322578265
7.483443505173673
4.998932028303727