# datat/BKevo/ATAN_BKevo/atan38.dat
# N(r,Y=0), r, *F2(x,Q^2)
# 1e-05 < r < 100.0
# 1 < Q^2 < 50, n=15, log grid
# 1e-5 < x < 1e-2, n=10, log grid
###
0.00033182233604658683
0.00036599311535121404
0.00040344792185106833
0.00044480575622615873
0.0004905835744204598
0.000540855244761011
0.0005962646143227802
0.0006575925943913856
0.000725067597890974
0.0007993031688327642
0.00088146414754456
0.0009720303908652868
0.0010714894462374037
0.0011815612105954935
0.0013031220314265938
0.0014363759681163078
0.0015838412008728174
0.0017470053428634254
0.0019255386355845616
0.0021231021531829502
0.002341795378699517
0.002581310347347187
0.002845994088106369
0.0031389714543201804
0.003460446108766238
0.0038150562800251756
0.0042075531229670326
0.004639037082908171
0.0051141299683776275
0.005639955445043638
0.0062190992293904325
0.0068556151572110756
0.007560065575574977
0.008337407233662582
0.00919019980869248
0.010133961954423584
0.011177338861221853
0.012319903696332294
0.01358428446911443
0.014983922604912658
0.0165155656514674
0.018209498212492365
0.02008454438402833
0.022140285557611983
0.024409713687504858
0.02692165635062845
0.02968084019110852
0.03272128160428065
0.03608644414006801
0.03978975399208123
0.04386309596492678
0.048371189916689206
0.05334152658072176
0.05879839546729365
0.06483717534084077
0.0715073818246054
0.07881663525605834
0.08690420692411381
0.09585321889784924
0.10563975189857557
0.11646528181542515
0.1284424704007526
0.14155224076741854
0.15602137709830016
0.17201551786224417
0.18953206251567162
0.20879598755980847
0.23004197318185243
0.25327692752284486
0.2786646194977519
0.30650279569235594
0.336756934838076
0.3693622358592701
0.404612502152115
0.44228363094460094
0.4816905289463344
0.5230046829579678
0.5656417952434476
0.6078173335793244
0.6497778646447194
0.690760938845492
0.7284968760713718
0.7637302324725821
0.7961882762097932
0.8245105001321047
0.8495660985859299
0.8717858919708505
0.8906830896925747
0.9068556357309545
0.9209517054210871
0.9328796821366199
0.9428968350743082
0.9515759552525281
0.9589534223042228
0.9650741387265144
0.9703698933328468
0.9749070930156167
0.978635663362083
0.9818620271440459
0.984650597703246
###
1e-05
1.1768119524349992e-05
1.3848863713938717e-05
1.6297508346206434e-05
1.917910261672489e-05
2.2570197196339216e-05
2.656087782946684e-05
3.1257158496882356e-05
3.678379771828634e-05
4.328761281083062e-05
5.0941380148163754e-05
5.994842503189409e-05
7.054802310718646e-05
8.302175681319735e-05
9.770099572992247e-05
0.00011497569953977356
0.00013530477745798074
0.00015922827933410923
0.0001873817422860383
0.00022051307399030456
0.00025950242113997375
0.0003053855508833416
0.00035938136638046257
0.0004229242874389499
0.0004977023564332109
0.0005857020818056661
0.0006892612104349695
0.0008111308307896872
0.0009545484566618337
0.0011233240329780276
0.0013219411484660286
0.0015556761439304723
0.0018307382802953678
0.002154434690031882
0.0025353644939701114
0.0029836472402833374
0.003511191734215131
0.004132012400115334
0.004862601580065354
0.005722367659350214
0.006734150657750821
0.007924828983539169
0.0093260334688322
0.010974987654930556
0.01291549665014884
0.01519911082952933
0.01788649529057435
0.0210490414451202
0.02477076355991709
0.029150530628251757
0.034304692863149154
0.040370172585965536
0.047508101621027934
0.05590810182512223
0.06579332246575675
0.0774263682681127
0.09111627561154886
0.10722672220103231
0.1261856883066021
0.14849682622544635
0.1747528400007683
0.20565123083486514
0.24201282647943834
0.2848035868435799
0.3351602650938841
0.3944206059437656
0.46415888336127725
0.5462277217684337
0.642807311728432
0.7564633275546291
0.8902150854450375
1.0476157527896641
1.232846739442066
1.4508287784959402
1.7073526474706886
2.009233002565046
2.364489412645407
2.782559402207126
3.274549162877725
3.8535285937105273
4.534878508128582
5.3366992312063015
6.280291441834247
7.390722033525775
8.697490026177835
10.235310218990248
12.045035402587812
14.174741629268048
16.68100537200059
19.630406500402685
23.10129700083158
27.1858824273294
31.992671377973846
37.64935806792464
44.30621457583877
52.14008287999685
61.35907273413163
72.20809018385457
84.97534359086438
100.0
###
6.0147389318944
5.461854676241863
4.864042301042563
4.226097394584512
3.5601600839725096
2.890874401291843
2.4072405027175527
1.8211886495599383
1.3287470480683226
0.9422534472326296
24.245811536727615
21.753468474498433
19.06255333571024
16.21027191364341
13.28026425361137
10.41946092725439
8.423358907829364
6.10572340670983
4.256196452249775
2.8797992660808878
41.11108571662301
36.67789717559786
31.899702955445903
26.860364053602964
21.73411913731554
16.799726620972333
13.421811522756824
9.568287367123094
6.556991800816237
4.361739294913611
57.27636610366892
50.902687717535755
44.04406957422968
36.83979267832336
29.565057275683913
22.637419430414432
17.948611708068928
12.663489455922866
8.588536936024612
5.6554758200385775
72.96314439665504
64.6499050579027
55.71752961867325
46.36718018270513
36.98165378048498
28.118558533920954
22.171025458397814
15.526524203734613
10.453199515612877
6.834640269472041
88.2854206396005
78.03376322868355
67.0338657681649
55.55417627075584
44.08934212596121
33.33682630727104
26.1715408054942
18.222584444020132
12.199325755872477
7.933449241114743
103.31307491947389
91.1244849236122
78.06341932621713
64.46876782090072
50.95180610018011
38.348765484288485
29.9990051120898
20.789781679041546
13.854801283813842
8.967325620415956
118.09342432348068
103.96926575429936
88.85197114756423
73.15670528975785
57.61162312726219
43.19147501573161
33.68535981553184
23.252724570684318
15.437581561621508
9.96053722937323
132.6606667564549
116.60241134004524
99.43452183904672
81.65087255601071
64.0989988270291
47.891302248565076
37.25341288691276
25.628627800228934
16.960107871826057
10.909896833036576
147.04067326632224
129.0498135804197
109.83633619801053
89.97601965102719
70.43706042942806
52.467844947070816
40.719798474201426
27.930465882958476
18.431461772185934
11.819485167506185
161.25372742212977
141.33176372545987
120.07856265405589
98.15145966921246
76.64334999517207
56.936344500606644
44.09738882503144
30.167843772767156
19.858548372806197
12.711712233334518
175.31614790426136
153.46455747455784
130.17565745568953
106.19176747407393
82.73197383027637
61.30882020164179
47.39630049967739
32.34834956570297
21.24665095477261
13.565349200182602
189.241333593745
165.46162855335598
140.1415702939131
114.1112925396005
88.71443197028292
65.59494119846832
50.624811481737005
34.478151518718235
22.60018380139463
14.41017927406778
203.04051882651933
177.33420456537658
149.9873642493325
121.91978922661521
94.601624373611
69.80289338791785
53.7896827724714
36.56222813452013
23.922755989032215
15.228018463859373
216.72322165863596
189.09174899649182
159.7223804666634
129.62616398022206
100.3990806128185
73.93937003022207
56.89655169087766
38.604815888011935
25.217426698924964
16.027594383629463