# datat/BKevo/ATAN_BKevo/atan16.dat
# N(r,Y=0), r, *F2(x,Q^2)
# 1e-05 < r < 100.0
# 1 < Q^2 < 50, n=15, log grid
# 1e-5 < x < 1e-2, n=10, log grid
###
1.221647490637583e-10
1.5830949507878318e-10
2.0563410213709867e-10
2.6691585102194273e-10
3.4596164762071937e-10
4.491654781350891e-10
5.831600061384499e-10
7.560231145607396e-10
9.810720669660125e-10
1.2740480404288606e-09
1.6520688213451282e-09
2.142784659797225e-09
2.783353559010347e-09
3.609997969091872e-09
4.679926003963951e-09
6.080443247905982e-09
7.888080880154963e-09
1.0220732967468524e-08
1.3282694327842597e-08
1.7235390891292848e-08
2.2332751485211282e-08
2.9014893177877942e-08
3.765790120404978e-08
4.880555086627886e-08
6.337812836543647e-08
8.227655152576463e-08
1.0665529119023523e-07
1.3843351714372143e-07
1.797549437339293e-07
2.330674445339785e-07
3.0236134874869574e-07
3.92708403068705e-07
5.092917737469567e-07
6.603804905338037e-07
8.579143288169365e-07
1.112851861908643e-06
1.4422644136286464e-06
1.8741390211893915e-06
2.43160763753799e-06
3.1504663012870825e-06
4.0939600231317785e-06
5.312939371220102e-06
6.885058872493983e-06
8.94270729482217e-06
1.160810024139951e-05
1.5046190151773021e-05
1.9533391434190702e-05
2.5361323657720748e-05
3.2879937006389825e-05
4.266471023089956e-05
5.540721051939726e-05
7.184885361711626e-05
9.31839154821876e-05
0.00012104372224511147
0.00015699669005771766
0.00020351223331191177
0.00026442038366090764
0.0003430332324703283
0.0004444351191347073
0.0005775791621766601
0.0007494442569395834
0.0009710592378158239
0.0012614167138447676
0.0016370180783768912
0.002121327918517206
0.0027538985741765204
0.0035740099984055093
0.004631113893763858
0.006006853472849399
0.0077933046405309165
0.01009327433753158
0.013072096014779249
0.016939454903110805
0.0219017066318118
0.028278701526832328
0.03651692374868179
0.046993161353012805
0.06025854932602815
0.07710931837107962
0.09806953872870969
0.12384464627003419
0.15519591750604472
0.19239496158352243
0.2356118499206691
0.2841841984994255
0.33731798276525066
0.39397032738438087
0.45164526709122055
0.5088253241257275
0.5647231923627754
0.6171528687811224
0.6650655782593058
0.709192219625807
0.7487170560302966
0.7830025023792115
0.8135950489249846
0.8404941790728087
0.8631203567214636
0.8830095417903385
0.9004275658420022
###
1e-05
1.1768119524349992e-05
1.3848863713938717e-05
1.6297508346206434e-05
1.917910261672489e-05
2.2570197196339216e-05
2.656087782946684e-05
3.1257158496882356e-05
3.678379771828634e-05
4.328761281083062e-05
5.0941380148163754e-05
5.994842503189409e-05
7.054802310718646e-05
8.302175681319735e-05
9.770099572992247e-05
0.00011497569953977356
0.00013530477745798074
0.00015922827933410923
0.0001873817422860383
0.00022051307399030456
0.00025950242113997375
0.0003053855508833416
0.00035938136638046257
0.0004229242874389499
0.0004977023564332109
0.0005857020818056661
0.0006892612104349695
0.0008111308307896872
0.0009545484566618337
0.0011233240329780276
0.0013219411484660286
0.0015556761439304723
0.0018307382802953678
0.002154434690031882
0.0025353644939701114
0.0029836472402833374
0.003511191734215131
0.004132012400115334
0.004862601580065354
0.005722367659350214
0.006734150657750821
0.007924828983539169
0.0093260334688322
0.010974987654930556
0.01291549665014884
0.01519911082952933
0.01788649529057435
0.0210490414451202
0.02477076355991709
0.029150530628251757
0.034304692863149154
0.040370172585965536
0.047508101621027934
0.05590810182512223
0.06579332246575675
0.0774263682681127
0.09111627561154886
0.10722672220103231
0.1261856883066021
0.14849682622544635
0.1747528400007683
0.20565123083486514
0.24201282647943834
0.2848035868435799
0.3351602650938841
0.3944206059437656
0.46415888336127725
0.5462277217684337
0.642807311728432
0.7564633275546291
0.8902150854450375
1.0476157527896641
1.232846739442066
1.4508287784959402
1.7073526474706886
2.009233002565046
2.364489412645407
2.782559402207126
3.274549162877725
3.8535285937105273
4.534878508128582
5.3366992312063015
6.280291441834247
7.390722033525775
8.697490026177835
10.235310218990248
12.045035402587812
14.174741629268048
16.68100537200059
19.630406500402685
23.10129700083158
27.1858824273294
31.992671377973846
37.64935806792464
44.30621457583877
52.14008287999685
61.35907273413163
72.20809018385457
84.97534359086438
100.0
###
0.5643729925788468
0.4499978400017914
0.3547390649632187
0.2765639227106738
0.21325757037218007
0.16259760303760123
0.13163705608562404
0.09818995222367904
0.07214048952579756
0.052019719459420036
1.4072894228627157
1.0820602904799872
0.8224833998684283
0.6179945854300583
0.45883308049749366
0.3363105038006509
0.26392153766325643
0.18827038167236804
0.1316013884122999
0.08956441713207672
1.9351501245688278
1.4674043232844467
1.1000002850640256
0.8149893121209195
0.5964404548791679
0.4306496716288155
0.33397068661853657
0.23422997273131674
0.1606590657800136
0.10697577245624311
2.348492838165417
1.7655948802669852
1.3121734999787493
0.9637568254564894
0.6990315783828948
0.500038624295141
0.38493419835852627
0.26714603736999437
0.18110606570621068
0.11897969987528147
2.697223651559547
2.0152418676611306
1.488407988144943
1.08634886431703
0.7828749315670327
0.5562500095688868
0.4259365452819739
0.2933591156491936
0.19721009488416216
0.12831362214775835
3.0031481854692257
2.2329586652685487
1.641239626745963
1.192016638592432
0.854699204156283
0.6041006155510695
0.46066136494325727
0.3153986985797221
0.2106351959693642
0.13602736746049696
3.2780031980207096
2.427702825691175
1.7773211823355937
1.285676280470025
0.9180726596369474
0.6461058698289052
0.4910041921041951
0.3345488467901641
0.2222300260932364
0.14264038324881612
3.5291058477420987
2.604931697524886
1.9007088186979237
1.3702679969541414
0.975069933163122
0.6837208556253604
0.5181064210598795
0.35156684029376734
0.2324836120010691
0.14845149618926606
3.7612248857618473
2.768260298836322
2.014052678781778
1.4477262973548974
1.0270709356248182
0.7179287289794652
0.542674987798832
0.36693826807251284
0.2417013255074221
0.15365414291338184
3.9777251215747187
2.9202194105033956
2.1192178140230538
1.5193947436789206
1.0750521642059767
0.7493874312674516
0.5652125007953619
0.3809868517914682
0.25009366408977324
0.15837220397771504
4.181283421157462
3.062675590408716
2.217566860782169
1.5862468714009306
1.1196982169361152
0.7785782790361001
0.5860821653059988
0.3939560640260801
0.25781560599962183
0.1626953962238785
4.373637587930082
3.1970368818909747
2.3101237257312346
1.6490244583559948
1.1615244278461097
0.8058594483677592
0.6055484597060524
0.4060214560801299
0.2649771869238782
0.1666921364935252
4.556373571930828
3.324429283691972
2.3976884109253795
1.708296749345298
1.2009313247795959
0.8315073508935497
0.6238174348298005
0.4173158956508696
0.2716635946865589
0.17041297472982023
4.730548602695598
3.445681701107306
2.4808930584554076
1.764513784389288
1.2382352896125874
0.8557211169472563
0.6410512812650333
0.4279449406126014
0.2779399374920295
0.17389555992119904
4.897258639507391
3.5615148190737
2.560256510576405
1.8180418707884693
1.2736994075575991
0.8787088636100125
0.6573760196818814
0.43799301995153106
0.28386098724175385
0.1771734009407937