# datat/BKevo/GBW_BKevo/gbw63.dat
# N(r,Y=0), r, *F2(x,Q^2)
# 1e-05 < r < 100.0
# 1 < Q^2 < 50, n=15, log grid
# 1e-5 < x < 1e-2, n=10, log grid
###
0.0
0.0
0.0
0.0
0.0
0.0
0.0
0.0
0.0
0.0
0.0
0.0
0.0
0.0
0.0
0.0
0.0
0.0
0.0
7.01945132636899e-17
1.110223024625157e-16
2.5179292802062656e-16
5.270110736597943e-16
9.689607473952534e-16
1.909807984206673e-15
3.72172173148265e-15
7.0273545337156185e-15
1.3443928734025859e-14
2.5989767538444788e-14
4.935759445199755e-14
9.463716129033693e-14
1.8353240047047917e-13
3.4925903764797447e-13
6.650315581317425e-13
1.2941801126576196e-12
2.469544751168385e-12
4.6708635512559584e-12
9.122745103838249e-12
1.745484708042099e-11
3.287748689875384e-11
6.427408999817782e-11
1.233255945830523e-10
2.328008081821577e-10
4.5260853188453314e-10
8.710047252936064e-10
1.6479258512656904e-09
3.185484941322538e-09
6.149094367619783e-09
1.1661459582877284e-08
2.240695919343809e-08
4.339279801770284e-08
8.249450209192689e-08
1.5751889743509485e-07
3.0607796196084745e-07
5.833758473634215e-07
1.106653081352041e-06
2.1579711483182797e-06
4.1239833718016105e-06
7.769699443238665e-06
1.5207126944119603e-05
2.914205107921622e-05
5.4957596493435614e-05
0.00010710544430276572
0.00020583622174835534
0.00038901462016902716
0.0007537370300099773
0.001452458787806138
0.0027498995149881763
0.005290579829265864
0.010203904436672486
0.019289390948878184
0.03659334774872019
0.0696733387568346
0.12843369031198645
0.22997721197522297
0.3949726113935627
0.6146911710010459
0.8394210703322365
0.9631033033126682
0.9970723045517966
0.9999902085352868
0.9999999996580677
0.9999999999999998
1.0
1.0
1.0
1.0
1.0
1.0
1.0
1.0
1.0
1.0
1.0
1.0
1.0
1.0
1.0
1.0
1.0
###
1e-05
1.1768119524349992e-05
1.3848863713938717e-05
1.6297508346206434e-05
1.917910261672489e-05
2.2570197196339216e-05
2.656087782946684e-05
3.1257158496882356e-05
3.678379771828634e-05
4.328761281083062e-05
5.0941380148163754e-05
5.994842503189409e-05
7.054802310718646e-05
8.302175681319735e-05
9.770099572992247e-05
0.00011497569953977356
0.00013530477745798074
0.00015922827933410923
0.0001873817422860383
0.00022051307399030456
0.00025950242113997375
0.0003053855508833416
0.00035938136638046257
0.0004229242874389499
0.0004977023564332109
0.0005857020818056661
0.0006892612104349695
0.0008111308307896872
0.0009545484566618337
0.0011233240329780276
0.0013219411484660286
0.0015556761439304723
0.0018307382802953678
0.002154434690031882
0.0025353644939701114
0.0029836472402833374
0.003511191734215131
0.004132012400115334
0.004862601580065354
0.005722367659350214
0.006734150657750821
0.007924828983539169
0.0093260334688322
0.010974987654930556
0.01291549665014884
0.01519911082952933
0.01788649529057435
0.0210490414451202
0.02477076355991709
0.029150530628251757
0.034304692863149154
0.040370172585965536
0.047508101621027934
0.05590810182512223
0.06579332246575675
0.0774263682681127
0.09111627561154886
0.10722672220103231
0.1261856883066021
0.14849682622544635
0.1747528400007683
0.20565123083486514
0.24201282647943834
0.2848035868435799
0.3351602650938841
0.3944206059437656
0.46415888336127725
0.5462277217684337
0.642807311728432
0.7564633275546291
0.8902150854450375
1.0476157527896641
1.232846739442066
1.4508287784959402
1.7073526474706886
2.009233002565046
2.364489412645407
2.782559402207126
3.274549162877725
3.8535285937105273
4.534878508128582
5.3366992312063015
6.280291441834247
7.390722033525775
8.697490026177835
10.235310218990248
12.045035402587812
14.174741629268048
16.68100537200059
19.630406500402685
23.10129700083158
27.1858824273294
31.992671377973846
37.64935806792464
44.30621457583877
52.14008287999685
61.35907273413163
72.20809018385457
84.97534359086438
100.0
###
1.0576337965672296
0.9249064168840406
0.8097844204359573
0.7111520388761744
0.6276039629292235
0.5576300431469514
0.5131486676449477
0.4633654445235891
0.42329965987107043
0.3918644026970789
2.776149669466633
2.315039250805002
1.9248038622518604
1.597203258768561
1.3239169758354619
1.0968539759863942
0.9524105947180849
0.7889328082245344
0.6533551364072652
0.5406576185961232
3.867416005803653
3.1610644187846875
2.5713129024326373
2.082513414199178
1.6795654111327087
1.3484465385957018
1.1396767106306063
0.9052450111226944
0.7123619707007693
0.5531030184610236
4.723373333918875
3.811912904600984
3.0579400457034747
2.438889783400413
1.9330824225450702
1.5211978748671526
1.2635593230039361
0.9766583030628554
0.7429737725063347
0.5522277059499447
5.445324492720417
4.353927449903032
3.457728411982992
2.727052646064108
2.134436201895022
1.6553853873886546
1.357802027296478
1.0292891621043985
0.7641071129607877
0.5491201027571451
6.078016691513556
4.824608238705839
3.801396948384219
2.972054477813757
2.3034265765839894
1.766291885284565
1.4346154540475609
1.0702484913990808
0.7787407835024311
0.5458439571434648
6.6458875674414335
5.244005354108371
4.105227714875734
3.186859552742487
2.4501090294172867
1.8614947385347649
1.4998704394932452
1.1048448309769485
0.791171332578386
0.54285417007764
7.164006662982993
5.624392632887532
4.379064562115872
3.379025022172616
2.5803491978191833
1.9452828311195176
1.5568447062070587
1.1346685604380997
0.8016731370176668
0.5413456227295065
7.642438759112926
5.973881669962581
4.629288885810908
3.5536105178749104
2.6979023111865175
2.020318973733731
1.6075864952948367
1.16095934953929
0.8108078742245189
0.5379304675760826
8.088284054443013
6.2981555522885495
4.860378334999466
3.714034362488991
2.8053161557706416
2.0884574239347344
1.6534021738034566
1.1845155471131783
0.8189155602591186
0.5359206559656295
8.506782610730914
6.601376806957614
5.075589613664537
3.862782855615505
2.9044291375844526
2.1509925919830084
1.6952613773390122
1.2059020019217848
0.8262286290435275
0.5341587691025016
8.901918845133132
6.8866999148064885
5.277364097657917
4.001709532204034
2.9965952065887427
2.2088692064904962
1.7338309375205248
1.2255027556183886
0.8329002599876
0.5326013982159798
9.276809268508622
7.156601822225162
5.4675926795975665
4.132247604798625
3.0828493523979072
2.2628034888347472
1.769666508679898
1.2436096013565927
0.8390422373877431
0.5312149642223406
9.633867519493311
7.412985393975437
5.6477750068981125
4.255583485369788
3.163990988241062
2.3133563471020593
1.8031975779357594
1.2604604797850425
0.8447400282947586
0.5299749507381557
9.975250269993008
7.657445566568783
5.819110583959593
4.3721431394741295
3.240689389198632
2.3609713306592948
1.834640443220361
1.2762253187437584
0.8500601167385057
0.5288550067209313