# datat/BKevo/ATAN_BKevo/atan19.dat
# N(r,Y=0), r, *F2(x,Q^2)
# 1e-05 < r < 100.0
# 1 < Q^2 < 50, n=15, log grid
# 1e-5 < x < 1e-2, n=10, log grid
###
0.003906624825455053
0.004170879647552286
0.004450427551663945
0.004749439798745946
0.005070412897423865
0.00541091958997456
0.005774135069408348
0.006164003733450615
0.006578763262164803
0.007019971607799797
0.007493528332642168
0.007998734209855224
0.008534687681028524
0.009109901978827295
0.009725279617992062
0.01037632979112652
0.011075030726947446
0.01182460783920557
0.012615479169881521
0.013464184574194342
0.014375300147654119
0.015337959309459085
0.01636888319666163
0.017475551442354915
0.018648128484214654
0.01990040498617456
0.02124460967511
0.022672883688762586
0.024194054048764745
0.02582679521404714
0.02756652974088816
0.02941434891815243
0.03139757970250245
0.03351670051474403
0.03576133209598934
0.03817031174765866
0.04075155962139121
0.04347824246087123
0.04640439482234041
0.04954580437614507
0.0528608445675268
0.05641523037608338
0.06023086206461856
0.06426877132681777
0.0685863051761232
0.073220899391684
0.07813931012028708
0.08338387860785688
0.08901324315465779
0.09500414409300326
0.10137480737971027
0.10821245595143822
0.11550963464736982
0.12324810711283354
0.13155324542088864
0.14044124070819158
0.14984080531748784
0.15992777846875897
0.1707524218417969
0.18216819765153797
0.19441714418737907
0.2075645106571096
0.22145683498122423
0.23632397527316196
0.2522761491609502
0.26917242383510104
0.28719404765870543
0.306515362479607
0.32701490424691637
0.3487853399136524
0.3720785694981913
0.39679170386064716
0.42285507374936854
0.450598354188907
0.47991061601368545
0.5104082632638891
0.5424659276929451
0.5758913434176661
0.6097024444149041
0.64428164682419
0.6792277684895024
0.7129253745929468
0.7457302163298178
0.7772063881507375
0.8058667603548267
0.8320740635452725
0.8559274530761203
0.87666910149523
0.8946927663925165
0.910553792005664
0.9240634492819927
0.9354491107632834
0.9453258296528408
0.953720732292309
0.9606780549623634
0.9666888378948365
0.9718295247864437
0.9760450838591594
0.9796863350260494
0.9828280337271639
###
1e-05
1.1768119524349992e-05
1.3848863713938717e-05
1.6297508346206434e-05
1.917910261672489e-05
2.2570197196339216e-05
2.656087782946684e-05
3.1257158496882356e-05
3.678379771828634e-05
4.328761281083062e-05
5.0941380148163754e-05
5.994842503189409e-05
7.054802310718646e-05
8.302175681319735e-05
9.770099572992247e-05
0.00011497569953977356
0.00013530477745798074
0.00015922827933410923
0.0001873817422860383
0.00022051307399030456
0.00025950242113997375
0.0003053855508833416
0.00035938136638046257
0.0004229242874389499
0.0004977023564332109
0.0005857020818056661
0.0006892612104349695
0.0008111308307896872
0.0009545484566618337
0.0011233240329780276
0.0013219411484660286
0.0015556761439304723
0.0018307382802953678
0.002154434690031882
0.0025353644939701114
0.0029836472402833374
0.003511191734215131
0.004132012400115334
0.004862601580065354
0.005722367659350214
0.006734150657750821
0.007924828983539169
0.0093260334688322
0.010974987654930556
0.01291549665014884
0.01519911082952933
0.01788649529057435
0.0210490414451202
0.02477076355991709
0.029150530628251757
0.034304692863149154
0.040370172585965536
0.047508101621027934
0.05590810182512223
0.06579332246575675
0.0774263682681127
0.09111627561154886
0.10722672220103231
0.1261856883066021
0.14849682622544635
0.1747528400007683
0.20565123083486514
0.24201282647943834
0.2848035868435799
0.3351602650938841
0.3944206059437656
0.46415888336127725
0.5462277217684337
0.642807311728432
0.7564633275546291
0.8902150854450375
1.0476157527896641
1.232846739442066
1.4508287784959402
1.7073526474706886
2.009233002565046
2.364489412645407
2.782559402207126
3.274549162877725
3.8535285937105273
4.534878508128582
5.3366992312063015
6.280291441834247
7.390722033525775
8.697490026177835
10.235310218990248
12.045035402587812
14.174741629268048
16.68100537200059
19.630406500402685
23.10129700083158
27.1858824273294
31.992671377973846
37.64935806792464
44.30621457583877
52.14008287999685
61.35907273413163
72.20809018385457
84.97534359086438
100.0
###
8.586041111983116
8.1095402437047
7.552477382416034
6.893105900185726
6.104170183726447
5.165965899887993
4.367784825407336
3.239487826949464
2.181402428279556
1.3500935804769785
35.82345052969074
33.67879605701032
31.17105644190036
28.20180934172184
24.652414109521366
20.458831114771268
16.94700392985622
12.133086152489362
7.831761174496663
4.626758403189143
61.70066051267113
57.88750916682082
53.42822341135512
48.14821762080864
41.84230435030592
34.42334750136079
28.265397966764546
19.949441122273658
12.673744919557292
7.366184567613783
86.88137632271392
81.39971371683176
74.9880726114527
67.39685587861052
58.33827760569638
47.71651950071299
38.956679305051956
27.24740679268039
17.14202092683001
9.816799551782545
111.58615617480714
104.43558542757087
96.07133556856203
86.16880605780415
74.3613243804029
60.555078166590725
49.227369333020185
34.203849709940165
21.36939691652558
12.15283453144928
135.92862411606012
127.10875304440074
116.79155619986955
104.5777500201481
90.02472765128222
73.04986962028724
59.18227951280877
40.907165390214935
25.420423664975235
14.380612522630463
159.97793084501023
149.48793174463543
137.21821494551165
122.69334231121198
105.39798654424706
85.26855174576002
68.88497204766254
47.41034974052332
29.33357821694277
16.52456280503256
183.78128826864062
171.6216599798165
157.39869436830452
140.56274262899922
120.52822859215316
97.25670275661771
78.37809430550521
53.74859167220386
33.13407073142559
18.600576425811692
207.37209117592224
193.54416873355783
177.3667279318435
158.2200327997137
135.44932291832544
109.04714455059337
87.69222491782757
59.9469178024592
36.83967687995545
20.619757741473716
230.77698382830002
215.27941894788776
197.1481684432316
175.69083487066078
150.18234280844774
120.66462396986405
96.85033352883708
66.0240237138246
40.46377462600308
22.590282323455884
254.01574163248532
236.84875227997583
216.76316450454314
192.99554342704673
164.75561307852502
132.12848180105908
105.87031767313866
71.99437174163609
44.016194725703784
24.51839673213152
277.10453865829953
258.2677275319027
236.22751212483243
210.15031914725344
179.18151367538044
143.4542402704774
114.76648564538529
77.8694808904871
47.5050652902491
26.409014398929262
300.0577946806572
279.5499588669695
255.5553578170815
227.16850614362963
193.4732934154443
154.65461252673308
123.55054381420675
83.65871438590541
50.93688375501552
28.26606574049235
322.88332431005875
300.7066049384177
274.7574970365308
244.06128466426307
207.6420851065795
165.74015079241994
132.23217758411155
89.36984616867349
54.31703725242679
30.092873045443564
345.59389575483374
321.74711399744865
293.84338928007577
260.838120488903
221.6972114377176
176.71991353659917
140.81971195494174
95.00940863415148
57.650007830672514
31.892123034997766