# datat/BKevo/GBW_BKevo/gbw75.dat
# N(r,Y=0), r, *F2(x,Q^2)
# 1e-05 < r < 100.0
# 1 < Q^2 < 50, n=15, log grid
# 1e-5 < x < 1e-2, n=10, log grid
###
1.322049536982708e-09
1.71320288154933e-09
2.2253430086466627e-09
2.8885253842069966e-09
3.743947742075875e-09
4.860804913146288e-09
6.310874605281701e-09
8.181574611884769e-09
1.0617022307356414e-08
1.3787566611093834e-08
1.7878453620408027e-08
2.3188910587946057e-08
3.012105593467521e-08
3.906688386052724e-08
5.064549237310636e-08
6.580168988686783e-08
8.536368576434845e-08
1.1060731242779188e-07
1.4374341850948656e-07
1.8651893149288968e-07
2.416818312077868e-07
3.139949979443121e-07
4.075283676132293e-07
5.281665910033309e-07
6.858688554513415e-07
8.903847406869225e-07
1.1542077268064314e-06
1.4981067104992583e-06
1.945280535301265e-06
2.5222195568976097e-06
3.2721061648763952e-06
4.249825423458729e-06
5.511467956170541e-06
7.146518304633502e-06
9.284183663012185e-06
1.2043052097558589e-05
1.560785941095613e-05
2.0281460242537845e-05
2.6314166300539585e-05
3.409332272197024e-05
4.4303274041898094e-05
5.7494226194068015e-05
7.45063810416686e-05
9.677204979097137e-05
0.00012561335918665154
0.00016281462890552673
0.00021136545450724844
0.00027441927144194073
0.00035575957006173516
0.00046160636770466
0.0005994312814976973
0.0007772408647216904
0.0010079249228737654
0.0013090741955670687
0.0016975827913309298
0.0022000218973241997
0.002857519234501504
0.003705550101712633
0.004798469399740687
0.006231553018549607
0.008078624763061463
0.010455914909340183
0.013561624421078715
0.017565798425051536
0.02270795473804923
0.02938370508341362
0.03797550016786338
0.04895327493218875
0.06306075023364985
0.08108742468650532
0.10386093847756651
0.13259499962680704
0.1686091458905515
0.21298255605933922
0.2670213311044935
0.3316778202359098
0.40708546025959536
0.4926158515969426
0.5846026760829888
0.6798056947426344
0.7727992816901829
0.8521734561513002
0.9155619039627351
0.9602934868334398
0.9842417113350124
0.9951266005821763
0.9990460581804285
0.9998772827571744
0.9999883766494755
0.9999995481549709
0.9999999970183112
0.9999999999730079
0.9999999999999376
1.0
1.0
1.0
1.0
1.0
1.0
1.0
###
1e-05
1.1768119524349992e-05
1.3848863713938717e-05
1.6297508346206434e-05
1.917910261672489e-05
2.2570197196339216e-05
2.656087782946684e-05
3.1257158496882356e-05
3.678379771828634e-05
4.328761281083062e-05
5.0941380148163754e-05
5.994842503189409e-05
7.054802310718646e-05
8.302175681319735e-05
9.770099572992247e-05
0.00011497569953977356
0.00013530477745798074
0.00015922827933410923
0.0001873817422860383
0.00022051307399030456
0.00025950242113997375
0.0003053855508833416
0.00035938136638046257
0.0004229242874389499
0.0004977023564332109
0.0005857020818056661
0.0006892612104349695
0.0008111308307896872
0.0009545484566618337
0.0011233240329780276
0.0013219411484660286
0.0015556761439304723
0.0018307382802953678
0.002154434690031882
0.0025353644939701114
0.0029836472402833374
0.003511191734215131
0.004132012400115334
0.004862601580065354
0.005722367659350214
0.006734150657750821
0.007924828983539169
0.0093260334688322
0.010974987654930556
0.01291549665014884
0.01519911082952933
0.01788649529057435
0.0210490414451202
0.02477076355991709
0.029150530628251757
0.034304692863149154
0.040370172585965536
0.047508101621027934
0.05590810182512223
0.06579332246575675
0.0774263682681127
0.09111627561154886
0.10722672220103231
0.1261856883066021
0.14849682622544635
0.1747528400007683
0.20565123083486514
0.24201282647943834
0.2848035868435799
0.3351602650938841
0.3944206059437656
0.46415888336127725
0.5462277217684337
0.642807311728432
0.7564633275546291
0.8902150854450375
1.0476157527896641
1.232846739442066
1.4508287784959402
1.7073526474706886
2.009233002565046
2.364489412645407
2.782559402207126
3.274549162877725
3.8535285937105273
4.534878508128582
5.3366992312063015
6.280291441834247
7.390722033525775
8.697490026177835
10.235310218990248
12.045035402587812
14.174741629268048
16.68100537200059
19.630406500402685
23.10129700083158
27.1858824273294
31.992671377973846
37.64935806792464
44.30621457583877
52.14008287999685
61.35907273413163
72.20809018385457
84.97534359086438
100.0
###
1.5452078407623435
1.3472856303681995
1.1668514087006168
1.004764668890172
0.8611013663909463
0.7353629814961061
0.652190737127895
0.555073271039799
0.4722663552364031
0.40213260291400754
4.60556172623286
3.869060418994878
3.222053104001909
2.6622166979824144
2.184098302151753
1.7804680849152257
1.521649716152787
1.2281476206379418
0.9858061678621856
0.7866074611466354
6.77802779608235
5.605096249713809
4.591983207038071
3.7299553403251413
3.005829588384026
2.4043216087998625
2.0239762398864887
1.598459572253896
1.2525500477930562
0.9726319468913962
8.576469074044658
7.020854641882882
5.692008620147579
4.573637190110433
3.6442046886222053
2.880191024542613
2.401497479134012
1.8707543211047741
1.443737616455849
1.1018815245255638
10.148647803875052
8.246157462966822
6.634350451806762
5.288746045408749
4.1792632178839035
3.274349993399813
2.7111942207058015
2.0910050387060766
1.5958588246585286
1.202666701004138
11.563722018916422
9.34078731901482
7.469771893292127
5.917745907790354
4.646079770292337
3.6152080935086457
2.9770987608260753
2.278092555697265
1.723592063556007
1.28608382664409
12.861067320855197
10.338371827090077
8.22652945022714
6.483993418806835
5.063560047958161
3.917968717011959
3.211993934057468
2.4420785863702945
1.834450595598818
1.3576740504708196
14.06573930537915
11.260102617860738
8.922257234314237
7.001890652951809
5.443347703794242
4.191807452383789
3.423474879123625
2.588715297812001
1.9328516389923338
1.4206406624394228
15.194898661367825
12.120441645054703
9.568907027325343
7.481119931561074
5.793176819807478
4.442790468346169
3.6165959192634953
2.7218582692321465
2.021628247847228
1.4770118514490436
16.260936735521923
12.929700786037627
10.174836867321401
7.928519358013002
6.118484754527409
4.675259002535607
3.7948210923675445
2.8441382912276785
2.1027088489622594
1.5281629901522127
17.273144055603176
13.695615084845215
10.746539393481493
8.349130995014383
6.423274249580896
4.892246100619335
3.9607007263985823
2.957466422988922
2.17748250336333
1.5750710214727082
18.238728533111054
14.42401998050522
11.288692278951185
8.746828427505317
6.710582235088922
5.096111260818651
4.116139452897182
3.063260997592665
2.246987200636461
1.6184499462202304
19.163401369411094
15.11984133898695
11.805147212863012
9.124670012357262
6.982814306925963
5.288672563366658
4.262611685089858
3.1626216391590534
2.312004671394435
1.6588444182400806
20.051793051279763
15.786750916289257
12.298963016255415
9.485027129851892
7.241753126853911
5.471394133874334
4.401290161257745
3.256435647329143
2.373171430837045
1.6966837033277307
20.907671605483387
16.428078612259856
12.772633638420228
9.830141453377594
7.489008662251275
5.6453835677272375
4.533102945017538
3.3451664347085104
2.4309470759571035
1.732292947692791