# datat/BKevo/GBW_BKevo/gbw58.dat
# N(r,Y=0), r, *F2(x,Q^2)
# 1e-05 < r < 100.0
# 1 < Q^2 < 50, n=15, log grid
# 1e-5 < x < 1e-2, n=10, log grid
###
8.780864043895156e-12
1.2127374396916625e-11
1.6832389161788473e-11
2.332674376078434e-11
3.223073108397255e-11
4.4690785294625685e-11
6.196403857687086e-11
8.565381792328305e-11
1.186458604176563e-10
1.645862047237974e-10
2.276118461628577e-10
3.1495703003987323e-10
4.371341864024623e-10
6.048033923045556e-10
8.36012552189336e-10
1.1609227303193038e-09
1.6069570733029733e-09
2.2188931355407366e-09
3.0828924010121724e-09
4.269377280425206e-09
5.895383563207943e-09
8.186142449205473e-09
1.1342125546009846e-08
1.5668530288984287e-08
2.173529053400748e-08
3.0129607815910366e-08
4.1640588074884e-08
5.7705360704611916e-08
8.003151766831901e-08
1.1065661021124218e-07
1.5319011226059e-07
2.1256736306641603e-07
2.940419411679059e-07
4.0663845583580696e-07
5.645461553470082e-07
7.812896453967101e-07
1.0793157588456493e-06
1.4992324481260376e-06
2.0757980492946668e-06
2.865842236628602e-06
3.981111180923423e-06
5.514771876269885e-06
7.61691873686817e-06
1.0570712262556746e-05
1.4650016115617233e-05
2.0243110600087142e-05
2.8065104415670883e-05
3.891473835346718e-05
5.3795100058270326e-05
7.450525833138183e-05
0.00010335928474731339
0.0001429445597949918
0.0001977670456716464
0.00027449156175700216
0.00037977923353061315
0.0005248550827889689
0.0007288080024500547
0.001008739557301158
0.0013924187620688233
0.0019341857747740634
0.0026777336754675975
0.0036959235860412176
0.005127556666006845
0.007097663336656977
0.00979256805881587
0.013555869756364962
0.018741966558476392
0.02581207753499649
0.035583328881779404
0.0490016484509308
0.06712060550208661
0.09168601791626103
0.12485082548562286
0.16848233757815032
0.22523574548553515
0.2978452608712522
0.38693026455217616
0.4920386167619998
0.6075150915620171
0.7254114419501868
0.8343706613516491
0.9147013256015568
0.965888096538089
0.9911796199822576
0.9984094956283797
0.9998244028030113
0.9999935243857976
0.9999999564951767
0.9999999997550181
0.9999999999997877
1.0
1.0
1.0
1.0
1.0
1.0
1.0
1.0
1.0
1.0
###
1e-05
1.1768119524349992e-05
1.3848863713938717e-05
1.6297508346206434e-05
1.917910261672489e-05
2.2570197196339216e-05
2.656087782946684e-05
3.1257158496882356e-05
3.678379771828634e-05
4.328761281083062e-05
5.0941380148163754e-05
5.994842503189409e-05
7.054802310718646e-05
8.302175681319735e-05
9.770099572992247e-05
0.00011497569953977356
0.00013530477745798074
0.00015922827933410923
0.0001873817422860383
0.00022051307399030456
0.00025950242113997375
0.0003053855508833416
0.00035938136638046257
0.0004229242874389499
0.0004977023564332109
0.0005857020818056661
0.0006892612104349695
0.0008111308307896872
0.0009545484566618337
0.0011233240329780276
0.0013219411484660286
0.0015556761439304723
0.0018307382802953678
0.002154434690031882
0.0025353644939701114
0.0029836472402833374
0.003511191734215131
0.004132012400115334
0.004862601580065354
0.005722367659350214
0.006734150657750821
0.007924828983539169
0.0093260334688322
0.010974987654930556
0.01291549665014884
0.01519911082952933
0.01788649529057435
0.0210490414451202
0.02477076355991709
0.029150530628251757
0.034304692863149154
0.040370172585965536
0.047508101621027934
0.05590810182512223
0.06579332246575675
0.0774263682681127
0.09111627561154886
0.10722672220103231
0.1261856883066021
0.14849682622544635
0.1747528400007683
0.20565123083486514
0.24201282647943834
0.2848035868435799
0.3351602650938841
0.3944206059437656
0.46415888336127725
0.5462277217684337
0.642807311728432
0.7564633275546291
0.8902150854450375
1.0476157527896641
1.232846739442066
1.4508287784959402
1.7073526474706886
2.009233002565046
2.364489412645407
2.782559402207126
3.274549162877725
3.8535285937105273
4.534878508128582
5.3366992312063015
6.280291441834247
7.390722033525775
8.697490026177835
10.235310218990248
12.045035402587812
14.174741629268048
16.68100537200059
19.630406500402685
23.10129700083158
27.1858824273294
31.992671377973846
37.64935806792464
44.30621457583877
52.14008287999685
61.35907273413163
72.20809018385457
84.97534359086438
100.0
###
1.2514242941892935
1.0870070174200726
0.9403723556641077
0.8112316305731206
0.6987029887459365
0.601608902827888
0.5380770171580235
0.46454411438072074
0.4023016150175911
0.34998488161646135
3.502508929627149
2.9211880650379767
2.420718884207235
1.9946716430079479
1.6354808592968382
1.3349465387305093
1.1432231836872553
0.9262442233089802
0.7469129989756065
0.5987887813068782
5.015539174583195
4.112531425781155
3.3474197670469557
2.706371552359191
2.1741282480902124
1.7355296009374128
1.4593501825801163
1.150777877649466
0.8994829104707652
0.6950315149356122
6.2343744579087765
5.056568555089337
4.069175499411832
3.250346207614661
2.5774042345148556
2.028490438657801
1.685915861580956
1.3065496100918255
1.000852185724468
0.754977500695861
7.280350465901772
5.857961258369875
4.674868883844625
3.7012870288048716
2.907234033523192
2.2644667960932785
1.8660077033279916
1.427801335399148
1.0775986505015243
0.798454340046917
8.2087408058013
6.563528749584109
5.203608467319743
4.091372117756324
3.189744402764774
2.4642905560813313
2.017055443590838
1.527920250250969
1.1397005067879662
0.8325273992034967
9.050412894930304
7.199102577400407
5.676666390519474
4.437851153416531
3.4386233274473317
2.6388247729375203
2.1479816722260012
1.6136719826169386
1.1920367864273993
0.8605232188760603
9.824688650173293
7.780642114914166
6.107120988035486
4.7512421844419865
3.662323815146981
2.7945254040196863
2.2640526398350396
1.688940327999295
1.2373065478514185
0.8843918817649711
10.544641723454173
8.318944179256142
6.5036716473315295
5.038505560757406
3.866233263377728
2.9355911437140225
2.3686446121486533
1.756202457344011
1.277430015842961
0.9048751752025005
11.219656840161813
8.82158351158741
6.8724443292906825
5.304481880984473
4.054134555464688
3.064857194758463
2.4640587792311908
1.8171101105442307
1.3133777538364984
0.9231014196632006
11.856574935383962
9.294271575391955
7.217988632472833
5.552704548257793
4.22875704817043
3.1844283603714842
2.5519593474698192
1.8728642773297226
1.3459832570186467
0.9394032531907945
12.460771250009302
9.741220455461333
7.543689849006637
5.785869141307202
4.3921816571145795
3.295851712660325
2.633572938968194
1.9243354623987545
1.3758710090066348
0.954161125396705
13.036442451412597
10.16589093592042
7.852213400578233
6.006056980914714
4.545959079257944
3.40032102222123
2.7098395689211157
1.9721869256266251
1.4034225978695674
0.9676424512616233
13.586972194244552
10.570925723142624
8.145718827303872
6.214925630571737
4.691384869602045
3.4987856139797215
2.7815095291679706
2.0169378285494792
1.4290605026507324
0.9800336652041992
14.115103399267214
10.958800794872527
8.425927158482077
6.4138072012712595
4.829486416974132
3.5919980589946516
2.849141919073334
2.058991534958998
1.4530192757463092
0.9915211092936373