# datat/BKevo/MVg_BKevo/mvg21.dat
# N(r,Y=0), r, *F2(x,Q^2)
# 1e-05 < r < 100.0
# 1 < Q^2 < 50, n=15, log grid
# 1e-5 < x < 1e-2, n=10, log grid
###
7.0993240424765494e-09
9.08610857596633e-09
1.164957539798457e-08
1.4925141332531485e-08
1.909597122223473e-08
2.4461144134952184e-08
3.132835740421564e-08
4.006870435300162e-08
5.1277346047965584e-08
6.564760178011263e-08
8.392869556314778e-08
1.0729917118333504e-07
1.373091031893208e-07
1.7546542575301213e-07
2.2408936720295997e-07
2.866208074619039e-07
3.6607816940087235e-07
4.6700634443389154e-07
5.969839886415724e-07
7.620297219190089e-07
9.713850213499035e-07
1.2404262444360084e-06
1.5822956837738942e-06
2.015595353315518e-06
2.570543059584362e-06
3.2764802037271708e-06
4.170390866609879e-06
5.311284787642269e-06
6.763937993034106e-06
8.601461200844689e-06
1.0938284153949434e-05
1.3915837208465726e-05
1.7677719336688506e-05
2.244410748034341e-05
2.8520344015345122e-05
3.618643195453365e-05
4.586236596625402e-05
5.819965206280662e-05
7.373977558202667e-05
9.328980833674328e-05
0.00011818158253124104
0.0001494932109513279
0.00018880702073125914
0.00023863653534548924
0.00030128589791747826
0.00037976511522816144
0.0004787584990835926
0.0006030942296075241
0.0007584245755259333
0.0009533555050638488
0.0011977907265805555
0.0015021886328259169
0.0018821101286268251
0.002357399624403028
0.0029470943569482274
0.003678854989339165
0.004591438926106955
0.005718917200775173
0.007109637350191427
0.00883728709376278
0.010961920522681055
0.013569959417957024
0.01678864972326192
0.020732089042652994
0.025550431843769008
0.031458847853605566
0.038672203481508426
0.04744884403601808
0.058150345966332846
0.07117132361694266
0.08694906938167517
0.1060749151885137
0.12922836025104287
0.15709443919931748
0.190531975278104
0.2304682538868002
0.2777045916358456
0.33302988641595993
0.3966412577089336
0.46856312843877795
0.5480296466725256
0.6312449882581171
0.7157239862236744
0.7971818850495658
0.8669642020583879
0.9223706656942928
0.9620168576391944
0.9844375030189865
0.9948387469559937
0.9988494370220733
0.9998401643979243
0.999982249139543
0.9999990780261058
0.9999999921327877
0.999999999900579
0.9999999999996244
1.0
1.0
1.0
1.0
###
1e-05
1.1768119524349992e-05
1.3848863713938717e-05
1.6297508346206434e-05
1.917910261672489e-05
2.2570197196339216e-05
2.656087782946684e-05
3.1257158496882356e-05
3.678379771828634e-05
4.328761281083062e-05
5.0941380148163754e-05
5.994842503189409e-05
7.054802310718646e-05
8.302175681319735e-05
9.770099572992247e-05
0.00011497569953977356
0.00013530477745798074
0.00015922827933410923
0.0001873817422860383
0.00022051307399030456
0.00025950242113997375
0.0003053855508833416
0.00035938136638046257
0.0004229242874389499
0.0004977023564332109
0.0005857020818056661
0.0006892612104349695
0.0008111308307896872
0.0009545484566618337
0.0011233240329780276
0.0013219411484660286
0.0015556761439304723
0.0018307382802953678
0.002154434690031882
0.0025353644939701114
0.0029836472402833374
0.003511191734215131
0.004132012400115334
0.004862601580065354
0.005722367659350214
0.006734150657750821
0.007924828983539169
0.0093260334688322
0.010974987654930556
0.01291549665014884
0.01519911082952933
0.01788649529057435
0.0210490414451202
0.02477076355991709
0.029150530628251757
0.034304692863149154
0.040370172585965536
0.047508101621027934
0.05590810182512223
0.06579332246575675
0.0774263682681127
0.09111627561154886
0.10722672220103231
0.1261856883066021
0.14849682622544635
0.1747528400007683
0.20565123083486514
0.24201282647943834
0.2848035868435799
0.3351602650938841
0.3944206059437656
0.46415888336127725
0.5462277217684337
0.642807311728432
0.7564633275546291
0.8902150854450375
1.0476157527896641
1.232846739442066
1.4508287784959402
1.7073526474706886
2.009233002565046
2.364489412645407
2.782559402207126
3.274549162877725
3.8535285937105273
4.534878508128582
5.3366992312063015
6.280291441834247
7.390722033525775
8.697490026177835
10.235310218990248
12.045035402587812
14.174741629268048
16.68100537200059
19.630406500402685
23.10129700083158
27.1858824273294
31.992671377973846
37.64935806792464
44.30621457583877
52.14008287999685
61.35907273413163
72.20809018385457
84.97534359086438
100.0
###
1.6150453017861366
1.3885162178262447
1.1806770416238166
0.9932714908504149
0.8272067079269171
0.6825319250740813
0.5876138293155765
0.4780342685745799
0.38618218469664717
0.3099464981175144
4.925886195595078
4.08553537853995
3.346681241993997
2.7089374743606753
2.167956055354376
1.7164401991010385
1.4309624994643282
1.1129402366708752
0.8567886932133206
0.6524177813794036
7.334056873746439
5.993112625370836
4.835531679693186
3.8545655716862997
3.0372396118647997
2.3669158528006333
1.9493451085159867
1.4908164678214537
1.1275392880409507
0.8423827151547028
9.35500384526228
7.572403077141113
6.0516881848769835
4.777997569270166
3.728655441872945
2.877377049577643
2.3521199826824826
1.7804593882306425
1.3321750542902324
0.9839321850029532
11.139295039191687
8.953864431063868
7.1063476789921545
5.571799112395602
4.317912374612445
3.3087406196636406
2.6902333349445606
2.02151282476597
1.5010081137895297
1.0996934601096522
12.756576301419292
10.198658516950726
8.05041967535325
6.277730811301262
4.838623103017275
3.6875446105813823
2.985761276291649
2.23087787776521
1.6467396459139554
1.1989854583507813
14.249220734530292
11.340989687653828
8.912247462809445
6.918954538953815
5.309247639893
4.028206212950139
3.2505560542117955
2.4175615579229714
1.7760273683685597
1.2866596507255892
15.644052341194483
12.402782963429923
9.709875596159012
7.509936000539167
5.741257959708675
4.339615953432854
3.4919186064488996
2.5870243706951714
1.8929272455450457
1.3655898234341919
16.956569121645156
13.3989726500425
10.455337659925272
8.060452434029678
6.142255711461191
4.62767256549701
3.714616412070847
2.7428732938797973
2.000057863308337
1.4377189231009664
18.201033947158557
14.340636115065807
11.157723538698209
8.57743072070838
6.517668029251236
4.896601284680539
3.9220668280644926
2.8876063363412072
2.0992748181637886
1.5043197980740837
19.386867923013668
15.235250702977224
11.82333591123958
9.066060389210724
6.871599574742372
5.1495398490356665
4.116695665838098
3.0230787637239365
2.191908105367691
1.566348156468285
20.521896067466365
16.08986900173643
12.45725415090337
9.530297262032464
7.207063343458875
5.3886519816336635
4.300450681119971
3.1506763094611325
2.2789636006441363
1.6245109494986085
21.61228541001409
16.90859819541534
13.06371685097973
9.97321557845154
7.526534310555824
5.615877287943518
4.474856790284312
3.2714795275175184
2.3611664375534027
1.6793600364507364
22.662908905802695
17.695449967317654
13.64541405202355
10.397367452202987
7.8316310086376335
5.832638063665612
4.640928646919414
3.386350511066492
2.439231830170898
1.7313203287428283
23.67780816968154
18.45434814424162
14.205277935369093
10.804856089350173
8.124391237029092
6.040123637266735
4.7997218466325435
3.495975240032678
2.5136182151308626
1.7807430573856464