# datat/BKevo/ATAN_BKevo/atan27.dat
# N(r,Y=0), r, *F2(x,Q^2)
# 1e-05 < r < 100.0
# 1 < Q^2 < 50, n=15, log grid
# 1e-5 < x < 1e-2, n=10, log grid
###
9.151082276443414e-13
1.2638653111304798e-12
1.7542097510523136e-12
2.4310225291194024e-12
3.358961437761111e-12
4.657494086378665e-12
6.457648142850134e-12
8.926504688027923e-12
1.236480779110923e-11
1.7152525578209682e-11
2.3720813027041685e-11
3.282358401782729e-11
4.555641012120987e-11
6.303023446358152e-11
8.712594267799992e-11
1.2098681249588463e-10
1.6747075866530563e-10
2.3124433709506126e-10
3.2128694883420767e-10
4.4493774148081644e-10
6.143937387000118e-10
8.531276356536467e-10
1.1820318103541976e-09
1.6329127361115382e-09
2.2651666813159584e-09
3.139989495818571e-09
4.339618703570289e-09
6.01382630185357e-09
8.34057085914513e-09
1.153219799397432e-08
1.5964873011008603e-08
2.2152937784584596e-08
3.0643899937945705e-08
4.237826943551842e-08
5.88347954612543e-08
8.142296129636655e-08
1.1248209189174947e-07
1.5624419911741233e-07
2.1633167428432915e-07
2.986671104728591e-07
4.1489633101298313e-07
5.747289343338924e-07
7.938073660517584e-07
1.1016420148701583e-06
1.5267746322196992e-06
2.1096716364518535e-06
2.9248622915885505e-06
4.05559392381094e-06
5.606414000748792e-06
7.764837389629308e-06
1.0772070407471751e-05
1.489782710326165e-05
2.0611853580864397e-05
2.8609053056960802e-05
3.958409429477478e-05
5.470780818743329e-05
7.597197727926272e-05
0.00010516216633596592
0.0001451788940102443
0.00020170332786376374
0.0002793120933455447
0.0003856444259155475
0.0005352888124599054
0.0007414476810297169
0.0010238605370949598
0.0014191581569871522
0.0019655601777521185
0.0027133567920887137
0.0037530979612723256
0.0051927724904145475
0.00715716125422742
0.00986219750629258
0.01359782495772544
0.018652728333824968
0.025498144772831726
0.03482197167447833
0.0471754812264165
0.06337743715497585
0.08460287392959268
0.11143263210130684
0.14461605847505998
0.18464980103711195
0.23122003589254317
0.2837572055077872
0.34027760787290645
0.3993671157210414
0.45960131382436015
0.5180316742631531
0.573578746730478
0.6260772646313109
0.6738442244374259
0.7164399395221087
0.7550062473155817
0.7890753272109318
0.8183068094193633
0.844210499914326
0.8668674907358206
0.8858463258360972
0.9024891135436047
0.9170387300796036
###
1e-05
1.1768119524349992e-05
1.3848863713938717e-05
1.6297508346206434e-05
1.917910261672489e-05
2.2570197196339216e-05
2.656087782946684e-05
3.1257158496882356e-05
3.678379771828634e-05
4.328761281083062e-05
5.0941380148163754e-05
5.994842503189409e-05
7.054802310718646e-05
8.302175681319735e-05
9.770099572992247e-05
0.00011497569953977356
0.00013530477745798074
0.00015922827933410923
0.0001873817422860383
0.00022051307399030456
0.00025950242113997375
0.0003053855508833416
0.00035938136638046257
0.0004229242874389499
0.0004977023564332109
0.0005857020818056661
0.0006892612104349695
0.0008111308307896872
0.0009545484566618337
0.0011233240329780276
0.0013219411484660286
0.0015556761439304723
0.0018307382802953678
0.002154434690031882
0.0025353644939701114
0.0029836472402833374
0.003511191734215131
0.004132012400115334
0.004862601580065354
0.005722367659350214
0.006734150657750821
0.007924828983539169
0.0093260334688322
0.010974987654930556
0.01291549665014884
0.01519911082952933
0.01788649529057435
0.0210490414451202
0.02477076355991709
0.029150530628251757
0.034304692863149154
0.040370172585965536
0.047508101621027934
0.05590810182512223
0.06579332246575675
0.0774263682681127
0.09111627561154886
0.10722672220103231
0.1261856883066021
0.14849682622544635
0.1747528400007683
0.20565123083486514
0.24201282647943834
0.2848035868435799
0.3351602650938841
0.3944206059437656
0.46415888336127725
0.5462277217684337
0.642807311728432
0.7564633275546291
0.8902150854450375
1.0476157527896641
1.232846739442066
1.4508287784959402
1.7073526474706886
2.009233002565046
2.364489412645407
2.782559402207126
3.274549162877725
3.8535285937105273
4.534878508128582
5.3366992312063015
6.280291441834247
7.390722033525775
8.697490026177835
10.235310218990248
12.045035402587812
14.174741629268048
16.68100537200059
19.630406500402685
23.10129700083158
27.1858824273294
31.992671377973846
37.64935806792464
44.30621457583877
52.14008287999685
61.35907273413163
72.20809018385457
84.97534359086438
100.0
###
0.514474311387224
0.41271956301914947
0.3278561335390368
0.25793845652688613
0.20093745217068507
0.1549094162098721
0.12649541265741635
0.09543743986287222
0.07086580588200637
0.051541714818185536
1.2418399169833831
0.9581712901167385
0.7313144471631121
0.5519021281803954
0.4114201255445523
0.30242577753643424
0.237490485041515
0.16899127620699647
0.11704336075255589
0.07798216949130429
1.6837221081117972
1.2796762075462444
0.9616745709381076
0.71413019564522
0.5232868982724421
0.3775426546957377
0.29194101307568066
0.2029501879842282
0.13667104855218898
0.0878104252260928
2.0246292079257326
1.5243581855144934
1.134538076456572
0.8340250751087889
0.6045851726880702
0.4311111905139069
0.33014781190576836
0.2261649626760267
0.14961743107026365
0.09392219964454847
2.3093087018271166
1.7268667501708685
1.2762826397749816
0.9313387833066111
0.6698883062632818
0.47361753254912414
0.36015287192375633
0.244085721479869
0.15938553134048078
0.09837143866215713
2.5570652978247774
1.9019673814449816
1.3979984335771718
1.0143085130254248
0.7251083331537485
0.5092363083634853
0.38508935727668975
0.2588021511725682
0.16727188203471904
0.10183508203010722
2.778277747675739
2.0574961426185654
1.5055247187205747
1.0871986083567895
0.773300368763745
0.5400998601843914
0.4065693611455137
0.271346626441702
0.17391820509022113
0.10469727592272982
2.979273867851295
2.19820767766869
1.6023526503925596
1.1525138112481068
0.8162707676564689
0.5674560697667373
0.4255141747022903
0.28232866870775747
0.17966255897171018
0.10712925589784343
3.164241903392715
2.3272259725222475
1.6908085591177182
1.2119323392180654
0.8551864947205502
0.5921075713359807
0.44251153987548403
0.29215217048885406
0.1847158937053942
0.10924128578883091
3.336110769084433
2.446729672749956
1.7724661311234096
1.2665912303716795
0.8908437060915895
0.6145936414211731
0.4579557275397079
0.30094932205187885
0.18925894683894012
0.11110511399746235
3.497041134444536
2.558313760805055
1.8484900307591798
1.3173205765385716
0.9238175297209393
0.6353107362252935
0.47214069571131173
0.30905529474423205
0.1933745957051729
0.11277545856043995
3.6486603495351124
2.663178654130424
1.9197542912340424
1.3647368812400726
0.9545497257852648
0.654547705767584
0.48527094061825443
0.3164903784802829
0.19714677710860742
0.11428785120544965
3.7922355284743476
2.762254757500014
1.9869190018691354
1.4093238106349573
0.9833583542658727
0.6725266989678526
0.49750896287809904
0.32339568843963185
0.20062462463472433
0.11566774826674588
3.928798342351108
2.856283459926181
2.0505217337776522
1.4514684183250095
1.010509581780075
0.689420320405984
0.5089797991369397
0.329839650640017
0.2038543179979806
0.11693671830290411
4.059101222182748
2.9458595113158426
2.11099528538937
1.4913559691143938
1.0362093995412576
0.7053683037073925
0.5197836276701914
0.33588384099207774
0.20686985017253717
0.11811146298120778