# datat/BKevo/GBW_BKevo/gbw81.dat
# N(r,Y=0), r, *F2(x,Q^2)
# 1e-05 < r < 100.0
# 1 < Q^2 < 50, n=15, log grid
# 1e-5 < x < 1e-2, n=10, log grid
###
0.0
0.0
0.0
0.0
0.0
0.0
0.0
0.0
0.0
0.0
0.0
0.0
0.0
0.0
0.0
0.0
0.0
0.0
3.5081671075247023e-17
1.110223024625157e-16
2.1773269647690642e-16
4.2231187667433263e-16
8.600779810473412e-16
1.60485458740296e-15
3.1667150771931923e-15
6.089431177082749e-15
1.1532491407617644e-14
2.220872502626641e-14
4.300357126712128e-14
8.159421322330383e-14
1.5640047036348012e-13
3.0331674941563235e-13
5.773136004235043e-13
1.0992980938642784e-12
2.1394004797985077e-12
4.082308002902682e-12
7.72128270633231e-12
1.5080470675500127e-11
2.8853921978858254e-11
5.434844247158278e-11
1.0624902282840362e-10
2.0386478229549163e-10
3.8483388342066327e-10
7.481897001940162e-10
1.4398241838628302e-09
2.724122258762923e-09
5.265801639887385e-09
1.0164829396112169e-08
1.927710656082358e-08
3.7040075121422636e-08
7.173095075347658e-08
1.3636845889892278e-07
2.603883675915731e-07
5.059655567923189e-07
9.643558018465168e-07
1.8293646240974664e-06
3.5672557587211303e-06
6.817187421415887e-06
1.2843756212304187e-05
2.5138179452353648e-05
4.817311383035368e-05
9.084663026767634e-05
0.00017704530550004548
0.00034023578622665034
0.0006429821139755517
0.0012456504507365744
0.002399799413613809
0.004541580485786108
0.00872983694799751
0.016808063837557088
0.03167953616469616
0.05973928413628954
0.1123781869569079
0.20297173399974786
0.3502550566165298
0.5606464256000647
0.7883582684729038
0.9510044805119476
0.9949530201890555
0.9998861898696766
0.9999999573060784
0.9999999999999997
1.0
1.0
1.0
1.0
1.0
1.0
1.0
1.0
1.0
1.0
1.0
1.0
1.0
1.0
1.0
1.0
1.0
1.0
###
1e-05
1.1768119524349992e-05
1.3848863713938717e-05
1.6297508346206434e-05
1.917910261672489e-05
2.2570197196339216e-05
2.656087782946684e-05
3.1257158496882356e-05
3.678379771828634e-05
4.328761281083062e-05
5.0941380148163754e-05
5.994842503189409e-05
7.054802310718646e-05
8.302175681319735e-05
9.770099572992247e-05
0.00011497569953977356
0.00013530477745798074
0.00015922827933410923
0.0001873817422860383
0.00022051307399030456
0.00025950242113997375
0.0003053855508833416
0.00035938136638046257
0.0004229242874389499
0.0004977023564332109
0.0005857020818056661
0.0006892612104349695
0.0008111308307896872
0.0009545484566618337
0.0011233240329780276
0.0013219411484660286
0.0015556761439304723
0.0018307382802953678
0.002154434690031882
0.0025353644939701114
0.0029836472402833374
0.003511191734215131
0.004132012400115334
0.004862601580065354
0.005722367659350214
0.006734150657750821
0.007924828983539169
0.0093260334688322
0.010974987654930556
0.01291549665014884
0.01519911082952933
0.01788649529057435
0.0210490414451202
0.02477076355991709
0.029150530628251757
0.034304692863149154
0.040370172585965536
0.047508101621027934
0.05590810182512223
0.06579332246575675
0.0774263682681127
0.09111627561154886
0.10722672220103231
0.1261856883066021
0.14849682622544635
0.1747528400007683
0.20565123083486514
0.24201282647943834
0.2848035868435799
0.3351602650938841
0.3944206059437656
0.46415888336127725
0.5462277217684337
0.642807311728432
0.7564633275546291
0.8902150854450375
1.0476157527896641
1.232846739442066
1.4508287784959402
1.7073526474706886
2.009233002565046
2.364489412645407
2.782559402207126
3.274549162877725
3.8535285937105273
4.534878508128582
5.3366992312063015
6.280291441834247
7.390722033525775
8.697490026177835
10.235310218990248
12.045035402587812
14.174741629268048
16.68100537200059
19.630406500402685
23.10129700083158
27.1858824273294
31.992671377973846
37.64935806792464
44.30621457583877
52.14008287999685
61.35907273413163
72.20809018385457
84.97534359086438
100.0
###
1.1523805841709167
1.015928171336449
0.8972609032290658
0.7953978595044093
0.7090708093807907
0.6368676181677763
0.5911060653324243
0.5402053985257442
0.4997373443122476
0.4686680433508947
3.0838445060113973
2.5956648333020653
2.1802339982588075
1.8297882365107192
1.536222701557511
1.2914928827631798
1.1354830440873591
0.959031560963949
0.8121793962749736
0.6907215459545026
4.32613403304617
3.5692281909493735
2.933312400406631
2.403062242032819
1.963493483556273
1.600363682536
1.3703545348281914
1.1109996218952412
0.8966276760132014
0.7188543537464798
5.305626359824786
4.321735461486425
3.5024899699590164
2.8253211948845935
2.26852405146766
1.8122107950128568
1.5251240645679383
1.203546454266541
0.9397145735790879
0.722601004455152
6.134425818242822
4.950247104287989
3.9711600548509587
3.1673306408740416
2.5109032312537085
1.9765081041246755
1.642405363670123
1.2704567274847265
0.9676924396913699
0.7207641526222082
6.862423722884167
5.497161146037406
4.3747015607081075
3.458413006543512
2.714379053164285
2.1121901952936053
1.7377401603611038
1.3232281237611145
0.9883131385731003
0.7175444490411417
7.517014588907313
5.985217818867104
4.7319265848359695
3.713868461843803
2.8910305355563004
2.2285336472408517
1.8185536075512654
1.3670419417027562
1.0046981467719138
0.7141346056867053
8.115110417668454
6.428435241732098
5.054181782042357
3.942517072502345
3.0479160386494266
2.3308641703302673
1.8890048531453731
1.4046603808345055
1.0183556772327818
0.710903380886349
8.668060805349603
6.8360722105301415
5.348939929328944
4.150378183440192
3.1895465650553145
2.4225061428438526
1.9516597014753367
1.4377234757407318
1.0301223336419045
0.7079569142784875
9.183876736682068
7.2146366440310175
5.621342481665961
4.341486453223833
3.318988228425491
2.50569848519454
2.0082081492752177
1.4672803987147924
1.0404882750541495
0.7052967989363773
9.668490052291725
7.568905361822271
5.875167174653274
4.518773547407859
3.438449368400674
2.5820350279570428
2.059833572502734
1.4940626915597166
1.0502492936616732
0.7029106361581631
10.126421776499825
7.9024927939597465
6.113324975386868
4.684445470691019
3.549557387276568
2.652675688639238
2.1074187437163934
1.51857949851139
1.0586761345135098
0.7007657505163227
10.56108829347921
8.218252005222253
6.337946816813995
4.839883756921896
3.6535581543320297
2.718500807319488
2.151584593744213
1.5412148653794246
1.0659836399730442
0.6988307261332959
10.975512037863009
8.518362341935156
6.5508036933314715
4.986885118586729
3.7514301957538825
2.78019810728446
2.1928459754549112
1.5622535881985373
1.073160006465971
0.6970829043292135
11.37206429809762
8.804664963389044
6.753298356847267
5.1263067579018085
3.843943924931795
2.8383019054767673
2.23158150407254
1.5819240969110184
1.079839806618502
0.6954912266787938