# datat/BKevo/GBW_BKevo/gbw37.dat
# N(r,Y=0), r, *F2(x,Q^2)
# 1e-05 < r < 100.0
# 1 < Q^2 < 50, n=15, log grid
# 1e-5 < x < 1e-2, n=10, log grid
###
1.4354525494642663e-05
1.6354956292729784e-05
1.862690995791096e-05
2.121675329998859e-05
2.4172580453405483e-05
2.7532758240959406e-05
3.135962482374204e-05
3.57271461977988e-05
4.0696806675821516e-05
4.635155454507298e-05
5.280498778444022e-05
6.015506752659133e-05
6.851075749791873e-05
7.80462978024321e-05
8.891698648682953e-05
0.00010126363625603799
0.00011535317891272097
0.0001314307330581522
0.00014967437717633265
0.00017049257954326042
0.00019425331134435148
0.00022122743117075974
0.00025198703872551364
0.0002870929149202985
0.000326983377703598
0.00037243029186090413
0.0004242964054766479
0.0004832857812165658
0.0005504296518963766
0.0006270532932927783
0.0007142804611666593
0.0008134721633975758
0.0009266611539077948
0.0010556311574450308
0.0012021503402543721
0.001369332086643122
0.0015599938384993773
0.0017763847020657128
0.00202326623946199
0.0023049829552917616
0.0026245697894044084
0.0029890397553362456
0.0034048745346974864
0.003876980291185846
0.004414812178725008
0.0050283137201723865
0.005725341021726039
0.006518484430585125
0.007422953741772355
0.008451218757251293
0.009619755022354142
0.010951749582175058
0.012466828332018497
0.014185995720752834
0.0161444583283692
0.01837284158918252
0.02089681080921213
0.023769559493347248
0.027038449164049433
0.030732498175931065
0.034931579936125376
0.039703468961021886
0.04509002104146318
0.05119596543491294
0.0581200999396083
0.06592349121910718
0.07473417473003172
0.08469419682253805
0.09588847202759429
0.10845808481873453
0.12260171960234759
0.13842984327019536
0.15606256986716086
0.17576796951422444
0.19767628798685924
0.2218029555909014
0.24849406649507547
0.27788087306844766
0.30969890389024
0.34437598791226487
0.3819661472823171
0.421748052535786
0.46410757882810283
0.5088981302227612
0.5549146691738155
0.6021538027909648
0.6503013278206865
0.6976910309591349
0.7437402738454727
0.7881958403071303
0.8293328878023756
0.8661364036731182
0.8989373757856448
0.9267130705628058
0.9486571718262728
0.966052403076229
0.9790167230557701
0.9875118984133532
0.9931899274515789
0.9967081749747764
###
1e-05
1.1768119524349992e-05
1.3848863713938717e-05
1.6297508346206434e-05
1.917910261672489e-05
2.2570197196339216e-05
2.656087782946684e-05
3.1257158496882356e-05
3.678379771828634e-05
4.328761281083062e-05
5.0941380148163754e-05
5.994842503189409e-05
7.054802310718646e-05
8.302175681319735e-05
9.770099572992247e-05
0.00011497569953977356
0.00013530477745798074
0.00015922827933410923
0.0001873817422860383
0.00022051307399030456
0.00025950242113997375
0.0003053855508833416
0.00035938136638046257
0.0004229242874389499
0.0004977023564332109
0.0005857020818056661
0.0006892612104349695
0.0008111308307896872
0.0009545484566618337
0.0011233240329780276
0.0013219411484660286
0.0015556761439304723
0.0018307382802953678
0.002154434690031882
0.0025353644939701114
0.0029836472402833374
0.003511191734215131
0.004132012400115334
0.004862601580065354
0.005722367659350214
0.006734150657750821
0.007924828983539169
0.0093260334688322
0.010974987654930556
0.01291549665014884
0.01519911082952933
0.01788649529057435
0.0210490414451202
0.02477076355991709
0.029150530628251757
0.034304692863149154
0.040370172585965536
0.047508101621027934
0.05590810182512223
0.06579332246575675
0.0774263682681127
0.09111627561154886
0.10722672220103231
0.1261856883066021
0.14849682622544635
0.1747528400007683
0.20565123083486514
0.24201282647943834
0.2848035868435799
0.3351602650938841
0.3944206059437656
0.46415888336127725
0.5462277217684337
0.642807311728432
0.7564633275546291
0.8902150854450375
1.0476157527896641
1.232846739442066
1.4508287784959402
1.7073526474706886
2.009233002565046
2.364489412645407
2.782559402207126
3.274549162877725
3.8535285937105273
4.534878508128582
5.3366992312063015
6.280291441834247
7.390722033525775
8.697490026177835
10.235310218990248
12.045035402587812
14.174741629268048
16.68100537200059
19.630406500402685
23.10129700083158
27.1858824273294
31.992671377973846
37.64935806792464
44.30621457583877
52.14008287999685
61.35907273413163
72.20809018385457
84.97534359086438
100.0
###
3.3278693047298207
2.8609211435083974
2.4016763380897888
1.9639265172124951
1.5619550694114046
1.2077372499830714
0.9782635983396489
0.7225843729091569
0.521894256981602
0.3695817190587434
12.19114522376745
10.177634197681291
8.263599837907133
6.516681504689798
4.992650319046832
3.719007859009771
2.9318923589357366
2.0925965244502156
1.4643013088568242
1.0071438143298346
19.758733625928823
16.27851976540993
13.030162094646075
10.12526359611937
7.643528781799963
5.61341205796421
4.381325858573417
3.0889997321697504
2.137723685277682
1.4558537045475575
26.688083254764315
21.798120832276442
17.287579237121683
13.30729171136214
9.95336416297956
7.24639897671134
5.621785469805987
3.9344342067078877
2.7050748204818906
1.831633813187837
33.1932299120624
26.936119011447794
21.216602304402354
16.219303066679682
12.050917662902703
8.71911679968104
6.735386371987193
4.689392815303388
3.2095444817123484
2.1645255607484444
39.38315666647303
31.793137808068757
24.906517119502805
18.937164316437844
13.997351722690654
10.079000694789924
7.760304223495273
5.381630896999894
3.6706735780053035
2.4680350333586345
45.32271189036821
36.42939690142048
28.410363963926883
21.505277961385858
15.828741987639804
11.35326364204398
8.718775479692107
6.026816395174674
4.099417586800941
2.749681057255202
51.05588916472041
40.88501312001419
31.762969184815507
23.95208798424804
17.567521113913756
12.559327934151296
9.623080487174423
6.634771913509493
4.502679878988629
3.014204156756453
56.61401482047529
45.188017850311624
34.98885971433384
26.298161986567635
19.229669158842604
13.709276805462878
10.484270911608368
7.212234854009905
4.885153865773436
3.264694360120826
62.02052634733637
49.35969022324707
38.106202088171976
28.559581437794456
20.826345091965614
14.8117108476938
11.308725343966115
7.7642471360120675
5.250218277189064
3.503620968101321
67.29345312584361
53.41687839445649
41.12890819997546
30.746079570981802
22.367292303361065
15.873208795116499
12.101632295315122
8.29434412284859
5.600222397345493
3.7325603645102037
72.44736736700105
57.37138345313419
44.067971385218755
32.86782536734141
23.859027831056753
16.899087898156825
12.866853056571518
8.805410223069158
5.937486290971415
3.9528849017789973
77.4940693271623
61.234413635444746
46.9323073098923
34.92985117826075
25.30715956505395
17.893376695738688
13.607918250575416
9.299701750554139
6.263450374877898
4.165642702525234
82.4433681529234
65.01442856619535
49.72956474288376
36.94016841267408
26.71599884612427
18.859417629482255
14.3272798078443
9.779037764952232
6.579268330708586
4.371571890486431
87.30349256232853
68.71875732457514
52.46520124968591
38.90298567193146
28.08951854397962
19.799984307216526
15.027111277338072
10.24480919627919
6.885988913838989
4.571611065036902