# datat/BKevo/GBW_BKevo/gbw56.dat
# N(r,Y=0), r, *F2(x,Q^2)
# 1e-05 < r < 100.0
# 1 < Q^2 < 50, n=15, log grid
# 1e-5 < x < 1e-2, n=10, log grid
###
1.332189694004676e-07
1.6190928555450382e-07
1.968940763444494e-07
2.3939763827527946e-07
2.9097072468659913e-07
3.537995878334592e-07
4.301994267529379e-07
5.22905495107115e-07
6.357376169103547e-07
7.730648361642602e-07
9.397091129858997e-07
1.1423372910041857e-06
1.3891785801842479e-06
1.6887288813917164e-06
2.052610671831093e-06
2.4962968207240552e-06
3.0347477225757495e-06
3.6882002139061926e-06
4.4857001190108185e-06
5.453575035570282e-06
6.6279075885530715e-06
8.0604619068966e-06
9.80021963379187e-06
1.1911170030626147e-05
1.448388255994462e-05
1.7611071253899792e-05
2.1405623969175085e-05
2.6025848855320137e-05
3.1646854771780674e-05
3.846768797515503e-05
4.6764762757761806e-05
5.6868141194251486e-05
6.912858296041592e-05
8.402816274596865e-05
0.0001021878434059231
0.0001242253425909724
0.00015098034593031024
0.00018361900587495863
0.00022322839904848223
0.0002712841170780273
0.0003299270509458841
0.00040111389129674575
0.0004874813227386916
0.0005927735655363228
0.0007206945061368735
0.0008758917441067753
0.001064903155358967
0.00129471825208334
0.0015735179907949576
0.0019126940951822676
0.0023253886639966813
0.0028259724155930716
0.003434235096640746
0.004174769581615507
0.005072735978725015
0.0061623606185782585
0.007489338931841313
0.009097478414467954
0.01104556935227607
0.013417538000731442
0.01628894138601185
0.019762393488014805
0.02398077507604983
0.029080418512838522
0.03523462810885982
0.04267748369140596
0.05164773261288148
0.06242617070182043
0.07537576963853514
0.09088357727897613
0.10937174986049326
0.1313458550891909
0.15733412970205365
0.18788071368764764
0.2235387480550052
0.26472071130659963
0.31190384281760575
0.3653277779467762
0.4243472869930967
0.4889280946246114
0.5582246716753603
0.6289637221142288
0.7001392253798708
0.7693615463467778
0.8312279031819554
0.8845003681991027
0.9279686394421243
0.9588981875965461
0.9789420770175207
0.9909485144080792
0.9967405781765201
0.9989777211704609
0.9997677511608064
0.9999658907070489
0.9999952453377149
0.9999996095294768
0.9999999909754087
0.9999999996758111
0.9999999999945277
0.999999999999997
###
1e-05
1.1768119524349992e-05
1.3848863713938717e-05
1.6297508346206434e-05
1.917910261672489e-05
2.2570197196339216e-05
2.656087782946684e-05
3.1257158496882356e-05
3.678379771828634e-05
4.328761281083062e-05
5.0941380148163754e-05
5.994842503189409e-05
7.054802310718646e-05
8.302175681319735e-05
9.770099572992247e-05
0.00011497569953977356
0.00013530477745798074
0.00015922827933410923
0.0001873817422860383
0.00022051307399030456
0.00025950242113997375
0.0003053855508833416
0.00035938136638046257
0.0004229242874389499
0.0004977023564332109
0.0005857020818056661
0.0006892612104349695
0.0008111308307896872
0.0009545484566618337
0.0011233240329780276
0.0013219411484660286
0.0015556761439304723
0.0018307382802953678
0.002154434690031882
0.0025353644939701114
0.0029836472402833374
0.003511191734215131
0.004132012400115334
0.004862601580065354
0.005722367659350214
0.006734150657750821
0.007924828983539169
0.0093260334688322
0.010974987654930556
0.01291549665014884
0.01519911082952933
0.01788649529057435
0.0210490414451202
0.02477076355991709
0.029150530628251757
0.034304692863149154
0.040370172585965536
0.047508101621027934
0.05590810182512223
0.06579332246575675
0.0774263682681127
0.09111627561154886
0.10722672220103231
0.1261856883066021
0.14849682622544635
0.1747528400007683
0.20565123083486514
0.24201282647943834
0.2848035868435799
0.3351602650938841
0.3944206059437656
0.46415888336127725
0.5462277217684337
0.642807311728432
0.7564633275546291
0.8902150854450375
1.0476157527896641
1.232846739442066
1.4508287784959402
1.7073526474706886
2.009233002565046
2.364489412645407
2.782559402207126
3.274549162877725
3.8535285937105273
4.534878508128582
5.3366992312063015
6.280291441834247
7.390722033525775
8.697490026177835
10.235310218990248
12.045035402587812
14.174741629268048
16.68100537200059
19.630406500402685
23.10129700083158
27.1858824273294
31.992671377973846
37.64935806792464
44.30621457583877
52.14008287999685
61.35907273413163
72.20809018385457
84.97534359086438
100.0
###
1.9246199686351
1.6598001209844084
1.41370801225656
1.18942921536244
0.9891741954999262
0.8135152990216042
0.6978633660412056
0.5642648990799433
0.45241956964491026
0.3600043256392922
6.155446850643673
5.125985500367965
4.208591494009778
3.408363336691341
2.7252209513790575
2.1525160025329946
1.789919531817427
1.3865893858926717
1.0629564547133947
0.8063884078278708
9.362271174178757
7.682005673293328
6.212469967333037
4.954742613842516
3.9007421844745034
3.033132691670321
2.4924185137421913
1.8998423948939946
1.4322008409022504
1.067507970874065
12.112502950261062
9.844616931275091
7.885302235694557
6.22856236383375
4.856472092296607
3.7398932890797485
3.0507247306997036
2.3025445128673323
1.7181586605309762
1.267050666732563
14.577201092956894
11.765415077386738
9.357822241779695
7.340168671805364
5.683457234597416
4.346388017793596
3.526951038670776
2.6432038814003787
1.958092381575598
1.433125001419537
16.838796657961744
13.51596260856939
10.691089375530877
8.34018464862005
6.422840358305046
4.88535411716508
3.948257623016471
2.9428524327859873
2.1679004800887793
1.5775059103765663
18.945184268365775
15.137685650232795
11.919654092202473
9.257200347530102
7.097515772933097
5.374831730683248
4.32952428369305
3.212765958211401
2.3560920981507185
1.7064642926050806
20.92748707388842
16.65709502234084
13.06597866813686
10.10899101489758
7.721884959599391
5.826014072400691
4.679947161426523
3.4599739954726596
2.5278130582330838
1.8237045381022114
22.80723709623576
18.09186486552606
14.145055086674105
10.908044271087611
8.305505197852503
6.246440121579559
5.005701740653973
3.6890317891953965
2.6864625390308285
1.9317286696191083
24.600359483281295
19.457200269809864
15.167563030837586
11.66303837301819
8.855255156860398
6.641444564692848
5.311105017568088
3.903244433259367
2.8344480081019063
2.0321870005133347
26.318490058015197
20.76113628881371
16.141918838813698
12.380600722855092
9.376470495950572
7.014950628491989
5.599367675764665
4.1049787134605324
2.9735110019851465
2.1264334121953405
27.971352325709187
22.012112234237843
17.074474574247468
13.065749459902586
9.872983677644608
7.369836748223026
5.8734463805186685
4.296120493091334
3.1049737193314173
2.2153646888857272
29.566322846722457
23.21662753735541
17.970257022955124
13.722429695865403
10.348135296250723
7.708927137261675
6.134340569494165
4.477983458309102
3.229855080318309
2.2997118777871464
31.10953672243104
24.379581008432435
18.833381953324984
14.353944900151935
10.804038854864498
8.033768273138993
6.384053563914173
4.651674455585796
3.3490022515922444
2.380053352777455
32.60607385825225
25.505164042925596
19.66721949563229
14.962984640290076
11.242954651413761
8.346057679377578
6.623437779014995
4.818345468925585
3.4630473203656904
2.4568834392496006