# datat/BKevo/GBW_BKevo/gbw42.dat
# N(r,Y=0), r, *F2(x,Q^2)
# 1e-05 < r < 100.0
# 1 < Q^2 < 50, n=15, log grid
# 1e-5 < x < 1e-2, n=10, log grid
###
4.0083958203681307e-16
5.482809934492915e-16
8.594571335662349e-16
1.4214276028219984e-15
2.2559684566793982e-15
3.5075544176501443e-15
5.627563121136657e-15
8.775622365638941e-15
1.3817312479024207e-14
2.1916600450728508e-14
3.4421897681734755e-14
5.432156734923016e-14
8.605864158399544e-14
1.3549590082138097e-13
2.1273646867440185e-13
3.379036494539026e-13
5.322602910788581e-13
8.335214327370796e-13
1.325889379536844e-12
2.0911251174711057e-12
3.274818455519487e-12
5.2016879179897395e-12
8.213944104893754e-12
1.2876777569334469e-11
2.040290606079968e-11
3.225840549374481e-11
5.0623677724414936e-11
8.001098498316944e-11
1.2666550602441593e-10
1.9899232414112857e-10
3.1369736810746275e-10
4.972721028227556e-10
7.820805275346057e-10
1.22962405846821e-09
1.9518541072618973e-09
3.07324631429689e-09
4.818713556849846e-09
7.659772135670823e-09
1.2074585312264912e-08
1.8901496464988673e-08
3.0053642517310706e-08
4.743229241039285e-08
7.432519474731146e-08
1.1789314466020297e-07
1.862949354228965e-07
2.922217020529585e-07
4.623676243259861e-07
7.315615923182919e-07
1.1487451858621847e-06
1.812970444457263e-06
2.8722434403084007e-06
4.515103241166432e-06
7.107140179175119e-06
1.1274799241514885e-05
1.774357146452506e-05
2.7854431415448824e-05
4.4249379776731794e-05
6.971649322882217e-05
0.000109138006213227
0.0001736192599108141
0.0002738570832542442
0.0004289049818153767
0.0006809507896501844
0.0010752386719201747
0.0016853486127597064
0.0026681675764571922
0.0042158500750754035
0.006609105032345623
0.010421555956253598
0.016448657341378608
0.025723995803874446
0.0402318206262905
0.06299129550738394
0.09728038646722895
0.14859770564189587
0.2248110205321619
0.3301878588047277
0.4674972175513729
0.6280677918355145
0.7877332781757427
0.9152887250882916
0.9769064195140301
0.9967148237174277
0.9998905696357231
0.999999407210383
0.9999999989615991
0.9999999999999224
1.0
1.0
1.0
1.0
1.0
1.0
1.0
1.0
1.0
1.0
1.0
1.0
1.0
###
1e-05
1.1768119524349992e-05
1.3848863713938717e-05
1.6297508346206434e-05
1.917910261672489e-05
2.2570197196339216e-05
2.656087782946684e-05
3.1257158496882356e-05
3.678379771828634e-05
4.328761281083062e-05
5.0941380148163754e-05
5.994842503189409e-05
7.054802310718646e-05
8.302175681319735e-05
9.770099572992247e-05
0.00011497569953977356
0.00013530477745798074
0.00015922827933410923
0.0001873817422860383
0.00022051307399030456
0.00025950242113997375
0.0003053855508833416
0.00035938136638046257
0.0004229242874389499
0.0004977023564332109
0.0005857020818056661
0.0006892612104349695
0.0008111308307896872
0.0009545484566618337
0.0011233240329780276
0.0013219411484660286
0.0015556761439304723
0.0018307382802953678
0.002154434690031882
0.0025353644939701114
0.0029836472402833374
0.003511191734215131
0.004132012400115334
0.004862601580065354
0.005722367659350214
0.006734150657750821
0.007924828983539169
0.0093260334688322
0.010974987654930556
0.01291549665014884
0.01519911082952933
0.01788649529057435
0.0210490414451202
0.02477076355991709
0.029150530628251757
0.034304692863149154
0.040370172585965536
0.047508101621027934
0.05590810182512223
0.06579332246575675
0.0774263682681127
0.09111627561154886
0.10722672220103231
0.1261856883066021
0.14849682622544635
0.1747528400007683
0.20565123083486514
0.24201282647943834
0.2848035868435799
0.3351602650938841
0.3944206059437656
0.46415888336127725
0.5462277217684337
0.642807311728432
0.7564633275546291
0.8902150854450375
1.0476157527896641
1.232846739442066
1.4508287784959402
1.7073526474706886
2.009233002565046
2.364489412645407
2.782559402207126
3.274549162877725
3.8535285937105273
4.534878508128582
5.3366992312063015
6.280291441834247
7.390722033525775
8.697490026177835
10.235310218990248
12.045035402587812
14.174741629268048
16.68100537200059
19.630406500402685
23.10129700083158
27.1858824273294
31.992671377973846
37.64935806792464
44.30621457583877
52.14008287999685
61.35907273413163
72.20809018385457
84.97534359086438
100.0
###
0.9892426580712373
0.8530438275239275
0.7343253253887542
0.6319648545551839
0.5445258749438787
0.47044767667530374
0.4227733040291001
0.3681574332611472
0.3227015284094195
0.28511608447258996
2.5878195707086906
2.132081066938711
1.7474238031893445
1.4256296572394547
1.158221090042753
0.9370427077667896
0.7969688104682946
0.6391796943610926
0.5090617982869237
0.40150718770093147
3.604740028280352
2.9147103294360917
2.3412340197752335
1.8685987196043787
1.4815427043572835
1.1660428494436268
0.9687860017819172
0.74940720493197
0.5712530555580856
0.42641683263309416
4.4032281632700006
3.5183368821912295
2.7903870707183547
2.1964873918488097
1.7149275139062892
1.3264168252204223
1.0857731497312944
0.8207495378310273
0.6081303086977313
0.437603996856601
5.077221711336624
4.02191808501776
3.1603667105841615
2.462736317274387
1.9015080582257278
1.4522462110806564
1.1759853510715166
0.87408104214671
0.6342675612743358
0.44410766812601227
5.668190063803467
4.45967286260045
3.479020651243462
2.6897601445887407
2.0587332296073146
1.5568274144634815
1.250041095132064
0.9169351998964422
0.6545063342248956
0.44841234092200877
6.19882183251007
4.85006754527655
3.7611414811082646
2.889213344238894
2.195571856872116
1.6468852773318217
1.313224218066647
0.9529038124718133
0.6710262831044596
0.4514955442749696
6.683085152756369
5.204373805503107
4.01563163830024
3.0678956349738034
2.317308834443666
1.7263285332934877
1.3685311882731113
0.9839692741160526
0.6849924359995871
0.4538335136494258
7.13043402848935
5.530062726514359
4.248404184230392
3.2304219611394243
2.4273472119882578
1.7976248297521218
1.417877480371272
1.0113792882175598
0.6972831929743245
0.4556718458578508
7.547372270360057
5.832382960964004
4.463507132688113
3.3799070434976275
2.528000684487033
1.8624423623005197
1.4624680132048047
1.035931621015868
0.7077722936396001
0.45715880332023107
7.938814176855461
6.115187052878692
4.6639460837014415
3.518633475049409
2.6209660030073016
1.921984917149983
1.5032372075869516
1.0582028694829013
0.7173350930893161
0.45839660284199163
8.30846851437044
6.381383860358329
4.851962143483523
3.6483286019345083
2.7074901096121886
1.9771305728859383
1.5408384674214117
1.0785994665931833
0.7259945667883582
0.45944258492006423
8.659236696256663
6.633267459657306
5.029295686276086
3.769956171241993
2.78852414014042
2.028550440112973
1.575767081489116
1.09742592352736
0.7339102832745487
0.460340195300552
8.993347353977754
6.872584967489542
5.19732790959324
3.885048827889247
2.8647979840148468
2.0767706769253786
1.6084014806754194
1.1149587931445173
0.7412002254054121
0.46111841089450906
9.312835438861164
7.100856102608307
5.3571624244162575
3.9942272871319053
2.936925007666372
2.1222001073502
1.6390596221092302
1.1312682996668233
0.7479582174952191
0.46180363726293466