# datat/BKevo/GBW_BKevo/gbw73.dat
# N(r,Y=0), r, *F2(x,Q^2)
# 1e-05 < r < 100.0
# 1 < Q^2 < 50, n=15, log grid
# 1e-5 < x < 1e-2, n=10, log grid
###
1.8159212673278677e-05
2.0689855049967355e-05
2.3563985298055833e-05
2.684025914039732e-05
3.0579517166210206e-05
3.483029365944449e-05
3.967144786893294e-05
4.5196548471157636e-05
5.1483372656523656e-05
5.86368500118312e-05
6.680068324287411e-05
7.609879061907839e-05
8.666900658851399e-05
9.873174399579997e-05
0.00011248344701666376
0.0001281022265620966
0.00014592574404317173
0.00016626405427745978
0.0001893423782481357
0.00021567740457227933
0.00024573456466228986
0.00027985638453335127
0.000318766494565613
0.0003631741587653578
0.0004136336122795197
0.00047112105046505094
0.0005367275691644973
0.0006113433021648827
0.0006962722076171571
0.0007931901378266799
0.0009035175750668402
0.0010289748326190768
0.0011721319874254785
0.0013352432088350626
0.0015205419470814014
0.0017319637039545012
0.001973067872271595
0.002246691790809594
0.002558852564030534
0.0029150361265314066
0.0033190640173876226
0.003779793756103337
0.0043054031636212756
0.00490206159239997
0.0055816960096588385
0.006356839241264764
0.007237352301247319
0.00823908115865414
0.009381169367300709
0.010679231713421507
0.012153918681844995
0.013834357795213477
0.015745047210495456
0.017912110372261102
0.020379655969171625
0.023185753406837244
0.026361833604971338
0.029974297094870067
0.03408169623231521
0.03871836891290824
0.04398352491748409
0.049960023881758096
0.056695938896312435
0.06431957081494889
0.07295001161470645
0.08265479981132832
0.09358642936719355
0.10591284145032659
0.11972260370550843
0.13517347969898932
0.1524941256788904
0.17178905627013394
0.1931671436867044
0.21692586292911853
0.24316775069282742
0.2718293118848345
0.30327772399643677
0.3375781559114268
0.37425514637102436
0.4137445548655527
0.45597015880991304
0.499839104004011
0.5457085901524984
0.5932389219911031
0.640790896169083
0.6882779435984644
0.7352513319369083
0.7797588807542286
0.8212366399906712
0.859549270595944
0.893121800396032
0.9213157580374063
0.9448637108670318
0.9633077116267252
0.9765497966313081
0.9860961948965444
0.9924582527001964
0.996066084955967
0.9981676425819836
0.9992765244308273
###
1e-05
1.1768119524349992e-05
1.3848863713938717e-05
1.6297508346206434e-05
1.917910261672489e-05
2.2570197196339216e-05
2.656087782946684e-05
3.1257158496882356e-05
3.678379771828634e-05
4.328761281083062e-05
5.0941380148163754e-05
5.994842503189409e-05
7.054802310718646e-05
8.302175681319735e-05
9.770099572992247e-05
0.00011497569953977356
0.00013530477745798074
0.00015922827933410923
0.0001873817422860383
0.00022051307399030456
0.00025950242113997375
0.0003053855508833416
0.00035938136638046257
0.0004229242874389499
0.0004977023564332109
0.0005857020818056661
0.0006892612104349695
0.0008111308307896872
0.0009545484566618337
0.0011233240329780276
0.0013219411484660286
0.0015556761439304723
0.0018307382802953678
0.002154434690031882
0.0025353644939701114
0.0029836472402833374
0.003511191734215131
0.004132012400115334
0.004862601580065354
0.005722367659350214
0.006734150657750821
0.007924828983539169
0.0093260334688322
0.010974987654930556
0.01291549665014884
0.01519911082952933
0.01788649529057435
0.0210490414451202
0.02477076355991709
0.029150530628251757
0.034304692863149154
0.040370172585965536
0.047508101621027934
0.05590810182512223
0.06579332246575675
0.0774263682681127
0.09111627561154886
0.10722672220103231
0.1261856883066021
0.14849682622544635
0.1747528400007683
0.20565123083486514
0.24201282647943834
0.2848035868435799
0.3351602650938841
0.3944206059437656
0.46415888336127725
0.5462277217684337
0.642807311728432
0.7564633275546291
0.8902150854450375
1.0476157527896641
1.232846739442066
1.4508287784959402
1.7073526474706886
2.009233002565046
2.364489412645407
2.782559402207126
3.274549162877725
3.8535285937105273
4.534878508128582
5.3366992312063015
6.280291441834247
7.390722033525775
8.697490026177835
10.235310218990248
12.045035402587812
14.174741629268048
16.68100537200059
19.630406500402685
23.10129700083158
27.1858824273294
31.992671377973846
37.64935806792464
44.30621457583877
52.14008287999685
61.35907273413163
72.20809018385457
84.97534359086438
100.0
###
3.5824582428855822
3.113601242431117
2.648375936415637
2.1983727373865287
1.7769892273176329
1.397562925856918
1.1466294858726545
0.861777424200779
0.6327430946747857
0.4553127363732362
13.310247382070903
11.259186971691236
9.280407626582022
7.438637501108603
5.792827286077515
4.385733650535809
3.497866505911206
2.5344947125741095
1.7977469613167645
1.252197283919961
21.707338303734172
18.142008222024216
14.749084074215137
11.649357710913305
8.93655495971897
6.666604702105631
5.26068331021598
3.761294870051015
2.6354002886142567
1.8151977158194776
29.447272043963633
24.418299578479722
19.666124382862318
15.386923194394114
11.692477702658783
8.643075477468912
6.776118741509052
4.805742858144234
3.3428679960990344
2.2873417537968472
36.745632321862416
30.270935943416138
24.224813827326994
18.822257320469976
14.206619052390357
10.431384933610275
8.140393883331177
5.740500697774856
3.9727941537308826
2.7059249708047104
43.71359320938443
35.83141304019833
28.521020200372604
22.03894341949741
16.545210551131053
12.086552562449299
9.39856024353268
6.598865863891907
4.549161334824787
3.0877749577070723
50.418844183875784
41.15438039040765
32.616349434767606
25.0864444136394
18.747061154875194
13.640430373758434
10.57643553773012
7.399740753784321
5.085459544566009
3.4422581389723623
56.907329777064064
46.28207453332652
36.53520939648799
27.995579017480704
20.843840310945357
15.113336868204351
11.690295353352486
8.155762209833798
5.590211776015618
3.775343352985994
63.20990465684063
51.24466466483413
40.31769965389981
30.790955279990506
22.851324201242946
16.51934188156991
12.751555839770422
8.873194809131604
6.06918871486932
4.090769882520641
69.35150641322244
56.06436773828666
43.97915391228768
33.488236184464434
24.782418494772983
17.868835668693038
13.768442757886307
9.560050815877265
6.526261839650949
4.391736287888924
75.34872428436763
60.75871673815781
47.53497687203613
36.10124578535291
26.649207555423818
19.169508655648205
14.74704260735714
10.219977580011319
6.965194874633194
4.680167134190524
81.22170262633483
65.34151860825713
50.996982011884405
38.638224719262105
28.457338156495517
20.427475539902716
15.692584633091807
10.856579473155396
7.388032922891825
4.9577762790099795
86.97976399572684
69.82396330609384
54.374834758178764
41.1081633639816
30.214149466116076
21.647589251820936
16.60822927047902
11.47233967846069
7.796714617775789
5.225886712253633
92.63361529764043
74.21546782183742
57.677169906879094
43.517711712721976
31.92487453370259
22.83383940416482
17.497962306148423
12.069819144829772
8.192801467956471
5.485474999856612
98.19191599119372
78.52380847725527
60.910410200772176
45.87244082604587
33.59386537933937
23.989478794419792
18.36346256893053
12.65077863916841
8.57759097785328
5.737607100073645