# datat/BKevo/ATAN_BKevo/atan17.dat
# N(r,Y=0), r, *F2(x,Q^2)
# 1e-05 < r < 100.0
# 1 < Q^2 < 50, n=15, log grid
# 1e-5 < x < 1e-2, n=10, log grid
###
7.048362229797137e-12
9.429883564350245e-12
1.2661049115595409e-11
1.6980832073945437e-11
2.2725531471964918e-11
3.0490465035402755e-11
4.090790058852574e-11
5.476478087186825e-11
7.34231515877859e-11
9.854453239978835e-11
1.3196778811406704e-10
1.7679752965845e-10
2.3737480799644634e-10
3.179900144758718e-10
4.2568968473406453e-10
5.717591182584686e-10
7.66192092784092e-10
1.0249044551920233e-09
1.3771066340848721e-09
1.8460359614949612e-09
2.469444209299066e-09
3.3166347724657426e-09
4.447547743063755e-09
5.951353393102316e-09
7.987354088103415e-09
1.0714667681605666e-08
1.434207469199645e-08
1.923459406453324e-08
2.5811548793333803e-08
3.456110603676612e-08
4.631668763438172e-08
6.217650883122422e-08
8.328031932945188e-08
1.1152337650282307e-07
1.497666576751205e-07
2.006669741350491e-07
2.6851455318796335e-07
3.607281965168981e-07
4.834903950027231e-07
6.466782079592239e-07
8.688019278889377e-07
1.164871054143423e-06
1.55852348411471e-06
2.092361508132555e-06
2.8063734391942342e-06
3.7559351990831365e-06
5.0388023158556676e-06
6.76067469948159e-06
9.05110806535385e-06
1.2133654294296688e-05
1.6285851667018505e-05
2.18103670400653e-05
2.921647119450119e-05
3.9228743139719755e-05
5.2553139889252224e-05
7.034472512073611e-05
9.448570254926399e-05
0.00012661965527213274
0.000169352852274849
0.00022755222040738785
0.00030503550706868613
0.00040803472587790297
0.0005479128963697925
0.0007346729137174139
0.0009829409509678224
0.0013187363669814646
0.0017684528205792155
0.0023660979773988413
0.003170724456646034
0.004250920060271928
0.005684731030121766
0.007603713028404555
0.010181286839964306
0.01359068706065069
0.018112509910462645
0.024159055941913317
0.03208195911420686
0.0424181651813776
0.05600597878692118
0.07339979626096052
0.09539064669240059
0.12300423017574702
0.15663915528508338
0.1966827882668066
0.242886852858663
0.2945511738723248
0.3507019318100985
0.4089689529875925
0.46767551755342046
0.525823240257982
0.5810389291488612
0.6320382250763644
0.6793924507179683
0.7221223146967025
0.7594351545144704
0.7928917381006704
0.8224360791200509
0.8473886785853821
0.8693863845722017
0.8886993854749959
###
1e-05
1.1768119524349992e-05
1.3848863713938717e-05
1.6297508346206434e-05
1.917910261672489e-05
2.2570197196339216e-05
2.656087782946684e-05
3.1257158496882356e-05
3.678379771828634e-05
4.328761281083062e-05
5.0941380148163754e-05
5.994842503189409e-05
7.054802310718646e-05
8.302175681319735e-05
9.770099572992247e-05
0.00011497569953977356
0.00013530477745798074
0.00015922827933410923
0.0001873817422860383
0.00022051307399030456
0.00025950242113997375
0.0003053855508833416
0.00035938136638046257
0.0004229242874389499
0.0004977023564332109
0.0005857020818056661
0.0006892612104349695
0.0008111308307896872
0.0009545484566618337
0.0011233240329780276
0.0013219411484660286
0.0015556761439304723
0.0018307382802953678
0.002154434690031882
0.0025353644939701114
0.0029836472402833374
0.003511191734215131
0.004132012400115334
0.004862601580065354
0.005722367659350214
0.006734150657750821
0.007924828983539169
0.0093260334688322
0.010974987654930556
0.01291549665014884
0.01519911082952933
0.01788649529057435
0.0210490414451202
0.02477076355991709
0.029150530628251757
0.034304692863149154
0.040370172585965536
0.047508101621027934
0.05590810182512223
0.06579332246575675
0.0774263682681127
0.09111627561154886
0.10722672220103231
0.1261856883066021
0.14849682622544635
0.1747528400007683
0.20565123083486514
0.24201282647943834
0.2848035868435799
0.3351602650938841
0.3944206059437656
0.46415888336127725
0.5462277217684337
0.642807311728432
0.7564633275546291
0.8902150854450375
1.0476157527896641
1.232846739442066
1.4508287784959402
1.7073526474706886
2.009233002565046
2.364489412645407
2.782559402207126
3.274549162877725
3.8535285937105273
4.534878508128582
5.3366992312063015
6.280291441834247
7.390722033525775
8.697490026177835
10.235310218990248
12.045035402587812
14.174741629268048
16.68100537200059
19.630406500402685
23.10129700083158
27.1858824273294
31.992671377973846
37.64935806792464
44.30621457583877
52.14008287999685
61.35907273413163
72.20809018385457
84.97534359086438
100.0
###
0.4403712288888566
0.3475842171136827
0.27139642615425963
0.20960246620716227
0.16007379543702782
0.12078502685545699
0.0969328683103536
0.0713073154952165
0.05145603578578391
0.0361945433299457
1.0515369408128274
0.8000365414516841
0.6017597407768962
0.44722734506614376
0.3281060310203599
0.2371902348763908
0.1838524808175932
0.1284847986427659
0.0873313873796754
0.0570641091529592
1.421516217261328
1.0664169408991415
0.7907363571706985
0.5790836333247215
0.4183421669577952
0.29746487801121585
0.22750528344608825
0.15586867929650172
0.10351693871277134
0.06572338506592103
1.7067722246592762
1.269269609575455
0.9328119669096477
0.676898049838745
0.48430966688547833
0.34084019285364414
0.25850205569283924
0.174925303908658
0.11450004220543325
0.07139839184119366
1.9449704510162982
1.4372879603270032
1.0495142604644696
0.7565318986725409
0.5375246698723488
0.37546717677500974
0.2830407978012299
0.18981196622328064
0.1229430600026257
0.07566776672673456
2.152306754218937
1.582617795930104
1.149864750242965
0.824568873798792
0.582672062719339
0.4046209043005855
0.3035660875379064
0.2021452603225999
0.12985713389123396
0.07910792165099563
2.3374535866858617
1.711839051822052
1.238612454339241
0.8844508205101977
0.6221819374635381
0.4299792508701489
0.3213309924058934
0.21273967129429597
0.13574155956551232
0.0819986041001439
2.5057149162963595
1.828813489207337
1.318636120079116
0.9382011384860347
0.6574816250974904
0.45252918284820526
0.3370632106272708
0.22206210800871412
0.14087950664628748
0.0845010486758886
2.6605908274453665
1.936127982069232
1.3917983088867456
0.9871637541294225
0.689519603045091
0.472905697131799
0.3512290331726364
0.2304123214710084
0.14546958653482836
0.08670076839863708
2.8045322886154747
2.035571660682781
1.4593961388374648
1.0322600183155926
0.718925177437648
0.4915376597592907
0.3641412189399803
0.23798670360070281
0.14959228067711994
0.08867027227830959
2.9393422191168224
2.128469013724843
1.5223764080092335
1.074162928476204
0.7461706483541943
0.5087431252952007
0.3760322895410001
0.2449352771522593
0.15335685455834497
0.09045922222332838
3.066375124221164
2.2158113046673633
1.5814534524841781
1.1133715011774432
0.7715916051213045
0.5247501032909352
0.3870681465230459
0.25135925174990853
0.15680436215830806
0.0920940223037048
3.1867050621302764
2.298366554610964
1.6371728854826442
1.1502800213510074
0.7954564390104074
0.5397378370169844
0.3973785993825922
0.2573401944109377
0.1600156983916137
0.09360185501277937
3.3011682600957206
2.376745870907136
1.6899759744221763
1.1851239374256248
0.8179754185928906
0.5538437164229765
0.40706128597528424
0.26294029458920476
0.16300858886748462
0.09500002988114763
3.4104007628410247
2.4514467136107485
1.7402041367841439
1.2182508734755406
0.8393103744525503
0.5671796321026606
0.416201044872552
0.26821033142579975
0.16581753554611334
0.09630543949339605