# datat/BKevo/GBW_BKevo/gbw30.dat
# N(r,Y=0), r, *F2(x,Q^2)
# 1e-05 < r < 100.0
# 1 < Q^2 < 50, n=15, log grid
# 1e-5 < x < 1e-2, n=10, log grid
###
6.910376479222178e-10
8.954941347999053e-10
1.1631907701025403e-09
1.509837416188049e-09
1.956968228990297e-09
2.5407514424290404e-09
3.298705476510482e-09
4.276523720070154e-09
5.549536546965658e-09
7.2067856843890024e-09
9.34509973298241e-09
1.2120885065614017e-08
1.5744329926476406e-08
2.0420330184238516e-08
2.6472489679158744e-08
3.4394661497805345e-08
4.4619752099113495e-08
5.781464144786821e-08
7.513494444105798e-08
9.749378331255238e-08
1.2632753254560514e-07
1.6412575916733765e-07
2.13015827234724e-07
2.760736562294166e-07
3.5850493603460564e-07
4.6540579557697193e-07
6.033066091290677e-07
7.830633375553014e-07
1.0168020901931505e-06
1.3183694694235972e-06
1.7103370844269326e-06
2.221393621667355e-06
2.8808579679108682e-06
3.7355042866039546e-06
4.852870254759568e-06
6.2949430892665956e-06
8.158286450309093e-06
1.0601207315199923e-05
1.3754548862094142e-05
1.7820785810091e-05
2.3157647522433278e-05
3.005275085869483e-05
3.894531251970568e-05
5.058410090458246e-05
6.566031431868853e-05
8.510681636228654e-05
0.00011048671272125285
0.00014344893001814248
0.00018597203095864641
0.00024130920884160435
0.0003133690778287344
0.00040634103150216606
0.0005269714681108425
0.0006844714103670747
0.0008876918876075629
0.0011505612011258582
0.0014946600669661666
0.0019386272914747708
0.0025110483810567613
0.003262146435351944
0.004230956216952713
0.00547905320392513
0.007111973054731675
0.00922085889140531
0.011934732765591078
0.015469006478009122
0.02003496140527477
0.02589565684568214
0.033477208747575676
0.04324759392623742
0.05571541685522284
0.07166803826986187
0.09204570934199259
0.11771292433430816
0.14990567778023572
0.19009166152963206
0.23927521131095808
0.29862372961262756
0.36875973840955334
0.4493613667457751
0.5392173983708992
0.6331775637771695
0.727255292909707
0.8155209342250289
0.8872510263436683
0.9402105045754033
0.9745588015880088
0.9912857110801614
0.9976674476239548
0.9996193687117456
0.999966929014995
0.9999976348476797
0.9999999305582085
0.9999999998410506
0.9999999999992275
0.9999999999999991
1.0
1.0
1.0
1.0
###
1e-05
1.1768119524349992e-05
1.3848863713938717e-05
1.6297508346206434e-05
1.917910261672489e-05
2.2570197196339216e-05
2.656087782946684e-05
3.1257158496882356e-05
3.678379771828634e-05
4.328761281083062e-05
5.0941380148163754e-05
5.994842503189409e-05
7.054802310718646e-05
8.302175681319735e-05
9.770099572992247e-05
0.00011497569953977356
0.00013530477745798074
0.00015922827933410923
0.0001873817422860383
0.00022051307399030456
0.00025950242113997375
0.0003053855508833416
0.00035938136638046257
0.0004229242874389499
0.0004977023564332109
0.0005857020818056661
0.0006892612104349695
0.0008111308307896872
0.0009545484566618337
0.0011233240329780276
0.0013219411484660286
0.0015556761439304723
0.0018307382802953678
0.002154434690031882
0.0025353644939701114
0.0029836472402833374
0.003511191734215131
0.004132012400115334
0.004862601580065354
0.005722367659350214
0.006734150657750821
0.007924828983539169
0.0093260334688322
0.010974987654930556
0.01291549665014884
0.01519911082952933
0.01788649529057435
0.0210490414451202
0.02477076355991709
0.029150530628251757
0.034304692863149154
0.040370172585965536
0.047508101621027934
0.05590810182512223
0.06579332246575675
0.0774263682681127
0.09111627561154886
0.10722672220103231
0.1261856883066021
0.14849682622544635
0.1747528400007683
0.20565123083486514
0.24201282647943834
0.2848035868435799
0.3351602650938841
0.3944206059437656
0.46415888336127725
0.5462277217684337
0.642807311728432
0.7564633275546291
0.8902150854450375
1.0476157527896641
1.232846739442066
1.4508287784959402
1.7073526474706886
2.009233002565046
2.364489412645407
2.782559402207126
3.274549162877725
3.8535285937105273
4.534878508128582
5.3366992312063015
6.280291441834247
7.390722033525775
8.697490026177835
10.235310218990248
12.045035402587812
14.174741629268048
16.68100537200059
19.630406500402685
23.10129700083158
27.1858824273294
31.992671377973846
37.64935806792464
44.30621457583877
52.14008287999685
61.35907273413163
72.20809018385457
84.97534359086438
100.0
###
1.2297871080326466
1.0488273800825259
0.8872378163052096
0.7450428222017759
0.6216858044672492
0.5157687780842855
0.44690369905531885
0.3677780340209669
0.3014577169977063
0.2461364450348401
3.4843366958659487
2.8583746486418806
2.3222828588477133
1.8697560637746333
1.4926734069649845
1.1816981392614958
0.9863438741836861
0.7692312896180865
0.5940560463032016
0.4533778138146673
5.025633395262758
4.05807229181307
3.2439626701771425
2.568445325799484
2.0149753558820054
1.5660629739532257
1.2881418052693
0.9836502824275566
0.7420327713526326
0.5513698665831004
6.279619131181256
5.020124276931017
3.9722290935552027
3.1121752604405817
2.4150103503076195
1.8555145095425118
1.5123140143330658
1.139725074691689
0.8473012726037753
0.6191446309961859
7.363570194838001
5.843842047087036
4.589755980451537
3.5686910792330346
2.747393769860861
2.09335703046866
1.6949017907781643
1.2652381100826633
0.9307049168261327
0.6719119789855106
8.331191782308736
6.5739615831703
5.133220385921266
3.9675063298753663
3.0355748218944103
2.297948048016539
1.8509557745995207
1.3714697107416052
1.0005475567685316
0.7155371802398001
9.21257847613434
7.235305846686536
5.622699907528277
4.324660336788154
3.292078781753988
2.4788713536435703
1.9882185961376353
1.4642613271641005
1.0610455375064836
0.752979166686019
10.026693917108867
7.84334534615977
6.070628034817592
4.649909847091651
3.524522664010653
2.6419204423622293
2.1114576249640797
1.547063369864899
1.11466328169569
0.7858830614625948
10.786385556155654
8.408538459648627
6.485368943303543
4.949807164130404
3.737948462408977
2.791011320266392
2.223721495739993
1.622090841666023
1.1629784974045605
0.8153394072355221
11.500847964773564
8.938275978801656
6.872712938819306
5.228934228191177
3.935868638797666
2.928734759494805
2.327110852637412
1.6908833581375362
1.2070571371631096
0.8420584880690263
12.176996139064526
9.438023453172788
7.237048957747509
5.4906774226333335
4.120873911019558
3.0570317420514073
2.4231727537209387
1.7545512396012772
1.247675981599845
0.8665594895505663
12.81990154360184
9.912073514097788
7.581718887825784
5.737592288656251
4.29489437763363
3.177351031366734
2.5130570688462317
1.8139196705010732
1.2854014163162755
0.8892125674357765
13.434034675922922
10.363722430875162
7.909286346926801
5.971720202148129
4.459446185094544
3.2908134224206917
2.5975299704137798
1.8696039839358813
1.3206673705914695
0.9103081490997279
14.022644722058411
10.79564292052815
8.221845507000607
6.194578534498959
4.615735571768267
3.3983104246419793
2.677480392210035
1.9221108267866938
1.3538179313934031
0.9300672625440547
14.588661360986366
11.20999730802081
8.520975203260157
6.407489931729519
4.764722360394823
3.5005560646742184
2.753388298100669
1.971836642474564
1.385115574818126
0.9486614579848957