# datat/BKevo/ATAN_BKevo/atan29.dat
# N(r,Y=0), r, *F2(x,Q^2)
# 1e-05 < r < 100.0
# 1 < Q^2 < 50, n=15, log grid
# 1e-5 < x < 1e-2, n=10, log grid
###
0.00029024156601661135
0.00032013039331969177
0.0003528917252508583
0.00038906699530394167
0.00042910837949740083
0.0004730804896930894
0.0005215464922696246
0.0005751894422533446
0.0006342091300671969
0.0006991422163134852
0.0007710075747818218
0.0008502249312876909
0.0009372207385383354
0.0010334993725983478
0.0011398273655544703
0.0012563832060448873
0.0013853695202614123
0.0015280875080649352
0.0016842487331166702
0.0018570554991274482
0.0020483442022259575
0.0022578454688476374
0.002489361600340174
0.0027456258736908
0.003026816430794722
0.0033369902824248996
0.0036803032149001513
0.004057717776931693
0.004473276617408569
0.00493321073401968
0.005439781828158034
0.005996535751010606
0.006612711281796086
0.007292644044187717
0.008038572972664965
0.00886407208523281
0.009776703261819803
0.010776093199406603
0.011882034425605814
0.013106284088256396
0.014445997460017035
0.015927664321282578
0.01756775017029184
0.019365889394224605
0.021350940303050694
0.02354811897451906
0.025961561579715697
0.028621024194334106
0.031564527055735
0.034803820055933625
0.038366801337479765
0.04231009155983206
0.04665775713418079
0.051431077813359594
0.05671351822338682
0.06254845752320294
0.06894269118137347
0.07601816956557998
0.08384782420289216
0.09241122843221995
0.10188506465823849
0.11236867133248277
0.12384705838022832
0.136520321910196
0.15053608991963957
0.1658977266556283
0.1828085723921806
0.2014831315023924
0.22194554863116767
0.24436272406328194
0.26902418650436066
0.2959530830550776
0.3251686508366119
0.3570049052565867
0.3913923660335761
0.42791309827176843
0.46684133663955274
0.5078337929488612
0.5495108154656242
0.5920753286159702
0.6348246603267848
0.6755188122312408
0.7145669429486827
0.7514479495910787
0.7844352690390655
0.8141632335274833
0.8409074881634802
0.8639349267099626
0.8838162587159125
0.9012485352738415
0.9160680831035488
0.928553708838743
0.9393924010751173
0.9486179440245965
0.9562785697760493
0.9629094152066138
0.9685916637296806
0.9732614733667786
0.9773020959421406
0.9807940792778571
###
1e-05
1.1768119524349992e-05
1.3848863713938717e-05
1.6297508346206434e-05
1.917910261672489e-05
2.2570197196339216e-05
2.656087782946684e-05
3.1257158496882356e-05
3.678379771828634e-05
4.328761281083062e-05
5.0941380148163754e-05
5.994842503189409e-05
7.054802310718646e-05
8.302175681319735e-05
9.770099572992247e-05
0.00011497569953977356
0.00013530477745798074
0.00015922827933410923
0.0001873817422860383
0.00022051307399030456
0.00025950242113997375
0.0003053855508833416
0.00035938136638046257
0.0004229242874389499
0.0004977023564332109
0.0005857020818056661
0.0006892612104349695
0.0008111308307896872
0.0009545484566618337
0.0011233240329780276
0.0013219411484660286
0.0015556761439304723
0.0018307382802953678
0.002154434690031882
0.0025353644939701114
0.0029836472402833374
0.003511191734215131
0.004132012400115334
0.004862601580065354
0.005722367659350214
0.006734150657750821
0.007924828983539169
0.0093260334688322
0.010974987654930556
0.01291549665014884
0.01519911082952933
0.01788649529057435
0.0210490414451202
0.02477076355991709
0.029150530628251757
0.034304692863149154
0.040370172585965536
0.047508101621027934
0.05590810182512223
0.06579332246575675
0.0774263682681127
0.09111627561154886
0.10722672220103231
0.1261856883066021
0.14849682622544635
0.1747528400007683
0.20565123083486514
0.24201282647943834
0.2848035868435799
0.3351602650938841
0.3944206059437656
0.46415888336127725
0.5462277217684337
0.642807311728432
0.7564633275546291
0.8902150854450375
1.0476157527896641
1.232846739442066
1.4508287784959402
1.7073526474706886
2.009233002565046
2.364489412645407
2.782559402207126
3.274549162877725
3.8535285937105273
4.534878508128582
5.3366992312063015
6.280291441834247
7.390722033525775
8.697490026177835
10.235310218990248
12.045035402587812
14.174741629268048
16.68100537200059
19.630406500402685
23.10129700083158
27.1858824273294
31.992671377973846
37.64935806792464
44.30621457583877
52.14008287999685
61.35907273413163
72.20809018385457
84.97534359086438
100.0
###
5.853405842260772
5.29183824648966
4.687501569887273
4.043811010014733
3.375151549449845
2.7088564710674183
2.2339136678340794
1.6652745669677778
1.195616581067533
0.833861110107702
23.51852666738593
20.988413970474802
18.270670526349033
15.404620024249892
12.483028462734664
9.667506011289243
7.737464847898654
5.527897837864068
3.7973454680904712
2.5322867483805798
39.81719442979355
35.31806615885491
30.49727281712735
25.4451796829382
20.35413844477168
15.529845859909193
12.28123569755108
8.632082292161924
5.8343700168922785
3.829661910693733
55.41563813317168
48.94904491644302
42.034850460575264
34.82549180948787
27.621163414795827
20.873397904035322
16.38307958854247
11.400093025739894
7.630363496947619
4.96168757247544
70.53553213872596
62.10347141772959
53.105912615126044
43.76206338268509
34.48805829211522
25.879364228260847
20.201404719067334
13.95650847973271
9.277351260527391
5.993415854960554
85.29097604947714
74.89564165861863
63.82268852978103
52.36530272506116
41.05755556805091
30.63731540587715
23.813688054367937
16.361033542907663
10.818680246235013
6.954695650007578
99.75190440332642
87.39556387544609
74.25527205075255
60.69557903362794
47.39149527241789
35.20116383958731
27.265629981069964
18.648589698209033
12.279298987091416
7.859253596486991
113.96566573744843
99.65060978418926
84.45041541511947
68.810341230432
53.531191383050405
39.60605643204215
30.587222238549696
20.841807180418538
13.675251605397191
8.72813949376945
127.96648458609938
111.69499514919877
94.44189601692509
76.73629564173201
59.50609824834712
43.87719368205392
33.799307482859724
22.956083829496144
15.017643556941229
9.558548416236345
141.7802496388366
123.55458509924105
104.25556644447879
84.49776676608153
65.33816045810528
48.03252510676664
36.91782900789325
25.003489453509367
16.314574426628315
10.354351229872329
155.42725048418782
135.24946425929915
113.91067028076375
92.11371529626761
71.0444772154395
52.08716437331588
39.95457965173913
26.992637666500272
17.572197220804505
11.134855358848453
168.92382289730935
146.7962233478891
123.42308452079976
99.59931521965802
76.63864010566577
56.05198980719136
42.91897290866733
28.930608276360548
18.79522797497209
11.887483211170803
182.28344195752848
158.20811379170883
132.80677756404435
106.96876396594152
82.13170757915418
59.93630441911534
45.81857932916636
30.82273834384996
19.988896009157834
12.620609128602931
195.51714563288806
169.49633781059603
142.0722944349858
114.22894337406723
87.53287617482695
63.74775207815837
48.6597660101652
32.67381921627753
21.152600455709678
13.33602580491126
208.63465303018364
180.6703689792721
151.22891921420086
121.39021540699119
92.8498810984679
67.49184686422971
51.447888880901374
34.48743980488762
22.292533696721595
14.035455459029848