# ../data/BKevo/MV2g_BKevo/mv2g_4.dat
# N(r,Y=0), r, *F2(x,Q^2)
# 1e-05 < r < 100.0
# 1 < Q^2 < 50, n=15, lin grid
# 1e-5 < x < 1e-2, n=10, log grid
###
6.434550750489791e-05
7.239401895397783e-05
8.139499548295987e-05
9.151233861262156e-05
0.00010290232360901214
0.0001156488209029585
0.0001299481796122934
0.00014603534197195624
0.00016405020490196085
0.00018421806418261117
0.0002068906406240853
0.0002322959535242588
0.00026067539510356096
0.0002925533570404563
0.0003282948348106143
0.00036812765591293984
0.00041283051297188756
0.0004629791277089304
0.0005187291550070926
0.0005812322951746321
0.0006513043184721728
0.0007291651783271297
0.0008162679821315038
0.0009138047281624939
0.0010222012961218642
0.0011431321595000662
0.0012783702358125904
0.001428675197371609
0.001595857074128803
0.0017825358463288623
0.0019899990536125646
0.002219990747483103
0.0024763578207291055
0.002761205926543459
0.003075813666812314
0.0034257928170693844
0.0038144953593947607
0.004242008251760759
0.00471646401816908
0.0052427772559922765
0.0058195165568916294
0.0064574662531792625
0.007163083545013051
0.007935033460536043
0.008784533552734803
0.009720906953026914
0.01074317626341597
0.01186145689654265
0.013089090337980579
0.014425917481493506
0.01587821957767256
0.017464970488930615
0.019187650810332985
0.02104432679399087
0.02306193199717177
0.02524508586041304
0.027577361338071853
0.030097186967614844
0.03281516125368776
0.035692940343246785
0.03878638591413197
0.042109703911094594
0.045623570701202446
0.04938910838779903
0.053443908160489814
0.05778183234832474
0.06249927527977311
0.06772666915688977
0.07363641938435878
0.08059055746730472
0.08916530586610406
0.1004503631575787
0.11645527152692989
0.13994376211366152
0.1759504073719716
0.2328873512959814
0.31624321119629667
0.42714126453107837
0.5440044843379979
0.6309298813071795
0.6725179026760286
0.6891068374575029
0.7047199002496943
0.7215894327084024
0.7395140092798002
0.7585764784875197
0.7787631654777661
0.7996176587865088
0.8209786732138405
0.8427689191018742
0.8643386646454875
0.885191731701843
0.9053053117252243
0.9240197204702952
0.9406023780331463
0.9553322060244944
0.9678707187149534
0.9776184616819208
0.9852952014281945
0.9910437661432259
###
1e-05
1.1768119524349992e-05
1.3848863713938717e-05
1.6297508346206434e-05
1.917910261672489e-05
2.2570197196339216e-05
2.656087782946684e-05
3.1257158496882356e-05
3.678379771828634e-05
4.328761281083062e-05
5.0941380148163754e-05
5.994842503189409e-05
7.054802310718646e-05
8.302175681319735e-05
9.770099572992247e-05
0.00011497569953977356
0.00013530477745798074
0.00015922827933410923
0.0001873817422860383
0.00022051307399030456
0.00025950242113997375
0.0003053855508833416
0.00035938136638046257
0.0004229242874389499
0.0004977023564332109
0.0005857020818056661
0.0006892612104349695
0.0008111308307896872
0.0009545484566618337
0.0011233240329780276
0.0013219411484660286
0.0015556761439304723
0.0018307382802953678
0.002154434690031882
0.0025353644939701114
0.0029836472402833374
0.003511191734215131
0.004132012400115334
0.004862601580065354
0.005722367659350214
0.006734150657750821
0.007924828983539169
0.0093260334688322
0.010974987654930556
0.01291549665014884
0.01519911082952933
0.01788649529057435
0.0210490414451202
0.02477076355991709
0.029150530628251757
0.034304692863149154
0.040370172585965536
0.047508101621027934
0.05590810182512223
0.06579332246575675
0.0774263682681127
0.09111627561154886
0.10722672220103231
0.1261856883066021
0.14849682622544635
0.1747528400007683
0.20565123083486514
0.24201282647943834
0.2848035868435799
0.3351602650938841
0.3944206059437656
0.46415888336127725
0.5462277217684337
0.642807311728432
0.7564633275546291
0.8902150854450375
1.0476157527896641
1.232846739442066
1.4508287784959402
1.7073526474706886
2.009233002565046
2.364489412645407
2.782559402207126
3.274549162877725
3.8535285937105273
4.534878508128582
5.3366992312063015
6.280291441834247
7.390722033525775
8.697490026177835
10.235310218990248
12.045035402587812
14.174741629268048
16.68100537200059
19.630406500402685
23.10129700083158
27.1858824273294
31.992671377973846
37.64935806792464
44.30621457583877
52.14008287999685
61.35907273413163
72.20809018385457
84.97534359086438
100.0
###
4.429370549355133
3.8580944915918565
3.2615066100510632
2.657657930840068
2.077343116366657
1.5566397260445182
1.2230667395809498
0.8651134250571062
0.6017390520841932
0.41790800627402
17.1086324649497
14.569408251300093
11.973394040496515
9.431696357838135
7.09171224800481
5.087747076992278
3.8544403510627254
2.576245041695593
1.668804785771573
1.053891151503505
28.433187831420966
23.965421344358187
19.45385329669588
15.112485675500375
11.196043704344039
7.912035440775408
5.92543330374254
3.8966474850882316
2.477420830015219
1.5281671925509428
39.07126255093252
32.70483464129088
26.3339338782578
20.276581346474586
14.885831820119291
10.426820316569263
7.758922210928342
5.063916492030595
3.188288828700524
1.9468713813433245
49.24414340128128
41.00404037728244
32.81681435103363
25.104467730497134
18.310540721810288
12.748101411788857
9.444994190727225
6.125887423875444
3.8402644260922445
2.332337766023281
59.06531265189844
48.972590398528475
39.00464979754869
29.68437793751757
21.54301178883712
14.928571275681358
11.02606037416772
7.124225469529103
4.4506221703732205
2.6943915309604
68.60408828287582
56.677205146937396
44.958974536404895
34.07117062696234
24.62602482807869
17.001892021839502
12.526551585738595
8.070566019632755
5.029416365179117
3.0384408084449777
77.90724515195134
64.16334871067541
50.718794429788076
38.30003451995351
27.587635408005273
18.987416797151926
13.962229849848706
8.97520259768441
5.5828874437762535
3.368151264815844
87.00850056014733
71.46245521941863
56.317061262691965
42.395452377383
30.44755171731218
20.901350627033526
15.344043382485733
9.84526161174277
6.115349355606866
3.685820065995427
95.93300135241657
78.59918927063813
61.77442822904139
46.37579942475172
33.22030758485838
22.753544814904796
16.679991248474753
10.685960087168738
6.629963111865058
3.9936044119839735
104.70099478184859
85.59219116745173
67.10736207530826
50.256459340936445
35.91706282710545
24.552004944963468
17.976182165329373
11.501234912867776
7.129144503548443
4.291733577839795
113.32826145222214
92.4566444485939
72.32915656713237
54.04691424669634
38.54551819684053
26.30313963495727
19.237381923891174
12.294165202246033
7.614736647319647
4.583171226794219
121.82787634302457
99.20480097893801
77.45108975702259
57.757045874925666
41.11767037568934
28.012065583378938
20.46742584260895
13.067225026692256
8.08825974264507
4.866138554752
130.21967337323426
105.84690508187197
82.4821834677375
61.39441362976288
43.62978511936478
29.682982681271508
21.669435842963402
13.822423754359665
8.550927715975712
5.14356431266516
138.48602915293986
112.39160882989857
87.42967547243737
64.96566045045316
46.09537035214543
31.319392910629105
22.845951973611236
14.561459651137687
9.00376593644224
5.415290928687573