# data/BKevo/ATAN_BKevo/atan68.dat
# N(r,Y=0), r, *F2(x,Q^2)
# 1e-05 < r < 100.0
# 1 < Q^2 < 50, n=15, lin grid
# 1e-5 < x < 1e-2, n=10, log grid
###
1.9378198543819667e-07
2.355152827679673e-07
2.864046044624376e-07
3.482308287926011e-07
4.232497024149849e-07
5.146413791590244e-07
6.257735804810573e-07
7.606250464491173e-07
9.247521517224918e-07
1.124510177732431e-06
1.3669132259452528e-06
1.6616590045252227e-06
2.020717878355838e-06
2.456448148751123e-06
2.9857561194064424e-06
3.631149004970715e-06
4.414388564485523e-06
5.364911862831013e-06
6.524969964678127e-06
7.932859894512841e-06
9.641068873772652e-06
1.1724895700547806e-05
1.4255591659508926e-05
1.7326239459536364e-05
2.1068588863789994e-05
2.5617509854271634e-05
3.113722038636627e-05
3.7858016693307126e-05
4.603463889603526e-05
5.595665321262414e-05
6.802619371999502e-05
8.272345871954689e-05
0.00010055876501760781
0.00012223352069235793
0.00014865128417583247
0.00018071089976589024
0.00021963431203241208
0.00026711884883444436
0.00032474673277212103
0.00039466598044114455
0.0004799941553196732
0.0005835805341165792
0.0007092655500244775
0.0008625058659635535
0.0010486998304650424
0.001274623570799257
0.001549817840560554
0.001884486087168233
0.002290576111383627
0.002784748399160668
0.0033862416547631572
0.004116101596259601
0.00500337117603932
0.006084219785684832
0.007395652667889897
0.00898815628885398
0.010929423396267651
0.013284269936491554
0.016139985999067713
0.019622100565253528
0.023843079909510845
0.02895631283697724
0.035176757912162
0.042707580927721686
0.05180670512851436
0.06282066347644022
0.0760942986366531
0.09202376306322847
0.11109396582726752
0.13377819283397674
0.1605470116596713
0.19182710544813164
0.22786060285891818
0.2688314688367005
0.3144968350342795
0.36383884361867946
0.4164071566682443
0.4709822740778087
0.5247295334849974
0.5776438126549368
0.6286216660973433
0.6747734303558771
0.7173139394025893
0.7561073861875959
0.7896963338523108
0.8193041644017163
0.8455375474198595
0.8678774548801818
0.8870512212883144
0.9038227956208935
0.9180771237927896
0.9301038125136432
0.9405672706282128
0.9494989044467586
0.9569401089525342
0.9633998262696255
0.9689516173323273
0.9735282899815841
0.9774977924750508
0.9809358991092425
###
1e-05
1.1768119524349992e-05
1.3848863713938717e-05
1.6297508346206434e-05
1.917910261672489e-05
2.2570197196339216e-05
2.656087782946684e-05
3.1257158496882356e-05
3.678379771828634e-05
4.328761281083062e-05
5.0941380148163754e-05
5.994842503189409e-05
7.054802310718646e-05
8.302175681319735e-05
9.770099572992247e-05
0.00011497569953977356
0.00013530477745798074
0.00015922827933410923
0.0001873817422860383
0.00022051307399030456
0.00025950242113997375
0.0003053855508833416
0.00035938136638046257
0.0004229242874389499
0.0004977023564332109
0.0005857020818056661
0.0006892612104349695
0.0008111308307896872
0.0009545484566618337
0.0011233240329780276
0.0013219411484660286
0.0015556761439304723
0.0018307382802953678
0.002154434690031882
0.0025353644939701114
0.0029836472402833374
0.003511191734215131
0.004132012400115334
0.004862601580065354
0.005722367659350214
0.006734150657750821
0.007924828983539169
0.0093260334688322
0.010974987654930556
0.01291549665014884
0.01519911082952933
0.01788649529057435
0.0210490414451202
0.02477076355991709
0.029150530628251757
0.034304692863149154
0.040370172585965536
0.047508101621027934
0.05590810182512223
0.06579332246575675
0.0774263682681127
0.09111627561154886
0.10722672220103231
0.1261856883066021
0.14849682622544635
0.1747528400007683
0.20565123083486514
0.24201282647943834
0.2848035868435799
0.3351602650938841
0.3944206059437656
0.46415888336127725
0.5462277217684337
0.642807311728432
0.7564633275546291
0.8902150854450375
1.0476157527896641
1.232846739442066
1.4508287784959402
1.7073526474706886
2.009233002565046
2.364489412645407
2.782559402207126
3.274549162877725
3.8535285937105273
4.534878508128582
5.3366992312063015
6.280291441834247
7.390722033525775
8.697490026177835
10.235310218990248
12.045035402587812
14.174741629268048
16.68100537200059
19.630406500402685
23.10129700083158
27.1858824273294
31.992671377973846
37.64935806792464
44.30621457583877
52.14008287999685
61.35907273413163
72.20809018385457
84.97534359086438
100.0
###
2.1984850590942444
1.9251749915262901
1.6670938843418595
1.4275412569578552
1.2090271213722854
1.0131911547223749
0.881561878871478
0.7262563561202109
0.5930601565909415
0.4804741837240613
7.2512844638104665
6.163061019197846
5.137604738324442
4.240038838020759
3.4562784671288704
2.784510001489313
2.3509462504074365
1.859090237213855
1.4560790900925344
1.1302700080557122
11.17446539874
9.333955234588457
7.688330746522186
6.248301465155167
5.01392317484576
3.9754881947071867
3.3158772146729634
2.579376629688127
1.986230147783887
1.5146566933364194
14.579415536773594
12.064473014174794
9.841980946509581
7.9204409717560775
6.292902569339818
4.939646494395547
4.08877383463713
3.1479741252552627
2.3983059197993337
1.808521432738913
17.65538777362268
14.508435005420033
11.751514188964595
9.389856770950644
7.40630327801343
5.771360104920907
4.75089481409751
3.630443810229359
2.7446182944714295
2.052930623502532
20.494783476505315
16.748707777149193
13.48999390428881
10.718032690615281
8.406020647946335
6.513185656278761
5.338466706379211
4.055754943432079
3.047735213391348
2.265350925930294
23.15196267875109
18.833508936609874
15.098907531821306
11.940444658319102
9.32135254472384
7.1887804883346575
5.871478771931957
4.4395052358514775
3.319783769125008
2.454865411382279
25.662414034442158
20.794031992915055
16.60504850711303
13.079757043944598
10.170612855483453
7.812908332030872
6.362331120981221
4.791289519720894
3.5681341608122175
2.6269969554939077
28.05097042963406
22.651894074355134
18.026702458539614
14.151300704215595
10.966291026880695
8.395542720113324
6.81925677065266
5.11760830588143
3.7976493473696062
2.7855730203697155
30.3358946802783
24.423060282506974
19.377279469662216
15.16586281466953
11.717386371128713
8.943773217914877
7.248259469586001
5.423082303010242
4.011789360842515
2.9330949181371166
32.53115720465883
26.11948124307442
20.66702896627162
16.131792113177273
12.430528105158498
9.462814294334716
7.653721448808265
5.710926763805494
4.213059105728314
3.071332395831352
34.647662313552146
27.750594587841604
21.905089774384898
17.055793247659455
13.111087312837158
9.956863312137122
8.038604748343934
5.983748471204628
4.40335869744669
3.201727092215715
36.694268447802294
29.323908056749225
23.09520814735195
17.94281387922899
13.762680763560576
10.42916424015543
8.40615296911708
6.243515644069853
4.584186543608891
3.325360648159063
38.67815273619192
30.845553590433457
24.243934650514653
18.797038965675707
14.388973069728532
10.881993320968336
8.758114398050441
6.491800226344602
4.756660233047487
3.443091257895487
40.605317184292836
32.320638002618416
25.355236297403682
19.62185513360096
14.992663989478174
11.317669227582858
9.096239778201122
6.7300444826978945
4.921831020916154
3.555598262366271