# data/BKevo/ATAN_BKevo/atan67.dat
# N(r,Y=0), r, *F2(x,Q^2)
# 1e-05 < r < 100.0
# 1 < Q^2 < 50, n=15, lin grid
# 1e-5 < x < 1e-2, n=10, log grid
###
2.5464790923663787e-06
2.9967270325165493e-06
3.5265841900402327e-06
4.1501264260910495e-06
4.883918382314037e-06
5.747453526979973e-06
6.7636720065425666e-06
7.959570059535102e-06
9.36691718211508e-06
1.1023100097068229e-05
1.2972115946620542e-05
1.5265741093543057e-05
1.7964906580296822e-05
2.1141316785911057e-05
2.4879354280393637e-05
2.927832148011003e-05
3.4455078655633155e-05
4.054714836913442e-05
4.771636881222072e-05
5.6153193104167574e-05
6.608174874781059e-05
7.776579165339278e-05
9.151571293067362e-05
0.00010769678453153236
0.00012673886279974782
0.00014914780780864276
0.0001755189216867425
0.00020655276287830654
0.00024307375680739776
0.00028605209701903654
0.00033662951803938306
0.0003961496257837669
0.0004661935914574443
0.0005486221530748586
0.0006456250437149482
0.0007597791676993876
0.0008941170451744067
0.0010522073501711207
0.0012382497489482008
0.0014571864139005008
0.0017148331961873685
0.002018034300895815
0.002374843880387969
0.0027947395430718714
0.0032888746345774017
0.003870373906023638
0.004554680300377938
0.005359966296321536
0.006307615534411504
0.00742278312560693
0.008735063791343764
0.010279280169091706
0.01209637599057401
0.014234481607416903
0.01675023302411716
0.019710145957573234
0.023192190649412844
0.027288177711293958
0.032105666838385644
0.03776956781774565
0.04442744030377632
0.052250810266679534
0.06143481790491517
0.07220998234863917
0.0848402328693657
0.09961057631824068
0.11685203416482362
0.13693316401057945
0.1601965203507513
0.18699938274675112
0.2177282313216715
0.25256095615865964
0.29147537801647444
0.3345670675174707
0.3813462644034082
0.4305360551527933
0.48180433486567475
0.533946899378679
0.5842154322415194
0.6329229712284979
0.6791858414028923
0.7204713392383775
0.7581307983010618
0.7921666827435419
0.8213822756565936
0.8469659633142977
0.8695122601139571
0.8886155872592575
0.9049449128736125
0.9191829244357183
0.9312484850730346
0.9414029769632367
0.950220825726398
0.9577348524415363
0.9639853103628264
0.9694051657744657
0.9740585393239056
0.9778909027626423
0.9812125592894142
0.9840878213004326
###
1e-05
1.1768119524349992e-05
1.3848863713938717e-05
1.6297508346206434e-05
1.917910261672489e-05
2.2570197196339216e-05
2.656087782946684e-05
3.1257158496882356e-05
3.678379771828634e-05
4.328761281083062e-05
5.0941380148163754e-05
5.994842503189409e-05
7.054802310718646e-05
8.302175681319735e-05
9.770099572992247e-05
0.00011497569953977356
0.00013530477745798074
0.00015922827933410923
0.0001873817422860383
0.00022051307399030456
0.00025950242113997375
0.0003053855508833416
0.00035938136638046257
0.0004229242874389499
0.0004977023564332109
0.0005857020818056661
0.0006892612104349695
0.0008111308307896872
0.0009545484566618337
0.0011233240329780276
0.0013219411484660286
0.0015556761439304723
0.0018307382802953678
0.002154434690031882
0.0025353644939701114
0.0029836472402833374
0.003511191734215131
0.004132012400115334
0.004862601580065354
0.005722367659350214
0.006734150657750821
0.007924828983539169
0.0093260334688322
0.010974987654930556
0.01291549665014884
0.01519911082952933
0.01788649529057435
0.0210490414451202
0.02477076355991709
0.029150530628251757
0.034304692863149154
0.040370172585965536
0.047508101621027934
0.05590810182512223
0.06579332246575675
0.0774263682681127
0.09111627561154886
0.10722672220103231
0.1261856883066021
0.14849682622544635
0.1747528400007683
0.20565123083486514
0.24201282647943834
0.2848035868435799
0.3351602650938841
0.3944206059437656
0.46415888336127725
0.5462277217684337
0.642807311728432
0.7564633275546291
0.8902150854450375
1.0476157527896641
1.232846739442066
1.4508287784959402
1.7073526474706886
2.009233002565046
2.364489412645407
2.782559402207126
3.274549162877725
3.8535285937105273
4.534878508128582
5.3366992312063015
6.280291441834247
7.390722033525775
8.697490026177835
10.235310218990248
12.045035402587812
14.174741629268048
16.68100537200059
19.630406500402685
23.10129700083158
27.1858824273294
31.992671377973846
37.64935806792464
44.30621457583877
52.14008287999685
61.35907273413163
72.20809018385457
84.97534359086438
100.0
###
2.944954963861319
2.598037561060878
2.261803217624044
1.9417732615109844
1.6434955806946099
1.3715286223419636
1.1867587159789168
0.9675704610143077
0.7795513805232069
0.621489241910972
10.461031059870812
8.967783659433044
7.561502017815971
6.268708803516623
5.111398899351668
4.102083629198454
3.444114832667244
2.695287636339223
2.082960232183946
1.592152654465879
16.692173981589598
14.123868512281065
11.741579153913237
9.58930194885149
7.698042987447597
6.080452273266
5.043879957030587
3.8835018049742964
2.952362931412672
2.219104668394999
22.298657529693305
18.704414875300426
15.405675685689797
12.460185237047565
9.903847360521214
7.744722627709508
6.376048135542169
4.859796431616398
3.6570424360827642
2.7203665885420696
27.492553341327223
22.911889929928257
18.74076869038897
15.049474648094844
11.875186623221916
9.218866036528548
7.5483434167574455
5.7115234582717305
4.266861461274863
3.150409648808396
32.38463494297778
26.846438407947257
21.838420149462756
17.437897628435948
13.681328230360087
10.560596069695
8.610379714886985
6.478531567797674
4.812489800369195
3.5329202329484946
37.03825062284664
30.568977656375314
24.75262287418218
19.672501692321053
15.361865121404964
11.802918207594635
9.589965184239889
7.1825929770934795
5.31105393041289
3.8808628639961125
41.49572709610276
34.11908519604458
27.518539159225703
21.7838160251038
16.942936777939824
12.966698771462083
10.504842015603744
7.837582614526785
5.773139335471393
4.202176176828994
45.788565839073044
37.52379591230402
30.16098614081733
23.79292592511689
18.442009750652343
14.066161486429996
11.366665029214316
8.452947755851227
6.205858063734578
4.502161264770357
49.93923428631425
40.80181414248001
32.698197861478036
25.715672418539878
19.871920920176517
15.111567192865008
12.184659995420757
9.035148518428494
6.614243635759224
4.784577863182944
53.96520380006487
43.973704050004976
35.144128615730466
27.563742366414534
21.24267000783791
16.110955603070902
12.965276781784533
9.589308345249723
7.0020722185485065
5.052203902824137
57.880640881529416
47.04986877949715
37.50678437009538
29.34713413557124
22.56100066413305
17.070273678577006
13.71303701807347
10.119054185164948
7.371967135264455
5.307110542982344
61.697530297409195
50.043587607976505
39.80072141324695
31.071877771890115
23.83406659087761
17.994310783432596
14.432357878930194
10.627724511138313
7.726663725316367
5.551037748555481
65.42347354028213
52.957584639000416
42.03042382158223
32.74465875149352
25.06609082736186
18.88696916789184
15.12629185373658
11.117587688383006
8.067810902743494
5.785108290670451
69.06809083734014
55.80125114696785
44.20191383822462
34.3704935104994
26.261315607427587
19.75142700590375
15.797485224080784
11.590986859558468
8.396454765465693
6.010598852366909