# data/BKevo/ATAN_BKevo/atan50.dat
# N(r,Y=0), r, *F2(x,Q^2)
# 1e-05 < r < 100.0
# 1 < Q^2 < 50, n=15, lin grid
# 1e-5 < x < 1e-2, n=10, log grid
###
1.372103642749878e-07
1.6676027788589238e-07
2.027932576888581e-07
2.465702823850826e-07
2.996885686600541e-07
3.6439987414995996e-07
4.4308876668171144e-07
5.385724553628642e-07
6.547852181382141e-07
7.962270113832195e-07
9.678642792999405e-07
1.1765636357712955e-06
1.4308008848065324e-06
1.7393265148733804e-06
2.114111298644899e-06
2.571091821396477e-06
3.125676836919487e-06
3.798709719371141e-06
4.620106996016713e-06
5.616985474181995e-06
6.826509552340162e-06
8.301995723510152e-06
1.0093894575846537e-05
1.2268114780259831e-05
1.4917943824669054e-05
1.8138878519370222e-05
2.204719597232377e-05
2.680596106984532e-05
3.2595546593957056e-05
3.962098451400977e-05
4.816701232118221e-05
5.857364222205321e-05
7.120221239383521e-05
8.654936655801097e-05
0.0001052548848828101
0.00012795520993247073
0.00015551556206711464
0.00018913776844006614
0.0002299421549838234
0.00027944967384795885
0.0003398678021516209
0.0004132140558780081
0.000502207787464422
0.0006107128434381667
0.0007425518214894078
0.0009025230118130728
0.001097382669651067
0.001334356601868423
0.0016219062716001564
0.0019718318948396124
0.0023977613698298763
0.002914604142851434
0.0035429402172183237
0.004308408730521015
0.005237247968144662
0.00636527546394616
0.007740569110308871
0.009409192053254958
0.011433258747822165
0.013902396597778987
0.01689702565777845
0.020527199074251355
0.02494851166398979
0.030308750294568365
0.036797157762963946
0.044673869807307975
0.05420216470057979
0.06569121907328027
0.0795441712990746
0.09618018251262157
0.11604050392774085
0.13962931029683795
0.16740809239317803
0.19979001679208602
0.23704182074544128
0.2789962933935676
0.32558256902934063
0.3762023342022371
0.42887198275593086
0.4831758472274904
0.5378456059989237
0.5896923018628248
0.6391406926490075
0.6855465623673518
0.726806738504089
0.7638704345650493
0.7971825900768241
0.8259003653485874
0.850768406748606
0.8726578683635118
0.8913587655104707
0.9071995938498117
0.9210182829831305
0.9328396026974889
0.9427055826999831
0.9512801428901623
0.9586564152150368
0.9647420068798808
0.9700229938303262
0.9745989419374385
###
1e-05
1.1768119524349992e-05
1.3848863713938717e-05
1.6297508346206434e-05
1.917910261672489e-05
2.2570197196339216e-05
2.656087782946684e-05
3.1257158496882356e-05
3.678379771828634e-05
4.328761281083062e-05
5.0941380148163754e-05
5.994842503189409e-05
7.054802310718646e-05
8.302175681319735e-05
9.770099572992247e-05
0.00011497569953977356
0.00013530477745798074
0.00015922827933410923
0.0001873817422860383
0.00022051307399030456
0.00025950242113997375
0.0003053855508833416
0.00035938136638046257
0.0004229242874389499
0.0004977023564332109
0.0005857020818056661
0.0006892612104349695
0.0008111308307896872
0.0009545484566618337
0.0011233240329780276
0.0013219411484660286
0.0015556761439304723
0.0018307382802953678
0.002154434690031882
0.0025353644939701114
0.0029836472402833374
0.003511191734215131
0.004132012400115334
0.004862601580065354
0.005722367659350214
0.006734150657750821
0.007924828983539169
0.0093260334688322
0.010974987654930556
0.01291549665014884
0.01519911082952933
0.01788649529057435
0.0210490414451202
0.02477076355991709
0.029150530628251757
0.034304692863149154
0.040370172585965536
0.047508101621027934
0.05590810182512223
0.06579332246575675
0.0774263682681127
0.09111627561154886
0.10722672220103231
0.1261856883066021
0.14849682622544635
0.1747528400007683
0.20565123083486514
0.24201282647943834
0.2848035868435799
0.3351602650938841
0.3944206059437656
0.46415888336127725
0.5462277217684337
0.642807311728432
0.7564633275546291
0.8902150854450375
1.0476157527896641
1.232846739442066
1.4508287784959402
1.7073526474706886
2.009233002565046
2.364489412645407
2.782559402207126
3.274549162877725
3.8535285937105273
4.534878508128582
5.3366992312063015
6.280291441834247
7.390722033525775
8.697490026177835
10.235310218990248
12.045035402587812
14.174741629268048
16.68100537200059
19.630406500402685
23.10129700083158
27.1858824273294
31.992671377973846
37.64935806792464
44.30621457583877
52.14008287999685
61.35907273413163
72.20809018385457
84.97534359086438
100.0
###
1.9519933264541935
1.6869177173121952
1.4400066687333233
1.2143306585342302
1.0119541601493052
0.8338417796865893
0.7161017975522579
0.5794885078275255
0.4646239294543128
0.3693907302553805
6.261842110339052
5.226941339864929
4.3021830482814
3.4932017284960932
2.8002893200300636
2.2180009860404413
1.8481097793498078
1.4355655515955779
1.1036506257608936
0.8399904983853781
9.535536564872805
7.843079055410704
6.358525816564184
5.084338055188905
4.013182887630288
3.1293547134089073
2.576999480655915
1.9699601950644985
1.4896528209540707
1.114298843051127
12.34551067159493
10.058701724752119
8.076311177134341
6.3958726915349695
4.9996954913307485
3.8609262694358835
3.156120157384378
2.388900577963996
1.7880763842698841
1.3232598664420099
14.865533334074977
12.02718869684811
9.589342797112364
7.540816811826515
5.8535335935650785
4.4886794271030634
3.650036877071307
2.7430138212477058
2.038150798460963
1.4967659144598757
17.179004046466098
13.822735522578023
10.959800172992797
8.571142502247698
6.616991167992758
5.046586606141709
4.086837218175308
3.0543183839189783
2.256626317613937
1.6474065805577938
19.334628769028555
15.485998474785058
12.22306296567757
9.515912975422102
7.313683952276911
5.553115433678514
4.481946674031426
3.334689561777331
2.4524502164072395
1.7817848655173623
21.363758994558236
17.045090294068178
13.401776263464429
10.393885848131568
7.958389054676367
6.020118332441641
4.845125475234317
3.591419771390148
2.6310250711332968
1.9037622854548195
23.28844852378444
18.51821022817059
14.511425209136732
11.217485074112233
8.56109597781404
6.455190481318784
5.1826789161803575
3.829217472234407
2.7959313063264206
2.0161185329793927
25.124674181336832
19.919680042779383
15.563086436399887
11.995682164106995
9.12893463640067
6.863781664524677
5.499432775039717
4.051477540278112
2.949685293704845
2.120595900427576
26.88466269448258
21.258417262881316
16.565131418820155
12.735428268266391
9.667226646787023
7.250186321927931
5.798156588007096
4.260771540209551
3.0941074962950714
2.218535351717563
28.577954345303013
22.54299769123259
17.525633714227578
13.441835690992004
10.17996601984049
7.617416561343661
6.081399277327428
4.459009428295027
3.2306005497205454
2.3108608806830975
30.21342413343797
23.777446844309807
18.44745896997093
14.118876184515663
10.670624551355171
7.968305990960655
6.351637040700693
4.647644545765913
3.360247819018398
2.398414741384156
31.79493181491927
24.974431971151883
19.335699238145583
14.77005112139709
11.141422152938276
8.304292724119335
6.610534174465916
4.82782741464388
3.483862377149715
2.4818134172209576
33.32736598039893
26.13060575782166
20.19386401159383
15.397947631676116
11.594799109034842
8.627347712772819
6.858518718412735
5.000411321757997
3.601965041365399
2.5614926750656695