# ../data/BKevo/MV2g_BKevo/mv2g_6.dat
# N(r,Y=0), r, *F2(x,Q^2)
# 1e-05 < r < 100.0
# 1 < Q^2 < 50, n=15, lin grid
# 1e-5 < x < 1e-2, n=10, log grid
###
2.5663388365492683e-09
3.284542773235091e-09
4.211211947626635e-09
5.395298235713795e-09
6.9030140094805934e-09
8.84247366497614e-09
1.1324906746510758e-08
1.448446011829692e-08
1.853627893024476e-08
2.3730991731722848e-08
3.0339436014712676e-08
3.878764461210203e-08
4.963595524898716e-08
6.342911098546515e-08
8.100621518532498e-08
1.0361075408822803e-07
1.3233386177571677e-07
1.6881847807390975e-07
2.158042263851962e-07
2.7546679194710573e-07
3.511469014158386e-07
4.484030095818077e-07
5.719859831136594e-07
7.286203626959387e-07
9.292297973641257e-07
1.184421178401516e-06
1.5075642893145443e-06
1.9199914258225185e-06
2.4451197199503605e-06
3.109379701777787e-06
3.954140126718246e-06
5.030532512117844e-06
6.390473918641741e-06
8.113570676469502e-06
1.031022857424538e-05
1.3081698057527049e-05
1.657986243447321e-05
2.1040363909000155e-05
2.6659081992130276e-05
3.372801149974108e-05
4.272917879747832e-05
5.4052919156235983e-05
6.827229887870499e-05
8.629833981353188e-05
0.00010896682887109615
0.00013737040658156022
0.00017321224778147989
0.00021825099727641162
0.0002745490651966772
0.00034525710608032054
0.0004340162742832239
0.0005446869917145509
0.0006830518671087134
0.0008565608522488361
0.0010724238415109953
0.0013412540454663159
0.0016782950855514654
0.0020971939520128685
0.002617776999026289
0.003272105137614596
0.004087211076722644
0.005103869391898681
0.00638943537004679
0.00800838408645586
0.010053017699355776
0.012682989476188821
0.0160775425291229
0.020479833483919064
0.026329955647582906
0.034206430894794554
0.04484263422555654
0.05957237005353078
0.08038147054826557
0.10945226279603827
0.1503764295560945
0.20822846683383936
0.2857607230909309
0.38432639698099175
0.4966493390735156
0.6063534992027766
0.6956077866354318
0.7530394509603876
0.7985544121997136
0.8423159939947878
0.8839671409116964
0.9216393150054839
0.953217173280406
0.9755345760072978
0.989155741134202
0.9963668943106778
0.999115745700083
0.9998293683511045
0.9999815980967005
0.9999993239653276
0.9999999741231912
0.9999999996232414
0.9999999999998975
0.9999999999999999
1.0
1.0
###
1e-05
1.1768119524349992e-05
1.3848863713938717e-05
1.6297508346206434e-05
1.917910261672489e-05
2.2570197196339216e-05
2.656087782946684e-05
3.1257158496882356e-05
3.678379771828634e-05
4.328761281083062e-05
5.0941380148163754e-05
5.994842503189409e-05
7.054802310718646e-05
8.302175681319735e-05
9.770099572992247e-05
0.00011497569953977356
0.00013530477745798074
0.00015922827933410923
0.0001873817422860383
0.00022051307399030456
0.00025950242113997375
0.0003053855508833416
0.00035938136638046257
0.0004229242874389499
0.0004977023564332109
0.0005857020818056661
0.0006892612104349695
0.0008111308307896872
0.0009545484566618337
0.0011233240329780276
0.0013219411484660286
0.0015556761439304723
0.0018307382802953678
0.002154434690031882
0.0025353644939701114
0.0029836472402833374
0.003511191734215131
0.004132012400115334
0.004862601580065354
0.005722367659350214
0.006734150657750821
0.007924828983539169
0.0093260334688322
0.010974987654930556
0.01291549665014884
0.01519911082952933
0.01788649529057435
0.0210490414451202
0.02477076355991709
0.029150530628251757
0.034304692863149154
0.040370172585965536
0.047508101621027934
0.05590810182512223
0.06579332246575675
0.0774263682681127
0.09111627561154886
0.10722672220103231
0.1261856883066021
0.14849682622544635
0.1747528400007683
0.20565123083486514
0.24201282647943834
0.2848035868435799
0.3351602650938841
0.3944206059437656
0.46415888336127725
0.5462277217684337
0.642807311728432
0.7564633275546291
0.8902150854450375
1.0476157527896641
1.232846739442066
1.4508287784959402
1.7073526474706886
2.009233002565046
2.364489412645407
2.782559402207126
3.274549162877725
3.8535285937105273
4.534878508128582
5.3366992312063015
6.280291441834247
7.390722033525775
8.697490026177835
10.235310218990248
12.045035402587812
14.174741629268048
16.68100537200059
19.630406500402685
23.10129700083158
27.1858824273294
31.992671377973846
37.64935806792464
44.30621457583877
52.14008287999685
61.35907273413163
72.20809018385457
84.97534359086438
100.0
###
1.2354797623386842
1.0526899013969977
0.8911052602335552
0.7502134480203859
0.6291611060817763
0.5263520018670242
0.4600782135626852
0.3844873027394469
0.32172649331193093
0.2694720997784749
3.502416621819016
2.864040905528663
2.3212467075560697
1.8655535679790434
1.4880848532351751
1.178515601560766
0.9847144487474725
0.7696854901692154
0.5960033583573812
0.45589835414388413
5.057149892305005
4.067533202510343
3.2400931485870497
2.5570051350904888
2.000213541242782
1.5507747963582794
1.2733025678324348
0.9696214016023227
0.7283818618778272
0.5370896630858182
6.325531470865099
5.035110095591751
3.9678556207870272
3.0962101562271602
2.393096047410893
1.83144550374071
1.487885914906079
1.1153597340872323
0.8227974872939158
0.5936224398686586
7.424450193665578
5.86548889174119
4.586432575946722
3.5500295337191834
2.7204260546665857
2.0628408529580575
1.663335651450884
1.2332027892585096
0.8982647839628678
0.638456084302993
8.407384629841118
6.60305605317592
5.132017290755732
3.947422326234585
3.0050196014676764
2.2625248495962893
1.8138963235225978
1.3335547513180779
0.962144118990104
0.6762551682680039
9.304280969353096
7.27238134509254
5.62440102485354
4.3041408294912715
3.259001707917224
2.439715260308202
1.9469253828884494
1.4217697523938069
1.0180336775993426
0.7092741379289319
10.134000722396657
7.888789059275051
6.075821336872316
4.6296700562451
3.4897635097599284
2.5999638210250176
2.0668736544862187
1.5009427342023471
1.0680326261609872
0.7387990926750995
10.909343693464962
8.462611595963887
6.49441038071667
4.9304212256036575
3.702142431365041
2.7468938124984077
2.1765078530236996
1.5730904055620407
1.113476818874413
0.765626597076491
11.639469320372445
9.001191469024988
6.886024647635693
5.210852782379142
3.899544509245988
2.883014703102458
2.2778465186154495
1.639575717315537
1.1552675955809266
0.7902961813925146
12.33122589206256
9.509926643775978
7.255042735011184
5.474270896179316
4.084429223463883
3.0101556502693256
2.372305737060286
1.7014153589847163
1.194063613442402
0.8132031994196118
12.989878136538586
9.993123830937941
7.604547853336306
5.7232474442271615
4.258679499007813
3.1296358583554658
2.460958908191066
1.7593154817708156
1.2303435950924317
0.8346298027523732
13.619581849647455
10.45400584359773
7.936948008526812
5.9595820699480795
4.423760711498893
3.2426317619940055
2.5446411325385516
1.8138273699708698
1.2644753062205485
0.8547921986365268
14.223695159689369
10.895186146919162
8.25471549003513
6.1849057424025355
4.580824775117697
3.3499272190983613
2.623918350596671
1.8654612307772254
1.2967326227209393
0.8738641629633727
14.804775659354414
11.319134888265694
8.559284896906957
6.400470636101971
4.730200996781723
3.452191483090559
2.699433602493058
1.914541356479276
1.327379989033072
0.8919757383598206