# data/BKevo/ATAN_BKevo/atan75.dat
# N(r,Y=0), r, *F2(x,Q^2)
# 1e-05 < r < 100.0
# 1 < Q^2 < 50, n=15, lin grid
# 1e-5 < x < 1e-2, n=10, log grid
###
3.677477826095797e-05
4.189971209289443e-05
4.772027803883059e-05
5.4355268127848934e-05
6.192790180970759e-05
7.053648397128334e-05
8.034073161043435e-05
9.153015392576277e-05
0.00010426229493598656
0.00011874969194906789
0.00013528340596075577
0.00015411446111272034
0.00017552208941170274
0.00019995275082091563
0.00022780442353842253
0.0002594380412753723
0.00029553761589492806
0.0003367313660927082
0.0003834759491391036
0.000436818159550117
0.0004977012435553714
0.0005668200599455904
0.0006456410712112975
0.0007356021053940132
0.0008378280702672823
0.0009542983370752012
0.0010872256571820811
0.0012384179033118788
0.001410521602282951
0.0016069372393164199
0.0018305523631890806
0.00208486466680519
0.00237509300997381
0.002705824929026894
0.00308161601014285
0.003510465988897056
0.003999629592162054
0.004554928992226475
0.005188612452111407
0.005911886943282879
0.006732663157400767
0.00766901631718869
0.008737717506196698
0.009951617370409995
0.01133519787545433
0.012914281630718921
0.014709575564083003
0.01675394291024192
0.019087074846579198
0.021742098988365325
0.02476262570564648
0.028209542388859123
0.03213548238371021
0.03659739544765084
0.04168842148734934
0.047491536834993735
0.054079165847084436
0.0615930633241526
0.07016262322452876
0.07987492065675168
0.09094336542404186
0.10355425444652903
0.11783137535999748
0.13405285565855143
0.152480921267156
0.17327025535107798
0.19672984314861214
0.2231823863969431
0.25272851308450955
0.2855425844692263
0.3218825003038353
0.36152753238582364
0.40403627880795956
0.4493629212730903
0.4966294750048444
0.5441753505587823
0.5918813675368519
0.6386246728019455
0.6819185061968155
0.7226095357165957
0.7602188363224334
0.7928816870964459
0.8221089767352094
0.8481061714818193
0.8700950535265155
0.8891461199922049
0.9057966913234887
0.9198005180557663
0.9317032082017531
0.9420376346567745
0.950762603070119
0.9580832350963309
0.9644261224687832
0.9698206322536921
0.9743003638406463
0.9781800855730663
0.9815076212668928
0.9842453811829418
0.9866166752991374
0.9886680812523163
###
1e-05
1.1768119524349992e-05
1.3848863713938717e-05
1.6297508346206434e-05
1.917910261672489e-05
2.2570197196339216e-05
2.656087782946684e-05
3.1257158496882356e-05
3.678379771828634e-05
4.328761281083062e-05
5.0941380148163754e-05
5.994842503189409e-05
7.054802310718646e-05
8.302175681319735e-05
9.770099572992247e-05
0.00011497569953977356
0.00013530477745798074
0.00015922827933410923
0.0001873817422860383
0.00022051307399030456
0.00025950242113997375
0.0003053855508833416
0.00035938136638046257
0.0004229242874389499
0.0004977023564332109
0.0005857020818056661
0.0006892612104349695
0.0008111308307896872
0.0009545484566618337
0.0011233240329780276
0.0013219411484660286
0.0015556761439304723
0.0018307382802953678
0.002154434690031882
0.0025353644939701114
0.0029836472402833374
0.003511191734215131
0.004132012400115334
0.004862601580065354
0.005722367659350214
0.006734150657750821
0.007924828983539169
0.0093260334688322
0.010974987654930556
0.01291549665014884
0.01519911082952933
0.01788649529057435
0.0210490414451202
0.02477076355991709
0.029150530628251757
0.034304692863149154
0.040370172585965536
0.047508101621027934
0.05590810182512223
0.06579332246575675
0.0774263682681127
0.09111627561154886
0.10722672220103231
0.1261856883066021
0.14849682622544635
0.1747528400007683
0.20565123083486514
0.24201282647943834
0.2848035868435799
0.3351602650938841
0.3944206059437656
0.46415888336127725
0.5462277217684337
0.642807311728432
0.7564633275546291
0.8902150854450375
1.0476157527896641
1.232846739442066
1.4508287784959402
1.7073526474706886
2.009233002565046
2.364489412645407
2.782559402207126
3.274549162877725
3.8535285937105273
4.534878508128582
5.3366992312063015
6.280291441834247
7.390722033525775
8.697490026177835
10.235310218990248
12.045035402587812
14.174741629268048
16.68100537200059
19.630406500402685
23.10129700083158
27.1858824273294
31.992671377973846
37.64935806792464
44.30621457583877
52.14008287999685
61.35907273413163
72.20809018385457
84.97534359086438
100.0
###
4.336455554768677
3.88168027528743
3.422851073432543
2.967241921299891
2.523455811820829
2.1041569461162424
1.812144655373625
1.4604029673938554
1.1567802547955142
0.9028238983654506
16.676916147679883
14.635548927916433
12.597595614540067
10.609652779787353
8.725784876910067
7.0087486320427415
5.856395308178375
4.524331443480382
3.43075978709112
2.5612029120929214
27.648188235871245
24.036713271704656
20.45718995875584
17.002764164166
13.78516080598865
10.896419169509432
8.992411235601068
6.829958569593769
5.09045214108424
3.7342728732461348
37.92296510913074
32.75709839264924
27.66756703740168
22.795690820026902
18.30171092280522
14.32281200522485
11.727353114667746
8.813002159625539
6.4984920299466005
4.715952741490187
47.72495907688665
41.0188606177046
34.44427784994773
28.19303348719544
22.474107703942074
17.45694874725632
14.211877696009596
10.598347875099476
7.755176103995913
5.584707615266232
57.16892854519308
48.935842611288265
40.89802350490106
33.298804548525
26.393029962212733
20.380647905334367
16.517964608856243
12.244638446295163
8.906798665933898
6.3759955089663904
66.3349200473828
56.576876899976014
47.095464177722405
38.17520754567354
30.11559798056622
23.141563279827782
18.687632062858995
13.78553208885719
9.979548099520567
7.109648944292735
75.25255957896667
63.98873710494783
53.08122496426187
42.863605681948364
33.67819205671517
25.77329707368025
20.747407550990946
15.242579849804725
10.989538439172858
7.79816036888743
83.96438983199207
71.20494071825512
58.88726464234108
47.39327305228381
37.106394975944575
28.29515634533825
22.716586816831416
16.630581561669622
11.948744795568844
8.449968224801228
92.49606543640444
78.25069523325435
64.5376098549738
51.786118125495975
40.419529245222655
30.724487389416282
24.608969225467145
17.960316691883307
12.865292780870332
9.071181615643114
100.8678991587245
85.14566808783928
70.05049148535885
56.0590470892399
43.632309497420756
33.07275164996046
26.434161059358672
19.239942315481038
13.745196604089141
9.666105854484684
109.09598967261594
91.90561368782096
75.44096540900354
60.22547690481359
46.755570989749515
35.35148128160649
28.20152093291983
20.47588387448523
14.593227745153058
10.238406850210424
117.19348154600225
98.54337754633109
80.72144118481101
64.29629994411381
49.80034562506109
37.56621282326578
29.91748555908116
21.673132032113593
15.41317290369658
10.790816205143043
125.17204202660534
105.06971717241562
85.90126311556868
68.28074435137866
52.77371372898459
39.72436539721805
31.586641366466697
22.835813879878835
16.20809796880481
11.325545267353247
133.04080771928915
111.49298384650375
90.98920130794335
72.18601568568062
55.6819205620196
41.83114100965239
33.21381350615233
23.967343329798418
16.980503744017472
11.844362746225661