# data/BKevo/ATAN_BKevo/atan74.dat
# N(r,Y=0), r, *F2(x,Q^2)
# 1e-05 < r < 100.0
# 1 < Q^2 < 50, n=15, lin grid
# 1e-5 < x < 1e-2, n=10, log grid
###
0.000472138177758296
0.0005207585619840851
0.0005740516714821125
0.0006328982602622407
0.0006980338865156106
0.0007695636548519935
0.000848403672330765
0.0009356650697922164
0.001031672847845003
0.0011372999963970103
0.0012542039252393944
0.0013830674055628918
0.001524584151240162
0.0016812013423212408
0.0018541659023972718
0.0020437681802586496
0.002253591204751679
0.0024857516475752122
0.0027397803069603875
0.003020886394716844
0.0033320571902152145
0.0036728545008271663
0.004049463558675401
0.004466330605404143
0.004923745423804913
0.005428307582055118
0.0059867773262318
0.006600720434967226
0.007276713107209437
0.00802489134293493
0.00884893424652785
0.009754609846736742
0.010756946895798643
0.011862998110490386
0.013076405450084854
0.014419249732176117
0.015903831674337936
0.017529543514422742
0.019328581417345347
0.021320069978627353
0.023499379790340565
0.025909600210682796
0.02857751278313327
0.03150251642238881
0.03473154824576904
0.03830561693383768
0.04223142939632889
0.046557363210485946
0.051345229542161024
0.05661406991947079
0.06240916271592053
0.06882248555790273
0.07589294616119067
0.08365476170931656
0.09224326112333406
0.10172820780180665
0.11211913157459405
0.12361287367367618
0.13632543388702223
0.1502177983514373
0.16557209775370316
0.182540696217172
0.20107958072782164
0.22149439222876904
0.243993962118532
0.2685201212693177
0.29533111075094354
0.32467566959974764
0.3564015639946759
0.3905414914552471
0.4272889216653116
0.46620124675673036
0.5066951859887243
0.5487833968064814
0.5915752689363671
0.633521694837826
0.6747517227384138
0.7143835648470623
0.750377455282093
0.7837215613220602
0.8141468499646732
0.8402320552147317
0.863357407678005
0.8837638818624627
0.9008921467858686
0.915645805596175
0.9284793462783257
0.9392248603576578
0.9483253596831552
0.9562045752363243
0.9628394688938026
0.9683941110810548
0.9731987974882601
0.9772788912178778
0.980662451770678
0.9835898686007599
0.9860983869304416
0.9881605324865376
0.9899455599912393
0.9914889650712275
###
1e-05
1.1768119524349992e-05
1.3848863713938717e-05
1.6297508346206434e-05
1.917910261672489e-05
2.2570197196339216e-05
2.656087782946684e-05
3.1257158496882356e-05
3.678379771828634e-05
4.328761281083062e-05
5.0941380148163754e-05
5.994842503189409e-05
7.054802310718646e-05
8.302175681319735e-05
9.770099572992247e-05
0.00011497569953977356
0.00013530477745798074
0.00015922827933410923
0.0001873817422860383
0.00022051307399030456
0.00025950242113997375
0.0003053855508833416
0.00035938136638046257
0.0004229242874389499
0.0004977023564332109
0.0005857020818056661
0.0006892612104349695
0.0008111308307896872
0.0009545484566618337
0.0011233240329780276
0.0013219411484660286
0.0015556761439304723
0.0018307382802953678
0.002154434690031882
0.0025353644939701114
0.0029836472402833374
0.003511191734215131
0.004132012400115334
0.004862601580065354
0.005722367659350214
0.006734150657750821
0.007924828983539169
0.0093260334688322
0.010974987654930556
0.01291549665014884
0.01519911082952933
0.01788649529057435
0.0210490414451202
0.02477076355991709
0.029150530628251757
0.034304692863149154
0.040370172585965536
0.047508101621027934
0.05590810182512223
0.06579332246575675
0.0774263682681127
0.09111627561154886
0.10722672220103231
0.1261856883066021
0.14849682622544635
0.1747528400007683
0.20565123083486514
0.24201282647943834
0.2848035868435799
0.3351602650938841
0.3944206059437656
0.46415888336127725
0.5462277217684337
0.642807311728432
0.7564633275546291
0.8902150854450375
1.0476157527896641
1.232846739442066
1.4508287784959402
1.7073526474706886
2.009233002565046
2.364489412645407
2.782559402207126
3.274549162877725
3.8535285937105273
4.534878508128582
5.3366992312063015
6.280291441834247
7.390722033525775
8.697490026177835
10.235310218990248
12.045035402587812
14.174741629268048
16.68100537200059
19.630406500402685
23.10129700083158
27.1858824273294
31.992671377973846
37.64935806792464
44.30621457583877
52.14008287999685
61.35907273413163
72.20809018385457
84.97534359086438
100.0
###
6.435028805632553
5.902621857218499
5.325936397866709
4.705848360386415
4.055250812072277
3.3814692275752845
2.886602790335096
2.26733045240657
1.7240146285559044
1.277728137155358
26.139871283740145
23.740115356113687
21.140630133110225
18.35151082327817
15.448240633664264
12.49335865331424
10.376172766042103
7.817043924979418
5.673283651184135
4.000701721723199
44.480801612354284
40.211194069105304
35.588390440595454
30.639547457440397
25.517715007591093
20.359472578905425
16.712895960818006
12.378056269435
8.817624213148822
6.099167768287383
62.12266936914804
55.98208957224034
49.337265999639484
42.23822978128264
34.925276068998265
27.617674801580655
22.500505863520413
16.48399188111025
11.608019748646178
7.934572221972658
79.28656735846208
71.27445391890394
62.60958880353345
53.36943211924041
43.88810005890216
34.473524718424066
27.92965278580438
20.299517019941607
14.176757149196744
9.608690894393357
96.08630236639698
86.20237633067929
75.51959986208917
64.14657328996739
52.44647041477571
41.03056402420895
33.095236858770605
23.904468700987447
16.5873347735249
11.169587179977922
112.59159670858851
100.83579141794972
88.13727743507243
74.63954356674968
60.79550219304509
47.3511320505826
38.053425740221314
27.345977705269856
18.876546223586605
12.644331713999708
128.85004873473537
115.22198707742294
100.51004835539872
84.89439381121728
68.92309385901656
53.476793213987754
42.842392769902055
30.649344694193744
21.067876827716248
14.050400027557643
144.89462982180615
129.39528007100543
112.67208254699982
94.9459269470976
76.86167981720375
59.472861537976826
47.48812782100343
33.85275557490786
23.177979324394812
15.399911805008804
160.75230948259755
143.38151635495336
124.64940311172607
104.81912717188492
84.63564110734616
65.2961766538737
52.011511834654364
36.9481190365794
25.218949983856604
16.693093676091717
176.4429431548682
157.20099063406454
136.46209568177395
114.5340314100701
92.26397999409414
70.94536616404808
56.42619602344249
39.96701779789116
27.200011489568475
17.96167859162255
191.98372410319018
170.87002577321877
148.12642579556055
124.1066540661912
99.76188994700951
76.52424709966486
60.745024029107846
42.921006003027614
29.128378677500343
19.18573041946493
207.3862396365016
184.40203463201323
159.65593986098003
133.550108727173
107.14180247211614
82.00177588436
64.97779782805392
45.801858509137155
31.00984792321596
20.376891445795422
222.66270771439056
197.80824829903415
171.06186126180793
142.87539525180657
114.41407249234611
87.38726856899441
69.13235257471342
48.6232659602355
32.84893497286314
21.539945129852455
237.82250814673046
211.0981484899263
182.35347987238694
152.09175692566177
121.58430702238894
92.68858447724763
73.21564992277776
51.39124855594471
34.65002375223996
22.6771038540637