# data/BKevo/ATAN_BKevo/atan52.dat
# N(r,Y=0), r, *F2(x,Q^2)
# 1e-05 < r < 100.0
# 1 < Q^2 < 50, n=15, lin grid
# 1e-5 < x < 1e-2, n=10, log grid
###
7.085000982378887e-10
9.181232202801084e-10
1.1925844622214225e-09
1.5479907920920905e-09
2.0064205362144887e-09
2.6049559125445604e-09
3.382063359464022e-09
4.3845909316824455e-09
5.689772713596766e-09
7.38890038781244e-09
9.581249346176812e-09
1.2427178489506613e-08
1.6142187371444312e-08
2.0936349762038202e-08
2.7141446756316487e-08
3.5263811116034474e-08
4.5747288943260494e-08
5.927561231207626e-08
7.703359843158453e-08
9.995744441497392e-08
1.29519822182515e-07
1.6827321090245842e-07
2.1839873415082164e-07
2.830500417132231e-07
3.675643754598019e-07
4.77166649291677e-07
6.185522691543608e-07
8.02851546504123e-07
1.042497047962681e-06
1.3516853236744025e-06
1.7535584596292765e-06
2.2775302621515533e-06
2.953660711018299e-06
3.829906358708642e-06
4.975512343431857e-06
6.454033232806599e-06
8.364474594973618e-06
1.0869147677778969e-05
1.4102206254913785e-05
1.8271249111456874e-05
2.374306343109132e-05
3.081255321797231e-05
3.993006788435216e-05
5.186337352746911e-05
6.732122634108837e-05
8.726020884245742e-05
0.00011328324098780123
0.00014708134184579142
0.00019068367964669478
0.00024742690203346493
0.00032132027995643574
0.0004166614815796478
0.0005403720317424981
0.0007019035508512152
0.0009103394748341022
0.001179975660585334
0.0015329668556824222
0.0019884491111510257
0.00257577186930998
0.003346503588261444
0.004340704167742836
0.0056215447420037
0.0072971857916547915
0.009460786123821407
0.012243920697573131
0.015865165041640494
0.020536834389396904
0.02652061432077201
0.03423305216960887
0.04411745255597359
0.05663757744916297
0.07247366009242502
0.09235875877095427
0.1168790194671896
0.1467385476343053
0.1824457015421106
0.2241159660728163
0.27159555717734024
0.32356754042128494
0.3792883243541689
0.4374108429389432
0.49459549857839963
0.5506445113845096
0.6045044038022142
0.6535115705651104
0.6983218217948445
0.739185940916281
0.774899258191271
0.8061680529832069
0.8339307784389516
0.8578388191820682
0.8782282944677672
0.8961065559131925
0.9114717343560467
0.9243491017521318
0.935575238206152
0.9452588480537639
0.9532687300723235
0.9602324110329314
0.9662761214393369
###
1e-05
1.1768119524349992e-05
1.3848863713938717e-05
1.6297508346206434e-05
1.917910261672489e-05
2.2570197196339216e-05
2.656087782946684e-05
3.1257158496882356e-05
3.678379771828634e-05
4.328761281083062e-05
5.0941380148163754e-05
5.994842503189409e-05
7.054802310718646e-05
8.302175681319735e-05
9.770099572992247e-05
0.00011497569953977356
0.00013530477745798074
0.00015922827933410923
0.0001873817422860383
0.00022051307399030456
0.00025950242113997375
0.0003053855508833416
0.00035938136638046257
0.0004229242874389499
0.0004977023564332109
0.0005857020818056661
0.0006892612104349695
0.0008111308307896872
0.0009545484566618337
0.0011233240329780276
0.0013219411484660286
0.0015556761439304723
0.0018307382802953678
0.002154434690031882
0.0025353644939701114
0.0029836472402833374
0.003511191734215131
0.004132012400115334
0.004862601580065354
0.005722367659350214
0.006734150657750821
0.007924828983539169
0.0093260334688322
0.010974987654930556
0.01291549665014884
0.01519911082952933
0.01788649529057435
0.0210490414451202
0.02477076355991709
0.029150530628251757
0.034304692863149154
0.040370172585965536
0.047508101621027934
0.05590810182512223
0.06579332246575675
0.0774263682681127
0.09111627561154886
0.10722672220103231
0.1261856883066021
0.14849682622544635
0.1747528400007683
0.20565123083486514
0.24201282647943834
0.2848035868435799
0.3351602650938841
0.3944206059437656
0.46415888336127725
0.5462277217684337
0.642807311728432
0.7564633275546291
0.8902150854450375
1.0476157527896641
1.232846739442066
1.4508287784959402
1.7073526474706886
2.009233002565046
2.364489412645407
2.782559402207126
3.274549162877725
3.8535285937105273
4.534878508128582
5.3366992312063015
6.280291441834247
7.390722033525775
8.697490026177835
10.235310218990248
12.045035402587812
14.174741629268048
16.68100537200059
19.630406500402685
23.10129700083158
27.1858824273294
31.992671377973846
37.64935806792464
44.30621457583877
52.14008287999685
61.35907273413163
72.20809018385457
84.97534359086438
100.0
###
1.2223709272913348
1.0393940831621507
0.875753314514692
0.7314379272380346
0.6059259049798764
0.4981277419612682
0.4280228100868858
0.34754849496625195
0.28034302744966244
0.2246704679784803
3.4678955347740548
2.838943985060776
2.300415529768208
1.8459358302938895
1.4674781757036441
1.1560773015631887
0.960978405808278
0.7449162710088705
0.5716951134551828
0.4338383071100183
5.004966032441949
4.034215268035587
3.217829024997296
2.5409302965614313
1.9868917361151226
1.5386294177141144
1.261818504425765
0.9596452891966762
0.7212611460608627
0.5346040148680367
6.2562977941916404
4.993544426328496
3.943581020797795
3.0826172799956013
2.385491971777242
1.8273725503196838
1.485896272275754
1.1164342964256686
0.8279622833785699
0.6044426996757307
7.338413071936209
5.815385344341675
4.55943112497822
3.537827224360744
2.717067268264027
2.0649654854534853
1.668651268238752
1.2427051605679733
0.9126163802768263
0.6588473369471634
8.304704954205201
6.544143213021365
5.101699698418337
3.935803968089718
3.0047752867977136
2.2695200859112825
1.825076662457657
1.3496852176170897
0.9835520678689296
0.703817014255229
9.185106846889296
7.204470914984274
5.590321073690434
4.292329892353272
3.2610082025828944
2.4505402320180325
1.9627106860609198
1.44318226574884
1.045021435030394
0.7423796116492642
9.998486795683164
7.811740508585282
6.037600602860271
4.617091877470424
3.4933218560531802
2.613819302771865
2.0863584422544443
1.5266536186435102
1.0995156740042038
0.7762772605362538
10.757631570111283
8.376317894569965
6.451828535572123
4.916702616864338
3.7067210572859386
2.763137860176135
2.199046198409045
1.6023228249357742
1.1486285629577764
0.8066088677074638
11.471696642609531
8.905619818859135
6.838813749824106
5.195646713835332
3.904680050332654
2.9011303780624864
2.302870385940894
1.6717363812083488
1.193445593468685
0.8341192662034183
12.147565008564097
9.405061522771964
7.202884285625493
5.457284346059684
4.08976855764349
3.02971849376559
2.3993808839991533
1.7359898576068038
1.234746845926291
0.8593398200677758
12.79027440026642
9.878875153277292
7.547385987255731
5.704197420691762
4.2639180278151905
3.1503440167341767
2.4895767866364378
1.7959089428933537
1.2731113760867312
0.8826551625345985
13.404300986126202
10.330362646508805
7.874842890721344
5.9382982367773725
4.42863024119547
3.264123823118367
2.5745500615366783
1.8521306827852904
1.3089747147651147
0.9043611401392779
13.992873820289855
10.762179338427503
8.187213022718181
6.161200622745514
4.585100512542517
3.3719446310800874
2.6549191875301585
1.9051498703440635
1.3426898079350058
0.9246864356637524
14.55891678537887
11.17650151369321
8.486463173120937
6.37412752374425
4.734290070081026
3.474521932967971
2.7312527334439864
1.9553785624407842
1.3745263222364204
0.9438147412318787