# data/BKevo/ATAN_BKevo/atan49.dat
# N(r,Y=0), r, *F2(x,Q^2)
# 1e-05 < r < 100.0
# 1 < Q^2 < 50, n=15, lin grid
# 1e-5 < x < 1e-2, n=10, log grid
###
1.909859319279287e-06
2.2475452743946917e-06
2.6449381425421205e-06
3.1125948195877905e-06
3.662938786767095e-06
4.31059014528663e-06
5.072754004991379e-06
5.969677544788187e-06
7.025187886809573e-06
8.2673250731668e-06
9.729086960558672e-06
1.1449305821122102e-05
1.347367993680517e-05
1.585598759200453e-05
1.8659515714463357e-05
2.1958741116930814e-05
2.584130900286664e-05
3.0410361294852524e-05
3.578727663879344e-05
4.2114894876396194e-05
4.956131163884845e-05
5.8324343868193197e-05
6.86367849070899e-05
8.077258873687116e-05
9.505414765394841e-05
0.00011186085676194956
0.00013163919273157304
0.0001549145745542974
0.00018230532152595528
0.00021453907912190477
0.0002524721488829252
0.0002971122363083094
0.0003496452211495935
0.00041146665953993924
0.0004842188562306749
0.0005698344951931227
0.0006705879771060265
0.0007891558304052183
0.0009286878291218913
0.001092890645975911
0.001286126271752009
0.0015135279670305726
0.0017811365340646627
0.002096060601960501
0.002466665683143769
0.002902796142895686
0.0034160359265214347
0.004020016753740171
0.0047307797726380855
0.005567198426418545
0.006551479784596061
0.007709755372076142
0.009072761901567722
0.010676648448311498
0.012563953817587516
0.014784681506641043
0.017397546844419853
0.02047166948052303
0.02408818544542013
0.028341870571979618
0.033344494695193946
0.0392266875005975
0.04613931686775317
0.05426027293150487
0.06379573156241795
0.07497725732326398
0.08807520057867727
0.10339819343717431
0.12126839575256237
0.14204181001211597
0.16611751678947762
0.19382757184854335
0.2254285629510361
0.26124526236658097
0.3012914166014162
0.3450596626521659
0.39246688234827626
0.44276793537732045
0.4937940359426008
0.545385165204033
0.5964087389772326
0.643915327665143
0.6886098822432332
0.7300604543263977
0.7664910025537959
0.7989272625762637
0.8278691784202272
0.8526493004644691
0.8739894646099872
0.8926924923334708
0.9086076646278243
0.9220431352996477
0.9337334593236974
0.9437108922660291
0.9520205904321954
0.959231516302943
0.9654262848997237
0.9705305049059485
0.974955791832273
0.9787871963073564
###
1e-05
1.1768119524349992e-05
1.3848863713938717e-05
1.6297508346206434e-05
1.917910261672489e-05
2.2570197196339216e-05
2.656087782946684e-05
3.1257158496882356e-05
3.678379771828634e-05
4.328761281083062e-05
5.0941380148163754e-05
5.994842503189409e-05
7.054802310718646e-05
8.302175681319735e-05
9.770099572992247e-05
0.00011497569953977356
0.00013530477745798074
0.00015922827933410923
0.0001873817422860383
0.00022051307399030456
0.00025950242113997375
0.0003053855508833416
0.00035938136638046257
0.0004229242874389499
0.0004977023564332109
0.0005857020818056661
0.0006892612104349695
0.0008111308307896872
0.0009545484566618337
0.0011233240329780276
0.0013219411484660286
0.0015556761439304723
0.0018307382802953678
0.002154434690031882
0.0025353644939701114
0.0029836472402833374
0.003511191734215131
0.004132012400115334
0.004862601580065354
0.005722367659350214
0.006734150657750821
0.007924828983539169
0.0093260334688322
0.010974987654930556
0.01291549665014884
0.01519911082952933
0.01788649529057435
0.0210490414451202
0.02477076355991709
0.029150530628251757
0.034304692863149154
0.040370172585965536
0.047508101621027934
0.05590810182512223
0.06579332246575675
0.0774263682681127
0.09111627561154886
0.10722672220103231
0.1261856883066021
0.14849682622544635
0.1747528400007683
0.20565123083486514
0.24201282647943834
0.2848035868435799
0.3351602650938841
0.3944206059437656
0.46415888336127725
0.5462277217684337
0.642807311728432
0.7564633275546291
0.8902150854450375
1.0476157527896641
1.232846739442066
1.4508287784959402
1.7073526474706886
2.009233002565046
2.364489412645407
2.782559402207126
3.274549162877725
3.8535285937105273
4.534878508128582
5.3366992312063015
6.280291441834247
7.390722033525775
8.697490026177835
10.235310218990248
12.045035402587812
14.174741629268048
16.68100537200059
19.630406500402685
23.10129700083158
27.1858824273294
31.992671377973846
37.64935806792464
44.30621457583877
52.14008287999685
61.35907273413163
72.20809018385457
84.97534359086438
100.0
###
2.69118525389808
2.347442583462727
2.0177776852882925
1.7080413724829
1.4234720016185396
1.1684638791460362
0.9980535771326494
0.7993704135878251
0.6324305173548193
0.4949529950841315
9.369850546258007
7.922857950887648
6.581975728302769
5.372106809903409
4.3089208739081695
3.4001032243361435
2.818008392466486
2.1671001580645957
1.6452873545305189
1.2348501661460771
14.815992826381741
12.356104100748965
10.115473808827925
8.131145968453872
6.421654909512311
4.988581740841319
4.08635755196059
3.0935396862151365
2.312194119407789
1.707846782755686
19.67286108750045
16.25876393531526
13.184581044121101
10.495507863588866
8.208417026161182
6.31486941228439
5.1354280781772115
3.850844599547102
2.8505217709950714
2.0850772244867772
24.146918062826792
19.821325669010896
15.96106080568084
12.615555595945292
9.79669708757569
7.483914684806198
6.054727258208981
4.509202211951729
3.315337588084402
2.408333015382503
28.340969394762872
23.138428978796885
18.528177976789408
14.562766816006576
11.246231032599463
8.544574028784357
6.885049096962232
5.100549190217379
3.7305281550808234
2.6956859761786984
32.31491319743378
26.264020439690526
20.93449453823344
16.378407263530054
12.59111097642956
9.523983297365255
7.649218840027353
5.642491000812571
4.109283330823761
2.956964529032282
36.10980446917677
29.23512289190654
23.21152835694037
18.08915107819423
13.853103373139872
10.43911378660677
8.3615959447657
6.145972538648856
4.460163765893869
3.198187887729122
39.754302198555855
32.07728292543215
25.381455673906576
19.713409662390024
15.047170705902998
11.302504568821359
9.031918995630535
6.618250942624121
4.78852701208206
3.4233641873424285
43.26589355890222
34.80934110686025
27.460530695712848
21.264609683359623
16.18414037052756
12.122292248702886
9.667172152055672
7.06491126519348
5.098603032255831
3.6353195579117608
46.66809996821405
37.44573627970929
29.460792145822843
22.75293465394577
17.27218573737676
12.904933587442152
10.272588593935202
7.489661043101795
5.392623535609041
3.8361482436581293
49.97067412433225
39.99787400197132
31.393776935408635
24.1862378102442
18.317645547335566
13.655564180796837
10.852187978397348
7.895535173302244
5.6727473107255575
4.027422189013242
53.188885253399405
42.47490582298378
33.2638465314713
25.571033920927665
19.325564890468982
14.377378029440987
11.409152421889916
8.284913771466286
5.94138103380948
4.210407456313414
56.31687667756763
44.88438143857393
35.07745719729111
26.912414295899623
20.300046621238742
15.074471733364796
11.946050047625011
8.659574800996987
6.1995748520089435
4.386065770628021
59.37622637343984
47.232576370846076
36.844442233798524
28.21465468069297
21.244468929607965
15.748804400411583
12.464992425623496
9.02145998379413
6.448534099981068
4.555240474987336