# ../data/BKevo/MV2g_BKevo/mv2g_27.dat
# N(r,Y=0), r, *F2(x,Q^2)
# 1e-05 < r < 100.0
# 1 < Q^2 < 50, n=15, lin grid
# 1e-5 < x < 1e-2, n=10, log grid
###
2.5663388365492683e-09
3.284542773235091e-09
4.211211892115484e-09
5.3952981802026435e-09
6.903013904749949e-09
8.842473487369317e-09
1.1324906467723425e-08
1.4484459692508905e-08
1.8536278213435244e-08
2.3730990527410467e-08
3.033943404919519e-08
3.8787641345946716e-08
4.9635949747559385e-08
6.342910189351133e-08
8.100620019399129e-08
1.0361072911143937e-07
1.323338204096375e-07
1.688184101980495e-07
2.1580411274178638e-07
2.754666038557698e-07
3.51146593020459e-07
4.4840249472007437e-07
5.719851304478777e-07
7.286189640694677e-07
9.292274725001722e-07
1.184417326557764e-06
1.507557970166765e-06
1.919980968732897e-06
2.445102390562024e-06
3.109351274158315e-06
3.954093309718028e-06
5.030454928968935e-06
6.390346694480209e-06
8.113362239727092e-06
1.030988329747669e-05
1.308113228975303e-05
1.657894077414967e-05
2.10388386002661e-05
2.6656585995247196e-05
3.3723965336711665e-05
4.272250362475936e-05
5.404201998492758e-05
6.825467711711275e-05
8.626948471432901e-05
0.00010891987800857725
0.00013729480143477845
0.0001730895674341639
0.00021805246556204908
0.0002742313438081736
0.000344747479297416
0.0004331986423828618
0.0005433912130103258
0.0006810055098538355
0.0008533238766542344
0.0010673761730845403
0.0013334621055518868
0.0016662726991304318
0.0020789882123303438
0.0025907304648025787
0.0032324276089365856
0.004030858553767406
0.005027000326940094
0.006291574838706668
0.007897937820394118
0.009957887983053415
0.012688947515547808
0.016372957176870827
0.021439399621155087
0.02879283689089674
0.039830225180784
0.05655328067356219
0.0829819792204211
0.1254763014849001
0.19034260009314585
0.2845207488555655
0.40458056030219897
0.5246145405411305
0.6106570059021741
0.6515408080367193
0.683475160633543
0.7184183344766957
0.75708819769769
0.7988515321507779
0.842318937571279
0.8839671414273276
0.921639315005508
0.953217173280406
0.9755345760072978
0.989155741134202
0.9963668943106778
0.999115745700083
0.9998293683511045
0.9999815980967005
0.9999993239653276
0.9999999741231912
0.9999999996232414
0.9999999999998975
0.9999999999999999
1.0
1.0
###
1e-05
1.1768119524349992e-05
1.3848863713938717e-05
1.6297508346206434e-05
1.917910261672489e-05
2.2570197196339216e-05
2.656087782946684e-05
3.1257158496882356e-05
3.678379771828634e-05
4.328761281083062e-05
5.0941380148163754e-05
5.994842503189409e-05
7.054802310718646e-05
8.302175681319735e-05
9.770099572992247e-05
0.00011497569953977356
0.00013530477745798074
0.00015922827933410923
0.0001873817422860383
0.00022051307399030456
0.00025950242113997375
0.0003053855508833416
0.00035938136638046257
0.0004229242874389499
0.0004977023564332109
0.0005857020818056661
0.0006892612104349695
0.0008111308307896872
0.0009545484566618337
0.0011233240329780276
0.0013219411484660286
0.0015556761439304723
0.0018307382802953678
0.002154434690031882
0.0025353644939701114
0.0029836472402833374
0.003511191734215131
0.004132012400115334
0.004862601580065354
0.005722367659350214
0.006734150657750821
0.007924828983539169
0.0093260334688322
0.010974987654930556
0.01291549665014884
0.01519911082952933
0.01788649529057435
0.0210490414451202
0.02477076355991709
0.029150530628251757
0.034304692863149154
0.040370172585965536
0.047508101621027934
0.05590810182512223
0.06579332246575675
0.0774263682681127
0.09111627561154886
0.10722672220103231
0.1261856883066021
0.14849682622544635
0.1747528400007683
0.20565123083486514
0.24201282647943834
0.2848035868435799
0.3351602650938841
0.3944206059437656
0.46415888336127725
0.5462277217684337
0.642807311728432
0.7564633275546291
0.8902150854450375
1.0476157527896641
1.232846739442066
1.4508287784959402
1.7073526474706886
2.009233002565046
2.364489412645407
2.782559402207126
3.274549162877725
3.8535285937105273
4.534878508128582
5.3366992312063015
6.280291441834247
7.390722033525775
8.697490026177835
10.235310218990248
12.045035402587812
14.174741629268048
16.68100537200059
19.630406500402685
23.10129700083158
27.1858824273294
31.992671377973846
37.64935806792464
44.30621457583877
52.14008287999685
61.35907273413163
72.20809018385457
84.97534359086438
100.0
###
1.3416463880445901
1.1620547526933778
1.0026136394092189
0.8630708324772598
0.7424316712230781
0.6391956631642781
0.5721127876567705
0.4949280701439543
0.4299910493080816
0.3755214468623787
3.8401631380531582
3.1899998351909136
2.632127633096017
2.1598214184753948
1.764254168669041
1.4357824019957846
1.2275907614342079
0.9934265619893183
0.801042843418415
0.6428475829568475
5.558470963098449
4.537385052118398
3.6750254602851125
2.9559068917640605
2.362515828667184
1.876698716279738
1.5724927052026854
1.234208370961906
0.9597800483895482
0.7367684562863068
6.960862871037165
5.619481596202957
4.498389285714132
3.5729635144708847
2.8168431901867996
2.203811376380017
1.8231956236260463
1.4035009614309708
1.0663693543442372
0.795182830741152
8.175910570889318
6.547233273411303
5.196625607918472
4.090205325474903
3.192926435315711
2.4708348698331846
2.0254767344515536
1.5376879238760117
1.14901346497371
0.8391157930219382
9.262604126723295
7.370598544838212
5.811384281684399
4.5418228794741315
3.518394514333505
2.6997470933287895
2.197546735024496
1.6505700792327622
1.2177150001395574
0.8752324881623109
10.254037826637514
8.117282279402032
6.365413689206177
4.946234634022411
3.807862418650244
2.9019306328223804
2.3486509350504488
1.7489483381732032
1.2771801544311703
0.9064115780312879
11.171084322397
8.804496337528827
6.872752596962648
5.314605611301135
4.070138830894478
3.084020701264323
2.484206818638826
1.8367210811043382
1.3300095009533313
0.934143479559829
12.027891497009856
9.443909619968869
7.342842687816188
5.654398050930411
4.310983548557397
3.2504822099102415
2.607690784261682
1.9163373265705537
1.3777868775845448
0.959305048096532
12.834466937914115
10.04373348287972
7.782174615919874
5.97080944165103
4.534400974614837
3.404298504313719
2.7214711134265506
1.9894481498873036
1.421586417669644
0.9824483900972474
13.598641288355656
10.610179486816623
8.195600371449098
6.267667618423205
4.743226280015573
3.54767328402838
2.827261946112313
2.0572389933271897
1.4621770431937466
1.0039486353247977
14.326128034666286
11.147894452537034
8.587129634016677
6.5478626832396305
4.939848129150481
3.682213945593687
2.9263284891996233
2.1205457188422683
1.5000317933349976
1.0241262001211875
15.021530443192422
11.660607545466824
8.959417124147675
6.813649346956947
5.125867654057295
3.8092095761990676
3.019648261968449
2.1800840873703415
1.535604416481605
1.0431354912418833
15.68886253955505
12.151267618735373
9.314751126401255
7.066909734159504
5.30264452554957
3.929489134708749
3.107984670778711
2.2363471437823836
1.5692040553592546
1.061154267662867
16.33060189282226
12.622305173343419
9.655313430314365
7.308943524438032
5.471299714898876
4.044075592100037
3.1919610402024907
2.2897423151135103
1.601077473791372
1.0782997366394576