# ../data/BKevo/MV2g_BKevo/mv2g_12.dat
# N(r,Y=0), r, *F2(x,Q^2)
# 1e-05 < r < 100.0
# 1 < Q^2 < 50, n=15, lin grid
# 1e-5 < x < 1e-2, n=10, log grid
###
6.434550788825482e-05
7.2394019511118e-05
8.13949962987609e-05
9.151233980407428e-05
0.00010290232534090738
0.00011564882343374667
0.0001299481833091679
0.00014603534734649104
0.00016405021273920793
0.00018421807563316771
0.000206890657272505
0.00023229597774858304
0.0002606754305016051
0.00029255340850963744
0.0003282949095328933
0.000368127765112873
0.00041283067174961876
0.0004629793576848505
0.0005187294911112784
0.0005812327838424832
0.0006513050257485558
0.0007291662102327201
0.0008162694822340999
0.000913806898847823
0.0010222044555781248
0.0011431367514491257
0.0012783768783599238
0.001428684841563288
0.0015958710864283953
0.0017825561073972229
0.001990028393224986
0.0022200333566377564
0.0024764193973138204
0.0027612948480118704
0.0030759427278273647
0.0034259791976021157
0.003814763720942118
0.004242397449042288
0.004717025566351679
0.005243583816704205
0.005820684360058611
0.006459149315174386
0.007165497980172829
0.007938517524269405
0.008789547842751197
0.009728089296638015
0.010753502616367512
0.011876292845620017
0.013110301314751724
0.01445629131672082
0.01592176369416977
0.017527082156607064
0.01927620024266375
0.021170929990738614
0.023242002843380908
0.025500530452111193
0.027941340774134658
0.030613010312662694
0.03354273431413045
0.03672506305656009
0.04024211753031303
0.044151951824391786
0.048498635455568505
0.05341644536012151
0.059050391057056374
0.06558678527138503
0.07330693937338296
0.08256567729130052
0.09389171460813904
0.10796578584692498
0.1255869441732545
0.14795248957214555
0.1765394090359943
0.21266522636575844
0.2579494122186532
0.3135874382489442
0.37907880662938176
0.4522382122118928
0.5255719587924526
0.5925376382192532
0.6461625559230912
0.6800551302313755
0.7029260239690998
0.7214587080419701
0.7395100446609246
0.7585764221579654
0.7787631653678646
0.7996176587865087
0.8209786732138405
0.8427689191018742
0.8643386646454875
0.885191731701843
0.9053053117252243
0.9240197204702952
0.9406023780331463
0.9553322060244944
0.9678707187149534
0.9776184616819208
0.9852952014281945
0.9910437661432259
###
1e-05
1.1768119524349992e-05
1.3848863713938717e-05
1.6297508346206434e-05
1.917910261672489e-05
2.2570197196339216e-05
2.656087782946684e-05
3.1257158496882356e-05
3.678379771828634e-05
4.328761281083062e-05
5.0941380148163754e-05
5.994842503189409e-05
7.054802310718646e-05
8.302175681319735e-05
9.770099572992247e-05
0.00011497569953977356
0.00013530477745798074
0.00015922827933410923
0.0001873817422860383
0.00022051307399030456
0.00025950242113997375
0.0003053855508833416
0.00035938136638046257
0.0004229242874389499
0.0004977023564332109
0.0005857020818056661
0.0006892612104349695
0.0008111308307896872
0.0009545484566618337
0.0011233240329780276
0.0013219411484660286
0.0015556761439304723
0.0018307382802953678
0.002154434690031882
0.0025353644939701114
0.0029836472402833374
0.003511191734215131
0.004132012400115334
0.004862601580065354
0.005722367659350214
0.006734150657750821
0.007924828983539169
0.0093260334688322
0.010974987654930556
0.01291549665014884
0.01519911082952933
0.01788649529057435
0.0210490414451202
0.02477076355991709
0.029150530628251757
0.034304692863149154
0.040370172585965536
0.047508101621027934
0.05590810182512223
0.06579332246575675
0.0774263682681127
0.09111627561154886
0.10722672220103231
0.1261856883066021
0.14849682622544635
0.1747528400007683
0.20565123083486514
0.24201282647943834
0.2848035868435799
0.3351602650938841
0.3944206059437656
0.46415888336127725
0.5462277217684337
0.642807311728432
0.7564633275546291
0.8902150854450375
1.0476157527896641
1.232846739442066
1.4508287784959402
1.7073526474706886
2.009233002565046
2.364489412645407
2.782559402207126
3.274549162877725
3.8535285937105273
4.534878508128582
5.3366992312063015
6.280291441834247
7.390722033525775
8.697490026177835
10.235310218990248
12.045035402587812
14.174741629268048
16.68100537200059
19.630406500402685
23.10129700083158
27.1858824273294
31.992671377973846
37.64935806792464
44.30621457583877
52.14008287999685
61.35907273413163
72.20809018385457
84.97534359086438
100.0
###
4.434939887872991
3.868915680553768
3.281284144610032
2.690634396901614
2.1258127785947942
1.6189446920448083
1.2927064531417765
0.9385351421070283
0.6731923631125346
0.48273306574500735
17.131664520421406
14.611649742044543
12.045463262027416
9.543650687842213
7.246053833318074
5.275008354790605
4.0566743110363905
2.7836259374752457
1.866774821352017
1.2338453154206503
28.472098034704512
24.034321417103904
19.567388126289064
15.282625295066046
11.423592479894438
8.179383588832454
6.208400581617076
4.180344958715923
2.742667506306121
1.7650031616304216
39.124803257403066
32.79783150544848
26.48355105673211
20.49521183815853
15.172117543088163
10.756388536499577
8.102329744796442
5.396962631795528
3.4996155287841013
2.220414122945428
49.31167192271807
41.11896479630572
32.998824343651805
25.364648965055906
18.64700793188755
13.127623959344437
9.837476764477326
6.50612593603599
4.186593695001027
2.632594381173134
59.14625618750883
49.108627011487975
39.21649769746322
29.983710571635246
21.92379458209634
15.352808816612376
11.460411050229764
7.540108425342567
4.8253443441426755
3.0154835025944444
68.69795920216308
56.83325518016117
45.19864451768473
34.40591924945245
25.04681689684937
17.465397143826422
12.997503338711823
8.516818069386877
5.42790603823907
3.3766108129316557
78.0136343793167
64.33836343302278
50.986664195146304
38.66729500364021
28.045085069764955
19.487307902535523
14.465884020446934
9.4488221010618
6.001887478042359
3.7205950225418825
87.12705013639717
71.65584042179105
56.61005040505872
42.7931915024701
30.939086226938873
21.43380313022475
15.877330542319022
10.343195269646927
6.552413085906024
4.050582231387015
96.06369709461461
78.81015707725285
62.09138074445372
46.80228610568179
33.743599415455535
23.31606165010375
17.24046902064765
11.205788311088229
7.083154786818474
4.368802010010788
104.84301442163255
85.82022819119169
67.44700618226443
50.70915109771534
36.46998088584728
25.14257023914856
18.561788948362274
12.041109508486079
7.596907731238538
4.676934731837475
113.4816148007167
92.70084446659807
72.69107703873297
54.525458118708144
39.12658400550998
26.920186605336333
19.84640669122898
12.852558933040754
8.095810436241793
4.976265750440973
121.99233060338793
99.46499361901502
77.83401134903619
58.26054617051125
41.722656224816554
28.653147315393802
21.09840104079807
13.642587890923544
8.581299936956267
5.267804735765569
130.38607176437216
106.1226869596865
82.88209353917422
61.921848660918414
44.263612146849624
30.348028110942295
22.321100422659434
14.41385685120709
9.055280145032215
5.552387876441193
138.67208968138792
112.68259310148521
87.84972456500151
65.51596614551566
46.75378365919144
32.00676329315321
23.517270554493418
15.167956962446693
9.51865688208804
5.830696457826711