# ../data/BKevo/MV2g_BKevo/mv2g_38.dat
# N(r,Y=0), r, *F2(x,Q^2)
# 1e-05 < r < 100.0
# 1 < Q^2 < 50, n=15, lin grid
# 1e-5 < x < 1e-2, n=10, log grid
###
1.0263655781533075e-13
1.4916414003715346e-13
2.1843591750312624e-13
3.190798554985472e-13
4.638510748582797e-13
6.778701716282805e-13
9.903533487151894e-13
1.4400309289059753e-12
2.1002030571903967e-12
3.069149799528583e-12
4.463383142101003e-12
6.4962078533588996e-12
9.495622776156531e-12
1.381152040234504e-11
2.005904711530098e-11
2.9328281773735614e-11
4.266531070881667e-11
6.18317012205498e-11
9.042827459198825e-11
1.315748574390714e-10
1.9059331566032225e-10
2.78355700504731e-10
4.0510598710396435e-10
5.869180598715744e-10
8.555303004460079e-10
1.2454966521006697e-09
1.8049661316922235e-09
2.6262294624883264e-09
3.825117087837983e-09
5.545784548187648e-09
8.055714631897877e-09
1.1741635119282382e-08
1.7035595208198837e-08
2.4711077933735167e-08
3.60574815484928e-08
5.237409312727833e-08
7.589604847916045e-08
1.1093040229344906e-07
1.614105149013824e-07
2.339710529058854e-07
3.425842242820796e-07
4.997878815649096e-07
7.264777472546749e-07
1.0649870182532744e-06
1.5595635196299682e-06
2.2759807382702384e-06
3.3444854060571435e-06
4.9232812450741e-06
7.22404566458859e-06
1.0655289345911948e-05
1.57929900044842e-05
2.333640260981179e-05
3.4594695278855615e-05
5.171022317955107e-05
7.705796820772855e-05
0.00011492401792336837
0.0001734559413757712
0.00026093738012300397
0.00039166007604685555
0.0005972501901133022
0.0009072610693292203
0.0013738345928859424
0.0021100944676284454
0.0032347551697792087
0.004938912827703935
0.007623459174550718
0.01176932721681195
0.018066736828859734
0.027890361190455012
0.04305756081227537
0.06576876646469622
0.09985010218890474
0.14993682561389263
0.21885583426116226
0.3079440215461888
0.41031243845609905
0.5110533031861443
0.5941351519507042
0.6527529010177586
0.7071699761977387
0.7675876659750628
0.8325262643416077
0.8955272553264326
0.948239665789131
0.9802911364152033
0.9949053625762101
0.9993788641289081
0.9999704128395424
0.9999992211747749
0.999999995944526
0.9999999999999648
1.0
1.0
1.0
1.0
1.0
1.0
1.0
1.0
1.0
###
1e-05
1.1768119524349992e-05
1.3848863713938717e-05
1.6297508346206434e-05
1.917910261672489e-05
2.2570197196339216e-05
2.656087782946684e-05
3.1257158496882356e-05
3.678379771828634e-05
4.328761281083062e-05
5.0941380148163754e-05
5.994842503189409e-05
7.054802310718646e-05
8.302175681319735e-05
9.770099572992247e-05
0.00011497569953977356
0.00013530477745798074
0.00015922827933410923
0.0001873817422860383
0.00022051307399030456
0.00025950242113997375
0.0003053855508833416
0.00035938136638046257
0.0004229242874389499
0.0004977023564332109
0.0005857020818056661
0.0006892612104349695
0.0008111308307896872
0.0009545484566618337
0.0011233240329780276
0.0013219411484660286
0.0015556761439304723
0.0018307382802953678
0.002154434690031882
0.0025353644939701114
0.0029836472402833374
0.003511191734215131
0.004132012400115334
0.004862601580065354
0.005722367659350214
0.006734150657750821
0.007924828983539169
0.0093260334688322
0.010974987654930556
0.01291549665014884
0.01519911082952933
0.01788649529057435
0.0210490414451202
0.02477076355991709
0.029150530628251757
0.034304692863149154
0.040370172585965536
0.047508101621027934
0.05590810182512223
0.06579332246575675
0.0774263682681127
0.09111627561154886
0.10722672220103231
0.1261856883066021
0.14849682622544635
0.1747528400007683
0.20565123083486514
0.24201282647943834
0.2848035868435799
0.3351602650938841
0.3944206059437656
0.46415888336127725
0.5462277217684337
0.642807311728432
0.7564633275546291
0.8902150854450375
1.0476157527896641
1.232846739442066
1.4508287784959402
1.7073526474706886
2.009233002565046
2.364489412645407
2.782559402207126
3.274549162877725
3.8535285937105273
4.534878508128582
5.3366992312063015
6.280291441834247
7.390722033525775
8.697490026177835
10.235310218990248
12.045035402587812
14.174741629268048
16.68100537200059
19.630406500402685
23.10129700083158
27.1858824273294
31.992671377973846
37.64935806792464
44.30621457583877
52.14008287999685
61.35907273413163
72.20809018385457
84.97534359086438
100.0
###
1.2160517585699575
1.0643227828892503
0.9298555266611265
0.8117274547141635
0.7089348101887005
0.620153864720035
0.5618912422265135
0.4941064572487567
0.43631853683711175
0.3871824303798519
3.3453395377920434
2.8078009183031427
2.346292155384498
1.9534780930627722
1.6217557640149678
1.343324316278832
1.16481762072868
0.9615218461787747
0.7919570329890349
0.6503646739247312
4.7493877414513435
3.9149555651106787
3.2092702977273952
2.6173836085019113
2.1245890149211673
1.7165874137220454
1.4580588838280197
1.1668357078736755
0.9268212241363476
0.7286346352559468
5.869012755985117
4.782027214094097
3.8717337178442506
3.115779373007876
2.4925175929894072
1.9812997194110886
1.6600317311051491
1.3010750904828887
1.0080015462589504
0.7682581175341063
6.8232024887454354
5.512149910319212
4.422355404591248
3.524054319875431
2.788872654864487
2.190197403444253
1.8164405149730134
1.4015481358969006
1.0654285342492267
0.7927233736819053
7.665685382732004
6.151036715166212
4.899522433774261
3.874122326066341
3.0398175068654676
2.364513743686101
1.9451583526180911
1.4822134230387016
1.1097294390427042
0.8095823909082802
8.426238630961304
6.72364940210504
5.323978018077661
4.182850759739365
3.259017394552703
2.5150141340308356
2.055121759358176
1.5498658495558846
1.1455662296161357
0.8220520475759732
9.12341820333387
7.245526051187137
5.708375251420667
4.460498538505923
3.454588463735871
2.648032395036409
2.151477026460349
1.6081758525872052
1.1757624161026636
0.831730974902027
9.769726711810586
7.726915713793944
6.061046699436936
4.713682781568573
3.631783975758056
2.7676074281795637
2.237473235046424
1.6595929406905168
1.2018149165120686
0.8395163804082232
10.37406000406746
8.175111395185702
6.387857398120815
4.947164151973556
3.794238901782304
2.876472877759895
2.3152858919478327
1.7055977762591243
1.2247124022513667
0.8459626544386896
10.943017813003866
8.595432210927985
6.693112198063785
5.164287355389946
3.944514576020798
2.9765976283970956
2.386469241890556
1.7475804765474816
1.2451479926935887
0.8514121158996865
11.48160330397495
8.991962308203778
6.980015460587484
5.36753629539743
4.084582442097443
3.0694296285062
2.452156596606135
1.785499730587084
1.263601290512737
0.8561034143789525
11.993523108912921
9.367888556079693
7.251141589807166
5.558938864598342
4.215938698495279
3.156073878754881
2.513208722636376
1.820728894162114
1.2804247926956118
0.8601894872595298
12.482682117294953
9.725767576356267
7.508506523614417
5.739991269516759
4.339771065269597
3.2373967992797668
2.5702925809348574
1.8534484083261666
1.2958932048870118
0.863800288382567
12.950967143702192
10.06753574396547
7.753671509912737
5.9119606280259775
4.457055604765568
3.3140790153302713
2.623919972848144
1.884013962078079
1.3101944209271437
0.8670196836980059