# ../data/BKevo/MV2g_BKevo/mv2g_24.dat
# N(r,Y=0), r, *F2(x,Q^2)
# 1e-05 < r < 100.0
# 1 < Q^2 < 50, n=15, lin grid
# 1e-5 < x < 1e-2, n=10, log grid
###
6.434550750489791e-05
7.239401895397783e-05
8.139499548295987e-05
9.151233861262156e-05
0.00010290232360901214
0.0001156488209029585
0.0001299481796122934
0.00014603534197195624
0.00016405020490196085
0.00018421806418261117
0.0002068906406240853
0.0002322959535242588
0.00026067539510356096
0.0002925533570404563
0.0003282948348106176
0.00036812765591299535
0.00041283051297194307
0.00046297912770898724
0.0005187291550072765
0.0005812322951749946
0.0006513043184728304
0.0007291651783283629
0.000816267982133871
0.0009138047281668896
0.0010222012961303175
0.0011431321595160445
0.0012783702358423025
0.0014286751974278654
0.0015958570742353733
0.0017825358465273686
0.001989999053985451
0.0022199907481910857
0.0024763578220495445
0.00276120592900589
0.0030758136714960273
0.003425792825814274
0.0038144953755805434
0.004242008282600349
0.0047164640758038555
0.005242777362103312
0.005819516758870834
0.006457466630955949
0.0071630842407167635
0.00793503477540909
0.008784536013569294
0.00972091148505813
0.010743184764670368
0.011861472813070456
0.013089119644742882
0.014425972018655352
0.015878321694956243
0.017465158418963365
0.01918799758861277
0.021044975962550776
0.023063125678140763
0.025247268978762852
0.027581445829806615
0.03010468879899449
0.03282875449962512
0.03571835178726015
0.038832994842673156
0.04219393005123839
0.04577982025693453
0.04967530664112593
0.05396021848416714
0.05873132399877186
0.06423574547119287
0.07085209813182175
0.07932337276247015
0.0909315841948728
0.10758972318655421
0.13308841372222124
0.17353694015597512
0.23508114336514901
0.32432619348739405
0.43740042172977645
0.5481603925508465
0.6222389173764145
0.6479968620854153
0.6615676027638755
0.6748546544322509
0.6891594216901974
0.7047200417104904
0.7215894327132332
0.7395140092798002
0.7585764784875197
0.7787631654777661
0.7996176587865088
0.8209786732138405
0.8427689191018742
0.8643386646454875
0.885191731701843
0.9053053117252243
0.9240197204702952
0.9406023780331463
0.9553322060244944
0.9678707187149534
0.9776184616819208
0.9852952014281945
0.9910437661432259
###
1e-05
1.1768119524349992e-05
1.3848863713938717e-05
1.6297508346206434e-05
1.917910261672489e-05
2.2570197196339216e-05
2.656087782946684e-05
3.1257158496882356e-05
3.678379771828634e-05
4.328761281083062e-05
5.0941380148163754e-05
5.994842503189409e-05
7.054802310718646e-05
8.302175681319735e-05
9.770099572992247e-05
0.00011497569953977356
0.00013530477745798074
0.00015922827933410923
0.0001873817422860383
0.00022051307399030456
0.00025950242113997375
0.0003053855508833416
0.00035938136638046257
0.0004229242874389499
0.0004977023564332109
0.0005857020818056661
0.0006892612104349695
0.0008111308307896872
0.0009545484566618337
0.0011233240329780276
0.0013219411484660286
0.0015556761439304723
0.0018307382802953678
0.002154434690031882
0.0025353644939701114
0.0029836472402833374
0.003511191734215131
0.004132012400115334
0.004862601580065354
0.005722367659350214
0.006734150657750821
0.007924828983539169
0.0093260334688322
0.010974987654930556
0.01291549665014884
0.01519911082952933
0.01788649529057435
0.0210490414451202
0.02477076355991709
0.029150530628251757
0.034304692863149154
0.040370172585965536
0.047508101621027934
0.05590810182512223
0.06579332246575675
0.0774263682681127
0.09111627561154886
0.10722672220103231
0.1261856883066021
0.14849682622544635
0.1747528400007683
0.20565123083486514
0.24201282647943834
0.2848035868435799
0.3351602650938841
0.3944206059437656
0.46415888336127725
0.5462277217684337
0.642807311728432
0.7564633275546291
0.8902150854450375
1.0476157527896641
1.232846739442066
1.4508287784959402
1.7073526474706886
2.009233002565046
2.364489412645407
2.782559402207126
3.274549162877725
3.8535285937105273
4.534878508128582
5.3366992312063015
6.280291441834247
7.390722033525775
8.697490026177835
10.235310218990248
12.045035402587812
14.174741629268048
16.68100537200059
19.630406500402685
23.10129700083158
27.1858824273294
31.992671377973846
37.64935806792464
44.30621457583877
52.14008287999685
61.35907273413163
72.20809018385457
84.97534359086438
100.0
###
4.432182017896534
3.864510278211176
3.275250432815287
2.6839599234216385
2.1214846011822126
1.621759750234053
1.303124853065135
0.9605639793341857
0.7065472846085971
0.5258155030345782
17.119276734559442
14.591595111893987
12.01576749668917
9.506420739644142
7.206775950795183
5.244731028193206
4.037611002184079
2.781333693073145
1.8811063612431331
1.2602962153189057
28.450443315275702
23.999715541112977
19.516805621852487
15.21723238265469
11.351109036685898
8.114985635775682
6.155514833624865
4.144707239970602
2.7239263649045835
1.7566916046708472
39.09447997521505
32.749631017449516
26.41344952632969
20.404841831625365
15.07018826074172
10.661496818449612
8.019698515256227
5.333092377574126
3.4522137068066057
2.182851031972712
49.27294850437615
41.05821237710338
32.910792016842635
25.252264595754692
18.51860532796516
13.006465668259352
9.728795053278088
6.417157322718185
4.115124560272875
2.5712422979824465
59.09933441667011
49.035448974607974
39.111399367960914
29.850359173162627
21.77123320991124
15.207608828947382
11.328424381635543
7.429065514184846
4.733352013116141
2.934199931045945
68.64311292603094
56.7481765485777
45.07575464699866
34.25311567633871
24.871924888471916
17.29836970961038
12.844556036874504
8.386650217425366
5.3181286797692575
3.2784977464910674
77.95107049934572
64.24197288703459
50.84818517345983
38.49603259765636
27.848705289032146
19.300142954499094
14.293804105235477
9.30114037249231
5.8764129236813005
3.608427607782558
87.05695600808151
71.54852509304976
56.45710795600859
42.60449061444458
30.723133523983126
21.227932504284112
15.687647790584833
10.179525246841786
6.412915464902657
3.925228509881781
95.98625249191998
78.6919950465702
61.924012117528385
46.597104260578476
33.509040319074636
23.092602514104705
17.034420826411786
11.027569646829743
6.931036684606633
4.23217911151089
104.75831918158771
85.69174781736352
67.26589092461253
50.48820609870505
36.21807707440715
24.90271941963687
18.340471778830313
11.849446946127134
7.433218372434417
4.530253943374782
113.3978222109195
92.56264752316225
72.49644832696465
54.286943652523924
38.859190764480864
26.664594007948867
19.6107438705059
12.648380846054938
7.9216109636194565
4.82046610649312
121.90232271944181
99.31703299764848
77.6265148333732
58.00704384800233
41.43946158994913
28.383542471759725
20.849127652512266
13.426903077362711
8.397610118627318
5.103695342640568
130.28047783867888
105.96518832991427
82.66563877905989
61.654094441049075
43.964886570657576
30.06386929182565
22.05897401311595
14.187191908846389
8.86259469007204
5.38065783246488
138.5597529828584
112.51576564042038
87.62134614905717
65.23445990942461
46.44021471043174
31.70915708407292
23.242924515707713
14.931860593349546
9.317491075573155
5.651939029258698