# ../data/BKevo/MV2g_BKevo/mv2g_14.dat
# N(r,Y=0), r, *F2(x,Q^2)
# 1e-05 < r < 100.0
# 1 < Q^2 < 50, n=15, lin grid
# 1e-5 < x < 1e-2, n=10, log grid
###
6.434550750489791e-05
7.239401895397783e-05
8.139499548295987e-05
9.151233861262156e-05
0.00010290232360901214
0.0001156488209029585
0.0001299481796122934
0.00014603534197195624
0.00016405020490196085
0.00018421806418261117
0.0002068906406240853
0.0002322959535242588
0.00026067539510356096
0.0002925533570404563
0.0003282948348106143
0.00036812765591296006
0.00041283051297194307
0.0004629791277089311
0.0005187291550071481
0.0005812322951747929
0.0006513043184724483
0.0007291651783276482
0.000816267982132484
0.0009138047281643158
0.0010222012961253449
0.0011431321595067176
0.0012783702358249796
0.0014286751973950676
0.0015958570741732214
0.001782535846411586
0.001989999053767915
0.002219990747778091
0.002476357821279303
0.002761205927569445
0.003075813668763854
0.003425792820713104
0.00381449536613882
0.004242008264610596
0.004716464042183565
0.005242777300205189
0.00581951664104963
0.006457466410586216
0.0071630838348896286
0.007935034008399785
0.008784534578082509
0.00972090884137323
0.010743179805605326
0.011861463528429319
0.013089102549131766
0.01442594020531167
0.01587826212654343
0.017465048793119754
0.019187795301312982
0.02104459728099893
0.023062429364600366
0.025245995494236145
0.02757906321390467
0.030100312744901124
0.03282082515116441
0.035703528610142074
0.038805806851768695
0.04214479987118947
0.045688680910852646
0.04950837850028071
0.0536591031393408
0.05817768312894215
0.06322357560061431
0.06903136378347575
0.07601422663816985
0.08492713857938725
0.09692954466892453
0.11433259003040792
0.14116891377936333
0.1823458084455894
0.24550300111143786
0.33803676870645905
0.4529990403164281
0.5660623114057939
0.6323222971007479
0.6600898511092735
0.6748477678193545
0.6891594208454276
0.7047200417104876
0.7215894327132332
0.7395140092798002
0.7585764784875197
0.7787631654777661
0.7996176587865088
0.8209786732138405
0.8427689191018742
0.8643386646454875
0.885191731701843
0.9053053117252243
0.9240197204702952
0.9406023780331463
0.9553322060244944
0.9678707187149534
0.9776184616819208
0.9852952014281945
0.9910437661432259
###
1e-05
1.1768119524349992e-05
1.3848863713938717e-05
1.6297508346206434e-05
1.917910261672489e-05
2.2570197196339216e-05
2.656087782946684e-05
3.1257158496882356e-05
3.678379771828634e-05
4.328761281083062e-05
5.0941380148163754e-05
5.994842503189409e-05
7.054802310718646e-05
8.302175681319735e-05
9.770099572992247e-05
0.00011497569953977356
0.00013530477745798074
0.00015922827933410923
0.0001873817422860383
0.00022051307399030456
0.00025950242113997375
0.0003053855508833416
0.00035938136638046257
0.0004229242874389499
0.0004977023564332109
0.0005857020818056661
0.0006892612104349695
0.0008111308307896872
0.0009545484566618337
0.0011233240329780276
0.0013219411484660286
0.0015556761439304723
0.0018307382802953678
0.002154434690031882
0.0025353644939701114
0.0029836472402833374
0.003511191734215131
0.004132012400115334
0.004862601580065354
0.005722367659350214
0.006734150657750821
0.007924828983539169
0.0093260334688322
0.010974987654930556
0.01291549665014884
0.01519911082952933
0.01788649529057435
0.0210490414451202
0.02477076355991709
0.029150530628251757
0.034304692863149154
0.040370172585965536
0.047508101621027934
0.05590810182512223
0.06579332246575675
0.0774263682681127
0.09111627561154886
0.10722672220103231
0.1261856883066021
0.14849682622544635
0.1747528400007683
0.20565123083486514
0.24201282647943834
0.2848035868435799
0.3351602650938841
0.3944206059437656
0.46415888336127725
0.5462277217684337
0.642807311728432
0.7564633275546291
0.8902150854450375
1.0476157527896641
1.232846739442066
1.4508287784959402
1.7073526474706886
2.009233002565046
2.364489412645407
2.782559402207126
3.274549162877725
3.8535285937105273
4.534878508128582
5.3366992312063015
6.280291441834247
7.390722033525775
8.697490026177835
10.235310218990248
12.045035402587812
14.174741629268048
16.68100537200059
19.630406500402685
23.10129700083158
27.1858824273294
31.992671377973846
37.64935806792464
44.30621457583877
52.14008287999685
61.35907273413163
72.20809018385457
84.97534359086438
100.0
###
4.4307143520532835
3.861247887168562
3.2683843375671184
2.671168334908722
2.10097161607298
1.5917178874955782
1.266303433083572
0.9168271216599021
0.658846320460166
0.4768805300929089
17.113617921503163
14.580035195781967
11.994207335787287
9.468877128262653
7.151568174225354
5.169555457809309
3.9497110512359446
2.682565525290222
1.7785502190588431
1.1596923686905012
28.441196049102224
23.981684158300787
19.484078191692312
15.163859016722615
11.276481834690058
8.01674018613549
6.043715350106201
4.0233183958552905
2.6026557512006963
1.6427970115188288
39.08202415528398
32.72596638821102
26.371801493182172
20.338763136683916
14.980631791876597
10.547281819109953
7.892223230289683
5.1981985133453374
3.321322745787139
2.0639959417553553
49.2574582385253
41.02921308818659
32.86124937496931
25.17556134057088
18.417223169382382
12.879835796117305
9.589570018076394
6.273173791076925
3.978161366746717
2.450027546972343
59.08109447963571
49.001853296046384
39.05358143888467
29.76433770096059
21.659769190004063
15.07139825150254
11.179744316485984
7.278122498880509
4.592092274659012
2.812354155925862
68.62211468080908
56.710550788683456
45.013019309200516
34.158712412679236
24.751639930165975
17.153396608161227
12.687924704401322
8.229871097313053
5.173618876126993
3.1563028929529864
77.92748744426248
64.20001598050916
50.779828797455494
38.39412023825276
27.72119037773035
19.146618724955296
14.13028600093029
9.139127165973013
5.729307210457785
3.4857161930682916
87.03089189792225
71.50263099660475
56.38257486168952
42.495451554794904
30.587525254618523
21.06748916141698
15.518050666786527
10.013218598540728
6.26365611469972
3.8030840306911142
95.95745230124008
78.6425973332046
61.843898696188575
46.481685685445996
33.366814554147126
22.925905427044903
16.859360234147832
10.857491144536352
6.779899854497996
4.110633331718656
104.72746438215539
85.63847554739199
67.18120911594251
50.36446520979263
36.0696341532528
24.730126674308632
18.160426968539873
11.675987560847728
7.280513358871838
4.408446816166669
113.3567003991592
92.50589719115861
72.40684308372997
54.15962418695948
38.704852989346186
26.48659692517405
19.42611446468462
12.471423130575186
7.76742541295452
4.698866300627048
121.85824306393063
99.25691909166706
77.53257065390667
57.87431513281739
41.279691631470996
28.200510808827303
20.660316763926904
13.247132414640433
8.242140529129415
4.982316448197216
130.25230313559194
105.90181935748544
82.5673157576689
61.51600150096488
43.79974762313466
29.876131205426997
21.866220314382858
14.005299421396053
8.70592666982184
5.259503463336054
138.52012888084957
112.4492376382936
87.51880712548628
65.09133213005016
46.270218400169036
31.519369581035036
23.046331901458494
14.74666422943123
9.159725377857335
5.530993915572004