# ../data/BKevo/MV2g_BKevo/mv2g_18.dat
# N(r,Y=0), r, *F2(x,Q^2)
# 1e-05 < r < 100.0
# 1 < Q^2 < 50, n=15, lin grid
# 1e-5 < x < 1e-2, n=10, log grid
###
1.0258104666409953e-13
1.4910862888592225e-13
2.183666895158402e-13
3.18937712738265e-13
4.635861024179623e-13
6.774928112368564e-13
9.897131231071965e-13
1.438984760072418e-12
2.0984749905059894e-12
3.06625004087241e-12
4.4586238896339516e-12
6.488235253691665e-12
9.482365771327692e-12
1.3789543571596212e-11
2.0022832356782975e-11
2.9267672295817804e-11
4.2565067994078057e-11
6.166720244315086e-11
9.015281188627829e-11
1.3111873662151679e-10
1.8984516733195296e-10
2.771062059379987e-10
4.030357394847037e-10
5.835205317744895e-10
8.498791342884304e-10
1.2361274245595916e-09
1.789584171955825e-09
2.600752174150066e-09
3.782853263471237e-09
5.476377309854487e-09
7.941260742198791e-09
1.1551676478060183e-08
1.6723578637530335e-08
2.4198923311316014e-08
3.5207143889406506e-08
5.097728492208939e-08
7.361433012871693e-08
1.0714118352851617e-07
1.551867594719106e-07
2.238410636983041e-07
3.2578540324446346e-07
4.7220412100696475e-07
6.816064905113142e-07
9.90945074797156e-07
1.4380514744841702e-06
2.078473150356887e-06
3.020300018775849e-06
4.39169348394617e-06
6.360948580137198e-06
9.246595242770929e-06
1.3485770423525203e-05
1.9595779169105743e-05
2.852611610001475e-05
4.178633863988195e-05
6.099808654896477e-05
8.903529436947098e-05
0.0001312035997055198
0.00019271155385820922
0.00028241664172748903
0.0004193786002360088
0.0006207933789409081
0.0009166755561925903
0.001370603449192574
0.002047558841653695
0.003051063236390989
0.004595039939200538
0.006933003471764627
0.010428314813218273
0.015807696420971247
0.02405369179210065
0.036413915647248205
0.055220133586591655
0.08384738689808079
0.12563280208732203
0.18551793721435825
0.2683848155341838
0.37259174913907733
0.4906229253618975
0.600865042532685
0.6920740894249293
0.7661651795503426
0.832464382161903
0.8955265774773695
0.948239665387038
0.9802911364152033
0.9949053625762101
0.9993788641289081
0.9999704128395424
0.9999992211747749
0.999999995944526
0.9999999999999648
1.0
1.0
1.0
1.0
1.0
1.0
1.0
1.0
1.0
###
1e-05
1.1768119524349992e-05
1.3848863713938717e-05
1.6297508346206434e-05
1.917910261672489e-05
2.2570197196339216e-05
2.656087782946684e-05
3.1257158496882356e-05
3.678379771828634e-05
4.328761281083062e-05
5.0941380148163754e-05
5.994842503189409e-05
7.054802310718646e-05
8.302175681319735e-05
9.770099572992247e-05
0.00011497569953977356
0.00013530477745798074
0.00015922827933410923
0.0001873817422860383
0.00022051307399030456
0.00025950242113997375
0.0003053855508833416
0.00035938136638046257
0.0004229242874389499
0.0004977023564332109
0.0005857020818056661
0.0006892612104349695
0.0008111308307896872
0.0009545484566618337
0.0011233240329780276
0.0013219411484660286
0.0015556761439304723
0.0018307382802953678
0.002154434690031882
0.0025353644939701114
0.0029836472402833374
0.003511191734215131
0.004132012400115334
0.004862601580065354
0.005722367659350214
0.006734150657750821
0.007924828983539169
0.0093260334688322
0.010974987654930556
0.01291549665014884
0.01519911082952933
0.01788649529057435
0.0210490414451202
0.02477076355991709
0.029150530628251757
0.034304692863149154
0.040370172585965536
0.047508101621027934
0.05590810182512223
0.06579332246575675
0.0774263682681127
0.09111627561154886
0.10722672220103231
0.1261856883066021
0.14849682622544635
0.1747528400007683
0.20565123083486514
0.24201282647943834
0.2848035868435799
0.3351602650938841
0.3944206059437656
0.46415888336127725
0.5462277217684337
0.642807311728432
0.7564633275546291
0.8902150854450375
1.0476157527896641
1.232846739442066
1.4508287784959402
1.7073526474706886
2.009233002565046
2.364489412645407
2.782559402207126
3.274549162877725
3.8535285937105273
4.534878508128582
5.3366992312063015
6.280291441834247
7.390722033525775
8.697490026177835
10.235310218990248
12.045035402587812
14.174741629268048
16.68100537200059
19.630406500402685
23.10129700083158
27.1858824273294
31.992671377973846
37.64935806792464
44.30621457583877
52.14008287999685
61.35907273413163
72.20809018385457
84.97534359086438
100.0
###
1.0586786244331736
0.9149843386707245
0.7888049973051143
0.6791752473219965
0.5847987842509494
0.5041764480900087
0.4517887693459715
0.3914374949922591
0.3405921033310897
0.29794551494543586
2.8232588929697244
2.3355479891138153
1.9215121200373584
1.5733652056784186
1.2827179199598062
1.0414270589346537
0.8881911549677707
0.715230218255043
0.5722505007868323
0.4538824660274048
3.9623820343748086
3.2185947397560057
2.597075261927722
2.0822943044202
1.6589315781762362
1.3125669669438542
1.0953907146934192
0.853275466192114
0.6561313258331184
0.49531585620778223
4.862686890018174
3.9043524298967296
3.111719931353604
2.461840025736437
1.9327339924004714
1.5041940963225582
1.2379371417385738
0.9438259512675665
0.707226164437879
0.5162298233875634
5.625753952474214
4.478892875610527
3.5375776905438956
2.771584364035605
2.1527281508759253
1.6553217051352098
1.348453400458873
1.0119905964363287
0.7435347649492299
0.5294792470263154
6.296881192350353
4.979864673194176
3.9054790110623814
3.0365660917469643
2.338729532057358
1.7814061424766319
1.4395780116687
1.0669880838228594
0.7720079897147107
0.5387770551536166
6.900891474236674
5.427701823076907
4.231999795972368
3.26977195162769
2.5010455125636835
1.8902900010050256
1.5175151199115782
1.1132973319278718
0.7953754322521553
0.5458934472609783
7.4532203613902865
5.834941779310513
4.527147058005135
3.4792536126344005
2.6457633583949134
1.9865435417385091
1.585873480085325
1.153390608009079
0.8152045029174213
0.5515745874066745
7.964205449263882
6.209916405762172
4.797536381809266
3.6701107759539213
2.7768148072065055
2.0730830420688213
1.6469668201422853
1.188845903376106
0.832447058179605
0.5562681922189509
8.441233354159108
6.558478515503292
5.047801951674998
3.845906268264697
2.896864883967021
2.1518831247222265
1.7022955373249755
1.2206671720110254
0.8477021788963307
0.5602385353064627
8.889522757019819
6.884940887552416
5.2812190281282705
4.0092374882280755
3.007887254981864
2.2243669538793194
1.7529584134698941
1.2496318695426931
0.8613937251537441
0.5636743761002478
9.313338767733674
7.192619924251941
5.50047273197087
4.162100921249826
3.1113282579410133
2.291579958820511
1.7997354683796816
1.2760926986921586
0.8738195156910437
0.5666883124846533
9.716049980314098
7.483989213600455
5.707474549513051
4.305888663764332
3.2083017515874634
2.3543196955816104
1.8432360558248746
1.3005910938945
0.8851951429817754
0.5693661668227072
10.099795467560384
7.761093944155797
5.903795792176674
4.441816186379938
3.2996878174586324
2.413206716826065
1.8839314335333908
1.3233840082387687
0.8956920796558416
0.5717720346658517
10.467359021812323
8.025559257768771
6.090705475205514
4.570899925344195
3.386180713274502
2.4687436870497526
1.922153211433803
1.344699149284632
0.9054341626133259
0.5739506795890497