# ../data/BKevo/MV2g_BKevo/mv2g_36.dat
# N(r,Y=0), r, *F2(x,Q^2)
# 1e-05 < r < 100.0
# 1 < Q^2 < 50, n=15, lin grid
# 1e-5 < x < 1e-2, n=10, log grid
###
2.56633889206042e-09
3.284542880842134e-09
4.21121203057146e-09
5.395298433367706e-09
6.903014329964185e-09
8.842474164432206e-09
1.1324907610012552e-08
1.4484461581103172e-08
1.853628131116385e-08
2.373099572477158e-08
3.033944262846033e-08
3.878765561130896e-08
4.963597352714917e-08
6.342914124015397e-08
8.100626503323876e-08
1.0361083755433323e-07
1.3233399983094114e-07
1.688187046986088e-07
2.1580460580821747e-07
2.754674202003522e-07
3.511479320218532e-07
4.4840473076465955e-07
5.719888348191023e-07
7.286250427420354e-07
9.292375817947444e-07
1.1844340843416887e-06
1.507585477705283e-06
1.920026520328729e-06
2.445177937581916e-06
3.109475309012894e-06
3.9542977849594605e-06
5.030794176803151e-06
6.390903715951515e-06
8.114276160398429e-06
1.0311399899346136e-05
1.3083622136161928e-05
1.6583005461189854e-05
2.1045583490942086e-05
2.666765510529258e-05
3.374196538098687e-05
4.275231887679787e-05
5.409091529944771e-05
6.833410824311595e-05
8.6400331285364e-05
0.00010913420957427693
0.00013764246981476733
0.0001736588074808044
0.000218983250177021
0.0002757379665743288
0.00034719755837296396
0.000437194431354568
0.0005498396418282685
0.0006914112471677799
0.0008702308808291957
0.0010945461818674216
0.0013769156565119798
0.0017364978990638468
0.002191176304148841
0.0027682641142457278
0.0035171370919355642
0.004481859142570294
0.005733707164266757
0.00740836453410129
0.009644483235309798
0.01265537734794069
0.016859524414601274
0.02275222520373954
0.03103311495944821
0.04305435065961236
0.06059046457610162
0.08578251876671772
0.12228781167127084
0.17446206100817935
0.24484608869093033
0.3342052870919734
0.4346825445114508
0.5306388198833211
0.604887902458088
0.6489787818234812
0.6832024157677905
0.7184166988844591
0.7570881966362936
0.7988515321506972
0.842318937571279
0.8839671414273276
0.921639315005508
0.953217173280406
0.9755345760072978
0.989155741134202
0.9963668943106778
0.999115745700083
0.9998293683511045
0.9999815980967005
0.9999993239653276
0.9999999741231912
0.9999999996232414
0.9999999999998975
0.9999999999999999
1.0
1.0
###
1e-05
1.1768119524349992e-05
1.3848863713938717e-05
1.6297508346206434e-05
1.917910261672489e-05
2.2570197196339216e-05
2.656087782946684e-05
3.1257158496882356e-05
3.678379771828634e-05
4.328761281083062e-05
5.0941380148163754e-05
5.994842503189409e-05
7.054802310718646e-05
8.302175681319735e-05
9.770099572992247e-05
0.00011497569953977356
0.00013530477745798074
0.00015922827933410923
0.0001873817422860383
0.00022051307399030456
0.00025950242113997375
0.0003053855508833416
0.00035938136638046257
0.0004229242874389499
0.0004977023564332109
0.0005857020818056661
0.0006892612104349695
0.0008111308307896872
0.0009545484566618337
0.0011233240329780276
0.0013219411484660286
0.0015556761439304723
0.0018307382802953678
0.002154434690031882
0.0025353644939701114
0.0029836472402833374
0.003511191734215131
0.004132012400115334
0.004862601580065354
0.005722367659350214
0.006734150657750821
0.007924828983539169
0.0093260334688322
0.010974987654930556
0.01291549665014884
0.01519911082952933
0.01788649529057435
0.0210490414451202
0.02477076355991709
0.029150530628251757
0.034304692863149154
0.040370172585965536
0.047508101621027934
0.05590810182512223
0.06579332246575675
0.0774263682681127
0.09111627561154886
0.10722672220103231
0.1261856883066021
0.14849682622544635
0.1747528400007683
0.20565123083486514
0.24201282647943834
0.2848035868435799
0.3351602650938841
0.3944206059437656
0.46415888336127725
0.5462277217684337
0.642807311728432
0.7564633275546291
0.8902150854450375
1.0476157527896641
1.232846739442066
1.4508287784959402
1.7073526474706886
2.009233002565046
2.364489412645407
2.782559402207126
3.274549162877725
3.8535285937105273
4.534878508128582
5.3366992312063015
6.280291441834247
7.390722033525775
8.697490026177835
10.235310218990248
12.045035402587812
14.174741629268048
16.68100537200059
19.630406500402685
23.10129700083158
27.1858824273294
31.992671377973846
37.64935806792464
44.30621457583877
52.14008287999685
61.35907273413163
72.20809018385457
84.97534359086438
100.0
###
1.428734447808814
1.2462164201606865
1.0827607331341618
0.9384464935549433
0.8122736558858442
0.7030939336591239
0.6314067305027959
0.548026183760918
0.4769707843424778
0.4165407154254258
4.148369814962173
3.4759110329740914
2.8941017767469237
2.3970711913737963
1.9769106390034707
1.624913539370846
1.4001189109909014
1.145508425740574
0.9348378396075191
0.7606469123430093
6.035668917649707
4.9713488003998645
4.064804631945581
3.302217667250981
2.667198586949031
2.142835405857855
1.8120836976158732
1.441875141312458
1.1394952154370044
0.892503052049858
7.581184508012177
6.176077284829144
4.991621749277016
4.005345717157772
3.1922618821809166
2.5273698923917527
2.111527773021035
1.649855717828779
1.2763543372668409
0.9741304346500906
8.922777507569354
7.210616957854306
5.778530489879784
4.59510486087994
3.6267358739432507
2.8407860982996747
2.35242168322393
1.8136712065118281
1.3811336833390235
1.0339010936784334
10.124133486511925
8.129626706123549
6.4717407607453765
5.110039196523568
4.002542763748715
3.108863360173016
2.556664257909842
1.9505383285826483
1.4670691888243823
1.0815777763034864
11.22115417143798
8.963540100340921
7.096631531875834
5.571014552967955
4.336408109538279
3.3452125914739788
2.735195089081558
2.0690621244124037
1.5405203090494017
1.1216009232331678
12.23652499935557
9.73137969349672
7.6689128127848
5.990823536587012
4.638614689557518
3.5576563118114812
2.8951390081577117
2.174205892140625
1.6050513369478188
1.1563681105529822
13.185659778203323
10.445987739542426
8.199169735430832
6.3778801051745235
4.915754155650944
3.75140369136501
3.040238797772899
2.269088270982007
1.6628663741876593
1.1871976889437457
14.079491897166626
11.116579266557196
8.694720453551586
6.738166174168624
5.1727164507662025
3.930219870305403
3.173624340941412
2.355822339885762
1.715410812775898
1.215076481853457
14.92664882367715
11.749866916247383
9.161135033593562
7.076056646211949
5.412776594489321
4.0966183515708
3.2973647425324915
2.4359237085007996
1.7637004446590216
1.2405978027856073
15.733415009106286
12.351118770439397
9.602601285521835
7.3948626398856145
5.638523300353856
4.252555400630644
3.4130013070535257
2.510486159940023
1.8084902912139365
1.2641894989070903
16.50472502641455
12.924457629027975
10.022371298877164
7.697156472474894
5.8519465274195825
4.399501613094179
3.5217222763477416
2.580354702380039
1.8502835684045873
1.2861863275016545
17.245005318849156
13.473167761759376
10.423031071515348
7.985058455185856
6.0546259210052895
4.538672861593694
3.624466675506418
2.646186191817099
1.8895740055843415
1.3068222692142892
17.95705709270443
13.99987863273081
10.806933379385011
8.260129690418948
6.247802588371877
4.670994295181648
3.7219906579466233
2.7085000491405493
1.926674995818651
1.3262833786326647