# data/BKevo/ATAN_BKevo/atan51.dat
# N(r,Y=0), r, *F2(x,Q^2)
# 1e-05 < r < 100.0
# 1 < Q^2 < 50, n=15, lin grid
# 1e-5 < x < 1e-2, n=10, log grid
###
9.85900856394886e-09
1.2373433130544261e-08
1.5550506028954712e-08
1.953542054703417e-08
2.4520788662481588e-08
3.0808169181824004e-08
3.870824139661169e-08
4.859262936781901e-08
6.103481787352238e-08
7.669643445875236e-08
9.629373295010932e-08
1.2091486767298146e-07
1.5196300312296177e-07
1.9081706648704371e-07
2.3953663055456633e-07
3.0108659486979085e-07
3.781184634350215e-07
4.7451968683209225e-07
5.965347261608702e-07
7.492554984920348e-07
9.402931031192223e-07
1.1818726841912445e-06
1.4846472694622983e-06
1.863421223399803e-06
2.3415110356075922e-06
2.941763961176772e-06
3.6927559436854538e-06
4.638869579771842e-06
5.828857744565762e-06
7.3178223458870075e-06
9.190061989736463e-06
1.1549151396896597e-05
1.450122535828493e-05
1.8206015732895308e-05
2.2882714901959705e-05
2.8735515670656416e-05
3.6066285470011226e-05
4.5337305427218466e-05
5.694092844034857e-05
7.145525047399804e-05
8.982438132983698e-05
0.0001128290610864272
0.00014160692593003893
0.00017796004145296547
0.00022356686766637047
0.0002806241324659806
0.0003525648125649842
0.00044297770020144
0.0005560999796989481
0.0006984571324235784
0.0008776853811024049
0.0011019469977076354
0.0013836134328541012
0.001738858880852185
0.0021833784780994603
0.0027405482441244786
0.003444459112505816
0.004325200673757223
0.005426724663491133
0.006820409478132806
0.00856358812083981
0.010742065132136873
0.013491882133100014
0.016932323744472837
0.021225472881903674
0.026621042250539087
0.03336132718375752
0.04173794273754895
0.052180411380205384
0.06513539067373464
0.08106614729756906
0.10059228036072002
0.12433673707268154
0.15280467690910982
0.18649937331307315
0.22560299645381038
0.2701165308085882
0.31964675518866303
0.3725066302912918
0.4280823289720952
0.48503470428812906
0.540048265121444
0.5932382753968964
0.6437499041582289
0.6891826692915888
0.7303580593398337
0.7676356487867587
0.799992518907232
0.828166799725276
0.8530740204401281
0.8744378998626795
0.8925959441552277
0.908476775035842
0.9220936993089542
0.9334820536640033
0.9433949008357019
0.9519340474294481
0.9589881512693715
0.9651152427804438
0.9704286092104816
###
1e-05
1.1768119524349992e-05
1.3848863713938717e-05
1.6297508346206434e-05
1.917910261672489e-05
2.2570197196339216e-05
2.656087782946684e-05
3.1257158496882356e-05
3.678379771828634e-05
4.328761281083062e-05
5.0941380148163754e-05
5.994842503189409e-05
7.054802310718646e-05
8.302175681319735e-05
9.770099572992247e-05
0.00011497569953977356
0.00013530477745798074
0.00015922827933410923
0.0001873817422860383
0.00022051307399030456
0.00025950242113997375
0.0003053855508833416
0.00035938136638046257
0.0004229242874389499
0.0004977023564332109
0.0005857020818056661
0.0006892612104349695
0.0008111308307896872
0.0009545484566618337
0.0011233240329780276
0.0013219411484660286
0.0015556761439304723
0.0018307382802953678
0.002154434690031882
0.0025353644939701114
0.0029836472402833374
0.003511191734215131
0.004132012400115334
0.004862601580065354
0.005722367659350214
0.006734150657750821
0.007924828983539169
0.0093260334688322
0.010974987654930556
0.01291549665014884
0.01519911082952933
0.01788649529057435
0.0210490414451202
0.02477076355991709
0.029150530628251757
0.034304692863149154
0.040370172585965536
0.047508101621027934
0.05590810182512223
0.06579332246575675
0.0774263682681127
0.09111627561154886
0.10722672220103231
0.1261856883066021
0.14849682622544635
0.1747528400007683
0.20565123083486514
0.24201282647943834
0.2848035868435799
0.3351602650938841
0.3944206059437656
0.46415888336127725
0.5462277217684337
0.642807311728432
0.7564633275546291
0.8902150854450375
1.0476157527896641
1.232846739442066
1.4508287784959402
1.7073526474706886
2.009233002565046
2.364489412645407
2.782559402207126
3.274549162877725
3.8535285937105273
4.534878508128582
5.3366992312063015
6.280291441834247
7.390722033525775
8.697490026177835
10.235310218990248
12.045035402587812
14.174741629268048
16.68100537200059
19.630406500402685
23.10129700083158
27.1858824273294
31.992671377973846
37.64935806792464
44.30621457583877
52.14008287999685
61.35907273413163
72.20809018385457
84.97534359086438
100.0
###
1.5081731357438952
1.2926038896958576
1.0963769072647969
0.920596572614492
0.7655854616191005
0.6309619493145927
0.5427350497034219
0.4409037114797844
0.3554935365715903
0.28460894543118487
4.518213213437707
3.7331288502111657
3.049012738726808
2.462742670355418
1.968335247839241
1.5575682552118841
1.298524853132824
1.0104844511240045
0.778829546977179
0.5942932558987059
6.67466511417501
5.431967629191116
4.368805364923615
3.47419071313598
2.733122379941049
2.1279856397762416
1.7521215273039006
1.3401421429120943
1.014151833974055
0.7586019024470247
8.471212242696488
6.827643465906623
5.437991455841177
4.282213546598667
3.3354704717334367
2.570762767681216
2.1002153169035127
1.5890617824843714
1.1887280716961985
0.8780305304167024
10.048592544167855
8.042155540345798
6.359987178676469
4.972666615809046
3.8454354811743414
2.9421067917771024
2.390001105039129
1.7941657128191508
1.3309707043539467
0.9741327414715794
11.474176802839834
9.13203062888022
7.18176831583518
5.583936344549118
4.293854076678801
3.2663754750970786
2.6417004804389967
1.970936338785052
1.4525644617441822
1.0555590313919945
12.785265976097977
10.128854764622652
7.929493499667575
6.137197553970615
4.697549921373675
3.556720836460244
2.8661149105495665
2.127722924865648
1.559714683817238
1.126784498014609
14.006146444766765
11.053114377382077
8.619629474526604
6.6455701256171915
5.066888452401032
3.8211687928517173
3.069815467620507
2.2692916250062543
1.6559493239380951
1.1904441051623318
15.15338574829921
11.918327778748834
9.263268317255813
7.117950610947665
5.408788560733408
4.065039777347652
3.257122445205526
2.3988803263191594
1.7437437375088907
1.2482623452882775
16.238944024270214
12.734325070842416
9.868318743700952
7.560586087635963
5.7281306844678515
4.29208196788107
3.431079589830646
2.5188874673494217
1.8246939867874503
1.3013228676268063
17.27182555641998
13.50847408818967
10.440700420532147
7.978150221715536
6.028577253381418
4.5050450908319
3.5938691331195494
2.630890656836467
1.8999862894082007
1.3505183332896809
18.2590629927048
14.246369637635034
10.98489798589598
8.37423787042096
6.3127827779660155
4.706006684098575
3.747197267162599
2.735980705097728
1.9705093460174468
1.3964534023172148
19.20607552102737
14.952835246079017
11.504675616982146
8.751551492109845
6.582843879438074
4.896592469813814
3.8923480063261393
2.83529650926293
2.0369483114594753
1.4396369372615443
20.11732818132015
15.631118657583848
12.00266899325205
9.11237808470178
6.84075704727695
5.078133648341165
4.030368287718543
2.9295465392375366
2.099841243138207
1.480354650390511
20.996741373352435
16.284445496462308
12.481346060001005
9.458543347502683
7.0876293043584075
5.25160573588706
4.1620848795585905
3.019273775312075
2.15960579476867
1.519015224408871