# datat/BKevo/MVg_BKevo/mvg33.dat
# N(r,Y=0), r, *F2(x,Q^2)
# 1e-05 < r < 100.0
# 1 < Q^2 < 50, n=15, log grid
# 1e-5 < x < 1e-2, n=10, log grid
###
3.453284308055552e-15
5.344465556577252e-15
8.290225714408693e-15
1.2912273528234982e-14
2.008167150518955e-14
3.1280082112614114e-14
4.8807579045042086e-14
7.564750198132489e-14
1.1776217048849612e-13
1.83933277895186e-13
2.8507319094377447e-13
4.4243211890790277e-13
6.912622849985629e-13
1.0717805367561134e-12
1.6583787831955324e-12
2.592217927283963e-12
4.020740215407317e-12
6.201445060389417e-12
9.698620861899075e-12
1.5048016630017914e-11
2.3192091014237043e-11
3.619332004033324e-11
5.61704094167141e-11
8.65773977559516e-11
1.3468681961439014e-10
2.0906456269337105e-10
3.2223961851772546e-10
4.996580645638912e-10
7.756481229498589e-10
1.1954273872055742e-09
1.8472485631925942e-09
2.8675118713334015e-09
4.418475483678797e-09
6.803166849545473e-09
1.0558918044949885e-08
1.6264217730053418e-08
2.4947605634544663e-08
3.8707257564831404e-08
5.959048096235363e-08
9.113437843552538e-08
1.4117904529235326e-07
2.1718672531977498e-07
3.318513323559492e-07
5.119799760516681e-07
7.868340222470833e-07
1.2008377986468203e-06
1.8445405374328123e-06
2.831082115357632e-06
4.314294595105282e-06
6.5958037445602645e-06
1.0106742216564967e-05
1.5373398483433784e-05
2.338473314214506e-05
3.5758794316800233e-05
5.4271910129292876e-05
8.210976923757218e-05
0.00012524983456460652
0.00018960081700770552
0.00028522920870690377
0.0004338710570224434
0.0006548950052916918
0.0009819433972996468
0.0014855013077888113
0.0022355983150051653
0.003342154036172405
0.005027205140692491
0.007543858873359533
0.011245196924731525
0.01681745560452703
0.025150828687247998
0.03733977972164205
0.055392545010428736
0.08217455887512294
0.12059288736549068
0.1753228466610459
0.25256391350578866
0.35517531382004713
0.48454568955869803
0.6325322475779601
0.7802955362071291
0.9028333560645355
0.9689730974715807
0.9943184365040546
0.9996883647533132
0.9999953248247289
0.9999999750351146
0.9999999999903166
1.0
1.0
1.0
1.0
1.0
1.0
1.0
1.0
1.0
1.0
1.0
1.0
1.0
###
1e-05
1.1768119524349992e-05
1.3848863713938717e-05
1.6297508346206434e-05
1.917910261672489e-05
2.2570197196339216e-05
2.656087782946684e-05
3.1257158496882356e-05
3.678379771828634e-05
4.328761281083062e-05
5.0941380148163754e-05
5.994842503189409e-05
7.054802310718646e-05
8.302175681319735e-05
9.770099572992247e-05
0.00011497569953977356
0.00013530477745798074
0.00015922827933410923
0.0001873817422860383
0.00022051307399030456
0.00025950242113997375
0.0003053855508833416
0.00035938136638046257
0.0004229242874389499
0.0004977023564332109
0.0005857020818056661
0.0006892612104349695
0.0008111308307896872
0.0009545484566618337
0.0011233240329780276
0.0013219411484660286
0.0015556761439304723
0.0018307382802953678
0.002154434690031882
0.0025353644939701114
0.0029836472402833374
0.003511191734215131
0.004132012400115334
0.004862601580065354
0.005722367659350214
0.006734150657750821
0.007924828983539169
0.0093260334688322
0.010974987654930556
0.01291549665014884
0.01519911082952933
0.01788649529057435
0.0210490414451202
0.02477076355991709
0.029150530628251757
0.034304692863149154
0.040370172585965536
0.047508101621027934
0.05590810182512223
0.06579332246575675
0.0774263682681127
0.09111627561154886
0.10722672220103231
0.1261856883066021
0.14849682622544635
0.1747528400007683
0.20565123083486514
0.24201282647943834
0.2848035868435799
0.3351602650938841
0.3944206059437656
0.46415888336127725
0.5462277217684337
0.642807311728432
0.7564633275546291
0.8902150854450375
1.0476157527896641
1.232846739442066
1.4508287784959402
1.7073526474706886
2.009233002565046
2.364489412645407
2.782559402207126
3.274549162877725
3.8535285937105273
4.534878508128582
5.3366992312063015
6.280291441834247
7.390722033525775
8.697490026177835
10.235310218990248
12.045035402587812
14.174741629268048
16.68100537200059
19.630406500402685
23.10129700083158
27.1858824273294
31.992671377973846
37.64935806792464
44.30621457583877
52.14008287999685
61.35907273413163
72.20809018385457
84.97534359086438
100.0
###
1.0622154296190414
0.9185907635661748
0.7926001052101378
0.6833045522674004
0.5894193457296107
0.5094887110545938
0.457704938524377
0.398363510337713
0.3487366938257177
0.30748554721690324
2.833667267750112
2.344938703286629
1.930010208475321
1.5811384274850966
1.289931757551059
1.0482469622210773
0.8948020952124066
0.7216738595072291
0.5787908880007735
0.46058847674046444
3.977985979098319
3.2322836762894553
2.609067229421792
2.0928418726499043
1.6683042805906976
1.3210246521089872
1.1033395829120818
0.8607802365868752
0.6637188088328709
0.502891041442305
4.882701248353322
3.921675937319597
3.1266734944422927
2.4747821666505945
1.944043285997783
1.5142411429673117
1.2472788322571868
0.9525826243889329
0.71586801939485
0.5251664572044437
5.649666436130473
4.499408347601049
3.5551259586669075
2.7866185271370902
2.1657489630080096
1.6667964879460837
1.3590979804846393
1.021899531349331
0.7535372792267131
0.5396136923319758
6.324268022116898
5.003243822655559
3.925353165939704
3.053436741943239
2.3532826741877932
1.7941560601369595
1.4513322587841375
1.0779298346489936
0.7830348329103811
0.5500327936472347
6.931531927591554
5.453693295670866
4.253973200918146
3.2883931091179
2.516985470361826
1.9041836901643119
1.5302871177832054
1.1251510070540018
0.8069843360704448
0.5580471947293839
7.486849167459347
5.863340405887938
4.55105259285264
3.49942507799101
2.6629477638808763
2.001468139787231
1.5995792438288363
1.166059428825175
0.8277607450595549
0.5644818032270859
8.000612032636354
6.240554838815837
4.823233205320103
3.6917030491472476
2.7951465708762933
2.0889463669988086
1.6614833083923572
1.202221272693005
0.8454738717755701
0.5698197667636167
8.480281922261424
6.591215123924389
5.075135715182614
3.8688331497963686
2.916256352211882
2.1686059930522976
1.717560215035998
1.2346802141089188
0.8613065099785391
0.5743393092244377
8.931112708677825
6.919653788967328
5.310145214404479
4.033435415915059
3.0282624671153857
2.241882002238361
1.7689002639360374
1.2642210714049245
0.8755088008305583
0.5782426506684886
9.35721040816209
7.229204151520197
5.530874116147609
4.187421762475921
3.132621478901792
2.3098274332086435
1.8163054099142273
1.291211302018248
0.8883884455390223
0.581665005332323
9.762172406607522
7.522353754136776
5.739272467641341
4.332300052792065
3.230455814825661
2.3732476276417915
1.8603858793969443
1.3161869242956836
0.9001677021540805
0.5847017294595719
10.148261928047352
7.801154298304444
5.936925985497637
4.469265047540848
3.3226527615625594
2.432777419043621
1.901620034614307
1.339414373797427
0.9110286836912673
0.5874172952164424
10.517697367597343
8.067240225874485
6.125096962679275
4.599311223914313
3.4099125444974288
2.4889081108024502
1.9403763627936539
1.3611337310016276
0.9210988696673361
0.5898708168357797