# data/BKevo/ATAN_BKevo/atan47.dat
# N(r,Y=0), r, *F2(x,Q^2)
# 1e-05 < r < 100.0
# 1 < Q^2 < 50, n=15, lin grid
# 1e-5 < x < 1e-2, n=10, log grid
###
0.0003701812043972108
0.0004083021470343394
0.0004500867524521807
0.000496225578194178
0.0005472953406327955
0.0006033784473195214
0.0006651931744513868
0.0007336107071440015
0.0008088858629972746
0.0008917031120911856
0.0009833619510191548
0.0010843977083680907
0.001195354292366402
0.001318150421101903
0.001453763748372861
0.001602421922950887
0.0017669342282358896
0.0019489602463918718
0.0021481320986049294
0.002368534081448628
0.0026125083794725354
0.0028797114268906605
0.003174992771857536
0.003501838502578308
0.003860475825109808
0.004256079149833727
0.004693948867632808
0.00517531263509368
0.005705326543496851
0.006291937757141883
0.006938030899948931
0.0076481284290678565
0.008434013700061553
0.0093012164553864
0.01025259225494633
0.011305453699757646
0.012469445336342215
0.013744090922505777
0.015154634214369465
0.01671607036203349
0.018424770679851925
0.020314520455647172
0.02240631946346414
0.024699699862178563
0.027231466578730733
0.030033778281779715
0.03311190517464917
0.03650379240504184
0.04025792307342676
0.04438926588023994
0.048933377764509796
0.05396244329998172
0.05950709913666614
0.06559438972992035
0.07233066077906025
0.07977104544794818
0.08792384243775866
0.09694421859096639
0.1069245539179862
0.11783739355793169
0.1299067994556892
0.14325722368430588
0.1578647541501929
0.17397971674202245
0.19178266301911476
0.21126202793975563
0.2326587957094566
0.2562207934430167
0.2819285725669152
0.3099299726639726
0.3405152128788126
0.3735706430162418
0.40892159228489633
0.44679882936304877
0.48680150322216353
0.527972907570878
0.5704052193023028
0.6133322022272888
0.6547193776411129
0.6949610716815526
0.7333672489062507
0.7678324360592007
0.7993837670970746
0.8279590928320109
0.8524988491771551
0.8739635626547813
0.8928392325306715
0.9087807970279297
0.9223586000602819
0.9341559317279537
0.9441151672426383
0.9524657836349725
0.9596945017804411
0.9658355057600567
0.9709286933897591
0.9753348882884699
0.9791098757348907
0.9822122665227132
0.9848970425764878
0.9872177783738695
###
1e-05
1.1768119524349992e-05
1.3848863713938717e-05
1.6297508346206434e-05
1.917910261672489e-05
2.2570197196339216e-05
2.656087782946684e-05
3.1257158496882356e-05
3.678379771828634e-05
4.328761281083062e-05
5.0941380148163754e-05
5.994842503189409e-05
7.054802310718646e-05
8.302175681319735e-05
9.770099572992247e-05
0.00011497569953977356
0.00013530477745798074
0.00015922827933410923
0.0001873817422860383
0.00022051307399030456
0.00025950242113997375
0.0003053855508833416
0.00035938136638046257
0.0004229242874389499
0.0004977023564332109
0.0005857020818056661
0.0006892612104349695
0.0008111308307896872
0.0009545484566618337
0.0011233240329780276
0.0013219411484660286
0.0015556761439304723
0.0018307382802953678
0.002154434690031882
0.0025353644939701114
0.0029836472402833374
0.003511191734215131
0.004132012400115334
0.004862601580065354
0.005722367659350214
0.006734150657750821
0.007924828983539169
0.0093260334688322
0.010974987654930556
0.01291549665014884
0.01519911082952933
0.01788649529057435
0.0210490414451202
0.02477076355991709
0.029150530628251757
0.034304692863149154
0.040370172585965536
0.047508101621027934
0.05590810182512223
0.06579332246575675
0.0774263682681127
0.09111627561154886
0.10722672220103231
0.1261856883066021
0.14849682622544635
0.1747528400007683
0.20565123083486514
0.24201282647943834
0.2848035868435799
0.3351602650938841
0.3944206059437656
0.46415888336127725
0.5462277217684337
0.642807311728432
0.7564633275546291
0.8902150854450375
1.0476157527896641
1.232846739442066
1.4508287784959402
1.7073526474706886
2.009233002565046
2.364489412645407
2.782559402207126
3.274549162877725
3.8535285937105273
4.534878508128582
5.3366992312063015
6.280291441834247
7.390722033525775
8.697490026177835
10.235310218990248
12.045035402587812
14.174741629268048
16.68100537200059
19.630406500402685
23.10129700083158
27.1858824273294
31.992671377973846
37.64935806792464
44.30621457583877
52.14008287999685
61.35907273413163
72.20809018385457
84.97534359086438
100.0
###
6.1455836215700765
5.599158198969161
5.007842061931758
4.375361514974378
3.7155050230364863
3.0414367173604138
2.553487640092148
1.9548625579540113
1.4446882908261314
1.0386198458267657
24.835566239113202
22.372274427592174
19.708796364488727
16.874106542789985
13.955913104298615
11.04826255878431
9.009851405065803
6.608442172628943
4.663227592868461
3.1945210553679577
42.16033368683062
37.77819549008925
33.04587788833351
28.029399445937855
22.90912370091581
17.87671329691155
14.404715246489278
10.387283365387988
7.201770812152977
4.846208797268352
58.78537051816011
52.48406507246393
45.6876309104519
38.507033080476845
31.224743834550985
24.138718941707502
19.3023943094325
13.772141500212062
9.44631904253239
6.288693619898709
74.93202924098833
66.71187846618285
57.855951148902726
48.52677070151606
39.11698926235738
30.029119970148503
23.878682294639898
16.907597891472435
11.508119762152484
7.603639878406456
90.71423584045426
80.57582223111339
69.66526598970877
58.20113303764215
46.69086037836774
35.64454837003488
28.21983631860312
19.86222514726738
13.44005532813567
8.829081929956702
106.20181822662127
94.1459230506826
81.18540301154239
67.5986952140108
54.01209279659181
41.044078739789995
32.376963958340085
22.67807044234792
15.27244398053622
9.98660114727557
121.44207328132836
107.46957483255623
92.46361822366558
76.76566249270432
61.12428345980322
46.266017501763834
36.38458292818733
25.381157331448225
17.02497538912781
11.090018763192724
136.46917075479277
120.58102105808615
103.53377646017405
85.73527648117214
68.05852349784493
51.337799450678546
40.2660588642781
27.989857084816414
18.711271841981837
12.148935256372026
151.30896494270092
133.50616122369655
114.4217365850706
94.532579474519
74.83815839340089
56.27990505324351
44.039135847877716
30.519028985499997
20.341099446484392
13.16352238862183
165.98087183715606
146.26546646854217
125.14765499372709
103.17713017451136
81.48134213168365
61.10806132006136
47.7174927095668
32.97706794836963
21.92237067688977
14.158756263507303
180.50276075003507
158.8749574094463
135.72772017619317
111.68460813697976
88.00255692174542
65.83527152207964
51.3114490960784
35.37424829631775
23.46108677544109
15.110963935175038
194.88731188613744
171.34816426594645
146.17523026563515
120.0678696925981
94.41363317683819
70.47116860695598
54.83043309757556
37.71611008686434
24.961390352972273
16.05335723003996
209.14575400429976
183.69631797144004
156.50128509793177
128.33670167633346
100.72386371004625
75.0245169566661
58.28136539307506
40.0084700732863
26.427640197350684
16.965649596635483
223.28908754962515
195.92896181174078
166.71524699599257
136.5020161357945
106.94257237983747
79.50288058431845
61.67021329207944
42.25533450447063
27.862948119470328
17.8575772138018