# data/BKevo/ATAN_BKevo/atan42.dat
# N(r,Y=0), r, *F2(x,Q^2)
# 1e-05 < r < 100.0
# 1 < Q^2 < 50, n=15, lin grid
# 1e-5 < x < 1e-2, n=10, log grid
###
7.637997280274544e-09
9.585978953744597e-09
1.2047329301498973e-08
1.5134532852847424e-08
1.8996810470347185e-08
2.3867786592935835e-08
2.998815150592003e-08
3.764581078813225e-08
4.728505608893111e-08
5.9418465256064356e-08
7.460093635516466e-08
9.36754871934852e-08
1.1772918109367581e-07
1.4783030418655105e-07
1.855744541712508e-07
2.3325860589516896e-07
2.9293693958049e-07
3.676211512675765e-07
4.621489664530527e-07
5.804652086670147e-07
7.284663689974215e-07
9.156235436714285e-07
1.1501898747530334e-06
1.4436346390005942e-06
1.8140216496575479e-06
2.279051193558972e-06
2.860861702739466e-06
3.5938373829325812e-06
4.515748195108108e-06
5.66928284170235e-06
7.119749375764807e-06
8.94738950335076e-06
1.1234428283444562e-05
1.4104613671292814e-05
1.7727759102455097e-05
2.226205753555873e-05
2.7941372828775386e-05
3.512384538668726e-05
4.41134407527997e-05
5.535802456911635e-05
6.958902411667011e-05
8.741130103980351e-05
0.00010970621631433706
0.00013786989122194714
0.0001732026930315285
0.00021740652063171698
0.0002731410800936433
0.000343186839018911
0.0004308266692423806
0.0005411165127403849
0.0006799731660272517
0.0008537213176826439
0.0010719479019587214
0.0013471881761726624
0.001691607705757416
0.00212332865110935
0.0026687886622408113
0.0033513308865770106
0.004205065172391249
0.005285438864260219
0.006637034497451122
0.008326636250149094
0.010460390891658358
0.013131628400802339
0.016467504247431677
0.020665151711111898
0.025917302889805406
0.032457731264542794
0.04063633776561222
0.050824986795921394
0.06341827743436085
0.07896758104902893
0.0980697744082399
0.1212461061190758
0.14911140567111897
0.18215763281717803
0.22064865751113166
0.2646387946834942
0.31324918711799615
0.36599985949216557
0.421820268528958
0.47774393998670234
0.5333904416455999
0.5875958326731378
0.6375708837107563
0.6837041185224434
0.7260756122932718
0.7633241445619139
0.7960663966423427
0.8252103934087913
0.8503526832882488
0.8718178326433342
0.8906488488791775
0.9068365047896022
0.9204031923634648
0.9322287007858626
0.9424271969322016
0.9508605872055569
0.9581905917241798
0.9645505966589296
###
1e-05
1.1768119524349992e-05
1.3848863713938717e-05
1.6297508346206434e-05
1.917910261672489e-05
2.2570197196339216e-05
2.656087782946684e-05
3.1257158496882356e-05
3.678379771828634e-05
4.328761281083062e-05
5.0941380148163754e-05
5.994842503189409e-05
7.054802310718646e-05
8.302175681319735e-05
9.770099572992247e-05
0.00011497569953977356
0.00013530477745798074
0.00015922827933410923
0.0001873817422860383
0.00022051307399030456
0.00025950242113997375
0.0003053855508833416
0.00035938136638046257
0.0004229242874389499
0.0004977023564332109
0.0005857020818056661
0.0006892612104349695
0.0008111308307896872
0.0009545484566618337
0.0011233240329780276
0.0013219411484660286
0.0015556761439304723
0.0018307382802953678
0.002154434690031882
0.0025353644939701114
0.0029836472402833374
0.003511191734215131
0.004132012400115334
0.004862601580065354
0.005722367659350214
0.006734150657750821
0.007924828983539169
0.0093260334688322
0.010974987654930556
0.01291549665014884
0.01519911082952933
0.01788649529057435
0.0210490414451202
0.02477076355991709
0.029150530628251757
0.034304692863149154
0.040370172585965536
0.047508101621027934
0.05590810182512223
0.06579332246575675
0.0774263682681127
0.09111627561154886
0.10722672220103231
0.1261856883066021
0.14849682622544635
0.1747528400007683
0.20565123083486514
0.24201282647943834
0.2848035868435799
0.3351602650938841
0.3944206059437656
0.46415888336127725
0.5462277217684337
0.642807311728432
0.7564633275546291
0.8902150854450375
1.0476157527896641
1.232846739442066
1.4508287784959402
1.7073526474706886
2.009233002565046
2.364489412645407
2.782559402207126
3.274549162877725
3.8535285937105273
4.534878508128582
5.3366992312063015
6.280291441834247
7.390722033525775
8.697490026177835
10.235310218990248
12.045035402587812
14.174741629268048
16.68100537200059
19.630406500402685
23.10129700083158
27.1858824273294
31.992671377973846
37.64935806792464
44.30621457583877
52.14008287999685
61.35907273413163
72.20809018385457
84.97534359086438
100.0
###
1.3669507922448283
1.1602963596192901
0.9741895237525948
0.8093223161697347
0.6656270952184792
0.5423188647027987
0.46240570096014577
0.371070628775487
0.29537273727682906
0.23329466907288512
4.009622110559648
3.2793917428226056
2.6505004629871447
2.117991626297972
1.674316553502923
1.3099622779831168
1.0827214083266061
0.8322689310411338
0.6330977703417042
0.47618991653123316
5.87361462794924
4.731938757150749
3.7665196048761933
2.963830950642559
2.3067462390367415
1.7763025756341746
1.4503307959136607
1.096084210541282
0.818850143102533
0.6038644314131771
7.415100167936646
5.916842393167371
4.66466540452596
3.6353726867328597
2.802012934442914
2.136409796165517
1.7310988946267802
1.2944892870406248
0.9562097291890036
0.6965053459555681
8.762627739840342
6.9433994369208705
5.435921956076173
4.206973300600231
3.2198434224172856
2.4374669534074687
1.9641835423271714
1.4575915056498072
1.0679511656427918
0.7709727975949354
9.975633684426079
7.861584471566551
6.12128267170143
4.711615954405506
3.586326448105233
2.699831295562707
2.166228716574548
1.5979866302479593
1.1633699483193882
0.834060039901586
11.088579795334798
8.699414669113867
6.743422952535024
5.167374045215306
3.915626606715843
2.934230329693215
2.3460203027333995
1.7222372007784064
1.2473942327398402
0.8892311185272017
12.122568174117966
9.474506163310444
7.316531872051143
5.5854740052380425
4.216428758720285
3.147498280743465
2.509100074366591
1.8343979110761122
1.322821885660243
0.9385378163705002
13.092153778103137
10.198806194655978
7.850180879766767
5.9733619533922715
4.4945251924314435
3.343958824812586
2.6589118586439806
1.9370423428424344
1.3915646789806417
0.9833370149405654
14.008369105783062
10.88075108679565
8.351137018137127
6.336387717282918
4.7539862153122705
3.526695050310371
2.7979309305359332
2.031972297560979
1.4549475759898665
1.0244258803873116
14.879353233850466
11.526972316999915
8.824507231857906
6.678474784179334
4.9978581184796305
3.697962699125026
2.927931664729048
2.12051008638162
1.5138806013338566
1.0625215629809086
15.710064852858117
12.142275041280588
9.274110278233103
7.002580696342922
5.228356147860105
3.8594559277304774
3.050292645682108
2.203624595512076
1.5690648000909502
1.098099385698718
16.506064563319768
12.730540216794191
9.703020935556426
7.311215523257126
5.447289512057704
4.012535846273054
3.166064633114573
2.282087487495084
1.6210391684734342
1.1315364641626269
17.27149113352957
13.29516196813989
10.113604920368397
7.605890877788889
5.656013383824116
4.158215649857935
3.2760864306609507
2.3564750990673664
1.6702254687549076
1.163105841585321
18.00961802081407
13.83822129263769
10.508008236355526
7.88855465851092
5.855878479380943
4.2973586130609425
3.3810400334172086
2.4273515368280862
1.7169704505511607
1.1930044876960118