# data/BKevo/ATAN_BKevo/atan65.dat
# N(r,Y=0), r, *F2(x,Q^2)
# 1e-05 < r < 100.0
# 1 < Q^2 < 50, n=15, lin grid
# 1e-5 < x < 1e-2, n=10, log grid
###
0.0004399239499002351
0.00048522694059653095
0.0005348838341446831
0.0005897152902608179
0.000650406679626882
0.0007170559355118493
0.0007905166585249608
0.0008718241664847416
0.0009612812850436326
0.0010597014395650872
0.0011686289539286467
0.001288700013501372
0.0014205609997085657
0.0015664921202646928
0.0017276552205361905
0.0019043208386786224
0.002099827531669799
0.0023161475496416262
0.002552843704741383
0.002814769781647125
0.003104709236206064
0.0034222537740390044
0.0037731666058814493
0.004161590604283908
0.004587795780496522
0.005057931411368453
0.005578296488766483
0.006150349959090062
0.006780219326072206
0.0074773490081036014
0.008245167087911008
0.009089048047123592
0.010022995228482025
0.011053580156699041
0.012184196330625887
0.013435418016913458
0.014818706709945069
0.01633349623911079
0.018009786128353765
0.019865396298702206
0.021896013664342972
0.024141788006089078
0.02662767428225187
0.029353113964891
0.03236184331338307
0.035692075525325564
0.039350065116921885
0.0433808953833811
0.04784216901224575
0.05275164588816914
0.05815154029411272
0.0641275852676689
0.07071609260473437
0.07794904193690452
0.08595263661814549
0.0947920751887393
0.10447660804657014
0.11519001917124845
0.1270410343278701
0.1399947046080113
0.15431518741499692
0.17014667915955126
0.1874528909869243
0.20652335135413566
0.22756008060426774
0.2505238538189719
0.27567205799815103
0.303259216654647
0.3331859560937816
0.3655333513044612
0.40053715789618893
0.43787521233129906
0.47710554953966344
0.5183087626813243
0.5607371569288981
0.6029876992210194
0.6451319787393588
0.6862653204453064
0.7242627195188797
0.7599259538691553
0.7928483886225369
0.82139520748114
0.8468961462978701
0.8695335246236316
0.8886310453998552
0.9051354179025435
0.9195246461143234
0.931593961634667
0.9418270492955646
0.9506928206061714
0.9581618548373967
0.9644164216459492
0.9698271044414241
0.9744219480841696
0.9782322827831137
0.981528760431214
0.9843533248345785
0.9866750682847354
0.988684650910928
0.9904220812912253
###
1e-05
1.1768119524349992e-05
1.3848863713938717e-05
1.6297508346206434e-05
1.917910261672489e-05
2.2570197196339216e-05
2.656087782946684e-05
3.1257158496882356e-05
3.678379771828634e-05
4.328761281083062e-05
5.0941380148163754e-05
5.994842503189409e-05
7.054802310718646e-05
8.302175681319735e-05
9.770099572992247e-05
0.00011497569953977356
0.00013530477745798074
0.00015922827933410923
0.0001873817422860383
0.00022051307399030456
0.00025950242113997375
0.0003053855508833416
0.00035938136638046257
0.0004229242874389499
0.0004977023564332109
0.0005857020818056661
0.0006892612104349695
0.0008111308307896872
0.0009545484566618337
0.0011233240329780276
0.0013219411484660286
0.0015556761439304723
0.0018307382802953678
0.002154434690031882
0.0025353644939701114
0.0029836472402833374
0.003511191734215131
0.004132012400115334
0.004862601580065354
0.005722367659350214
0.006734150657750821
0.007924828983539169
0.0093260334688322
0.010974987654930556
0.01291549665014884
0.01519911082952933
0.01788649529057435
0.0210490414451202
0.02477076355991709
0.029150530628251757
0.034304692863149154
0.040370172585965536
0.047508101621027934
0.05590810182512223
0.06579332246575675
0.0774263682681127
0.09111627561154886
0.10722672220103231
0.1261856883066021
0.14849682622544635
0.1747528400007683
0.20565123083486514
0.24201282647943834
0.2848035868435799
0.3351602650938841
0.3944206059437656
0.46415888336127725
0.5462277217684337
0.642807311728432
0.7564633275546291
0.8902150854450375
1.0476157527896641
1.232846739442066
1.4508287784959402
1.7073526474706886
2.009233002565046
2.364489412645407
2.782559402207126
3.274549162877725
3.8535285937105273
4.534878508128582
5.3366992312063015
6.280291441834247
7.390722033525775
8.697490026177835
10.235310218990248
12.045035402587812
14.174741629268048
16.68100537200059
19.630406500402685
23.10129700083158
27.1858824273294
31.992671377973846
37.64935806792464
44.30621457583877
52.14008287999685
61.35907273413163
72.20809018385457
84.97534359086438
100.0
###
6.351001245844347
5.815219538451899
5.234045356379499
4.6101057432558745
3.953029145320052
3.282486060839259
2.789111731147524
2.174619441493284
1.6400132551874294
1.2048258748210536
25.761253206164103
23.346155109518875
20.726740185472135
17.922582477009016
14.996859886720554
12.069320242590091
9.972288202816195
7.453889500226455
5.365041870281506
3.7509792969441476
43.807218397785206
39.51039656029412
34.85292913544696
29.880611063259217
24.726398966851782
19.628275075774088
16.027706769924272
11.775821788357566
8.322086553047926
5.709138228398308
61.153915965629245
54.97438231587243
48.2815505709959
41.15219239099394
33.8005507329955
26.59078937436003
21.54833665541486
15.661119185494043
10.943216987243481
7.420815192860906
78.02251867987194
69.95989488281776
61.233900131222896
51.95814239996482
42.435253589524535
33.15883716357082
26.72133869588072
19.268863876373608
13.354484410333075
8.981799780287895
94.52674623288604
84.58105052723474
73.8235291171071
62.41326622921128
50.74035637410188
39.43505213865183
31.638709004359146
22.67381120998122
15.616528204883894
10.436938285350676
110.73653103506291
98.90782451042327
86.12376482896576
72.58531244371959
58.78255833986467
45.48033336869145
36.35541682394151
25.92261095890983
17.763206673905962
11.811632473120008
126.69903854071224
112.98757751145692
98.17863755425675
82.52156249196567
66.60610611564566
51.335552264497814
40.90844089053114
29.044389635341318
19.81785404009741
13.122218064461508
142.44861929928376
126.85453107835679
110.02345199377939
92.25568878343273
74.24404666154727
57.0296978712903
45.323316525686224
32.06106237652988
21.795871815367025
14.38003271522055
158.01071939465564
140.53459470627877
121.68405759319677
101.81308781274892
81.7200667061202
62.584485085838004
49.61922573459122
34.98605144136915
23.7087023408607
15.585287229101242
173.40576264451207
154.0480065061713
133.18053156018703
111.21301047437241
89.05294824470629
68.01664285124717
53.810912216552936
37.832498864029446
25.565064034026683
16.767591347803005
188.65066771278128
167.41119943207454
144.5296416282407
120.47250079431566
96.25770276747986
73.33967112902452
57.91005022333986
40.609136673423535
27.371775138634952
17.908359089370496
203.75764960509508
180.6375295627001
155.7442454581448
129.60439153861375
103.34660302536435
78.56418442088543
61.92590427867119
43.32340073154944
29.13430999051601
19.018445207450636
218.7384696407666
193.73824043819357
166.8357001666104
138.61904462755058
110.32985179842663
83.6993291657221
65.86685898238004
45.98137460921331
30.857148173770604
20.102345450627745
233.6026236705577
206.72285063912446
177.81347012785486
147.52593414049176
117.21607992097283
88.75272577087601
69.73963237524704
48.58822574590773
32.54378199202471
21.162057591474206