# ../data/BKevo/MV2g_BKevo/mv2g_11.dat
# N(r,Y=0), r, *F2(x,Q^2)
# 1e-05 < r < 100.0
# 1 < Q^2 < 50, n=15, lin grid
# 1e-5 < x < 1e-2, n=10, log grid
###
6.435168782541229e-05
7.240192887090215e-05
8.140513702730943e-05
9.152533170272712e-05
0.00010291894761738442
0.00011567011556557697
0.0001299754525312186
0.00014607022380458165
0.00016409484442357286
0.00018427521373790627
0.0002069637047950041
0.00023238936287445032
0.00026079492961456557
0.0002927061085556992
0.0003284899159192308
0.00036837717379162614
0.00041314920248493276
0.000463385680274683
0.0005192488596387145
0.0005818956803894454
0.0006521499579447385
0.0007302450315925787
0.0008176454497154029
0.000915559404517501
0.0010244390816823087
0.0011459844976900904
0.0012820007662900446
0.0014332989301674758
0.0016017454092411819
0.001790023829178681
0.0019995213441627068
0.002232105124180551
0.0024917470674473106
0.002780744493183042
0.0031006418022920916
0.003457294507806287
0.0038544201832039155
0.004292672880367562
0.004780656435996026
0.005323987907156797
0.0059223949955855655
0.006587600264494633
0.007327437851877778
0.008142759706834205
0.009046787837706858
0.01005146351913128
0.011159882575059215
0.012386357385767896
0.013749141233582618
0.015255549020569073
0.01692045661579388
0.018771907600444258
0.020824860954905995
0.02309454004263064
0.025624311533152797
0.02844261309843303
0.031566230702143545
0.03506267705756041
0.03898361018974863
0.04335240853908716
0.04827472345758134
0.053835430735587254
0.06009529970775247
0.06720225692149379
0.07530315580684853
0.0845298532838847
0.09509815782374154
0.10725572815351145
0.12124806717014933
0.13739662671652206
0.15608998330612442
0.1777133059432021
0.2026859620884657
0.2315114172555517
0.26460028593248697
0.3021518355784595
0.3444788380277621
0.39147203263707564
0.4418323455998953
0.49499559200833304
0.5493692571175512
0.6007754622011983
0.6483254288276235
0.6903824573072455
0.7243834030665387
0.7525302973205736
0.7770248409779669
0.7992472868268208
0.8209192494396274
0.8427641420647927
0.8643385325453274
0.8851917280569445
0.9053053116919978
0.9240197204702911
0.9406023780331463
0.9553322060244944
0.9678707187149534
0.9776184616819208
0.9852952014281945
0.9910437661432259
###
1e-05
1.1768119524349992e-05
1.3848863713938717e-05
1.6297508346206434e-05
1.917910261672489e-05
2.2570197196339216e-05
2.656087782946684e-05
3.1257158496882356e-05
3.678379771828634e-05
4.328761281083062e-05
5.0941380148163754e-05
5.994842503189409e-05
7.054802310718646e-05
8.302175681319735e-05
9.770099572992247e-05
0.00011497569953977356
0.00013530477745798074
0.00015922827933410923
0.0001873817422860383
0.00022051307399030456
0.00025950242113997375
0.0003053855508833416
0.00035938136638046257
0.0004229242874389499
0.0004977023564332109
0.0005857020818056661
0.0006892612104349695
0.0008111308307896872
0.0009545484566618337
0.0011233240329780276
0.0013219411484660286
0.0015556761439304723
0.0018307382802953678
0.002154434690031882
0.0025353644939701114
0.0029836472402833374
0.003511191734215131
0.004132012400115334
0.004862601580065354
0.005722367659350214
0.006734150657750821
0.007924828983539169
0.0093260334688322
0.010974987654930556
0.01291549665014884
0.01519911082952933
0.01788649529057435
0.0210490414451202
0.02477076355991709
0.029150530628251757
0.034304692863149154
0.040370172585965536
0.047508101621027934
0.05590810182512223
0.06579332246575675
0.0774263682681127
0.09111627561154886
0.10722672220103231
0.1261856883066021
0.14849682622544635
0.1747528400007683
0.20565123083486514
0.24201282647943834
0.2848035868435799
0.3351602650938841
0.3944206059437656
0.46415888336127725
0.5462277217684337
0.642807311728432
0.7564633275546291
0.8902150854450375
1.0476157527896641
1.232846739442066
1.4508287784959402
1.7073526474706886
2.009233002565046
2.364489412645407
2.782559402207126
3.274549162877725
3.8535285937105273
4.534878508128582
5.3366992312063015
6.280291441834247
7.390722033525775
8.697490026177835
10.235310218990248
12.045035402587812
14.174741629268048
16.68100537200059
19.630406500402685
23.10129700083158
27.1858824273294
31.992671377973846
37.64935806792464
44.30621457583877
52.14008287999685
61.35907273413163
72.20809018385457
84.97534359086438
100.0
###
4.457783736714055
3.9028911091582623
3.329961003250568
2.7549852233216794
2.2022256237192797
1.6989023794309952
1.3684596952111643
1.0011005439978184
0.7173132781939507
0.5075499308676172
17.232207003754183
14.757399031961976
12.247132429171247
9.800694499396338
7.541440952306198
5.58044738956876
4.348574267159116
3.0368960254395163
2.071062728051374
1.388580216178747
28.647401700813322
24.284382799071416
19.906235792919926
15.705358676283414
11.900061719948905
8.665698553562407
6.672668992593972
4.582450994208322
3.0724120933382317
2.0229613026808426
39.372852083096866
33.14706151565709
26.94978964441867
21.067877181050076
15.80875527200225
11.399029408957505
8.713500609554972
5.925829341766551
3.9343017412965566
2.5639666897886753
49.630580077334514
41.56355572198249
33.585408783830545
26.075472742380086
19.429614650169622
13.9115216006315
10.579563560280326
7.146318398186439
4.712918413494465
3.050233277725829
59.5300947206451
49.64507178881034
39.91764860389497
30.82494507784575
22.841825785962655
16.265948596170706
12.316962613207856
8.280576493420925
5.433788983326468
3.498978526077181
69.14913787149598
57.459138002073445
46.009882929171106
35.3709836532917
26.091953905095888
18.498698833411805
13.963349559656598
9.349592652969895
6.111264540288183
3.919716829623695
78.53091532098031
65.05087956643347
51.90414484317573
39.7497331625455
29.21048140453616
20.63348960993931
15.533863731164857
10.36658635371798
6.7543983281228535
4.3183574808339396
87.7094394271813
72.4540342185597
57.63048593324774
43.98892031885253
32.218905993568626
22.686775830718
17.04774295201353
11.340762276464863
7.369286510139673
4.699086668945688
96.70873757202692
79.69171012881954
63.211375474449454
48.10730593625604
35.13300972350289
24.67063531560644
18.49574524593595
12.278736062823784
7.960662224793283
5.064757711405171
105.55310236927527
86.78345002440113
68.66428990965527
52.1200707914702
37.96490038581176
26.594277967022517
19.903888556085672
13.18554889401519
8.531600595406863
5.418223157605932
114.25414584437824
93.74462974058736
74.00301426702767
56.03885751688398
40.72449127393625
28.46492855515925
21.271543424471655
14.065096053386915
9.084792082228436
5.759883530392218
122.8266797482307
100.58765901455979
79.23874789667963
59.87341067959551
43.41898984063095
30.28838856712255
22.60323153251479
14.920494482951865
9.622311875276507
6.090719020740733
131.29243131682455
107.32296769020331
84.38118537581094
63.63141246841687
46.05500838436134
32.06941459396171
23.902646471648904
15.754269193118668
10.145839431062077
6.413539237095766
139.63977410229046
113.9593234296291
89.43805766990506
67.32009392960677
48.63764286682191
33.811965935189114
25.172858708377433
16.568538961677444
10.65675573409843
6.728441378130383