# datat/BKevo/MVg_BKevo/mvg31.dat
# N(r,Y=0), r, *F2(x,Q^2)
# 1e-05 < r < 100.0
# 1 < Q^2 < 50, n=15, log grid
# 1e-5 < x < 1e-2, n=10, log grid
###
6.488134763870212e-11
8.850839601347753e-11
1.2124827492466994e-10
1.6584594770067556e-10
2.2621584049543843e-10
3.0946066051722914e-10
4.232452991202962e-10
5.772282670714482e-10
7.884974020422521e-10
1.0782655978329734e-09
1.470278382259315e-09
2.0053939685159304e-09
2.7418436310197457e-09
3.737774388141133e-09
5.090208869797014e-09
6.957792174024364e-09
9.482287902079404e-09
1.2892304733292549e-08
1.7616942931907094e-08
2.4000158668459013e-08
3.260695548365442e-08
4.449657470522154e-08
6.059233187929547e-08
8.22811115722596e-08
1.1208613814241587e-07
1.5254928658426996e-07
2.0703206775063051e-07
2.8150216224079715e-07
3.8287730706462255e-07
5.192579848921594e-07
7.046452904641751e-07
9.576607423795316e-07
1.2976974733376306e-06
1.7573073552393798e-06
2.3860799566445087e-06
3.230100545056366e-06
4.364275414563055e-06
5.919232460709818e-06
8.003562789857476e-06
1.0791507607363327e-05
1.4611646841803921e-05
1.9729019680243807e-05
2.6562018252591913e-05
3.5866201313692386e-05
4.834620782956041e-05
6.497612269285109e-05
8.747181353127712e-05
0.00011767284077669148
0.0001578194168305239
0.00021175330901952413
0.00028418830196821817
0.00038020452551835706
0.0005082667230872183
0.0006802211756764256
0.0009074068399734292
0.0012081463880735202
0.0016116113154418755
0.0021426767851726565
0.0028402585195551003
0.003774704897800159
0.004999621852548347
0.006601161507144727
0.008730233478804668
0.01151558679741254
0.015141463517280416
0.01992109577363846
0.02616100188602382
0.03424520308650898
0.044806670606777274
0.05854464705921015
0.0762212889038031
0.09903256503062427
0.12840931778387413
0.1656373724332005
0.21252309723892346
0.271047331500755
0.3422102378980158
0.42672685355621987
0.5229437967828867
0.6275197962718501
0.7344746680260458
0.8296673507688695
0.9068262829857776
0.9603408567544315
0.9866942195681958
0.9968470749451527
0.999622870367039
0.9999788520436439
0.999999213633217
0.9999999921773673
0.9999999999989185
0.9999999999999996
1.0
1.0
1.0
1.0
1.0
1.0
1.0
1.0
###
1e-05
1.1768119524349992e-05
1.3848863713938717e-05
1.6297508346206434e-05
1.917910261672489e-05
2.2570197196339216e-05
2.656087782946684e-05
3.1257158496882356e-05
3.678379771828634e-05
4.328761281083062e-05
5.0941380148163754e-05
5.994842503189409e-05
7.054802310718646e-05
8.302175681319735e-05
9.770099572992247e-05
0.00011497569953977356
0.00013530477745798074
0.00015922827933410923
0.0001873817422860383
0.00022051307399030456
0.00025950242113997375
0.0003053855508833416
0.00035938136638046257
0.0004229242874389499
0.0004977023564332109
0.0005857020818056661
0.0006892612104349695
0.0008111308307896872
0.0009545484566618337
0.0011233240329780276
0.0013219411484660286
0.0015556761439304723
0.0018307382802953678
0.002154434690031882
0.0025353644939701114
0.0029836472402833374
0.003511191734215131
0.004132012400115334
0.004862601580065354
0.005722367659350214
0.006734150657750821
0.007924828983539169
0.0093260334688322
0.010974987654930556
0.01291549665014884
0.01519911082952933
0.01788649529057435
0.0210490414451202
0.02477076355991709
0.029150530628251757
0.034304692863149154
0.040370172585965536
0.047508101621027934
0.05590810182512223
0.06579332246575675
0.0774263682681127
0.09111627561154886
0.10722672220103231
0.1261856883066021
0.14849682622544635
0.1747528400007683
0.20565123083486514
0.24201282647943834
0.2848035868435799
0.3351602650938841
0.3944206059437656
0.46415888336127725
0.5462277217684337
0.642807311728432
0.7564633275546291
0.8902150854450375
1.0476157527896641
1.232846739442066
1.4508287784959402
1.7073526474706886
2.009233002565046
2.364489412645407
2.782559402207126
3.274549162877725
3.8535285937105273
4.534878508128582
5.3366992312063015
6.280291441834247
7.390722033525775
8.697490026177835
10.235310218990248
12.045035402587812
14.174741629268048
16.68100537200059
19.630406500402685
23.10129700083158
27.1858824273294
31.992671377973846
37.64935806792464
44.30621457583877
52.14008287999685
61.35907273413163
72.20809018385457
84.97534359086438
100.0
###
1.350134880785657
1.169001210539894
1.0058691897092253
0.860890518800939
0.7337006032329668
0.6233634084251284
0.5508990662909242
0.46678541889466935
0.3954888820769999
0.3353445839234232
3.8823572765993575
3.23383564557104
2.6716630071402254
2.190640211419264
1.7839039075455916
1.443485777863514
1.226609611626829
0.981973632247592
0.7809701098958763
0.6163687077225857
5.627302151287161
4.612317131740222
3.747244409918535
3.019300090833008
2.4138314971484407
1.915125044600845
1.6018009543374891
1.2531831978638421
0.9712741704482807
0.7441304965476165
7.050796852260545
5.719836606214922
4.59789047874175
3.6639538378707504
2.895314305335189
2.2687849395129405
1.8787714217734772
1.4487213945474078
1.104666694295848
0.8305637461963874
8.282953857778804
6.668855748525519
5.319233242916429
4.204721992192136
3.2945868752013703
2.558422254127346
2.1032671290656455
1.6048253923976261
1.209257496273999
0.8968049111819422
9.383755347783614
7.510340605131492
5.953892723804623
4.676665928701466
3.640088466501217
2.806746962034535
2.294321210729338
1.7361835259320695
1.29609970006225
0.9509012069057636
10.38696114756475
8.272597621676702
6.52530349576479
5.098905305170305
3.947085294698367
3.0258056804293108
2.4619008761017467
1.8503496703153341
1.3708017943404416
0.9968224298465066
11.313860029180828
8.973413793994196
7.04798024693051
5.483011650088529
4.224861617616192
3.2228253021848707
2.6118363142502043
1.951785514074785
1.4366020959672128
1.0368393740859487
12.17897711808644
9.624744643806071
7.53165007084763
5.8368990236618155
4.479503136075759
3.4025555647152506
2.7480431980211826
2.0433603892301395
1.4955776336857722
1.0723964527891818
12.992691044094917
10.235118274080678
7.983220970061782
6.165997324124764
4.71538230354337
3.5682627252897987
2.8731760383957523
2.1270353015456287
1.5491231283591884
1.104405364314127
13.762766685255396
10.810953696255172
8.40766298180916
6.474375549229371
4.935562305611768
3.7223562424618453
2.989175098225184
2.2042383114141204
1.5982471351868326
1.1335683760480113
14.495020100215747
11.356992759222184
8.809138276103248
6.765044044531954
5.142496399512441
3.8666376134124105
3.097491614972902
2.276003138602499
1.643694894922736
1.1603761335094602
15.194568404549335
11.877117940101732
9.190472402575855
7.040417549310885
5.337932832537979
4.002499344546353
3.199086044480437
2.3431417352468817
1.6860153072889792
1.185200882950841
15.864954949688329
12.374409643260345
9.554173693227215
7.3023732653771205
5.5233460467147095
4.131016454433343
3.2950894473048766
2.4062887070811154
1.7256581145064762
1.2083323962268449
16.509585477297488
12.85137595573422
9.9022232446296
7.552454225682113
5.699927330239346
4.253087256778216
3.386033594225789
2.465945709235725
1.7629627978608138
1.2299993206161446