# ../data/BKevo/MV2g_BKevo/mv2g_3.dat
# N(r,Y=0), r, *F2(x,Q^2)
# 1e-05 < r < 100.0
# 1 < Q^2 < 50, n=15, lin grid
# 1e-5 < x < 1e-2, n=10, log grid
###
6.434550750489791e-05
7.239401895397783e-05
8.139499548301538e-05
9.151233861267707e-05
0.00010290232360911695
0.00011564882090313617
0.00012994817961257217
0.00014603534197238206
0.00016405020490267762
0.00018421806418381548
0.0002068906406260508
0.00023229595352752493
0.0002606753951090624
0.00029255335704954827
0.000328294834825609
0.00036812765593797206
0.0004128305130133091
0.00046297912777686307
0.00051872915512092
0.0005812322953630859
0.0006513043187812257
0.0007291651788432247
0.0008162679829865369
0.0009138047295655161
0.001022201298455181
0.0011431321633678878
0.0012783702421614498
0.0014286752078849553
0.0015958570915647616
0.0017825358749549885
0.0019899991008024516
0.002219990825774235
0.002476357949273706
0.0027612061374426324
0.003075814016772796
0.0034257933915820484
0.0038144962972408675
0.004242009807909083
0.004716466571800738
0.005242781408266343
0.005819523434043553
0.006457477530127258
0.007163101862478356
0.007935063630508292
0.008784582964431813
0.009720987090204912
0.010743307445017683
0.01186167134478482
0.01308943736613139
0.014426481645438258
0.015879139326856605
0.01746645419766759
0.01919004394586765
0.02104821293814538
0.023068173346567217
0.025255060918677283
0.02759346821622765
0.030122894538677017
0.03285580103384884
0.035758029315938154
0.03888934736562839
0.04227079911619697
0.045877680788274644
0.049785752907187675
0.05405534820046951
0.05872536595941288
0.06394033082344495
0.06989253199458574
0.0768604915191563
0.08530778990888335
0.09587907673854856
0.1096788045553309
0.12844210921934057
0.15419080606804142
0.1901818741879231
0.24104832826141687
0.309306575100647
0.39590830845523217
0.4931053931222116
0.5844459413331091
0.652044106590987
0.685110674952895
0.7044229217594262
0.7215864891367422
0.7395140087641688
0.7585764784874957
0.7787631654777661
0.7996176587865088
0.8209786732138405
0.8427689191018742
0.8643386646454875
0.885191731701843
0.9053053117252243
0.9240197204702952
0.9406023780331463
0.9553322060244944
0.9678707187149534
0.9776184616819208
0.9852952014281945
0.9910437661432259
###
1e-05
1.1768119524349992e-05
1.3848863713938717e-05
1.6297508346206434e-05
1.917910261672489e-05
2.2570197196339216e-05
2.656087782946684e-05
3.1257158496882356e-05
3.678379771828634e-05
4.328761281083062e-05
5.0941380148163754e-05
5.994842503189409e-05
7.054802310718646e-05
8.302175681319735e-05
9.770099572992247e-05
0.00011497569953977356
0.00013530477745798074
0.00015922827933410923
0.0001873817422860383
0.00022051307399030456
0.00025950242113997375
0.0003053855508833416
0.00035938136638046257
0.0004229242874389499
0.0004977023564332109
0.0005857020818056661
0.0006892612104349695
0.0008111308307896872
0.0009545484566618337
0.0011233240329780276
0.0013219411484660286
0.0015556761439304723
0.0018307382802953678
0.002154434690031882
0.0025353644939701114
0.0029836472402833374
0.003511191734215131
0.004132012400115334
0.004862601580065354
0.005722367659350214
0.006734150657750821
0.007924828983539169
0.0093260334688322
0.010974987654930556
0.01291549665014884
0.01519911082952933
0.01788649529057435
0.0210490414451202
0.02477076355991709
0.029150530628251757
0.034304692863149154
0.040370172585965536
0.047508101621027934
0.05590810182512223
0.06579332246575675
0.0774263682681127
0.09111627561154886
0.10722672220103231
0.1261856883066021
0.14849682622544635
0.1747528400007683
0.20565123083486514
0.24201282647943834
0.2848035868435799
0.3351602650938841
0.3944206059437656
0.46415888336127725
0.5462277217684337
0.642807311728432
0.7564633275546291
0.8902150854450375
1.0476157527896641
1.232846739442066
1.4508287784959402
1.7073526474706886
2.009233002565046
2.364489412645407
2.782559402207126
3.274549162877725
3.8535285937105273
4.534878508128582
5.3366992312063015
6.280291441834247
7.390722033525775
8.697490026177835
10.235310218990248
12.045035402587812
14.174741629268048
16.68100537200059
19.630406500402685
23.10129700083158
27.1858824273294
31.992671377973846
37.64935806792464
44.30621457583877
52.14008287999685
61.35907273413163
72.20809018385457
84.97534359086438
100.0
###
4.4300507847482615
3.8593106153632535
3.263731717818567
2.666845065434797
2.082346026542751
1.5625147838413107
1.2291610735338916
0.870414722174785
0.6056480225606751
0.41976414553696517
17.111420910263842
14.574250330384496
11.98177639324104
9.444689366646571
7.10944944913691
5.109215933946116
3.8772543603806717
2.599903411804665
1.6910222825950865
1.0733581784549215
28.437885078087564
23.973217705068567
19.467011782453692
15.132387688810237
11.22264617375922
7.943567709117029
5.958670169813598
3.9312071953340615
2.510380826925412
1.5570124671169856
39.07768373853566
32.7153066429863
26.351232229012407
20.302169589375485
14.919295386478916
10.465917925472047
7.799740641712079
5.101244534935586
3.228181037166187
1.9812925661289746
49.25216167863747
41.016966083870194
32.83777242387829
25.134955522737354
18.349740796136544
12.79237150094108
9.491817949161748
6.1732743898316915
3.885039165205058
2.3705008724637535
59.07484170519534
48.98779426742585
39.02893942329016
29.718328809636475
21.58716820193532
14.97902323016879
11.077888268819885
7.17610501216665
4.499298078882083
2.7352171001461847
68.61505280998342
56.69475263859151
44.98634262067746
34.11002532362871
24.67454997729992
17.056909401876375
12.582686390010556
8.12616049244052
5.081231411264778
3.081316552832093
77.9195772930547
64.18273494273305
50.74899652240028
38.342496377185505
27.639514494265732
19.046518711630746
14.022156800246059
9.033763097069428
5.637341781035912
3.4125864225888947
87.02212694398524
71.48378733996505
56.350480747141646
42.44131023340324
30.503005671798068
20.964107686035174
15.407365938661043
9.906573550905566
6.1705021225744465
3.7315470614485085
95.94796395786693
78.62232643183073
61.81020631890982
46.42494787827379
33.27904785799654
22.819676464525507
16.746407551879887
10.750015525043462
6.686972181119296
4.040031731875919
104.71720458873062
85.61718781741118
67.14535565018944
50.308516365721864
35.978860131587844
24.621250748794957
18.04536280009056
11.567516719233087
7.187746976831851
4.339468137586266
113.34568354989334
92.48337604443921
72.36950921568825
54.101810710457485
38.61127690510412
26.37528266695354
19.309130387936126
12.362468600143432
7.674797659498125
4.6309405777679595
121.84647110519349
99.23320584598416
77.49368481685718
57.814511393681016
41.18341767103931
28.086921790390004
20.54167464528621
13.137363656548914
8.14962065298114
4.915326512652684
130.23046983392098
105.87695054648137
82.52687291171937
61.454654652571364
43.701063537933486
29.760392263047848
21.745951068006846
13.89427072334656
8.6134645632376
5.193343734669238
138.50691082003337
112.42324343191105
87.47652763374616
65.02880328114705
46.16919139554587
31.40176256669901
22.924679815921444
14.634887393177568
9.067384016163334
5.465582667120543