# data/BKevo/ATAN_BKevo/atan46.dat
# N(r,Y=0), r, *F2(x,Q^2)
# 1e-05 < r < 100.0
# 1 < Q^2 < 50, n=15, lin grid
# 1e-5 < x < 1e-2, n=10, log grid
###
0.005154822361605051
0.005503508689820032
0.005872374360732027
0.006266923386169819
0.006690449929013497
0.007139751203494566
0.007619016901906803
0.008133451688249976
0.00868073016742243
0.009262908069735657
0.00988776991429023
0.010554393065731384
0.011261587910585229
0.012020587726678815
0.012832583389314598
0.013691649242540183
0.01461359065383855
0.015602663582057362
0.016646224557556183
0.017766098049932847
0.018968322253057723
0.020238558626859467
0.021598870843242107
0.02305912833611018
0.024606353000894764
0.026258741725220608
0.02803243040736512
0.029917049209444865
0.031924245447415484
0.03407866020629434
0.03637425349166107
0.03881246523655192
0.04142935354095429
0.044225549620589
0.04718735785220796
0.050366024250568624
0.053771999324633224
0.05736987600154849
0.061230952954847255
0.06537606154563622
0.06975027393918368
0.07444030042511675
0.07947503665927623
0.08480305975537206
0.09050003547651772
0.09661535458187925
0.10310513959270702
0.11002524572353041
0.11745302759191334
0.1253577573959661
0.13376343387380593
0.14278508824396227
0.15241277253891636
0.16262224709786635
0.17357875218739569
0.18530331759174337
0.19770126453547363
0.21100402066755372
0.2252769047497196
0.2403244357366665
0.25646413103298193
0.2737788899792222
0.2920596290613816
0.3116032225394531
0.33254512105629097
0.35467954731526
0.37822359428821684
0.4033770977839836
0.42992246119855776
0.4579102472342382
0.4875878573791935
0.5186687337858396
0.5508564003606613
0.5843888120575658
0.6188063972117612
0.6531801537496633
0.6877373749669321
0.7218726499833664
0.7539562545493509
0.7845483647104822
0.8132286882478402
0.838495523539692
0.8613123130277481
0.8817330090801809
0.8990677120396879
0.9140961418592459
0.9272160013693501
0.938220798477199
0.9475422022617417
0.9556062867552357
0.9623868848523899
0.9680530004228387
0.972945294753892
0.9770918106103893
0.9805236371469395
0.9834880141983405
0.9860242757256811
0.9881059524501961
0.9899057539136791
0.9914602610982151
###
1e-05
1.1768119524349992e-05
1.3848863713938717e-05
1.6297508346206434e-05
1.917910261672489e-05
2.2570197196339216e-05
2.656087782946684e-05
3.1257158496882356e-05
3.678379771828634e-05
4.328761281083062e-05
5.0941380148163754e-05
5.994842503189409e-05
7.054802310718646e-05
8.302175681319735e-05
9.770099572992247e-05
0.00011497569953977356
0.00013530477745798074
0.00015922827933410923
0.0001873817422860383
0.00022051307399030456
0.00025950242113997375
0.0003053855508833416
0.00035938136638046257
0.0004229242874389499
0.0004977023564332109
0.0005857020818056661
0.0006892612104349695
0.0008111308307896872
0.0009545484566618337
0.0011233240329780276
0.0013219411484660286
0.0015556761439304723
0.0018307382802953678
0.002154434690031882
0.0025353644939701114
0.0029836472402833374
0.003511191734215131
0.004132012400115334
0.004862601580065354
0.005722367659350214
0.006734150657750821
0.007924828983539169
0.0093260334688322
0.010974987654930556
0.01291549665014884
0.01519911082952933
0.01788649529057435
0.0210490414451202
0.02477076355991709
0.029150530628251757
0.034304692863149154
0.040370172585965536
0.047508101621027934
0.05590810182512223
0.06579332246575675
0.0774263682681127
0.09111627561154886
0.10722672220103231
0.1261856883066021
0.14849682622544635
0.1747528400007683
0.20565123083486514
0.24201282647943834
0.2848035868435799
0.3351602650938841
0.3944206059437656
0.46415888336127725
0.5462277217684337
0.642807311728432
0.7564633275546291
0.8902150854450375
1.0476157527896641
1.232846739442066
1.4508287784959402
1.7073526474706886
2.009233002565046
2.364489412645407
2.782559402207126
3.274549162877725
3.8535285937105273
4.534878508128582
5.3366992312063015
6.280291441834247
7.390722033525775
8.697490026177835
10.235310218990248
12.045035402587812
14.174741629268048
16.68100537200059
19.630406500402685
23.10129700083158
27.1858824273294
31.992671377973846
37.64935806792464
44.30621457583877
52.14008287999685
61.35907273413163
72.20809018385457
84.97534359086438
100.0
###
8.892261565881956
8.439258811794854
7.915331077587587
7.29366338411322
6.548369782288076
5.6557394942414145
4.887129556917331
3.7697315774288387
2.6698259110175084
1.7532844158696341
37.17909908033767
35.1628155065654
32.80461079538905
30.005350757206138
26.649620006487293
22.6410684767457
19.21925708867614
14.34615948680463
9.728930208783089
6.063918001177297
64.11082552555308
60.526042821216265
56.33302383840132
51.35502099803182
45.38904717732426
38.27730391699266
32.239919462761264
23.737239249642084
15.825260769815806
9.674672431084574
90.34614067826367
85.19279844102363
79.16428514322496
72.00707086577479
63.43165610273847
53.227620501119866
44.60157751244571
32.54959347630815
21.470445278932395
12.97358790405222
116.10558168045934
109.3834831529025
101.5193112564992
92.18233998019745
80.99857539519549
67.71167288196827
56.51847807140608
40.977820848772815
26.82291653284106
15.986975306954392
141.50243919228242
133.21159291825168
123.51148855549947
111.99445718403211
98.20350864093272
81.84213137547688
68.10010100820838
49.1197725114673
31.96072809000242
18.92545859083944
166.60673975426354
156.74630262910264
145.21035480563268
131.51303493136035
115.11587020347096
95.68786583444454
79.41294618891668
57.034509225458955
36.92972052325802
21.753568348018568
191.4648722801877
180.0352169019504
166.66297940998015
150.78522213706157
131.78296201346603
109.29540406575396
90.50180043582667
64.761408594124
41.760623658603826
24.49219151302516
216.1107807574743
203.11261831222686
187.90337056166243
169.84502937656765
148.2395066763971
122.69828449169154
101.39887204173685
72.3284336326796
46.4751811200997
27.155935958947822
240.57064979478724
226.0032482109605
208.95779761553
188.7182292430895
164.5102077889952
135.92182417707906
112.12840560207756
79.75670044670484
51.08913416979427
29.755561700324503
264.864406710249
248.72768919243222
229.84542987813649
207.42501106798647
180.61560601068086
148.9858567895203
122.7093203026668
87.0624679656386
55.614950634968885
32.2992904425653
289.0082490232413
271.3021438767436
250.58293560361045
225.98161373471206
196.57193572235505
161.9025526427211
133.156822954217
94.25860020816238
60.06240782707034
34.79359258047125
313.01548442665256
293.7399254025119
271.18363808477517
244.40138003242146
212.39252473769207
174.6961679002527
143.48367324380635
101.35613212961184
64.43945048124128
37.24364591351361
336.8972609354085
316.0521884829396
291.65870092750043
262.695468027828
228.08852804654532
187.36640649336
153.69942362690034
108.36344760071172
68.75262012141576
39.653820459742384
360.66301228315115
338.24686167924335
312.01757670996113
280.8732970000394
243.66576106838409
199.92626089389302
163.81325001910864
115.28811237825356
73.0074258776778
42.027667616208156