# ../data/BKevo/MV2g_BKevo/mv2g_26.dat
# N(r,Y=0), r, *F2(x,Q^2)
# 1e-05 < r < 100.0
# 1 < Q^2 < 50, n=15, lin grid
# 1e-5 < x < 1e-2, n=10, log grid
###
2.56633889206042e-09
3.2845428287462422e-09
4.2112120031377874e-09
5.395298353465862e-09
6.903014176014048e-09
8.84247397575201e-09
1.1324907275714062e-08
1.4484461007082897e-08
1.8536280410928986e-08
2.373099416598657e-08
3.0339440044777774e-08
3.8787651305111605e-08
4.963596638578814e-08
6.342912941729552e-08
8.100624558248124e-08
1.0361080495536771e-07
1.3233394594146144e-07
1.688186162257893e-07
2.1580445769544344e-07
2.7546717494188553e-07
3.511475297663778e-07
4.484040588856263e-07
5.719877216369231e-07
7.286232158861683e-07
9.292345431317113e-07
1.1844290464459e-06
1.5075772067065105e-06
1.920012821017442e-06
2.4451552120510003e-06
3.109437988311223e-06
3.954236242358777e-06
5.030692034784163e-06
6.390735942606808e-06
8.114000771488398e-06
1.0310942667201784e-05
1.3082871063212575e-05
1.6581778566251724e-05
2.1043546003141532e-05
2.6664308551147263e-05
3.373651841934976e-05
4.274328604053836e-05
5.4076083330531564e-05
6.830998067434635e-05
8.636051844773771e-05
0.00010906887175378352
0.000137536268698061
0.00017348449089684944
0.0002186974120209871
0.0002752738737943859
0.000346440094810828
0.0004359538256094055
0.0005478282875942082
0.0006881481416110939
0.0008648947682890846
0.00108591074362935
0.0013629952880746838
0.0017137789962221985
0.0021544920159509437
0.002709526173256232
0.0034215024879485703
0.0043278445604097125
0.00548794197633057
0.007010875536539358
0.009006481698953985
0.011641166102054637
0.015233481308636028
0.020157771228698912
0.0269408723219672
0.03659573743406149
0.0504695257572378
0.07023480125103042
0.09886462983687483
0.14031034660674024
0.19780827516157984
0.2747941090813871
0.37038127936776266
0.4746626925165869
0.5707994413431069
0.6366243841452633
0.6811181771259626
0.7183641405377952
0.7570878113721967
0.7988515317250794
0.8423189375712702
0.8839671414273276
0.921639315005508
0.953217173280406
0.9755345760072978
0.989155741134202
0.9963668943106778
0.999115745700083
0.9998293683511045
0.9999815980967005
0.9999993239653276
0.9999999741231912
0.9999999996232414
0.9999999999998975
0.9999999999999999
1.0
1.0
###
1e-05
1.1768119524349992e-05
1.3848863713938717e-05
1.6297508346206434e-05
1.917910261672489e-05
2.2570197196339216e-05
2.656087782946684e-05
3.1257158496882356e-05
3.678379771828634e-05
4.328761281083062e-05
5.0941380148163754e-05
5.994842503189409e-05
7.054802310718646e-05
8.302175681319735e-05
9.770099572992247e-05
0.00011497569953977356
0.00013530477745798074
0.00015922827933410923
0.0001873817422860383
0.00022051307399030456
0.00025950242113997375
0.0003053855508833416
0.00035938136638046257
0.0004229242874389499
0.0004977023564332109
0.0005857020818056661
0.0006892612104349695
0.0008111308307896872
0.0009545484566618337
0.0011233240329780276
0.0013219411484660286
0.0015556761439304723
0.0018307382802953678
0.002154434690031882
0.0025353644939701114
0.0029836472402833374
0.003511191734215131
0.004132012400115334
0.004862601580065354
0.005722367659350214
0.006734150657750821
0.007924828983539169
0.0093260334688322
0.010974987654930556
0.01291549665014884
0.01519911082952933
0.01788649529057435
0.0210490414451202
0.02477076355991709
0.029150530628251757
0.034304692863149154
0.040370172585965536
0.047508101621027934
0.05590810182512223
0.06579332246575675
0.0774263682681127
0.09111627561154886
0.10722672220103231
0.1261856883066021
0.14849682622544635
0.1747528400007683
0.20565123083486514
0.24201282647943834
0.2848035868435799
0.3351602650938841
0.3944206059437656
0.46415888336127725
0.5462277217684337
0.642807311728432
0.7564633275546291
0.8902150854450375
1.0476157527896641
1.232846739442066
1.4508287784959402
1.7073526474706886
2.009233002565046
2.364489412645407
2.782559402207126
3.274549162877725
3.8535285937105273
4.534878508128582
5.3366992312063015
6.280291441834247
7.390722033525775
8.697490026177835
10.235310218990248
12.045035402587812
14.174741629268048
16.68100537200059
19.630406500402685
23.10129700083158
27.1858824273294
31.992671377973846
37.64935806792464
44.30621457583877
52.14008287999685
61.35907273413163
72.20809018385457
84.97534359086438
100.0
###
1.3734510530882382
1.1909650284000597
1.028054381386128
0.8847974803103532
0.7601277012618421
0.6528217025215544
0.5827484008502931
0.5017093902202706
0.43317351222067507
0.3753757285608658
3.958237141330845
3.295421725239584
2.7242729203137563
2.238889184239849
1.83064267741004
1.4904993304831466
1.274393261259793
1.0308217775349953
0.8304799570754049
0.6657196200370836
5.744590288979535
4.701544994762352
3.8172032502692197
3.0771918902433053
2.4643858435101618
1.9613003653148788
1.6456717420137144
1.2943452903353936
1.0092899261528103
0.7779596026255643
7.205315646603414
5.833166474032002
4.681996265058592
3.728673015258017
2.947171766914335
2.3119374788098126
1.9168628058630692
1.4808710578691944
1.1306552873901716
0.8493822705301559
8.472332529258786
6.8044791000356515
5.416255950381514
4.275426855131485
3.3472672314325926
2.5984870433539085
2.135898934956928
1.628792449765796
1.224686668986373
0.9029145034997653
9.606334464073644
7.667107492106526
6.063139826528215
4.753028047596935
3.693659731178194
2.8441195942917523
2.3221531633110684
1.753043052439851
1.302526479841072
0.946400683383136
10.641491445216475
8.449731275079872
6.646355064335516
5.180833538572555
4.0017642393119015
3.060970250493333
2.4856025222821376
1.861078231263708
1.3695754240556641
0.9834231216583378
11.599356049262251
9.170312413707643
7.180558688164383
5.570617595803233
4.280904762873335
3.2562767677089197
2.6321324472161063
1.957283612518512
1.4287855048610125
1.0159041478797861
12.494583355580417
9.840937169508944
7.675624595047024
5.930149586089108
4.537094103761521
3.4347024903998458
2.765403250496314
2.04433797691868
1.4820994308575186
1.0450182530246364
13.337704265498127
10.470175271489566
8.138367709482853
6.264950855425273
4.774797939011254
3.5994860184598205
2.888090454580431
2.1241076747633114
1.5307392588913584
1.0714940670635256
14.13636295126107
11.064520289080184
8.573967543878206
6.579052164597575
4.997006639697498
3.752980450397712
3.0019871295698928
2.1979274797034902
1.5756185792490165
1.095873273797545
14.896921578157599
11.628756725979459
8.986329918107932
6.875508978002313
5.2060871928533405
3.8969395367654975
3.10861437760583
2.266770686292124
1.6173343908106148
1.1185185071791652
15.624092576670257
12.166811877411213
9.378449900919945
7.156701892749102
5.40385730653881
4.0327380746276384
3.208969365115696
2.33138003176652
1.656395011827679
1.1397061161678466
16.32195983148529
12.681766932049948
9.752823581938797
7.4246047339977785
5.591762862988626
4.161425654505407
3.303889166122283
2.3923017349974494
1.6931766184700658
1.1596548311898862
16.99324963583604
13.176163639683075
10.111580284681535
7.680622748813397
5.770956181481611
4.283880200606896
3.3940449938822335
2.4500702585508023
1.7279650413191232
1.178535768489345