# data/BKevo/ATAN_BKevo/atan56.dat
# N(r,Y=0), r, *F2(x,Q^2)
# 1e-05 < r < 100.0
# 1 < Q^2 < 50, n=15, lin grid
# 1e-5 < x < 1e-2, n=10, log grid
###
0.00040605273294307565
0.00044786769479489893
0.000493701337949261
0.0005443111367847267
0.0006003296930011423
0.0006618473996575277
0.0007296521357960894
0.0008046995066523804
0.0008872690223189759
0.0009781114798193401
0.0010786523003707164
0.0011894786873013787
0.0013111872549700842
0.0014458826502719915
0.0015946372642157336
0.0017577008053277423
0.0019381547839216996
0.002137819600007852
0.002356291726322515
0.002598051238450846
0.0028656672847146443
0.0031587630068019503
0.0034826578866868295
0.0038411758234897665
0.004234566039786881
0.004668504359484869
0.005148804794653703
0.005676813963862632
0.0062581875956056665
0.00690164295321591
0.0076103441843433355
0.008389251978145166
0.009251291521216303
0.010202528389566805
0.01124609483153068
0.012400981060193623
0.013677766160831988
0.01507592765488204
0.016623155400062727
0.018335897470134494
0.020210173228966656
0.02228304154276589
0.02457753660120368
0.027093144137578268
0.02987023438299003
0.032944080458194115
0.03632045957662351
0.04004098925019045
0.04415884441537317
0.04869043187475533
0.05367473628131534
0.059190915127188264
0.06527253232382968
0.07194918440495617
0.07933744592041744
0.08749765461956006
0.09643865103919251
0.10633037364190917
0.11727370006699472
0.12923751862478589
0.14246669350828361
0.15709614510546738
0.17309625710096702
0.19073818020746636
0.2102145418815791
0.23150161836648997
0.2548511161989162
0.2805173678500215
0.30844542020691373
0.3387551851287693
0.3717154865212317
0.4071153852975174
0.4446517862663625
0.4844808778941434
0.5260219622102824
0.5680724483503296
0.6106896020234035
0.6530020042839797
0.6928733190586069
0.7308981104020238
0.7665210739028434
0.7978703001273177
0.8261648840233755
0.8514911170428129
0.8730119215702618
0.8917001980236923
0.9080487463622271
0.9217980970227521
0.9334758890423585
0.9436042188254447
0.9521433603193628
0.9592973043215691
0.9654873860526099
0.9707446730854522
0.975104427515014
0.9788760904937618
0.9821075954279039
0.98476358218934
0.9870622659384514
0.9890494668576565
###
1e-05
1.1768119524349992e-05
1.3848863713938717e-05
1.6297508346206434e-05
1.917910261672489e-05
2.2570197196339216e-05
2.656087782946684e-05
3.1257158496882356e-05
3.678379771828634e-05
4.328761281083062e-05
5.0941380148163754e-05
5.994842503189409e-05
7.054802310718646e-05
8.302175681319735e-05
9.770099572992247e-05
0.00011497569953977356
0.00013530477745798074
0.00015922827933410923
0.0001873817422860383
0.00022051307399030456
0.00025950242113997375
0.0003053855508833416
0.00035938136638046257
0.0004229242874389499
0.0004977023564332109
0.0005857020818056661
0.0006892612104349695
0.0008111308307896872
0.0009545484566618337
0.0011233240329780276
0.0013219411484660286
0.0015556761439304723
0.0018307382802953678
0.002154434690031882
0.0025353644939701114
0.0029836472402833374
0.003511191734215131
0.004132012400115334
0.004862601580065354
0.005722367659350214
0.006734150657750821
0.007924828983539169
0.0093260334688322
0.010974987654930556
0.01291549665014884
0.01519911082952933
0.01788649529057435
0.0210490414451202
0.02477076355991709
0.029150530628251757
0.034304692863149154
0.040370172585965536
0.047508101621027934
0.05590810182512223
0.06579332246575675
0.0774263682681127
0.09111627561154886
0.10722672220103231
0.1261856883066021
0.14849682622544635
0.1747528400007683
0.20565123083486514
0.24201282647943834
0.2848035868435799
0.3351602650938841
0.3944206059437656
0.46415888336127725
0.5462277217684337
0.642807311728432
0.7564633275546291
0.8902150854450375
1.0476157527896641
1.232846739442066
1.4508287784959402
1.7073526474706886
2.009233002565046
2.364489412645407
2.782559402207126
3.274549162877725
3.8535285937105273
4.534878508128582
5.3366992312063015
6.280291441834247
7.390722033525775
8.697490026177835
10.235310218990248
12.045035402587812
14.174741629268048
16.68100537200059
19.630406500402685
23.10129700083158
27.1858824273294
31.992671377973846
37.64935806792464
44.30621457583877
52.14008287999685
61.35907273413163
72.20809018385457
84.97534359086438
100.0
###
6.256497863347388
5.715135613567454
5.129070912882578
4.500957000594861
3.844712830366274
3.1700213319250143
2.6787456397314333
2.0712904343449168
1.547478402014596
1.1255543239019876
25.335419401682582
22.894967306792978
20.254123663868793
17.434570077136566
14.521115319125991
11.590874094659796
9.519626962965432
7.053922429364238
5.030021529336499
3.483361717709269
43.04962576416661
38.707848656213116
34.01373389280043
29.01831872228892
23.894884119935448
18.80586116775453
15.261257351991196
11.116760686232245
7.785926275059945
5.292902862234585
60.064365665441
53.82054632456566
47.076317080034
39.91937644592111
32.620835042468826
25.437789003839118
20.486281474777986
14.76313567234701
10.225748899094489
6.8742537723062895
76.60088073603032
68.45487591801202
59.66410817631845
50.35837184816941
40.91421601248893
31.685799906147352
25.375444720886456
18.144425294009128
12.46864883046645
8.315906814427294
92.77308457130648
82.72504071068943
71.89140217184232
60.44867838115962
48.88341918737432
37.64977937712497
30.018600092790727
21.33413249796151
14.571404648467945
9.659599386568404
108.65068303406574
96.70096422470446
83.82791207290613
70.25872618746499
56.5946782259726
43.38958103649692
34.46896728636405
24.375721104564978
16.56661622871123
10.928906309845612
124.28097032811554
110.43014126974212
95.52117555503399
79.83462593019567
64.09136214826442
48.94497754655403
38.762063652306885
27.297141469346517
18.475487024423035
12.13894579979025
139.69811025195867
123.9467589398271
107.00526958266336
89.21117571623395
71.30567393196962
54.34439041658702
42.922711508343944
30.118173693685225
20.31270401124473
13.300219484529622
154.9279364835041
137.27671606949187
118.30599518080759
98.41275850200884
78.4494233209198
59.60889756501284
46.969301180988936
32.85335117924128
22.088792696777453
14.412919952033475
169.990696307461
150.44031438624037
129.44410680786348
107.45913009751779
85.45306282963223
64.75499868403736
50.91612356058536
35.51380468502112
23.812539406188787
15.504412281009419
184.90276375412
163.4537287823683
140.4348688786823
116.36658663517615
92.33137100506241
69.79531048381662
54.77439885243329
38.10826149019974
25.489715539675675
16.557532930457626
199.67740069071618
176.3306612653977
151.2918763804299
125.14757517348053
99.09643024660488
74.74073201582769
58.55335300250766
40.64383458271088
27.125496304096206
17.58230566601966
214.32590540080068
189.082351017967
162.02653097470142
133.81288882415532
105.75826094646658
79.59998625381114
62.26045574066628
43.12628790554768
28.724365710061434
18.582896383632992
228.85777101820366
201.71804581041928
172.64865461533245
142.3724402728998
112.32534693452284
84.38029221774316
65.90198612818577
45.5604751593718
30.289684863779986
19.561146566471052