# data/BKevo/ATAN_BKevo/atan66.dat
# N(r,Y=0), r, *F2(x,Q^2)
# 1e-05 < r < 100.0
# 1 < Q^2 < 50, n=15, lin grid
# 1e-5 < x < 1e-2, n=10, log grid
###
3.346786779825929e-05
3.8131950522172613e-05
4.342911180505995e-05
4.946746150136664e-05
5.6359138757814124e-05
6.419360855867403e-05
7.311622561778134e-05
8.32994578358754e-05
9.48866823492206e-05
0.00010807132440375424
0.00012311827182187002
0.00014025597581920557
0.00015973855893155814
0.00018197233395683408
0.00020731949156998467
0.00023610850912363072
0.0002689618898597846
0.00030645136096196687
0.00034899251556776124
0.0003975380169547947
0.00045294629152759267
0.000515849714095947
0.0005875828779984392
0.0006694543170531454
0.0007624877837106423
0.0008684846577195452
0.0009894587127070118
0.0011270552519412353
0.0012836828184004288
0.0014624361152447947
0.0016659430350198998
0.0018973867492423175
0.0021615168238972643
0.002462508275280891
0.0028045070479322184
0.003194793527733652
0.003639970096142575
0.004145335426173133
0.004722036426806831
0.0053802723899407465
0.006127242853713386
0.006979397857604278
0.00795200072098769
0.009056747273789063
0.010315918844038232
0.01175301732731897
0.013386890436480371
0.01524744991486798
0.01737082294778823
0.019787168668551684
0.022536191488534335
0.02567332350639986
0.029246503686369173
0.03330762674869345
0.03794153359617604
0.04322388023763582
0.04922085613280729
0.05606176128733517
0.06386486491931669
0.07271056949695807
0.08279420017569025
0.09428726189662653
0.10730670880021156
0.12211017804157948
0.1389435573304485
0.1579626845529578
0.1794663787397396
0.20377292440953831
0.23102128644084627
0.2614291822820699
0.2952986354604288
0.3325419746394812
0.3728925013559694
0.41640814665694303
0.4624171227598555
0.509498249791697
0.557503298024538
0.6053323854062698
0.6504689748628165
0.6935129249612393
0.7338188915032511
0.7692746940587675
0.8012802390334925
0.829947945046959
0.8543433606342704
0.8755657334968748
0.8941681603139539
0.9098504481986731
0.9232010647435768
0.9348047754049336
0.9446091536499789
0.9528399509118891
0.9599737615313717
0.9660423263682699
0.9710825729427646
0.9754480652475687
0.9791923944512734
0.9822731326967217
0.9849414940226215
0.9872498711804027
###
1e-05
1.1768119524349992e-05
1.3848863713938717e-05
1.6297508346206434e-05
1.917910261672489e-05
2.2570197196339216e-05
2.656087782946684e-05
3.1257158496882356e-05
3.678379771828634e-05
4.328761281083062e-05
5.0941380148163754e-05
5.994842503189409e-05
7.054802310718646e-05
8.302175681319735e-05
9.770099572992247e-05
0.00011497569953977356
0.00013530477745798074
0.00015922827933410923
0.0001873817422860383
0.00022051307399030456
0.00025950242113997375
0.0003053855508833416
0.00035938136638046257
0.0004229242874389499
0.0004977023564332109
0.0005857020818056661
0.0006892612104349695
0.0008111308307896872
0.0009545484566618337
0.0011233240329780276
0.0013219411484660286
0.0015556761439304723
0.0018307382802953678
0.002154434690031882
0.0025353644939701114
0.0029836472402833374
0.003511191734215131
0.004132012400115334
0.004862601580065354
0.005722367659350214
0.006734150657750821
0.007924828983539169
0.0093260334688322
0.010974987654930556
0.01291549665014884
0.01519911082952933
0.01788649529057435
0.0210490414451202
0.02477076355991709
0.029150530628251757
0.034304692863149154
0.040370172585965536
0.047508101621027934
0.05590810182512223
0.06579332246575675
0.0774263682681127
0.09111627561154886
0.10722672220103231
0.1261856883066021
0.14849682622544635
0.1747528400007683
0.20565123083486514
0.24201282647943834
0.2848035868435799
0.3351602650938841
0.3944206059437656
0.46415888336127725
0.5462277217684337
0.642807311728432
0.7564633275546291
0.8902150854450375
1.0476157527896641
1.232846739442066
1.4508287784959402
1.7073526474706886
2.009233002565046
2.364489412645407
2.782559402207126
3.274549162877725
3.8535285937105273
4.534878508128582
5.3366992312063015
6.280291441834247
7.390722033525775
8.697490026177835
10.235310218990248
12.045035402587812
14.174741629268048
16.68100537200059
19.630406500402685
23.10129700083158
27.1858824273294
31.992671377973846
37.64935806792464
44.30621457583877
52.14008287999685
61.35907273413163
72.20809018385457
84.97534359086438
100.0
###
4.236124790347118
3.7796060714550515
3.3202669262814895
2.864851112800019
2.4233533271341328
2.0079410117419156
1.7203943184753654
1.376389529658565
1.0821612622242067
0.8379925045930245
16.225605220429376
14.180360740866298
12.147265468247202
10.172599852126003
8.313497041378072
6.631872955383534
5.511499159346629
4.2262056241153845
3.181027910007798
2.356365781250664
26.84837011071107
23.23514810297045
19.67310020036546
16.255600837423223
13.088224383283173
10.275796909457926
8.434807963739344
6.359704592498944
4.706120556199435
3.426608407032809
36.77719269898046
31.614729297777963
26.558321250271085
21.74726856428312
17.343468427957077
13.478750198661364
10.977899477493665
8.190842366244427
5.997850378712251
4.32137766268817
46.23547271100815
39.540496488808074
33.01809740661542
26.85649362387124
21.26468582567165
16.40333529656243
13.284141721504287
9.837283513321115
7.149738495649118
5.112863814871743
55.338013363329594
47.12545411327989
39.16131401083284
31.6827771412347
24.943459704168628
19.1282036179641
15.42252568761648
11.354163544138121
8.204553877037103
5.8335786841678825
64.1549397056629
54.438360837422515
45.05374553177811
36.28685283744531
28.433332422966046
21.699385599101095
17.432414347116072
12.772959867256851
9.18668953966297
6.50170466486755
72.73361450129747
61.52519700309846
50.739954165795474
40.70906496103561
31.76877629436132
24.14674941133439
19.339448357363413
14.11379970461857
10.111453271066692
7.12865940316061
81.10819116756197
68.42001741808329
56.25040884108729
44.97803788380647
34.977028078090875
26.49115781258547
21.161427353037386
15.390525767531173
10.988635603139421
7.722207684642669
89.30435796660463
75.14668287983018
61.609062030947136
49.115051708887506
38.075497379432626
28.7479431971362
22.911272811570765
16.613235075352552
11.827046890620762
8.28763592417961
97.34234316508734
81.72551996883409
66.83234967966098
53.13630768505518
41.078336474102585
30.928980685397608
24.598863784728977
17.789630621840608
12.631875742124375
8.829272300260413
105.23826435685206
88.1720294893354
71.93809059453586
57.05525617457743
43.99670276827575
33.04307826255488
26.231775211578174
18.925281545657835
13.4077657231049
9.350275584464878
113.00536788037657
94.49850613940853
76.93726438192245
60.882568386172444
46.83966196925778
35.09779064723436
27.81632444880745
20.025230401252802
14.15742222619255
9.853173958798378
120.65472515712145
100.71625125826316
81.83770167897806
64.62639794316839
49.616201519344514
37.099108180531815
29.357526056390384
21.093161782792865
14.88421319733711
10.339831695995224
128.19545624773733
106.83343596526969
86.64965322062409
68.29426443631203
52.32941226963187
39.05250957841593
30.859427384072447
22.132234089235848
15.590273694702224
10.812185670929336