# ../data/BKevo/MV2g_BKevo/mv2g_34.dat
# N(r,Y=0), r, *F2(x,Q^2)
# 1e-05 < r < 100.0
# 1 < Q^2 < 50, n=15, lin grid
# 1e-5 < x < 1e-2, n=10, log grid
###
6.434550750489791e-05
7.239401895397783e-05
8.139499548295987e-05
9.151233861262156e-05
0.00010290232360901214
0.0001156488209029585
0.0001299481796122934
0.00014603534197195624
0.00016405020490196085
0.00018421806418261117
0.0002068906406240853
0.0002322959535242588
0.00026067539510356096
0.0002925533570404563
0.00032829483481066984
0.00036812765591299535
0.00041283051297198096
0.00046297912770909826
0.0005187291550074227
0.0005812322951752868
0.0006513043184733235
0.0007291651783293294
0.0008162679821356882
0.0009138047281702659
0.0010222012961366266
0.0011431321595280236
0.0012783702358646137
0.0014286751974700025
0.0015958570743152853
0.001782535846676266
0.001989999054265063
0.0022199907487220733
0.0024763578230398977
0.0027612059308526936
0.0030758136750088766
0.003425792832372968
0.0038144953877199354
0.004242008305730055
0.00471646411902995
0.005242777441686591
0.005819516910355255
0.006457466914288451
0.007163084762494559
0.00793503576156386
0.008784537859195163
0.00972091488408147
0.010743191140611058
0.011861484750465957
0.013089141624813486
0.014426012921522652
0.015878398282904535
0.017465299366440215
0.0191882576721603
0.02104546283838693
0.023064020936933362
0.025248906311167434
0.027584509175513784
0.03011031509578819
0.03283894919106615
0.035737409478087886
0.03886794856519134
0.04225709028786595
0.045896973797182924
0.04988984282479267
0.05434709673572793
0.05944220588289064
0.06553394134425891
0.07318307186298377
0.08354431960386667
0.09853865812509487
0.12094430354188343
0.15608760518844353
0.2116267611652991
0.2930134479357236
0.4009108543367646
0.5139802704848733
0.5977157903730161
0.636112952180463
0.649443180621778
0.6615990643692167
0.6748546663067782
0.6891594216901976
0.7047200417104904
0.7215894327132332
0.7395140092798002
0.7585764784875197
0.7787631654777661
0.7996176587865088
0.8209786732138405
0.8427689191018742
0.8643386646454875
0.885191731701843
0.9053053117252243
0.9240197204702952
0.9406023780331463
0.9553322060244944
0.9678707187149534
0.9776184616819208
0.9852952014281945
0.9910437661432259
###
1e-05
1.1768119524349992e-05
1.3848863713938717e-05
1.6297508346206434e-05
1.917910261672489e-05
2.2570197196339216e-05
2.656087782946684e-05
3.1257158496882356e-05
3.678379771828634e-05
4.328761281083062e-05
5.0941380148163754e-05
5.994842503189409e-05
7.054802310718646e-05
8.302175681319735e-05
9.770099572992247e-05
0.00011497569953977356
0.00013530477745798074
0.00015922827933410923
0.0001873817422860383
0.00022051307399030456
0.00025950242113997375
0.0003053855508833416
0.00035938136638046257
0.0004229242874389499
0.0004977023564332109
0.0005857020818056661
0.0006892612104349695
0.0008111308307896872
0.0009545484566618337
0.0011233240329780276
0.0013219411484660286
0.0015556761439304723
0.0018307382802953678
0.002154434690031882
0.0025353644939701114
0.0029836472402833374
0.003511191734215131
0.004132012400115334
0.004862601580065354
0.005722367659350214
0.006734150657750821
0.007924828983539169
0.0093260334688322
0.010974987654930556
0.01291549665014884
0.01519911082952933
0.01788649529057435
0.0210490414451202
0.02477076355991709
0.029150530628251757
0.034304692863149154
0.040370172585965536
0.047508101621027934
0.05590810182512223
0.06579332246575675
0.0774263682681127
0.09111627561154886
0.10722672220103231
0.1261856883066021
0.14849682622544635
0.1747528400007683
0.20565123083486514
0.24201282647943834
0.2848035868435799
0.3351602650938841
0.3944206059437656
0.46415888336127725
0.5462277217684337
0.642807311728432
0.7564633275546291
0.8902150854450375
1.0476157527896641
1.232846739442066
1.4508287784959402
1.7073526474706886
2.009233002565046
2.364489412645407
2.782559402207126
3.274549162877725
3.8535285937105273
4.534878508128582
5.3366992312063015
6.280291441834247
7.390722033525775
8.697490026177835
10.235310218990248
12.045035402587812
14.174741629268048
16.68100537200059
19.630406500402685
23.10129700083158
27.1858824273294
31.992671377973846
37.64935806792464
44.30621457583877
52.14008287999685
61.35907273413163
72.20809018385457
84.97534359086438
100.0
###
4.433895070056516
3.8679096784260265
3.2820107165761927
2.6963530655404213
2.141489198857391
1.649148132119789
1.335642328731822
0.9986649688524303
0.7474663174709176
0.5674846144883574
17.126016839349933
14.604058840917137
12.038842803988397
9.545023615151845
7.264708161000994
5.318172025575521
4.12063579510588
2.873519157962539
1.9767007507483523
1.3550415917998708
28.46160453361062
24.019445162989488
19.5518329226155
15.273604264679319
11.432240801954835
8.213638704031247
6.2656599104528565
4.260316347375717
2.8402369964342755
1.8679871757926712
39.109595924709524
32.775736185471224
26.45852900435578
20.475030578163818
15.168831531756092
10.778394573261279
8.147453340304219
5.463083797010591
3.5797812713204222
2.301211926907004
49.291570460305515
41.0897355241268
32.964534124046054
25.334362646300303
18.6319459124815
13.137166761777147
9.870020027087442
6.557688780031333
4.24990255922296
2.6929620613289154
59.12158645604247
49.07255414516785
39.171764741850474
29.943002543708765
21.8972375590913
15.350145038576802
11.476468062600695
7.577677625526451
4.873160941713283
3.0578144166756798
68.66865415188848
56.79048009246867
45.1449403929026
34.35525678146451
25.00924553903511
17.451090051269677
13.001275893882474
8.541318865604005
5.461589630474397
3.4030270131264717
77.9798070349687
64.28905373238688
50.92425834513721
38.607002128099204
27.997010820882092
19.461928810648878
14.458056004551873
9.461051584347965
6.022845168988579
3.7329995790121977
87.08871334280859
71.60015820977858
56.53918045826713
42.72346282319682
30.88080573785777
21.397895194311687
15.858233038070393
10.343980081641684
6.561822370904244
4.050464397852095
96.02068591636143
78.7479893945071
62.012380959918694
46.72366045512147
33.6756187891176
23.270115517809735
17.211384086009826
11.195993921778069
7.08198138921033
4.357489125894526
104.79589913103116
85.75193847278642
67.36023748537515
50.621996764468335
36.39292066099588
25.087154304368667
18.522919374253366
12.021472436381842
7.58599982229196
4.6554956513789705
113.43019197660773
92.62688808208935
72.59634938843926
54.42727547986727
39.042404049719025
26.85533153633627
19.79823723221519
12.823783546428276
8.075904317957768
4.9456069105173155
121.93664954625437
99.3851927348826
77.73175150624013
58.15395592853207
41.629318196510525
28.580293648778778
21.04136861783128
13.605112806644959
8.553293634873892
5.228739066889979
130.3261913269124
106.03714943317115
82.77600659249896
61.8072356555003
44.16166822055814
30.266265325587696
22.2556053316607
14.368108308219027
9.01949109682786
5.505531177074493
138.60805705094486
112.59142108194739
87.73704980721816
65.39331913685906
46.64407662949085
31.916878830721142
23.443680585760738
15.11439694334773
9.47557281055451
5.776637724194244