# data/BKevo/ATAN_BKevo/atan77.dat
# N(r,Y=0), r, *F2(x,Q^2)
# 1e-05 < r < 100.0
# 1 < Q^2 < 50, n=15, lin grid
# 1e-5 < x < 1e-2, n=10, log grid
###
2.2320115015694983e-07
2.712702208848063e-07
3.298853450263037e-07
4.010977662894469e-07
4.875056892856015e-07
5.927720654017247e-07
7.207758893785018e-07
8.760999368397252e-07
1.065144127837286e-06
1.2952285758546735e-06
1.5744322336917668e-06
1.9139250747062884e-06
2.3274947541380304e-06
2.8293757585279937e-06
3.439041035343584e-06
4.182414749673297e-06
5.084562439055573e-06
6.17939017939323e-06
7.51556341362283e-06
9.137193258743077e-06
1.1104735324279452e-05
1.3504919952824027e-05
1.6419815496826602e-05
1.995663608628071e-05
2.426713317008726e-05
2.950665211185631e-05
3.5864341728049294e-05
4.360546081832668e-05
5.30234230194792e-05
6.445175519229639e-05
7.835364154611372e-05
9.528218177710693e-05
0.00011582516645970436
0.00014079048773500593
0.00017121887699373984
0.00020814563550391744
0.0002529782149504432
0.0003076716168245724
0.00037404826171649004
0.0004545822538254741
0.0005528644148884675
0.0006721765462442209
0.0008169420467103857
0.000993445817862677
0.0012079055527825764
0.0014681257587989935
0.0017850948606523446
0.00217056426740946
0.002638294029010081
0.003207470501555313
0.0039002475663608297
0.004740858414849655
0.00576273969197377
0.007007523413659051
0.008517797137212908
0.010351643112868453
0.012586885985629636
0.015298015088466708
0.018585269922298097
0.022592504450620315
0.027448487464250906
0.03332848041468894
0.040476765744908896
0.049123536429066986
0.05955948205265472
0.07216959361885097
0.08733302238335293
0.10547938443195622
0.12711265888924314
0.1527039721663414
0.18270429981028752
0.21744257644151685
0.2569834461081125
0.3013573436785949
0.35003143443356943
0.4015869043243258
0.4554903543654236
0.5103638903413013
0.5632190406770969
0.614354737341748
0.6628462247296018
0.7060587601187578
0.745452102990437
0.781053861855238
0.8116316318755906
0.8384343729688358
0.8620834090204345
0.8821513658960884
0.8993312850871259
0.9143318925880366
0.9270621963230722
0.9377909223969286
0.9471179953771943
0.9550746395929975
0.9617001926851086
0.9674499119021767
0.9723901464191453
0.9764617110266978
0.9799925696045539
0.9830503678580139
###
1e-05
1.1768119524349992e-05
1.3848863713938717e-05
1.6297508346206434e-05
1.917910261672489e-05
2.2570197196339216e-05
2.656087782946684e-05
3.1257158496882356e-05
3.678379771828634e-05
4.328761281083062e-05
5.0941380148163754e-05
5.994842503189409e-05
7.054802310718646e-05
8.302175681319735e-05
9.770099572992247e-05
0.00011497569953977356
0.00013530477745798074
0.00015922827933410923
0.0001873817422860383
0.00022051307399030456
0.00025950242113997375
0.0003053855508833416
0.00035938136638046257
0.0004229242874389499
0.0004977023564332109
0.0005857020818056661
0.0006892612104349695
0.0008111308307896872
0.0009545484566618337
0.0011233240329780276
0.0013219411484660286
0.0015556761439304723
0.0018307382802953678
0.002154434690031882
0.0025353644939701114
0.0029836472402833374
0.003511191734215131
0.004132012400115334
0.004862601580065354
0.005722367659350214
0.006734150657750821
0.007924828983539169
0.0093260334688322
0.010974987654930556
0.01291549665014884
0.01519911082952933
0.01788649529057435
0.0210490414451202
0.02477076355991709
0.029150530628251757
0.034304692863149154
0.040370172585965536
0.047508101621027934
0.05590810182512223
0.06579332246575675
0.0774263682681127
0.09111627561154886
0.10722672220103231
0.1261856883066021
0.14849682622544635
0.1747528400007683
0.20565123083486514
0.24201282647943834
0.2848035868435799
0.3351602650938841
0.3944206059437656
0.46415888336127725
0.5462277217684337
0.642807311728432
0.7564633275546291
0.8902150854450375
1.0476157527896641
1.232846739442066
1.4508287784959402
1.7073526474706886
2.009233002565046
2.364489412645407
2.782559402207126
3.274549162877725
3.8535285937105273
4.534878508128582
5.3366992312063015
6.280291441834247
7.390722033525775
8.697490026177835
10.235310218990248
12.045035402587812
14.174741629268048
16.68100537200059
19.630406500402685
23.10129700083158
27.1858824273294
31.992671377973846
37.64935806792464
44.30621457583877
52.14008287999685
61.35907273413163
72.20809018385457
84.97534359086438
100.0
###
2.301177496159918
2.025178264309548
1.7635500204973173
1.5192263955316978
1.2949387979137539
1.092516141658482
0.9555960892109842
0.792886735791048
0.6522019815392027
0.5321661973220173
7.67327606871826
6.540591268694637
5.503717993523805
4.572304232109342
3.7524402838810094
3.0444504477986083
2.5843266347735683
2.0588481818086075
1.6248776751864196
1.271192835682302
11.881146078760082
9.985190721033073
8.278680087446498
6.772882225743982
5.471893559311234
4.368845871471788
3.663534871384908
2.870571227899528
2.227215351048968
1.711750501109326
15.54978072029523
12.947614997694073
10.632198969216763
8.613383644572759
6.889460253544605
5.445175444493497
4.53099091971936
3.5133697885839226
2.6966400062401443
2.0493242384680874
18.873987151101314
15.607168005729392
12.725111662041824
10.234727008918405
8.126771745137132
6.375820695600345
5.27573291353684
4.059860611291679
3.091744840651234
2.3302784186046366
21.949585038854796
18.05053869341454
14.6351154879906
11.703636892398796
9.239920010104274
7.2072685229596365
5.937653552232789
4.5421855198280525
3.4378881336219935
2.5745533390920445
24.833084298761822
20.32835823220569
16.40495725624696
13.058003602579277
10.26053283886339
7.96547111081103
6.538798949796709
4.977782110633602
3.7487568675855387
2.792616788432186
27.561273862911662
22.473595955039183
18.06435750024286
14.321637152868169
11.20856227013889
8.6666377796173
7.092857260710025
5.377468061688432
4.0326845617393206
2.9908313813065157
30.16057006608695
24.509083171173902
19.632664780771726
15.51121543360288
12.097551327416953
9.321739772535356
7.609081173767504
5.7484521672201305
4.295213385868093
3.173378328362975
32.649908262170044
26.451633678660155
21.12486248116071
16.63855438637464
12.93749454813483
9.938625331794793
8.093998278765868
6.095819878419221
4.5402259635963205
3.343189729698789
35.0439373480643
28.313977000776116
22.550579819591984
17.713299895787223
13.735657705686876
10.523126646092436
8.55249129700014
6.423205117062023
4.770577644431467
3.5023584895929
37.354160739281376
30.10615751752324
23.918775694232238
18.741585260012293
14.497615215214662
11.079617988120317
8.98811192358152
6.733708417162745
4.988432566860985
3.652504966001413
39.59029035375169
31.836145413852954
25.23607705146746
19.729609835497286
15.227933864029279
11.611766672031173
9.404429857924555
7.029436535033001
5.195463552929359
3.794876247816979
41.758395933993526
33.51050003325391
26.50837419181131
20.681552229862923
15.930189679497856
12.122505131260963
9.802852835242698
7.3122516871847125
5.393093696795288
3.9304391492207786
43.866957489916466
35.134662945331364
27.73996335496052
21.601416387973675
16.60727150058769
12.614019809667337
10.18591032154723
7.583536437453795
5.582199177296009
4.060031883951914