# ../data/BKevo/MV2g_BKevo/mv2g_25.dat
# N(r,Y=0), r, *F2(x,Q^2)
# 1e-05 < r < 100.0
# 1 < Q^2 < 50, n=15, lin grid
# 1e-5 < x < 1e-2, n=10, log grid
###
2.566880223017728e-09
3.2853296407410785e-09
4.212364068903428e-09
5.3969808314867234e-09
6.905459838562423e-09
8.846047705218119e-09
1.1330127559629065e-08
1.449205016239952e-08
1.854734676906539e-08
2.374716213814504e-08
3.036294661229878e-08
3.882185326812399e-08
4.96859423539273e-08
6.350179175065983e-08
8.111173035826598e-08
1.0376495198754091e-07
1.3255806192712735e-07
1.6914320474908234e-07
2.16278792016318e-07
2.761567483505099e-07
3.521454778320817e-07
4.498598523437561e-07
5.741037209754919e-07
7.316846158574418e-07
9.336895604502417e-07
1.1909025153550756e-06
1.5169392038658437e-06
1.9336013971517526e-06
2.4648918475614715e-06
3.137965778214142e-06
3.995529276870545e-06
5.090631160481008e-06
6.477310068750335e-06
8.238943763548342e-06
1.049215191971697e-05
1.3344349664550178e-05
1.695793336942424e-05
2.1588474628475195e-05
2.7449609725370458e-05
3.486297787674666e-05
4.437161520413481e-05
5.641867830409997e-05
7.166397666297587e-05
9.118888119209067e-05
0.0001159994145065166
0.00014743447479147228
0.00018766606386514938
0.00023899139382079426
0.0003041620299416239
0.00038759681403335183
0.0004946067215197652
0.0006309470475755697
0.000805760002047531
0.0010315558886665876
0.0013206411165945233
0.0016923046339247432
0.002176718063792678
0.0028008552494757097
0.0036062433694708518
0.004667532936446272
0.0060453030909047275
0.00783611075346263
0.010212184885944968
0.013328821546699838
0.01741103022403451
0.02285401604498353
0.030062297381029692
0.03955356852132136
0.052208550020608445
0.06902263536028286
0.09107504751829089
0.12004839192855461
0.1578255426829651
0.2057751739045207
0.26534863414864895
0.33662558842789
0.41735176088483544
0.5028840725347817
0.5827031746061814
0.6523769301158431
0.7095412666129522
0.7552560076337053
0.7986474606964739
0.8423132723616343
0.8839671068111974
0.9216393148999599
0.9532171732803796
0.9755345760072978
0.989155741134202
0.9963668943106778
0.999115745700083
0.9998293683511045
0.9999815980967005
0.9999993239653276
0.9999999741231912
0.9999999996232414
0.9999999999998975
0.9999999999999999
1.0
1.0
###
1e-05
1.1768119524349992e-05
1.3848863713938717e-05
1.6297508346206434e-05
1.917910261672489e-05
2.2570197196339216e-05
2.656087782946684e-05
3.1257158496882356e-05
3.678379771828634e-05
4.328761281083062e-05
5.0941380148163754e-05
5.994842503189409e-05
7.054802310718646e-05
8.302175681319735e-05
9.770099572992247e-05
0.00011497569953977356
0.00013530477745798074
0.00015922827933410923
0.0001873817422860383
0.00022051307399030456
0.00025950242113997375
0.0003053855508833416
0.00035938136638046257
0.0004229242874389499
0.0004977023564332109
0.0005857020818056661
0.0006892612104349695
0.0008111308307896872
0.0009545484566618337
0.0011233240329780276
0.0013219411484660286
0.0015556761439304723
0.0018307382802953678
0.002154434690031882
0.0025353644939701114
0.0029836472402833374
0.003511191734215131
0.004132012400115334
0.004862601580065354
0.005722367659350214
0.006734150657750821
0.007924828983539169
0.0093260334688322
0.010974987654930556
0.01291549665014884
0.01519911082952933
0.01788649529057435
0.0210490414451202
0.02477076355991709
0.029150530628251757
0.034304692863149154
0.040370172585965536
0.047508101621027934
0.05590810182512223
0.06579332246575675
0.0774263682681127
0.09111627561154886
0.10722672220103231
0.1261856883066021
0.14849682622544635
0.1747528400007683
0.20565123083486514
0.24201282647943834
0.2848035868435799
0.3351602650938841
0.3944206059437656
0.46415888336127725
0.5462277217684337
0.642807311728432
0.7564633275546291
0.8902150854450375
1.0476157527896641
1.232846739442066
1.4508287784959402
1.7073526474706886
2.009233002565046
2.364489412645407
2.782559402207126
3.274549162877725
3.8535285937105273
4.534878508128582
5.3366992312063015
6.280291441834247
7.390722033525775
8.697490026177835
10.235310218990248
12.045035402587812
14.174741629268048
16.68100537200059
19.630406500402685
23.10129700083158
27.1858824273294
31.992671377973846
37.64935806792464
44.30621457583877
52.14008287999685
61.35907273413163
72.20809018385457
84.97534359086438
100.0
###
1.4623333048165765
1.2709405879911213
1.0980405869677206
0.9439669807172159
0.8083726627406342
0.6903415395661991
0.6125594852497681
0.5218945828847337
0.4446020499911725
0.3789976296612593
4.292969663144853
3.5901319502717857
2.978360416412427
2.453251366521962
2.007852496000327
1.6341155540865522
1.3954356405177193
1.125546733944284
0.9031207574483
0.7203763899086268
6.27788351244279
5.165328398648149
4.213029673101409
3.4089600107676423
2.7381037130602293
2.184002396835534
1.8349471187658166
1.445535391085059
1.1294722470760954
0.8737194082833649
7.911602261095404
6.442000554729917
5.197754896658413
4.158564669337285
3.300420055381001
2.5990177251764686
2.161188643876921
1.677041648515474
1.2881552997901073
0.9767605805505121
9.334441383756825
7.542565012688696
6.037716310100957
4.790731763865079
3.7692188661253163
2.9405563448065033
2.4268482750031137
1.8625216082040357
1.4127920990170357
1.0556544707296978
10.611653515336746
8.522966316018385
6.780121518570551
5.345007806447967
4.176640083800082
3.2346333745324345
2.65375346072536
2.0191493077860843
1.516590410472292
1.1201680904303297
11.780159400838953
9.414481197135112
7.451053826110706
5.84270155692851
4.540006811324671
3.4949847515878805
2.853548418544503
2.1557547874362895
1.606164732930118
1.175115213449653
12.86327182016507
10.23679053831134
8.066731930560064
6.296993892093208
4.869831597405039
3.7298793694794936
3.032851064687017
2.27753746402597
1.6853451554250123
1.223181701033243
13.877101426264662
11.003193222725143
8.638090054374233
6.716681552338448
5.173091467272205
3.9447741774409413
3.196230664110613
2.3878035320882196
1.756558671659442
1.2660479531163844
14.833078992261317
11.723203778887823
9.17283329673083
7.107997066937076
5.454672939749988
4.143453044713298
3.3466466568769144
2.488865982514479
1.8214447401466989
1.3048321272128367
15.739835061509716
12.40394968346626
9.676729794497689
7.4754131314101055
5.718153025756343
4.32865212960095
3.4865191198203105
2.582375338533263
1.8811805297454522
1.34033154403418
16.604023304233255
13.05085019251773
10.15415426997767
7.822560733389158
5.966258758131292
4.502449566461649
3.6176406011486475
2.6695503059188055
1.9366219515808654
1.3731433949494478
17.43072181952178
13.668080904960354
10.608440272485565
8.152027275859117
6.201085038725446
4.666446544860612
3.7406448016695553
2.7513246654991503
1.9884252921195493
1.4036306426472165
18.22455287443434
14.259334224111106
11.042626727912886
8.465952543846369
6.42431021675011
4.821914138929766
3.857207436756671
2.8284361465444907
2.0371027801604473
1.4321657074956313
18.988862340539075
14.827337230713415
11.458794698400661
8.76634415158305
6.637314502358851
4.969866282690285
3.9679137410915266
2.901463845764279
2.083054577309473
1.4590124722411912