# ../data/BKevo/MV2g_BKevo/mv2g_1.dat
# N(r,Y=0), r, *F2(x,Q^2)
# 1e-05 < r < 100.0
# 1 < Q^2 < 50, n=15, lin grid
# 1e-5 < x < 1e-2, n=10, log grid
###
6.434997576035358e-05
7.239973767510261e-05
8.14023276287133e-05
9.152173237229713e-05
0.00010291434245426723
0.00011566421654337424
0.00012996789741953458
0.00014606056088072803
0.00016408247843640255
0.00018425938223625414
0.00020694346464571805
0.0002323634867282942
0.00026076181630836816
0.0002926637935159953
0.000328435874788503
0.0003683080526560743
0.0004130609195128332
0.00046327305759603915
0.0005191048917298362
0.0005817119102893551
0.0006519157000398572
0.0007299458921511799
0.0008172638656546453
0.0009150733267632471
0.0010238191739773397
0.0011451943479741562
0.0012809950436707591
0.0014320180734677312
0.0016001142365937866
0.0017879495282751012
0.0019968835086802395
0.002228749243424056
0.0024874840040672182
0.0027753320189678435
0.0030937640655428382
0.0034485681458333944
0.0038433605737975035
0.004278638339973507
0.004762874753889866
0.0053014923402018715
0.005893897848181963
0.006551554076254748
0.007281913971737066
0.008085224203747002
0.008974152119607124
0.009959914664154811
0.011044481274986374
0.012241004227948497
0.013566379649882039
0.015025858971714087
0.016631947302354358
0.018410188171328973
0.020371830184981687
0.022527382006481706
0.02491569918848477
0.027558693868547663
0.030464082929374768
0.03369144266590882
0.03728125216422223
0.04124017136073858
0.04566031878803591
0.05060738297901222
0.05611493789555435
0.06230687538624262
0.0692993038883844
0.07718324768891506
0.08613527318734593
0.09635824752849734
0.10804450642168689
0.12146447601119564
0.136955791872809
0.1548622151666997
0.17558770451004954
0.1996306933352181
0.22747337644135796
0.2595396734649907
0.29634324424350234
0.33819836509895607
0.3847366011400719
0.4358861163648626
0.49083857728273206
0.5465865477064795
0.6018726695578672
0.65441925881695
0.6998999516710627
0.7383648591682749
0.7705524848934797
0.7969382525875403
0.8202942674509962
0.8426634285402692
0.8643301534007019
0.8851911559799107
0.9053052958300103
0.9240197204381007
0.9406023780330007
0.9553322060244943
0.9678707187149534
0.9776184616819208
0.9852952014281945
0.9910437661432259
###
1e-05
1.1768119524349992e-05
1.3848863713938717e-05
1.6297508346206434e-05
1.917910261672489e-05
2.2570197196339216e-05
2.656087782946684e-05
3.1257158496882356e-05
3.678379771828634e-05
4.328761281083062e-05
5.0941380148163754e-05
5.994842503189409e-05
7.054802310718646e-05
8.302175681319735e-05
9.770099572992247e-05
0.00011497569953977356
0.00013530477745798074
0.00015922827933410923
0.0001873817422860383
0.00022051307399030456
0.00025950242113997375
0.0003053855508833416
0.00035938136638046257
0.0004229242874389499
0.0004977023564332109
0.0005857020818056661
0.0006892612104349695
0.0008111308307896872
0.0009545484566618337
0.0011233240329780276
0.0013219411484660286
0.0015556761439304723
0.0018307382802953678
0.002154434690031882
0.0025353644939701114
0.0029836472402833374
0.003511191734215131
0.004132012400115334
0.004862601580065354
0.005722367659350214
0.006734150657750821
0.007924828983539169
0.0093260334688322
0.010974987654930556
0.01291549665014884
0.01519911082952933
0.01788649529057435
0.0210490414451202
0.02477076355991709
0.029150530628251757
0.034304692863149154
0.040370172585965536
0.047508101621027934
0.05590810182512223
0.06579332246575675
0.0774263682681127
0.09111627561154886
0.10722672220103231
0.1261856883066021
0.14849682622544635
0.1747528400007683
0.20565123083486514
0.24201282647943834
0.2848035868435799
0.3351602650938841
0.3944206059437656
0.46415888336127725
0.5462277217684337
0.642807311728432
0.7564633275546291
0.8902150854450375
1.0476157527896641
1.232846739442066
1.4508287784959402
1.7073526474706886
2.009233002565046
2.364489412645407
2.782559402207126
3.274549162877725
3.8535285937105273
4.534878508128582
5.3366992312063015
6.280291441834247
7.390722033525775
8.697490026177835
10.235310218990248
12.045035402587812
14.174741629268048
16.68100537200059
19.630406500402685
23.10129700083158
27.1858824273294
31.992671377973846
37.64935806792464
44.30621457583877
52.14008287999685
61.35907273413163
72.20809018385457
84.97534359086438
100.0
###
4.44927306740158
3.8897861513332197
3.3097470301197807
2.725077281706305
2.161288828065227
1.6487337796202648
1.3134402755779828
0.9431126351079904
0.6605011978487887
0.4549127399704452
17.195286494530254
14.70282485530638
12.167290122085738
9.691573538634572
7.403661472557001
5.423950780121745
4.18662127143321
2.8781480309873837
1.924912612477124
1.2604831391049147
28.58334299062823
24.19190336286987
19.774803152755137
15.531511788643709
11.687669552038845
8.43244527854271
6.435264809217755
4.358505081667997
2.871571310009836
1.8509260661704399
39.282628082578526
33.01887953237614
26.771070794755687
20.836713829394835
15.532231840941678
11.101833077100205
8.415243750721585
5.65031413703005
3.6912893583641897
2.358783043808282
49.51493058501278
41.40122904915247
33.36241621402498
25.793765104703635
19.095606560964967
13.55813952095439
10.228551210853981
6.827017776787384
4.434717595956906
2.817786088622851
59.39403726867541
49.44991083626952
39.65284456857217
30.49486598095186
22.454463689445298
15.861758847543292
11.92335907634165
7.922766916550394
5.124987854133087
3.243054466141679
68.98947724982202
57.23216351001872
45.70501841118822
34.995291343489086
25.65535992526876
18.047805419331624
13.52755637428394
8.9570342839854
5.775032272990539
3.6429359418770986
78.34818992228604
64.7934557739683
51.560735621861305
39.32880591283139
28.72760446686126
20.13906720204532
15.059038388322916
9.942163254918395
6.393594338224266
4.022883026764124
87.50400567579962
72.16617209387597
57.24994473137274
43.52644673192334
31.692174812518026
22.1514540456044
16.53023975061168
10.886988914270114
6.985786099478317
4.386455620151073
96.4891203137567
79.37439379365794
62.79525207539603
47.60850499805543
34.56449560736175
24.096629671433547
17.95022906154265
11.79747807287918
7.555911795659733
4.7362671964773755
105.30308040740124
86.43736263069603
68.21331835081749
51.58295922722352
37.356424994536596
25.983453369191466
19.325914108213272
12.678427826196577
8.10705841608161
5.074926457664815
113.9824709434298
93.37028583514416
73.51816704409549
55.46480242003569
40.07730415732537
27.818914947417163
20.662665334571333
13.533514004869723
8.641590818453766
5.401892277792381
122.5335162062385
100.18548526761086
78.72091289721382
59.263543697238084
42.7370060295935
29.60861820062314
21.964856079396622
14.365654546559767
9.161651526352626
5.720426720217335
130.9671562293725
106.89328382302693
83.83054177579605
62.986641994189064
45.334737022726884
31.35716125451546
23.235972430549637
15.177236631680014
9.668408658056606
6.030837349916199
139.29266004544266
113.50267535295185
88.85567337935584
66.64147524769294
47.88267790877637
33.06837249693583
24.47897022873826
15.97025761677046
10.163177967722532
6.333950372051151