# ../data/BKevo/MV2g_BKevo/mv2g_31.dat
# N(r,Y=0), r, *F2(x,Q^2)
# 1e-05 < r < 100.0
# 1 < Q^2 < 50, n=15, lin grid
# 1e-5 < x < 1e-2, n=10, log grid
###
6.435480765584372e-05
7.240592180288494e-05
8.141025648646386e-05
9.153189062429384e-05
0.00010292733942907873
0.00011568086512695344
0.00012998921992060734
0.0001460878321790495
0.00016411737848612702
0.00018430406287393448
0.0002070005876394002
0.00023243651597808758
0.00026085527071471794
0.00029278321761767835
0.0003285883929806462
0.0003685031305568565
0.0004133100771132401
0.0004635909081901602
0.0005195112067210447
0.0005822305574082812
0.0006525768368430267
0.0007307901414414474
0.0008183407949356985
0.0009164451641180377
0.0010255687136899662
0.001147424353925916
0.0012838334507631712
0.0014356329776435538
0.0016047178186956493
0.0017938037257981378
0.0020043281344933927
0.0022382203583644865
0.002499515390090367
0.0027906072859393313
0.003113174592514648
0.0034731958278912335
0.003874573054726198
0.0043182464633950025
0.004813057674767175
0.005364978110683907
0.005974320046140732
0.006653279116471546
0.007410383590918243
0.00824758730792364
0.009179121769426734
0.01021824623506232
0.011370105039031622
0.012651119306258911
0.014082008057482184
0.015673831607598436
0.017445764192401986
0.019430377848033305
0.021649340611450654
0.024126379728102647
0.026912983923574923
0.030049303643976073
0.033568310345126084
0.037551636418568395
0.04207072444035604
0.04717813964473497
0.053003048228499196
0.05966330209991954
0.06726506347421199
0.07599596143414251
0.0860524988603274
0.09762822091065666
0.11099632659805456
0.1264668343172821
0.1443456436830785
0.16500190663250452
0.18886379262129452
0.21629787712412957
0.24762547405453003
0.2832401654997023
0.32323721850261955
0.3671744957346769
0.4148918252942686
0.4654276828755724
0.515977154125758
0.5656432065176132
0.6123754653704505
0.6520537552856158
0.6857155734653446
0.7138362982341733
0.7368681506182748
0.7578861045767447
0.7786562955659311
0.7996074095654684
0.8209779313076583
0.8427688985295044
0.864338664577963
0.8851917317014676
0.9053053117252239
0.9240197204702952
0.9406023780331463
0.9553322060244944
0.9678707187149534
0.9776184616819208
0.9852952014281945
0.9910437661432259
###
1e-05
1.1768119524349992e-05
1.3848863713938717e-05
1.6297508346206434e-05
1.917910261672489e-05
2.2570197196339216e-05
2.656087782946684e-05
3.1257158496882356e-05
3.678379771828634e-05
4.328761281083062e-05
5.0941380148163754e-05
5.994842503189409e-05
7.054802310718646e-05
8.302175681319735e-05
9.770099572992247e-05
0.00011497569953977356
0.00013530477745798074
0.00015922827933410923
0.0001873817422860383
0.00022051307399030456
0.00025950242113997375
0.0003053855508833416
0.00035938136638046257
0.0004229242874389499
0.0004977023564332109
0.0005857020818056661
0.0006892612104349695
0.0008111308307896872
0.0009545484566618337
0.0011233240329780276
0.0013219411484660286
0.0015556761439304723
0.0018307382802953678
0.002154434690031882
0.0025353644939701114
0.0029836472402833374
0.003511191734215131
0.004132012400115334
0.004862601580065354
0.005722367659350214
0.006734150657750821
0.007924828983539169
0.0093260334688322
0.010974987654930556
0.01291549665014884
0.01519911082952933
0.01788649529057435
0.0210490414451202
0.02477076355991709
0.029150530628251757
0.034304692863149154
0.040370172585965536
0.047508101621027934
0.05590810182512223
0.06579332246575675
0.0774263682681127
0.09111627561154886
0.10722672220103231
0.1261856883066021
0.14849682622544635
0.1747528400007683
0.20565123083486514
0.24201282647943834
0.2848035868435799
0.3351602650938841
0.3944206059437656
0.46415888336127725
0.5462277217684337
0.642807311728432
0.7564633275546291
0.8902150854450375
1.0476157527896641
1.232846739442066
1.4508287784959402
1.7073526474706886
2.009233002565046
2.364489412645407
2.782559402207126
3.274549162877725
3.8535285937105273
4.534878508128582
5.3366992312063015
6.280291441834247
7.390722033525775
8.697490026177835
10.235310218990248
12.045035402587812
14.174741629268048
16.68100537200059
19.630406500402685
23.10129700083158
27.1858824273294
31.992671377973846
37.64935806792464
44.30621457583877
52.14008287999685
61.35907273413163
72.20809018385457
84.97534359086438
100.0
###
4.471572133717844
3.924424518697936
3.3627476114201995
2.802430798556843
2.2653310209119493
1.7761915809099824
1.4534470665321297
1.0905008505538163
0.8049101177906393
0.5885642537562596
17.292383661767776
14.847947952817202
12.377837526093701
9.978146974054734
7.761257749917192
5.830254017518733
4.609484770315555
3.294693925030019
2.3099251088031543
1.5989272975301043
28.751915705566493
24.438401737333994
20.122685998963263
15.990466885639908
12.241984669858317
9.042001520598404
7.05542223369986
4.952601995651867
3.407049835081921
2.3109345664029948
39.51836228018521
33.36109665975422
27.244903036409248
21.448992316795646
16.256197563016514
11.881324810977201
9.19691121541911
6.385967667230534
4.3437424414073265
2.911031501990706
49.81502471916229
41.835069418105576
33.954324908232984
26.546298122493
19.971940842669248
14.487335179406175
11.150308001075512
7.6833153324538035
5.1852077148690565
3.446133191523041
59.75875995385318
49.971728647095865
40.35762735912401
31.378736938628677
23.47129580691242
16.9262225391549
12.970516774139627
8.885670800498849
5.961116807353779
3.937036610338888
69.4175297607518
57.839806554416114
46.51584981447438
36.00284003814045
26.80264467973403
19.236778499388127
14.68917684525166
10.016196868273843
6.687855024895361
4.395159148443364
78.8384232687379
65.48402122303257
52.474481335265814
40.45675823146973
29.99690067766458
21.443974563923554
16.32651324900629
11.089714214596196
7.375858957711176
4.827659179788696
88.05537969263935
72.93748452391395
58.26297706496356
44.7670693785148
33.07783738786014
23.565359018952094
17.89655938856
12.116251771550578
8.032224882124362
5.239357412929481
97.09400818633598
80.22482106372222
63.90408833741316
48.953909751751446
36.06100390850257
25.613679015918404
19.409676466207888
13.103368611098523
8.66082224293361
5.633669060882614
105.974216611801
87.36524781183306
69.41546751255237
53.03278305813287
38.95910767536528
27.598592716376096
20.87336241033343
14.056453807190428
9.267771504661091
6.013167131930845
114.71226067645111
94.37412666459292
74.81098121586372
57.01543146229483
41.78206645069772
29.527771535261724
22.294074643781634
14.979919428321287
9.854944633043736
6.379809488643553
123.32124364370773
101.26401694128116
80.10231318140065
60.91165056955162
44.53787068901924
31.407400261264623
23.676445245173728
15.877101679785378
10.424677480729715
6.735152640110899
131.8121808698157
108.04539367662123
85.29902785564143
64.73012206880964
47.23308669170878
33.24248973145615
25.024484956398418
16.75079221683439
10.980376312034913
7.080464391970102
140.19435644276703
114.72708135845558
90.40901475223721
68.47739665998365
49.873259533401324
35.037189728810716
26.340683845016628
17.603351118626154
11.520702436062896
7.416769980421989