# data/BKevo/ATAN_BKevo/atan57.dat
# N(r,Y=0), r, *F2(x,Q^2)
# 1e-05 < r < 100.0
# 1 < Q^2 < 50, n=15, lin grid
# 1e-5 < x < 1e-2, n=10, log grid
###
3.007699801996449e-05
3.426852906395356e-05
3.902899693654072e-05
4.4455558107264505e-05
5.064899010143669e-05
5.76896935639859e-05
6.570829627996542e-05
7.485979218987236e-05
8.527303186380156e-05
9.712184324852485e-05
0.00011064427648101874
0.00012604563674563783
0.00014355429960145156
0.00016353541138247038
0.0001863144666289499
0.00021218666229816285
0.00024171143136475102
0.0002754025752329746
0.000313633580325316
0.00035726058877540336
0.0004070550536627382
0.0004635852793958056
0.0005280506421166541
0.0006016270987424573
0.0006852346781204747
0.0007804922494171219
0.0008892095565897367
0.0010128652058075136
0.0011536237138045642
0.0013142662378675964
0.0014971544212965618
0.0017051489278865543
0.0019425181137328624
0.002213013999434455
0.0025203624835297036
0.002871106334211675
0.0032711790171582717
0.0037253423983270198
0.004243614053459781
0.004835159981285361
0.0055064504434242136
0.006272268967188982
0.007146332711110306
0.008139153116799046
0.00927075471483595
0.01056225931869719
0.012030607281142405
0.013702682690570466
0.015610956528493411
0.017782540588159482
0.0202531289390572
0.02307255324406492
0.026283926032589205
0.029933936616976634
0.034098890719723995
0.03884689114722897
0.04423764173470935
0.05038757436285186
0.057403381517117866
0.06535824023154159
0.0744285671983721
0.0847700550765314
0.0964912454390507
0.10982730332418195
0.1250050419933696
0.14217672584861055
0.16162534478358762
0.1836573297189884
0.20843742088897027
0.23621228724409585
0.267313513293952
0.30176703552199885
0.3394668756990636
0.38057648681126904
0.4246480508377771
0.47055659010952444
0.5181844942506845
0.5665324508757239
0.6131650682584637
0.6584281671610613
0.7015113245381643
0.740045599945905
0.7752406144580858
0.8070677482752224
0.8343826705081987
0.858282919493926
0.8793208417277444
0.897117318143999
0.9123035296983584
0.9255232702671098
0.936706511913653
0.9461027129045742
0.9542507266249747
0.961184572307938
0.9669449101427943
0.9719347470277507
0.976214931277857
0.9797367167076156
0.9827871251232132
0.9854260018814809
###
1e-05
1.1768119524349992e-05
1.3848863713938717e-05
1.6297508346206434e-05
1.917910261672489e-05
2.2570197196339216e-05
2.656087782946684e-05
3.1257158496882356e-05
3.678379771828634e-05
4.328761281083062e-05
5.0941380148163754e-05
5.994842503189409e-05
7.054802310718646e-05
8.302175681319735e-05
9.770099572992247e-05
0.00011497569953977356
0.00013530477745798074
0.00015922827933410923
0.0001873817422860383
0.00022051307399030456
0.00025950242113997375
0.0003053855508833416
0.00035938136638046257
0.0004229242874389499
0.0004977023564332109
0.0005857020818056661
0.0006892612104349695
0.0008111308307896872
0.0009545484566618337
0.0011233240329780276
0.0013219411484660286
0.0015556761439304723
0.0018307382802953678
0.002154434690031882
0.0025353644939701114
0.0029836472402833374
0.003511191734215131
0.004132012400115334
0.004862601580065354
0.005722367659350214
0.006734150657750821
0.007924828983539169
0.0093260334688322
0.010974987654930556
0.01291549665014884
0.01519911082952933
0.01788649529057435
0.0210490414451202
0.02477076355991709
0.029150530628251757
0.034304692863149154
0.040370172585965536
0.047508101621027934
0.05590810182512223
0.06579332246575675
0.0774263682681127
0.09111627561154886
0.10722672220103231
0.1261856883066021
0.14849682622544635
0.1747528400007683
0.20565123083486514
0.24201282647943834
0.2848035868435799
0.3351602650938841
0.3944206059437656
0.46415888336127725
0.5462277217684337
0.642807311728432
0.7564633275546291
0.8902150854450375
1.0476157527896641
1.232846739442066
1.4508287784959402
1.7073526474706886
2.009233002565046
2.364489412645407
2.782559402207126
3.274549162877725
3.8535285937105273
4.534878508128582
5.3366992312063015
6.280291441834247
7.390722033525775
8.697490026177835
10.235310218990248
12.045035402587812
14.174741629268048
16.68100537200059
19.630406500402685
23.10129700083158
27.1858824273294
31.992671377973846
37.64935806792464
44.30621457583877
52.14008287999685
61.35907273413163
72.20809018385457
84.97534359086438
100.0
###
4.121523556076469
3.663722156679279
3.203703820943355
2.7490401729201053
2.310812645119052
1.9011418131749225
1.6193087275142126
1.2849417933577147
1.001221776378983
0.7683801966353917
15.710882146870725
13.66497067926665
11.638841786445143
9.68231260543025
7.85709203068284
6.219050741638497
5.136919077086383
3.9067222568868285
2.914913305835737
2.140595271280055
25.937211729536738
22.32952095746491
18.790050584176385
15.416190844675675
12.323715803213432
9.599946762685198
7.832826729454617
5.85859552257188
4.299007608672993
3.1045163626362062
35.47317030423876
30.326229215638932
25.312783947158525
20.57983734184993
16.29167736417952
12.562759015891308
10.171753927860397
7.53043437673711
5.4694420948114155
3.9096927805184714
44.54137743924089
37.87524811670442
31.4196159535371
25.371410382581946
19.93976830647432
15.262875729426366
12.289535003796807
9.03131146316016
6.5121258600364635
4.621639864502635
53.257426913334854
45.08878083751498
37.21782040175593
29.8901064064469
23.357197090123627
17.77506264846352
14.248856810319486
10.41272238505737
7.4664339361442655
5.269801204051101
61.69064623423655
52.03499648048201
42.77205687022834
34.195063403082976
26.596544283455078
20.142879751006447
16.08964275391743
11.703020971899742
8.354615971988135
5.870549903638111
69.8882047947501
58.75951081057686
48.125479901343574
38.325422363708284
29.68898785310942
22.40016519359081
17.83510631007181
12.922325002195466
9.19061817324711
6.4343731958727854
77.88406894897625
65.29588911839036
53.308880003499304
42.30877191784104
32.66033622010488
24.54999754602558
19.501505651218086
14.082791484729869
9.983250974297615
6.967800610704452
85.7038513975249
71.66758433387182
58.345193915509775
46.16588876476328
35.528368511815074
26.62351164280698
21.100980201662974
15.193683323681624
10.740710317251255
7.476251095354747
93.36756221913079
77.89474864736931
63.252259088278535
49.91255878529206
38.30575065498942
28.63396652466977
22.64284340810797
16.261982685097834
11.468026192123663
7.963051889436712
100.8910956043067
83.99243566434394
68.04425263785913
53.561317422744715
41.00325347956062
30.574847847406964
24.134522280497496
17.2931582958864
12.168412486092052
8.431383750581933
108.28786734978746
89.97320441016255
72.73108603295815
57.12237919058158
43.62962940641988
32.460355628039316
25.580817900542215
18.29154253174204
12.845383468446867
8.88337082595942
115.56873465053748
95.84753599707435
77.32730457954447
60.60414577250494
46.19165586986229
34.2961869388749
26.98729642389671
19.260594195847506
13.501504607144147
9.320889997807804
122.742967024161
101.62411879889977
81.83599788670355
64.01366265168836
48.69574531634251
36.08703437373724
28.357571945582112
20.203142570590494
14.138893919737837
9.745454469220299