# data/BKevo/ATAN_BKevo/atan85.dat
# N(r,Y=0), r, *F2(x,Q^2)
# 1e-05 < r < 100.0
# 1 < Q^2 < 50, n=15, lin grid
# 1e-5 < x < 1e-2, n=10, log grid
###
3.183098865448324e-06
3.745908790630087e-06
4.408230237524692e-06
5.187658032572018e-06
6.104897977824906e-06
7.184316908614284e-06
8.454590007997234e-06
9.949462574125606e-06
1.1708646477165425e-05
1.3778875120551802e-05
1.6215144932004393e-05
1.9082176364861373e-05
2.245613322197982e-05
2.642664597687902e-05
3.109919284156035e-05
3.659790183546264e-05
4.3068848295666196e-05
5.068393542284292e-05
5.9645460951787545e-05
7.019149127677263e-05
8.260218576764067e-05
9.720723929213681e-05
0.00011439464071530339
0.00013462097993965417
0.00015842357731224704
0.00018643475782051597
0.00021939864896589363
0.0002581909484645245
0.0003038421876083758
0.0003575651076503098
0.00042078687536340154
0.000495186995864394
0.0005827419302721596
0.0006857775954854839
0.0008070311472627912
0.000949723703727496
0.0011176458924144544
0.001315258506764594
0.0015478110774505213
0.0018214812269158266
0.002143538549651315
0.002522538073237893
0.002968547085320815
0.0034934116904405967
0.004111072492397467
0.004837933711758871
0.005693295303115827
0.006699867806835614
0.007884373451371399
0.009278240893424652
0.010918439910638292
0.012848467643466071
0.015119441837953346
0.017791415579996216
0.02093505161885978
0.024633244934156848
0.028982950287629452
0.03409837219656087
0.04011296563717879
0.047180539125967376
0.055483207793830334
0.06523117575392248
0.07665885605237223
0.09004394909563632
0.10569929208807102
0.12394460946399852
0.14514933004955108
0.16971082933141668
0.19793259925844753
0.23010137883218326
0.26651427606127925
0.30707682722970536
0.3513767187084735
0.3992460873822508
0.4497033033893192
0.5008807571051178
0.5524702239395992
0.6031721588033448
0.6502326217236176
0.6945202370082753
0.7355044006120302
0.7711579789013822
0.8031161387293394
0.8315973762171925
0.8557452293938399
0.8767140788612976
0.8950803639713845
0.910562999453431
0.9237501611120404
0.9352203660499163
0.944921424925883
0.9530741924075544
0.9601471835342887
0.9661699368783683
0.9711770658417463
0.975517281985777
0.9792426891726019
0.9823101370766998
0.9849684600662209
0.987269302926174
###
1e-05
1.1768119524349992e-05
1.3848863713938717e-05
1.6297508346206434e-05
1.917910261672489e-05
2.2570197196339216e-05
2.656087782946684e-05
3.1257158496882356e-05
3.678379771828634e-05
4.328761281083062e-05
5.0941380148163754e-05
5.994842503189409e-05
7.054802310718646e-05
8.302175681319735e-05
9.770099572992247e-05
0.00011497569953977356
0.00013530477745798074
0.00015922827933410923
0.0001873817422860383
0.00022051307399030456
0.00025950242113997375
0.0003053855508833416
0.00035938136638046257
0.0004229242874389499
0.0004977023564332109
0.0005857020818056661
0.0006892612104349695
0.0008111308307896872
0.0009545484566618337
0.0011233240329780276
0.0013219411484660286
0.0015556761439304723
0.0018307382802953678
0.002154434690031882
0.0025353644939701114
0.0029836472402833374
0.003511191734215131
0.004132012400115334
0.004862601580065354
0.005722367659350214
0.006734150657750821
0.007924828983539169
0.0093260334688322
0.010974987654930556
0.01291549665014884
0.01519911082952933
0.01788649529057435
0.0210490414451202
0.02477076355991709
0.029150530628251757
0.034304692863149154
0.040370172585965536
0.047508101621027934
0.05590810182512223
0.06579332246575675
0.0774263682681127
0.09111627561154886
0.10722672220103231
0.1261856883066021
0.14849682622544635
0.1747528400007683
0.20565123083486514
0.24201282647943834
0.2848035868435799
0.3351602650938841
0.3944206059437656
0.46415888336127725
0.5462277217684337
0.642807311728432
0.7564633275546291
0.8902150854450375
1.0476157527896641
1.232846739442066
1.4508287784959402
1.7073526474706886
2.009233002565046
2.364489412645407
2.782559402207126
3.274549162877725
3.8535285937105273
4.534878508128582
5.3366992312063015
6.280291441834247
7.390722033525775
8.697490026177835
10.235310218990248
12.045035402587812
14.174741629268048
16.68100537200059
19.630406500402685
23.10129700083158
27.1858824273294
31.992671377973846
37.64935806792464
44.30621457583877
52.14008287999685
61.35907273413163
72.20809018385457
84.97534359086438
100.0
###
3.1430534513221726
2.794672056697578
2.4552629934379437
2.129668407816564
1.82305013043919
1.5399079755720655
1.3454232543442013
1.1116342301259576
0.9079973011889031
0.7339276290230613
11.32632759873438
9.806033612577409
8.359315521897454
7.012960124272296
5.790478612186303
4.707672889894088
3.9924065178426913
3.167444160920197
2.482408576792127
1.9247855906748814
18.193409381414845
15.557684229033438
13.083076454709971
10.81646317401852
8.794250587286284
7.036358615806455
5.895120413135959
4.6001622466720615
3.5454047946658167
2.702447448726515
24.412927351397073
20.7025303350321
17.253663403747435
14.128849630741025
11.37368660512808
9.008021011551003
7.4890458027790725
5.783668705882737
4.41077645226343
3.326099428123869
30.203432331475586
25.45175177466629
21.068306775000114
17.130393141202052
13.689252092979652
10.76153724647413
8.896892272819995
6.819388052901028
5.1611495143157615
3.861883445149058
35.675392286946796
29.910588133474437
24.624336157939
19.908843150870673
15.81773487351626
12.362478853989817
10.17554843858145
7.75367654394908
5.833678787058399
4.338867059320672
40.89556865542975
34.14050207643602
27.979470244222256
22.51563288032369
17.803593577674455
13.84799721943001
11.357355720831357
8.613090061831567
6.449084894359224
4.772963936138993
45.90856222835927
38.18393261120213
31.171671739191797
24.984058903302984
19.675576909257714
15.241931664917814
12.462858422744892
9.413432725136472
7.019811869877894
5.173952314258995
50.741453243838194
42.070481382140294
34.227668858283224
27.33779094873377
21.453560565022972
16.561013242820103
13.506053156368367
10.1660117862301
7.554617328633478
5.54845897298365
55.427068444386144
45.822146896022794
37.16721512163272
29.593776371226852
23.15210226969248
17.817048731453585
14.496685279859221
10.878791135128743
8.059658708473389
5.901090704881032
59.98006745197987
49.455923229456765
40.00547260184718
31.7655787670208
24.78223599482814
19.018995639092733
15.443300223034724
11.557400552375045
8.539573913014198
6.235297598972977
64.41423562788523
52.98526976470565
42.754390150844365
33.86295956242455
26.352520777496135
20.17399918936054
16.35118261786646
12.206742938862375
8.997373837870375
6.553885722833152
68.74196472724645
56.42109247621581
45.42359644415165
35.896773635966014
27.869764460888785
21.28745523301345
17.224882673375642
12.831093870206384
9.436501072614591
6.858513316572529
72.97324171378332
59.77125953878323
48.02099447904446
37.86950433601962
29.33977965794087
22.36394963207937
18.068226633341432
13.432297848865566
9.859087228872612
7.150983273416471
77.11658365796892
63.04551946876739
50.55409408518184
39.788794068259435
30.767111164641896
23.407216528074805
18.88449541994815
14.012718025756186
10.266514814348351
7.432675430225152