# ../data/BKevo/MV2g_BKevo/mv2g_48.dat
# N(r,Y=0), r, *F2(x,Q^2)
# 1e-05 < r < 100.0
# 1 < Q^2 < 50, n=15, lin grid
# 1e-5 < x < 1e-2, n=10, log grid
###
2.3564752637690347e-13
3.425435037557709e-13
5.015823328329921e-13
7.325205286336565e-13
1.0648288766834038e-12
1.5560811301137994e-12
2.2731157422247945e-12
3.3047652763089866e-12
4.81924314722567e-12
7.041381019011559e-12
1.0238227983125231e-11
1.4897897657650026e-11
2.1771054953145447e-11
3.165748605078954e-11
4.596330197590466e-11
6.717731351312565e-11
9.768606511561771e-11
1.415051995696753e-10
2.0683412051307558e-10
3.0076373420689535e-10
4.3538199682988497e-10
6.353406858244933e-10
9.238087653032452e-10
1.3370920721532958e-09
1.946710901971422e-09
2.8302615098828874e-09
4.095601613575988e-09
5.948817777316574e-09
8.647348699882592e-09
1.2510194002175538e-08
1.8126787655071233e-08
2.634387107703844e-08
3.810054094696704e-08
5.506901544553419e-08
8.001226170826696e-08
1.1568180753276078e-07
1.6678008751363259e-07
2.4225774232619097e-07
3.501394349144614e-07
5.038574432583282e-07
7.312211463713129e-07
1.0565365374242371e-06
1.519877927412838e-06
2.2006186358983963e-06
3.17908861677086e-06
4.572408384803039e-06
6.606165134444222e-06
9.54396420051252e-06
1.3727920620408546e-05
1.979746693990918e-05
2.861435857775736e-05
4.118025369459015e-05
5.9307220374830275e-05
8.581345266236615e-05
0.00012365061654918505
0.0001779702729459177
0.0002580402094220763
0.00037266304356815784
0.0005365944493801217
0.0007806739953378105
0.0011316460183043258
0.0016355815847579496
0.002387145462180051
0.0034795180178265692
0.005058557121480078
0.007417337349728201
0.010891773996022954
0.015953360911772203
0.023523006845981333
0.03481090170966088
0.051320483635327645
0.07581129472610836
0.11218691819114131
0.164229721429628
0.23747815447357165
0.33727290147571803
0.4616681956453065
0.6020240341737819
0.7327035478922147
0.837676770060112
0.9124401740640403
0.9583506891657192
0.9853527077874037
0.9971175235286147
0.9996612783017151
0.999979264556854
0.9999997103377155
0.9999999998760902
0.9999999999999462
1.0
1.0
1.0
1.0
1.0
1.0
1.0
1.0
1.0
1.0
1.0
###
1e-05
1.1768119524349992e-05
1.3848863713938717e-05
1.6297508346206434e-05
1.917910261672489e-05
2.2570197196339216e-05
2.656087782946684e-05
3.1257158496882356e-05
3.678379771828634e-05
4.328761281083062e-05
5.0941380148163754e-05
5.994842503189409e-05
7.054802310718646e-05
8.302175681319735e-05
9.770099572992247e-05
0.00011497569953977356
0.00013530477745798074
0.00015922827933410923
0.0001873817422860383
0.00022051307399030456
0.00025950242113997375
0.0003053855508833416
0.00035938136638046257
0.0004229242874389499
0.0004977023564332109
0.0005857020818056661
0.0006892612104349695
0.0008111308307896872
0.0009545484566618337
0.0011233240329780276
0.0013219411484660286
0.0015556761439304723
0.0018307382802953678
0.002154434690031882
0.0025353644939701114
0.0029836472402833374
0.003511191734215131
0.004132012400115334
0.004862601580065354
0.005722367659350214
0.006734150657750821
0.007924828983539169
0.0093260334688322
0.010974987654930556
0.01291549665014884
0.01519911082952933
0.01788649529057435
0.0210490414451202
0.02477076355991709
0.029150530628251757
0.034304692863149154
0.040370172585965536
0.047508101621027934
0.05590810182512223
0.06579332246575675
0.0774263682681127
0.09111627561154886
0.10722672220103231
0.1261856883066021
0.14849682622544635
0.1747528400007683
0.20565123083486514
0.24201282647943834
0.2848035868435799
0.3351602650938841
0.3944206059437656
0.46415888336127725
0.5462277217684337
0.642807311728432
0.7564633275546291
0.8902150854450375
1.0476157527896641
1.232846739442066
1.4508287784959402
1.7073526474706886
2.009233002565046
2.364489412645407
2.782559402207126
3.274549162877725
3.8535285937105273
4.534878508128582
5.3366992312063015
6.280291441834247
7.390722033525775
8.697490026177835
10.235310218990248
12.045035402587812
14.174741629268048
16.68100537200059
19.630406500402685
23.10129700083158
27.1858824273294
31.992671377973846
37.64935806792464
44.30621457583877
52.14008287999685
61.35907273413163
72.20809018385457
84.97534359086438
100.0
###
1.1677331755832396
1.0173898226123819
0.8847481691616973
0.7690775952612752
0.669273919575838
0.5839529769810574
0.5285650215245599
0.4649561774481536
0.411724105765555
0.367517984290301
3.184650624518673
2.6576694104821588
2.2070545473696446
1.8255113420796285
1.5050717879422075
1.2375392460191255
1.0668790799717593
0.8734825135704071
0.7129994126954657
0.5797461298061299
4.508843026667018
3.695112941510893
3.0097848879407327
2.4379554337156435
1.9643910366946917
1.5743963045515528
1.32852479388186
1.0529101757530084
0.8274222992069958
0.6420371066562992
5.563438901788495
4.50688046754867
3.6260208715510327
2.898209575447606
2.301358704210136
1.8145248090439086
1.5102192778404644
1.1720541416597348
0.8979570485952684
0.6755957963088124
6.461645520856094
5.1902729901058535
4.138299042902931
3.2756213223364745
2.5734077871433274
2.0048852247038496
1.6519124851285731
1.2623855476465442
0.9494037370973466
0.6977832203923896
7.254404634808951
5.788274298753412
4.582455872265567
3.5995572085736316
2.8042555261062803
2.164290549846189
1.7691678791186969
1.3356499564470605
0.9897683568355323
0.7140770718416338
7.969894137397318
6.324297301511096
4.9776933567349655
3.8855182842014724
3.0062384530792396
2.302331223289286
1.8697724578010557
1.3975573269734496
1.0231450142895706
0.726828619708996
8.625676670234
6.812810458717026
5.33574012777195
4.142865323519302
3.186727133296881
2.4246322224198953
1.9582573547250237
1.4513302930070155
1.05160324300117
0.7372401413384575
9.233513354900145
7.263455658801876
5.6643522762357135
4.377782522506235
3.3504280801183186
2.5347929851226407
2.037453080925732
1.4989705632925434
1.076435248276
0.7460038994236244
9.801805400463726
7.683024442841258
5.968961411841827
4.594499799987838
3.5006425318044556
2.6352604550998193
2.1093052600447213
1.5418067837161487
1.0984690636380414
0.7538028973778887
10.33677197683467
8.076560110140276
6.253543015176236
4.796121636919691
3.6397478406003994
2.7278000763241774
2.1751996850274256
1.5808063253834352
1.1182974613331056
0.7601472945658784
10.843232519979635
8.447843987440956
6.521109351950926
4.984963211616838
3.769510356663322
2.8137116650972303
2.2361073921835817
1.6165987030380058
1.1363265177207806
0.7660151246669354
11.324779294939601
8.799865541707417
6.774024637448816
5.162843070463345
3.8912958733317438
2.89398971537896
2.2928105008841815
1.649721445962808
1.1528596311167205
0.7712819399512316
11.784473555804848
9.134942740956832
7.014105501632833
5.331191330946704
4.006199497011638
2.969415768087807
2.3459082383826657
1.6806030214825058
1.1681383833054801
0.7760558797139779
12.224749346581163
9.455079267702704
7.242871794002135
5.491149716372541
4.114834786886804
3.0406049990867303
2.3958694312776085
1.7094506970320213
1.1823383036019224
0.7804179875408964