# datat/BKevo/MVg_BKevo/mvg32.dat
# N(r,Y=0), r, *F2(x,Q^2)
# 1e-05 < r < 100.0
# 1 < Q^2 < 50, n=15, log grid
# 1e-5 < x < 1e-2, n=10, log grid
###
4.712950527538068e-13
6.849828157279426e-13
1.003026209691412e-12
1.464819012662388e-12
2.1293372697752578e-12
3.1115628552312495e-12
4.5452273574105375e-12
6.6078457017658124e-12
9.635746970596745e-12
1.4078166833094228e-11
2.046881594088266e-11
2.9783209790145957e-11
4.352106473638847e-11
6.328023247777776e-11
9.186934849617953e-11
1.3425884917205402e-10
1.9521366203108428e-10
2.827501708950403e-10
4.1323251932302214e-10
6.008060739722728e-10
8.695805370429029e-10
1.2687049090590617e-09
1.8443429396097868e-09
2.6688100662717747e-09
3.884482984913535e-09
5.645703295477302e-09
8.166872801913784e-09
1.1857336959151996e-08
1.7227846823418057e-08
2.491060341279647e-08
3.607253821408199e-08
5.2387275803515964e-08
7.570755090308923e-08
1.0932793230441954e-07
1.5867950501907825e-07
2.291542189293552e-07
3.299510755246652e-07
4.78521901910387e-07
6.904344678268997e-07
9.916918135795004e-07
1.4358708194924955e-06
2.0694425624532974e-06
2.968780906444684e-06
4.284121688486217e-06
6.165975967125419e-06
8.832409768879001e-06
1.2699550938305641e-05
1.824709061894696e-05
2.609063851047844e-05
3.736673150065609e-05
5.35792656077945e-05
7.644374984836957e-05
0.00010901538229015813
0.00015592954949906606
0.00022189782828961355
0.00031498923784080283
0.000449242708717991
0.000637396620376501
0.000900359648096917
0.0012799077494770185
0.0018099337494676092
0.0025474581823251457
0.0036030053094890623
0.005077066292205278
0.007120766911271635
0.010017542764546916
0.014064249637897859
0.019652747270083162
0.027492865280308598
0.03843065892674838
0.05343758858673671
0.07418148633114595
0.10284105158895726
0.14145438171103414
0.19312343244146332
0.26161888994545096
0.348615467515373
0.45514622591771503
0.5773414101050178
0.7061542150499678
0.8277286159211319
0.9168251448136411
0.970706771273095
0.9942350478614157
0.9993225566034303
0.9999585291137082
0.999999420675431
0.9999999997521803
0.9999999999998923
1.0
1.0
1.0
1.0
1.0
1.0
1.0
1.0
1.0
1.0
1.0
###
1e-05
1.1768119524349992e-05
1.3848863713938717e-05
1.6297508346206434e-05
1.917910261672489e-05
2.2570197196339216e-05
2.656087782946684e-05
3.1257158496882356e-05
3.678379771828634e-05
4.328761281083062e-05
5.0941380148163754e-05
5.994842503189409e-05
7.054802310718646e-05
8.302175681319735e-05
9.770099572992247e-05
0.00011497569953977356
0.00013530477745798074
0.00015922827933410923
0.0001873817422860383
0.00022051307399030456
0.00025950242113997375
0.0003053855508833416
0.00035938136638046257
0.0004229242874389499
0.0004977023564332109
0.0005857020818056661
0.0006892612104349695
0.0008111308307896872
0.0009545484566618337
0.0011233240329780276
0.0013219411484660286
0.0015556761439304723
0.0018307382802953678
0.002154434690031882
0.0025353644939701114
0.0029836472402833374
0.003511191734215131
0.004132012400115334
0.004862601580065354
0.005722367659350214
0.006734150657750821
0.007924828983539169
0.0093260334688322
0.010974987654930556
0.01291549665014884
0.01519911082952933
0.01788649529057435
0.0210490414451202
0.02477076355991709
0.029150530628251757
0.034304692863149154
0.040370172585965536
0.047508101621027934
0.05590810182512223
0.06579332246575675
0.0774263682681127
0.09111627561154886
0.10722672220103231
0.1261856883066021
0.14849682622544635
0.1747528400007683
0.20565123083486514
0.24201282647943834
0.2848035868435799
0.3351602650938841
0.3944206059437656
0.46415888336127725
0.5462277217684337
0.642807311728432
0.7564633275546291
0.8902150854450375
1.0476157527896641
1.232846739442066
1.4508287784959402
1.7073526474706886
2.009233002565046
2.364489412645407
2.782559402207126
3.274549162877725
3.8535285937105273
4.534878508128582
5.3366992312063015
6.280291441834247
7.390722033525775
8.697490026177835
10.235310218990248
12.045035402587812
14.174741629268048
16.68100537200059
19.630406500402685
23.10129700083158
27.1858824273294
31.992671377973846
37.64935806792464
44.30621457583877
52.14008287999685
61.35907273413163
72.20809018385457
84.97534359086438
100.0
###
1.1616264862114845
1.0050703611250567
0.8663126691879341
0.7448110531048044
0.6395366438976892
0.5491658784859575
0.49028571691574985
0.4223966621821714
0.36502430329809604
0.3169670130599912
3.188011098445787
2.6456534572234105
2.1817691484142925
1.7890775455275922
1.4596961788612735
1.1854180628115183
1.0110038006645543
0.8141683233017107
0.6519673712625832
0.5182279110619485
4.52883333725403
3.693869668417185
2.9910136350578145
2.4053895484237384
1.9216999921679057
1.5249353163955022
1.2759659139256456
0.9986414717149452
0.773459575420697
0.5907897856255646
5.601022143240858
4.518160072789893
3.6163334110182035
2.8725761169987214
2.264572667147158
1.7708359289143163
1.4638395759630058
1.124977821318958
0.852885493066057
0.6347820937936965
6.516717324315151
5.214506185899434
4.138450381928084
3.2578052456538105
2.5433223461240715
1.9676617919977013
1.612162590681849
1.2225268095583306
0.9123717546254908
0.6661057098420939
7.326580362388654
5.825374266481788
4.592538024437338
3.5897591748649154
2.7811289702791693
2.1335824007303783
1.7359432964160515
1.3026090144738132
0.9601297869962572
0.6903200163511423
8.05869092250913
6.374020916812796
4.997601417425391
3.8836928914141136
2.9901207100566145
2.2779954151355297
1.8428239696070372
1.3709184240792518
1.0002755160602872
0.709996471978356
8.73062690768082
6.8748769294740235
5.365290599885235
4.148886999064667
3.1772953546751803
2.406449367880587
1.937275485896681
1.4306188243691753
1.0345809014585843
0.7265341812389492
9.354185947398722
7.337555587085137
5.703324473369075
4.391444539873961
3.3475642373512624
2.5225368388331018
2.0221563205810034
1.4840416409887793
1.0649269924765552
0.7407770001973135
9.937767086204634
7.768857827515236
6.0171119914939615
4.615604212471562
3.503968286861025
2.628689655275503
2.0994059450318314
1.5317933038289495
1.092044404727637
0.7532616395702406
10.487684213560815
8.173856293567127
6.310653546918172
4.824470073908648
3.6492066927122164
2.7266936120250236
2.1704259026436077
1.5756399766472429
1.116466759558147
0.7643650601221427
11.008640876067838
8.556293766258
6.586955889517772
5.020376553561547
3.784915200132683
2.8178763911253437
2.2362430240027997
1.616028141804715
1.1389406927317962
0.774356877749682
11.50438037505742
8.91912795695947
6.848395298852892
5.205138392950588
3.912454268036507
2.903222460365065
2.297644361914814
1.6535056992329227
1.1595548562912859
0.7834316339767018
11.977915878233947
9.264887179151467
7.096803492145336
5.380216887493192
4.032924654200157
2.9835409646644813
2.355249571733783
1.6884856009683364
1.1786673384112774
0.7917343457363923
12.431726049713596
9.595444239580125
7.333700263657047
5.546633620913249
4.147142733650513
3.059455766270571
2.4095385088464045
1.721298997412948
1.1964948373077826
0.7993846075431342