# data/BKevo/ATAN_BKevo/atan83.dat
# N(r,Y=0), r, *F2(x,Q^2)
# 1e-05 < r < 100.0
# 1 < Q^2 < 50, n=15, lin grid
# 1e-5 < x < 1e-2, n=10, log grid
###
0.0005029486118820915
0.0005547418281637004
0.0006115126988694289
0.0006741994535844045
0.0007435856509966898
0.0008197832545525486
0.0009037681539288616
0.000996723989296905
0.0010989969699072195
0.0012115170545782292
0.001336049811087558
0.0014733225663868322
0.0016240743041974423
0.0017909119007799232
0.0019751636505094656
0.002177138849523307
0.0024006543452251613
0.0026479649374415437
0.0029185708055390735
0.0032180211000612255
0.0035494980418989087
0.0039125348429993176
0.004313720366474241
0.00475779100312495
0.005245055445547269
0.005782543930799985
0.006377457858914759
0.007031465184820548
0.007751571249266916
0.00854857349597306
0.009426391110485021
0.010391168516433437
0.011458915188278863
0.012637144060132053
0.013929734714188761
0.01536020885720614
0.016941669839658505
0.018673470080564858
0.02058990662470275
0.022711351822199605
0.02503287358103631
0.027600372600720752
0.030442377177540295
0.03355824502690952
0.03699797409933679
0.040805245917531485
0.044987198393095965
0.0495953577285611
0.05469555730796457
0.06030805881029112
0.06648106306075093
0.07331251017589155
0.08084377181168317
0.08911117406149986
0.09825873915706006
0.10836053397974842
0.11942623712902861
0.13166505915996654
0.1451997531966707
0.15998697329185116
0.17632563950457367
0.1943752318685265
0.2140828913862189
0.2357682368982881
0.25964440420269647
0.2856307834890218
0.31398186522019655
0.34493500919172204
0.37827737422511104
0.4139853330240516
0.4522034487828785
0.4923642420161968
0.5337478230732338
0.5763128063091191
0.6190560227351514
0.6603369836199956
0.7003739997075558
0.7383461748604311
0.7723402817407321
0.8034977468110519
0.8316664284883981
0.8556076266862142
0.8767114703032421
0.8952526017994358
0.9107582952862505
0.9240831323831524
0.9356554227400523
0.9453332777547769
0.9535234740193131
0.960611488520348
0.9665784826845457
0.9715732715901136
0.9758935098561703
0.9795622447566239
0.9826048136772401
0.9852373652631823
0.9874933702824056
0.9893480882269665
0.9909536730493097
0.992342016844416
###
1e-05
1.1768119524349992e-05
1.3848863713938717e-05
1.6297508346206434e-05
1.917910261672489e-05
2.2570197196339216e-05
2.656087782946684e-05
3.1257158496882356e-05
3.678379771828634e-05
4.328761281083062e-05
5.0941380148163754e-05
5.994842503189409e-05
7.054802310718646e-05
8.302175681319735e-05
9.770099572992247e-05
0.00011497569953977356
0.00013530477745798074
0.00015922827933410923
0.0001873817422860383
0.00022051307399030456
0.00025950242113997375
0.0003053855508833416
0.00035938136638046257
0.0004229242874389499
0.0004977023564332109
0.0005857020818056661
0.0006892612104349695
0.0008111308307896872
0.0009545484566618337
0.0011233240329780276
0.0013219411484660286
0.0015556761439304723
0.0018307382802953678
0.002154434690031882
0.0025353644939701114
0.0029836472402833374
0.003511191734215131
0.004132012400115334
0.004862601580065354
0.005722367659350214
0.006734150657750821
0.007924828983539169
0.0093260334688322
0.010974987654930556
0.01291549665014884
0.01519911082952933
0.01788649529057435
0.0210490414451202
0.02477076355991709
0.029150530628251757
0.034304692863149154
0.040370172585965536
0.047508101621027934
0.05590810182512223
0.06579332246575675
0.0774263682681127
0.09111627561154886
0.10722672220103231
0.1261856883066021
0.14849682622544635
0.1747528400007683
0.20565123083486514
0.24201282647943834
0.2848035868435799
0.3351602650938841
0.3944206059437656
0.46415888336127725
0.5462277217684337
0.642807311728432
0.7564633275546291
0.8902150854450375
1.0476157527896641
1.232846739442066
1.4508287784959402
1.7073526474706886
2.009233002565046
2.364489412645407
2.782559402207126
3.274549162877725
3.8535285937105273
4.534878508128582
5.3366992312063015
6.280291441834247
7.390722033525775
8.697490026177835
10.235310218990248
12.045035402587812
14.174741629268048
16.68100537200059
19.630406500402685
23.10129700083158
27.1858824273294
31.992671377973846
37.64935806792464
44.30621457583877
52.14008287999685
61.35907273413163
72.20809018385457
84.97534359086438
100.0
###
6.509441311236559
5.981151503186369
5.407810696925221
4.791301907814477
4.1394650007095635
3.4707588539979515
2.9751371636203365
2.3515998950771846
1.8010409882818184
1.3452273767859513
26.475119711077355
24.09412135649081
21.50971789760715
18.734673507237414
15.820596863690024
12.878140247249165
10.746848337568823
8.151491452664207
5.959221770231383
4.235149598749872
45.077200249497956
40.84103219486884
36.244313643235415
31.3178739688514
26.171319124841492
21.024590487165902
17.342590221564585
12.931824493684786
9.279272531995524
6.46685777397921
62.98041775449132
56.8878580912257
50.27956312730652
43.209661004110544
35.85452455435325
28.5536442164377
23.377261663084592
17.242388125230654
12.228842306368556
8.416794844486573
80.40578637643054
72.45616764349052
63.837620772134024
54.63188493415681
45.08898186488557
35.67313300244209
29.044293274804254
21.25180424503647
14.946010802097907
10.202073708929404
97.46710842184488
87.66001777688554
77.03281304931772
65.69844928077
53.985903400580696
42.48796397426007
34.44035808134017
25.042518735006933
17.497038542122493
11.863861670220597
114.23414607729015
102.56931023945224
89.93516680854005
76.479080959158
62.61318059159877
49.0613829446075
39.6236562767318
28.663537869610295
19.92043986338937
13.434101308615118
130.75395715366201
117.23137612933118
102.59208587318838
87.0206374599202
71.0161143881672
55.43561125603616
44.632348539272066
32.1401284710433
22.240878066227612
14.924436509149041
147.06071928750018
131.68041985273442
115.0378730478276
97.35712669709609
79.22752153979471
61.64080385323085
49.49367189521196
35.51310280807784
24.475812951225713
16.368413892847418
163.18023829631483
145.94232218411832
127.29818192539439
107.51452542539907
87.27200293407614
67.69941028338894
54.22784823667899
38.77321182450489
26.637943433440768
17.754213019737886
179.13261450428683
160.03735359472492
139.39353524917763
117.51210581791396
95.16874258473865
73.6289487755597
58.850525409876575
41.9537002165577
28.73695474209237
19.09659092264299
194.9344412354678
173.9818584511185
151.34016084868279
127.36629307088616
102.93308988649329
79.4433723757344
63.37417359136794
45.06662226297243
30.780429806798708
20.4002144019623
210.59885480574877
187.78923728204748
163.15142157220558
137.08968251810637
110.57456191253966
85.15404422952547
67.80873875100218
48.10264825465059
32.77446272690354
21.66884631306021
226.13707497689106
201.47057795622553
174.83859042661925
146.6944135360902
118.11325973350212
90.77025374613933
72.16255633242272
51.07743976553114
34.72379977194791
22.907558642263837
241.55864696025827
215.03586027274258
186.41115043079728
156.1892748483142
125.54790606040685
96.30007847890406
76.44273369499584
53.99599916338754
36.63306997640467
24.118681257174064