# datat/BKevo/MVg_BKevo/mvg3.dat
# N(r,Y=0), r, *F2(x,Q^2)
# 1e-05 < r < 100.0
# 1 < Q^2 < 50, n=15, log grid
# 1e-5 < x < 1e-2, n=10, log grid
###
2.9479492307646503e-09
3.772948924774142e-09
4.837412215216104e-09
6.197570161563907e-09
7.929480725502865e-09
1.0157334759558667e-08
1.3008901510259975e-08
1.6638275098682553e-08
2.1292592473342498e-08
2.7259750079360638e-08
3.4850858454710785e-08
4.4555300484741994e-08
5.701673503326716e-08
7.286090702591406e-08
9.305169212534036e-08
1.1901747931701484e-07
1.520116503360035e-07
1.9392144389280309e-07
2.4789385197061984e-07
3.1642807148883544e-07
4.0336157316414955e-07
5.150793051269345e-07
6.570385359799374e-07
8.369636588645804e-07
1.0674024809922477e-06
1.3605389017381e-06
1.7317304301162878e-06
2.205480706395687e-06
2.8086878781808273e-06
3.5717111388381433e-06
4.542067585766328e-06
5.778486693183021e-06
7.340598791321183e-06
9.319834362054174e-06
1.1842991201307968e-05
1.5026345943017173e-05
1.9044311759150094e-05
2.416745013600567e-05
3.062063803552766e-05
3.8739057317780354e-05
4.90758590156952e-05
6.207883928688626e-05
7.840525164725464e-05
9.909926319598713e-05
0.00012511816018908435
0.00015771261464135177
0.00019882940812345108
0.00025047555521219545
0.00031500111771357443
0.00039598568491978485
0.0004975505868082878
0.0006240497439476444
0.0007819660572586657
0.0009795756213527272
0.0012248239021359869
0.0015292701901182398
0.001909148820363063
0.0023787496938994027
0.002958392879560291
0.003679212204639369
0.004566630244229597
0.005657380234684983
0.007006095475807285
0.008661957485653564
0.010690161268786136
0.013185850728726637
0.016244922156771056
0.019984043658280846
0.024571846263134498
0.030196694848097498
0.0370711527257713
0.045499601097755804
0.0558539272951345
0.06852065615873588
0.08404160685190114
0.10312342402407447
0.12642146822586442
0.15481025400954163
0.18941980511925705
0.23111812184394043
0.28093743425247203
0.33969150787273916
0.4076977846422849
0.48477844381896507
0.5685317815127723
0.6562845155953948
0.7441970818972269
0.8242151843824433
0.8909540544483752
0.9419665864970126
0.9741382263100923
0.9903829464774432
0.997454422959616
0.9995849048462266
0.9999433531060715
0.9999959814683437
0.9999999494039052
0.9999999990625956
0.9999999999940701
0.9999999999999999
###
1e-05
1.1768119524349992e-05
1.3848863713938717e-05
1.6297508346206434e-05
1.917910261672489e-05
2.2570197196339216e-05
2.656087782946684e-05
3.1257158496882356e-05
3.678379771828634e-05
4.328761281083062e-05
5.0941380148163754e-05
5.994842503189409e-05
7.054802310718646e-05
8.302175681319735e-05
9.770099572992247e-05
0.00011497569953977356
0.00013530477745798074
0.00015922827933410923
0.0001873817422860383
0.00022051307399030456
0.00025950242113997375
0.0003053855508833416
0.00035938136638046257
0.0004229242874389499
0.0004977023564332109
0.0005857020818056661
0.0006892612104349695
0.0008111308307896872
0.0009545484566618337
0.0011233240329780276
0.0013219411484660286
0.0015556761439304723
0.0018307382802953678
0.002154434690031882
0.0025353644939701114
0.0029836472402833374
0.003511191734215131
0.004132012400115334
0.004862601580065354
0.005722367659350214
0.006734150657750821
0.007924828983539169
0.0093260334688322
0.010974987654930556
0.01291549665014884
0.01519911082952933
0.01788649529057435
0.0210490414451202
0.02477076355991709
0.029150530628251757
0.034304692863149154
0.040370172585965536
0.047508101621027934
0.05590810182512223
0.06579332246575675
0.0774263682681127
0.09111627561154886
0.10722672220103231
0.1261856883066021
0.14849682622544635
0.1747528400007683
0.20565123083486514
0.24201282647943834
0.2848035868435799
0.3351602650938841
0.3944206059437656
0.46415888336127725
0.5462277217684337
0.642807311728432
0.7564633275546291
0.8902150854450375
1.0476157527896641
1.232846739442066
1.4508287784959402
1.7073526474706886
2.009233002565046
2.364489412645407
2.782559402207126
3.274549162877725
3.8535285937105273
4.534878508128582
5.3366992312063015
6.280291441834247
7.390722033525775
8.697490026177835
10.235310218990248
12.045035402587812
14.174741629268048
16.68100537200059
19.630406500402685
23.10129700083158
27.1858824273294
31.992671377973846
37.64935806792464
44.30621457583877
52.14008287999685
61.35907273413163
72.20809018385457
84.97534359086438
100.0
###
1.1218106982266383
0.9301019549616653
0.7612345714880528
0.6153690787911554
0.49163956401012693
0.3884076716284303
0.32316138976324266
0.2505395587442247
0.19201631767550925
0.14530165459888303
3.1792898637094704
2.540480815865119
2.0034573920649343
1.5602015385106243
1.2003633952154606
0.9126322166623722
0.7372930575857036
0.5487733673461401
0.40289107285925696
0.2910761964526962
4.59832939748823
3.6217133447483643
2.8156241787785925
2.161891927248123
1.6400355210023922
1.2294617786472104
0.9826884576615116
0.7208679651576861
0.5213628563798585
0.3708340224584927
5.760412866899462
4.496350505202564
3.464811639430952
2.637292267789445
1.9835253770455403
1.4741979667728196
1.1706765728768687
0.8512906105300395
0.6102141394321197
0.4300697611645736
6.770015761531306
5.250231436152277
4.02006332092141
3.0408517574532934
2.2729791164276056
1.6789843490254073
1.3271613786471887
0.9591168292636978
0.6831921822546317
0.47843719053256073
7.6751851897412235
5.922107105303733
4.512128776005991
3.396531355893499
2.5267117289343437
1.8575846871227744
1.463125915841477
1.0523341469395922
0.7459989032212756
0.5198768019670491
8.502716960556587
6.533520459765772
4.957908078556236
3.71737614845287
2.75463089362101
2.0173688526306623
1.5844021023478456
1.1351620543217817
0.8015866154912342
0.5564482512764563
9.26953501927723
7.097917151009603
5.367892793811253
4.011425143091595
2.962824299912553
2.1628216749110027
1.694535669953072
1.2101418870303802
0.8517627503740421
0.5893703151526926
9.987122608101958
7.6243922511553865
5.7491579743264785
4.284067692267387
3.155309325165863
2.296918013923445
1.7958579234335967
1.2789451507418486
0.8976879567543679
0.6194291384607751
10.66375077831725
8.119435025304758
6.106692532176587
4.53907578123195
3.3348784045064788
2.4217223539777275
1.8899881561746554
1.3427194517349528
0.9401620702812193
0.6471732465353738
11.305587485858545
8.587850613775606
6.444207937443417
4.779202589378036
3.503656176162963
2.5387661473376175
1.9781348148575273
1.4023127558072739
0.9797837146305568
0.6729982704504786
11.917369438114317
9.033229608261538
6.764563077416154
5.006695245428022
3.663193726295714
2.6492046894530317
2.061180891786282
1.458366501404593
1.0169792006973775
0.697212305710237
12.50308436452424
9.458713210229302
7.06993710970589
5.223247673962179
3.814735539534675
2.7539235810084817
2.139830768258628
1.511349886966706
1.0520883209181933
0.7200451794253075
13.065271583433493
9.866541727428684
7.362140265198823
5.429872140842456
3.9592689824884473
2.85364478784288
2.2146401119199948
1.5616818198154379
1.0853929548240047
0.7416756519240327
13.60660462434302
10.258803260857416
7.642656852640904
5.628092035593639
4.097589294489508
2.948944971151169
2.2857932699297745
1.6096641103845428
1.1170983605007678
0.7622368544786146