# ../data/BKevo/MV2g_BKevo/mv2g_45.dat
# N(r,Y=0), r, *F2(x,Q^2)
# 1e-05 < r < 100.0
# 1 < Q^2 < 50, n=15, lin grid
# 1e-5 < x < 1e-2, n=10, log grid
###
4.4686388125840095e-09
5.71927826493086e-09
7.332961554455289e-09
9.394951128296527e-09
1.202057715018316e-08
1.5398171203801648e-08
1.9721504115707894e-08
2.5224283306639723e-08
3.228137168870939e-08
4.13295041995301e-08
5.284067005249997e-08
6.755742835960066e-08
8.64566028513664e-08
1.104879447201031e-07
1.411147001676319e-07
1.8050594306764802e-07
2.3056531867688488e-07
2.9415986313990503e-07
3.760728270755614e-07
4.801037827961586e-07
6.120888445027465e-07
7.81745730536677e-07
9.973836273467187e-07
1.2707692890799168e-06
1.621037317391509e-06
2.0667804338041412e-06
2.6314504253453626e-06
3.3525203252685616e-06
4.271174835620727e-06
5.433943146945255e-06
6.913794928714788e-06
8.801105567604438e-06
1.1187760803139406e-05
1.4215015534422382e-05
1.807946286812481e-05
2.2961715126690516e-05
2.913358674065766e-05
3.701930605401678e-05
4.697232232660477e-05
5.952171566225217e-05
7.554922911015556e-05
9.57711369217058e-05
0.0001212453256862277
0.00015367568352637917
0.00019463449744504193
0.0002461930760931415
0.0003116370320250097
0.0003943938915019889
0.0004985198265149346
0.0006303516835585463
0.0007973399193778577
0.0010074546367956445
0.001272959992609202
0.001610091188673849
0.0020346338261446823
0.002570508016371788
0.003253424037496034
0.0041150803162349385
0.005202726299518194
0.006596295297733617
0.00836073912331451
0.010596084086851372
0.013470621098207352
0.01713597903397979
0.021806325761646348
0.027840201570259293
0.0356041314088484
0.04556311646431227
0.05848492591807607
0.07524549721066258
0.09681789380545851
0.12472725271840034
0.16079337641248417
0.20657778127101212
0.26408637038174837
0.33490445868569385
0.41869673895618376
0.5134232450536547
0.6112802908377286
0.7052251374037447
0.7872918005821838
0.8483228345574598
0.8953586101059859
0.9326991014324537
0.960381977772387
0.9797883243512006
0.9917893193058122
0.9973205938010312
0.9993155942371557
0.9998945094383949
0.9999914887552144
0.9999994242780678
0.999999984104786
0.9999999999678054
0.9999999999998544
0.9999999999999999
1.0
1.0
1.0
1.0
###
1e-05
1.1768119524349992e-05
1.3848863713938717e-05
1.6297508346206434e-05
1.917910261672489e-05
2.2570197196339216e-05
2.656087782946684e-05
3.1257158496882356e-05
3.678379771828634e-05
4.328761281083062e-05
5.0941380148163754e-05
5.994842503189409e-05
7.054802310718646e-05
8.302175681319735e-05
9.770099572992247e-05
0.00011497569953977356
0.00013530477745798074
0.00015922827933410923
0.0001873817422860383
0.00022051307399030456
0.00025950242113997375
0.0003053855508833416
0.00035938136638046257
0.0004229242874389499
0.0004977023564332109
0.0005857020818056661
0.0006892612104349695
0.0008111308307896872
0.0009545484566618337
0.0011233240329780276
0.0013219411484660286
0.0015556761439304723
0.0018307382802953678
0.002154434690031882
0.0025353644939701114
0.0029836472402833374
0.003511191734215131
0.004132012400115334
0.004862601580065354
0.005722367659350214
0.006734150657750821
0.007924828983539169
0.0093260334688322
0.010974987654930556
0.01291549665014884
0.01519911082952933
0.01788649529057435
0.0210490414451202
0.02477076355991709
0.029150530628251757
0.034304692863149154
0.040370172585965536
0.047508101621027934
0.05590810182512223
0.06579332246575675
0.0774263682681127
0.09111627561154886
0.10722672220103231
0.1261856883066021
0.14849682622544635
0.1747528400007683
0.20565123083486514
0.24201282647943834
0.2848035868435799
0.3351602650938841
0.3944206059437656
0.46415888336127725
0.5462277217684337
0.642807311728432
0.7564633275546291
0.8902150854450375
1.0476157527896641
1.232846739442066
1.4508287784959402
1.7073526474706886
2.009233002565046
2.364489412645407
2.782559402207126
3.274549162877725
3.8535285937105273
4.534878508128582
5.3366992312063015
6.280291441834247
7.390722033525775
8.697490026177835
10.235310218990248
12.045035402587812
14.174741629268048
16.68100537200059
19.630406500402685
23.10129700083158
27.1858824273294
31.992671377973846
37.64935806792464
44.30621457583877
52.14008287999685
61.35907273413163
72.20809018385457
84.97534359086438
100.0
###
1.5665833425282825
1.3614786624546602
1.1751417346359496
1.0084847880843624
0.861584756632399
0.7338131149394038
0.6498373748635601
0.5524082551007824
0.4699640722360266
0.40063416666541407
4.696845283549765
3.930330536361988
3.2593258556524707
2.680890260413665
2.1892528604542587
1.7764111465796157
1.5130603250578822
1.215922781741766
0.9719748870307257
0.7724818377527397
6.934303924437085
5.710876996537124
4.657981692509104
3.765374785350924
3.0189447246963566
2.402133099709906
2.014033346442433
1.5819213657983688
1.2324970240278457
0.9510456958463762
8.794369206050288
7.169200259657422
5.786143186976702
4.626344257019638
3.66670935244808
2.8819902514878053
2.3926730058442454
1.8526881348329045
1.4205133107912749
1.0761078416394454
10.425435861618203
8.43548479978977
6.7559244465728785
5.358832563791082
4.211914610420314
3.281257063249314
2.704862477299261
2.073006170784012
1.5712228033284417
1.174624320347461
11.89728321988298
9.56973593899635
7.618149198806922
6.0051378764476855
4.689185542122285
3.6278984806487635
2.97411707520925
2.2612089323882336
1.69867330853321
1.2569549632696158
13.249538050485466
10.605774380445732
8.401105122560399
6.5885131038220655
5.11737120750974
3.936857016176887
3.212884144607992
2.426967266950564
1.809968785742743
1.3282533461700416
14.507273138985918
11.564939008085618
9.122461117173621
7.12335362592283
5.507905376849166
4.217195005626072
3.4286465009348697
2.5758116115338043
1.9093242903281575
1.3914904572320979
15.688238357030292
12.461773235981703
9.794169714243864
7.619310269151009
5.868515935760693
4.4749203951464835
3.626316447644059
2.7114817413977588
1.9994671660516437
1.4485270740765157
16.804859997216987
13.306702307267946
10.42475003619063
8.083227215935006
6.2045845559350585
4.714178678222468
3.809282849481568
2.836599128223827
2.082292196169141
1.5006830636938842
17.866902849477658
14.107533463447673
11.020476416553429
8.520159662093542
6.520092819308118
4.938055497150092
3.980053017937766
2.952953538006557
2.1589404867345996
1.5488098488385063
18.88092306573803
14.870305758197276
11.58634403236378
8.933743960896928
6.818115503867605
5.148853266739101
4.140365920711131
3.061919242493462
2.2304980870325832
1.5935780288160202
19.85309002642714
15.59964977467831
12.126150088983946
9.32750165131424
7.100871334507996
5.348372302709864
4.291888651674291
3.1645473289081036
2.2977083868666273
1.635552965312254
20.788095688837895
16.29954364371368
12.642901782296912
9.703718560749074
7.370356250006276
5.538050080523151
4.43566726218188
3.261701607686696
2.361169979943568
1.6750621207107388
21.68980052454752
16.973115858591218
13.139110493179617
10.064140223863783
7.62804278070794
5.719024222029166
4.572655146585203
3.3540219019341664
2.421339405644137
1.7124261585938