# data/BKevo/ATAN_BKevo/atan62.dat
# N(r,Y=0), r, *F2(x,Q^2)
# 1e-05 < r < 100.0
# 1 < Q^2 < 50, n=15, lin grid
# 1e-5 < x < 1e-2, n=10, log grid
###
6.720640969127532e-11
8.991430881431695e-11
1.2072359879313608e-10
1.6191289835003176e-10
2.166888319207635e-10
2.9072777731635604e-10
3.9005843298255193e-10
5.221843287435729e-10
7.000926236666765e-10
9.396259727529475e-10
1.2583180238725554e-09
1.6857713636760354e-09
2.2633780828985267e-09
3.032047230821038e-09
4.058967800252734e-09
5.45174556286872e-09
7.305671579704181e-09
9.772504072127377e-09
1.3130765616062989e-08
1.7602025076965115e-08
2.3546247067638033e-08
3.162424214655651e-08
4.240754140466744e-08
5.674638681503166e-08
7.615973251652119e-08
1.0216477324559425e-07
1.367522390331933e-07
1.8340259889310708e-07
2.46114112450399e-07
3.29541470235444e-07
4.41631376586001e-07
5.928553463614816e-07
7.940809221585872e-07
1.0633794241137857e-06
1.42803031150362e-06
1.9133662861551473e-06
2.560294636403967e-06
3.439553440132611e-06
4.610092370148857e-06
6.166088378548896e-06
8.28403462535343e-06
1.1107043247859926e-05
1.4860494843692434e-05
1.9950584335857757e-05
2.6758574184042526e-05
3.5812427139562336e-05
4.8044126832194896e-05
6.446133637542042e-05
8.629906431692823e-05
0.00011568816543701747
0.00015527368110924874
0.00020793958193986547
0.000278537447931965
0.0003739673197179242
0.000500948035321753
0.0006704672940543238
0.0009004117709836588
0.0012063740521971503
0.0016130521456344529
0.0021664441588690694
0.002902454152492292
0.003879535190297118
0.0052035216373937185
0.006966440696404262
0.009301673617465821
0.0124423236018834
0.016617767213210163
0.022115232500214924
0.029411827503023055
0.039020622888845426
0.05147529891352631
0.06758110217668892
0.08820019267832913
0.11397208003864202
0.1456613883605249
0.1837429466140241
0.22815085278440425
0.27849589196902136
0.333036101460642
0.3908479515447209
0.45040805203144935
0.5081668909744564
0.5641459222788453
0.6174227600736151
0.6654707052537506
0.709134040493705
0.7487759264059869
0.7832992460216046
0.8134572235630247
0.8401967255188418
0.8632024153556916
0.8828126074014188
0.9000044808184955
0.914779547301588
0.9271637706687772
0.9379618029714073
0.947278048404963
0.9549859730816956
0.9616885438407687
0.9675068299771145
###
1e-05
1.1768119524349992e-05
1.3848863713938717e-05
1.6297508346206434e-05
1.917910261672489e-05
2.2570197196339216e-05
2.656087782946684e-05
3.1257158496882356e-05
3.678379771828634e-05
4.328761281083062e-05
5.0941380148163754e-05
5.994842503189409e-05
7.054802310718646e-05
8.302175681319735e-05
9.770099572992247e-05
0.00011497569953977356
0.00013530477745798074
0.00015922827933410923
0.0001873817422860383
0.00022051307399030456
0.00025950242113997375
0.0003053855508833416
0.00035938136638046257
0.0004229242874389499
0.0004977023564332109
0.0005857020818056661
0.0006892612104349695
0.0008111308307896872
0.0009545484566618337
0.0011233240329780276
0.0013219411484660286
0.0015556761439304723
0.0018307382802953678
0.002154434690031882
0.0025353644939701114
0.0029836472402833374
0.003511191734215131
0.004132012400115334
0.004862601580065354
0.005722367659350214
0.006734150657750821
0.007924828983539169
0.0093260334688322
0.010974987654930556
0.01291549665014884
0.01519911082952933
0.01788649529057435
0.0210490414451202
0.02477076355991709
0.029150530628251757
0.034304692863149154
0.040370172585965536
0.047508101621027934
0.05590810182512223
0.06579332246575675
0.0774263682681127
0.09111627561154886
0.10722672220103231
0.1261856883066021
0.14849682622544635
0.1747528400007683
0.20565123083486514
0.24201282647943834
0.2848035868435799
0.3351602650938841
0.3944206059437656
0.46415888336127725
0.5462277217684337
0.642807311728432
0.7564633275546291
0.8902150854450375
1.0476157527896641
1.232846739442066
1.4508287784959402
1.7073526474706886
2.009233002565046
2.364489412645407
2.782559402207126
3.274549162877725
3.8535285937105273
4.534878508128582
5.3366992312063015
6.280291441834247
7.390722033525775
8.697490026177835
10.235310218990248
12.045035402587812
14.174741629268048
16.68100537200059
19.630406500402685
23.10129700083158
27.1858824273294
31.992671377973846
37.64935806792464
44.30621457583877
52.14008287999685
61.35907273413163
72.20809018385457
84.97534359086438
100.0
###
1.1340793385854773
0.9654973117676244
0.815436826531933
0.6835749659606115
0.5690875015842611
0.4707404576165365
0.4066880814310706
0.3329481210220412
0.2710750575287402
0.21952432399249902
3.1440388444250926
2.5748224197242346
2.0893972137708614
1.680763190334462
1.3407239416846006
1.0606260159171703
0.8847628065667831
0.6893792540613067
0.5319017681303789
0.40576527377179467
4.491272986841908
3.6201796727853526
2.8902380035750017
2.2863042589334777
1.7922268139256388
1.3919700516927507
1.144287759028916
0.872997496223251
0.6578901096511686
0.4884081217291409
5.57643086655786
4.449679321989022
3.5160691654803786
2.751920639501057
2.1334097830839585
1.6376935650779718
1.3336898604045715
1.0037547125219484
0.7449126256641956
0.5431308157137484
6.5079253928678495
5.154759208901572
4.042624294077639
3.1395730786559817
2.4142725924134103
1.8373769689905959
1.4860584463707698
1.107251650439323
0.8124015231137738
0.5844371752453128
7.335044031682884
5.776258611707417
4.503227666104045
3.476021090685404
2.6559973350049884
2.007677624233323
1.6149659378731758
1.1937740505145558
0.8679705406132541
0.6177399879024619
8.085202227381442
6.336667218049462
4.916110409774074
3.7757043168582274
2.869878722688195
2.1573028216675527
1.7274968038593657
1.2685848301932177
0.9154580985819954
0.6457303402366057
8.775603734104667
6.849962046611991
5.292402062986114
4.047418313257357
3.0627169871341358
2.291347373656098
1.8278300194731727
1.334769234401999
0.9570600207654896
0.6699233404246353
9.417839734971428
7.325469915790509
5.6395447531148895
4.296982193410052
3.239000695624877
2.413262630881658
1.9186942649952885
1.3943031919344853
0.994172413548618
0.691257858003678
10.020181177976834
7.769853028411764
5.962808309312363
4.528467592924678
3.401847047999274
2.5253831122013546
2.0019329816103864
1.4485321052111746
1.0277352989310888
0.7103662707470034
10.588857718071312
8.188049193804032
6.266010528779664
4.744870463908104
3.5535332984847727
2.6294301692732995
2.0789050939447864
1.4984240873885397
1.0584146525777058
0.7276686905771765
11.128478881315058
8.583669991535888
6.552106494805693
4.9484487118537945
3.6957701022025944
2.72650448456171
2.1506136556458677
1.5446920579560637
1.0867092574540482
0.7435109197641422
11.64280468102243
8.960086443388851
6.823391559448113
5.1409607016275105
3.8298816040101245
2.8178452151913054
2.2178365155772255
1.587884852213661
1.1129918625667332
0.7581266101784838
12.134846398421569
9.31904463771403
7.081643866163156
5.323826176715222
3.9569196653111507
2.9041155735614566
2.281164088733522
1.6284261195867624
1.1375436621293318
0.7716740487575344
12.607023226796573
9.662922764316201
7.328444066900585
5.498136926599847
4.07773371371891
2.9859542577757527
2.341115746155287
1.6666625317093435
1.1605963062274505
0.7843323013568989