# ../data/BKevo/MV2g_BKevo/mv2g_41.dat
# N(r,Y=0), r, *F2(x,Q^2)
# 1e-05 < r < 100.0
# 1 < Q^2 < 50, n=15, lin grid
# 1e-5 < x < 1e-2, n=10, log grid
###
8.490883765832533e-05
9.553018008122825e-05
0.00010740868445275272
0.00012076071023794283
0.0001357925863275521
0.00015261518229573852
0.00017148779033406597
0.00019272067006508595
0.00021649882358322882
0.00024312000628193262
0.00027304883118055696
0.00030658698784439
0.0003440540750631514
0.00038614308071460853
0.00043333724715289055
0.0004859396263758298
0.0005449798380728709
0.0006112207780766273
0.000684873269994767
0.0007674612907813005
0.0008600679026126495
0.0009629945096758923
0.0010781680244137484
0.0012071748530683081
0.0013505991822701686
0.0015106720794426324
0.0016897602203361668
0.0018889099562847884
0.002110557993810437
0.0023582160654261816
0.002633669367076899
0.002939326304274747
0.0032803715656292073
0.0036597515626870555
0.004079387997802913
0.0045469001933550225
0.005067035278764791
0.005640415621114601
0.006278192062953513
0.006987479713719385
0.00776744150202578
0.008633154141888652
0.009594389096417646
0.010651393134773465
0.011820803572200606
0.013117330134364774
0.014543467628905224
0.01611646234040971
0.017858488227879398
0.01977635732030855
0.021886452900817737
0.024222340763654784
0.026798767473723735
0.02962955139945739
0.032765831177677
0.03623650222538184
0.040051931906885024
0.0442906148984052
0.049006044062300406
0.05420757061129841
0.0600164571823101
0.0665193543071498
0.07376069897098819
0.08190271579155926
0.09109679495759772
0.10145913726786539
0.11321607093972101
0.1266252097341285
0.14191982339372294
0.15942669235957582
0.17955179186384876
0.20267328720682576
0.2292080093989376
0.2596839590177944
0.2945081954594051
0.3338616059590485
0.3780841589006156
0.42705923040464566
0.4794340256529666
0.5346663991878171
0.5911367605540165
0.6445574700795637
0.69403754729583
0.7378773550662372
0.7733481551232204
0.8025986570269975
0.8277460320274744
0.849981337278493
0.8709446328525595
0.891314476607675
0.9105440317552207
0.9281827430069561
0.9443032510780226
0.9583617052503159
0.9698667996769057
0.979305770159496
0.9866254367885015
0.9916702566338437
0.9952071754626295
0.9975226078168715
###
1e-05
1.1768119524349992e-05
1.3848863713938717e-05
1.6297508346206434e-05
1.917910261672489e-05
2.2570197196339216e-05
2.656087782946684e-05
3.1257158496882356e-05
3.678379771828634e-05
4.328761281083062e-05
5.0941380148163754e-05
5.994842503189409e-05
7.054802310718646e-05
8.302175681319735e-05
9.770099572992247e-05
0.00011497569953977356
0.00013530477745798074
0.00015922827933410923
0.0001873817422860383
0.00022051307399030456
0.00025950242113997375
0.0003053855508833416
0.00035938136638046257
0.0004229242874389499
0.0004977023564332109
0.0005857020818056661
0.0006892612104349695
0.0008111308307896872
0.0009545484566618337
0.0011233240329780276
0.0013219411484660286
0.0015556761439304723
0.0018307382802953678
0.002154434690031882
0.0025353644939701114
0.0029836472402833374
0.003511191734215131
0.004132012400115334
0.004862601580065354
0.005722367659350214
0.006734150657750821
0.007924828983539169
0.0093260334688322
0.010974987654930556
0.01291549665014884
0.01519911082952933
0.01788649529057435
0.0210490414451202
0.02477076355991709
0.029150530628251757
0.034304692863149154
0.040370172585965536
0.047508101621027934
0.05590810182512223
0.06579332246575675
0.0774263682681127
0.09111627561154886
0.10722672220103231
0.1261856883066021
0.14849682622544635
0.1747528400007683
0.20565123083486514
0.24201282647943834
0.2848035868435799
0.3351602650938841
0.3944206059437656
0.46415888336127725
0.5462277217684337
0.642807311728432
0.7564633275546291
0.8902150854450375
1.0476157527896641
1.232846739442066
1.4508287784959402
1.7073526474706886
2.009233002565046
2.364489412645407
2.782559402207126
3.274549162877725
3.8535285937105273
4.534878508128582
5.3366992312063015
6.280291441834247
7.390722033525775
8.697490026177835
10.235310218990248
12.045035402587812
14.174741629268048
16.68100537200059
19.630406500402685
23.10129700083158
27.1858824273294
31.992671377973846
37.64935806792464
44.30621457583877
52.14008287999685
61.35907273413163
72.20809018385457
84.97534359086438
100.0
###
4.7833526741703585
4.233034341109482
3.657529243430774
3.0682171666181333
2.4872913738506206
1.9419954002059054
1.5746661382546145
1.1572274237283828
0.8287815065357996
0.583476501777031
18.69580754223966
16.228467622740396
13.680233367829652
11.13197332061795
8.707643890122771
6.531921071446614
5.128967874110178
3.602529554272461
2.4577804357395268
1.6402466437388568
31.242459714852576
26.87634206465087
22.403810997883106
17.990531602854862
13.866020506377074
10.23967604044744
7.944711683240002
5.4913273539582494
3.685116966176473
2.416545134876155
43.09276992455009
36.843835453344774
30.483294034538076
24.26693517116094
18.527809970111754
13.549837105403764
10.437064631551408
7.145803175261861
4.750128628691648
3.0844802500126414
54.469276961597174
46.35193834607222
38.13265486181258
30.160402862242666
22.868712238725564
16.607805205014433
12.727158214900332
8.656369117203328
5.717384816934372
3.6881838061839547
65.48640721514728
55.5134922880883
45.46009400108949
35.770764877364215
26.975283368928956
19.483950786353756
14.872697258520894
10.065340828408678
6.616066343109928
4.247543705315658
76.21394732812328
64.3972193631346
52.53168797901426
41.157829664568595
30.898846420564638
22.21945883475604
16.90726053904459
11.396885212109563
7.4631803198477735
4.773705495428912
86.6994804372747
73.04963784732257
59.39125945054097
46.35940314807947
34.67199035984381
24.841125453182652
18.852497350487777
12.666593937963139
8.269550793044377
5.27343098608614
96.97707015713591
81.50411764605926
66.07112106646846
51.40737007799913
38.32077494452814
27.367850781859236
20.723496001972176
13.885131347010494
9.041898216083597
5.751694112702115
107.07251797565127
89.78571940584668
72.59428975796888
56.321337522400725
41.86183958940025
29.813408903311917
22.531296978848307
15.060338976616467
9.785718437454657
6.211846229326798
117.00602371291126
97.9142456893961
78.97821575984804
61.117534583576656
45.30877241788642
32.18838487241784
24.284319525136997
16.198117859609027
10.504989079870008
6.657371796772156
126.79381061778798
105.90536339190962
85.23905171525183
65.80892429181307
48.672317682040756
34.50108784923545
25.98909045943001
17.303076541607687
11.202821369583333
7.087479856703375
136.44919271956593
113.7719612927833
91.38820518668174
70.40605308983024
51.96114687267662
36.758214085054995
27.650998214073987
18.378885921141077
11.881862886836881
7.506574198592309
145.9833118807497
121.5248034328298
97.43107481862808
74.9162930020022
55.18283244665894
38.965280736392195
29.274341393446836
19.428593440575955
12.543693747037747
7.914916817745068
155.40559027519407
129.17297375722742
103.38505516795956
79.34938524401284
58.34220693152614
41.12686436062783
30.86275489027689
20.454682992162326
13.19019282579839
8.314892913681636