# data/BKevo/ATAN_BKevo/atan59.dat
# N(r,Y=0), r, *F2(x,Q^2)
# 1e-05 < r < 100.0
# 1 < Q^2 < 50, n=15, lin grid
# 1e-5 < x < 1e-2, n=10, log grid
###
1.650908733041716e-07
2.006451921768814e-07
2.439999061945072e-07
2.9667221907624617e-07
3.605838945229877e-07
4.3844423686870605e-07
5.331223470521997e-07
6.480078779924633e-07
7.87834534646973e-07
9.580166436342408e-07
1.164529807559473e-06
1.415635904364058e-06
1.7215329820750344e-06
2.092749587782411e-06
2.5436888995719247e-06
3.0935257428190386e-06
3.7607998585009113e-06
4.570589897546978e-06
5.5588912864568305e-06
6.758330841680294e-06
8.213624594492704e-06
9.988922700742468e-06
1.2144927072688503e-05
1.4760938715136265e-05
1.794920069577141e-05
2.1824614327228763e-05
2.652708367630241e-05
3.225280763593475e-05
3.921880986828893e-05
4.767178384138834e-05
5.7954324287069604e-05
7.047553215062243e-05
8.567016763460253e-05
0.00010413578973099103
0.00012664217813309508
0.00015395509657007298
0.00018711557226081942
0.00022756963379581648
0.0002766652473961319
0.00033623240701426057
0.00040892711788974995
0.0004971768229470617
0.0006042533932567407
0.0007348056954744925
0.0008934329426196648
0.0010859082211389093
0.0013203601927474875
0.0016054823022206815
0.0019514544287582702
0.0023724725830247687
0.0028849306419691917
0.0035067632821384857
0.00426272350360208
0.0051836440866460266
0.006301074616837484
0.0076580715759843885
0.009312399906984606
0.011319387974497488
0.013753599734810261
0.016722457890470797
0.02032228310753522
0.02468468204455276
0.029994964698833785
0.036428738199590166
0.044209975146081736
0.053643336884929144
0.06503476537405467
0.07873992284892793
0.09520957733496771
0.11489931570891668
0.13827648531617417
0.16582709956854874
0.19792875813841038
0.23489825668724781
0.27676860458298275
0.32295302166223944
0.37316120508609707
0.4264358854819778
0.4802678331424658
0.5343921319810577
0.5875699901024507
0.6366989727952377
0.6826487951338214
0.7250607918396755
0.7621897211943186
0.7951730518700473
0.8245680080170401
0.8497249348011284
0.8713942269705703
0.8903967001348635
0.9065808815730002
0.9202575710871265
0.9321693720942674
0.942346230414762
0.9508308830170611
0.9581998649649358
0.9645355242799607
0.9697600973973924
0.9742925101993558
0.9782188478914144
###
1e-05
1.1768119524349992e-05
1.3848863713938717e-05
1.6297508346206434e-05
1.917910261672489e-05
2.2570197196339216e-05
2.656087782946684e-05
3.1257158496882356e-05
3.678379771828634e-05
4.328761281083062e-05
5.0941380148163754e-05
5.994842503189409e-05
7.054802310718646e-05
8.302175681319735e-05
9.770099572992247e-05
0.00011497569953977356
0.00013530477745798074
0.00015922827933410923
0.0001873817422860383
0.00022051307399030456
0.00025950242113997375
0.0003053855508833416
0.00035938136638046257
0.0004229242874389499
0.0004977023564332109
0.0005857020818056661
0.0006892612104349695
0.0008111308307896872
0.0009545484566618337
0.0011233240329780276
0.0013219411484660286
0.0015556761439304723
0.0018307382802953678
0.002154434690031882
0.0025353644939701114
0.0029836472402833374
0.003511191734215131
0.004132012400115334
0.004862601580065354
0.005722367659350214
0.006734150657750821
0.007924828983539169
0.0093260334688322
0.010974987654930556
0.01291549665014884
0.01519911082952933
0.01788649529057435
0.0210490414451202
0.02477076355991709
0.029150530628251757
0.034304692863149154
0.040370172585965536
0.047508101621027934
0.05590810182512223
0.06579332246575675
0.0774263682681127
0.09111627561154886
0.10722672220103231
0.1261856883066021
0.14849682622544635
0.1747528400007683
0.20565123083486514
0.24201282647943834
0.2848035868435799
0.3351602650938841
0.3944206059437656
0.46415888336127725
0.5462277217684337
0.642807311728432
0.7564633275546291
0.8902150854450375
1.0476157527896641
1.232846739442066
1.4508287784959402
1.7073526474706886
2.009233002565046
2.364489412645407
2.782559402207126
3.274549162877725
3.8535285937105273
4.534878508128582
5.3366992312063015
6.280291441834247
7.390722033525775
8.697490026177835
10.235310218990248
12.045035402587812
14.174741629268048
16.68100537200059
19.630406500402685
23.10129700083158
27.1858824273294
31.992671377973846
37.64935806792464
44.30621457583877
52.14008287999685
61.35907273413163
72.20809018385457
84.97534359086438
100.0
###
2.0833244372610404
1.813308654352118
1.5599807045123013
1.326481559432791
1.115147024024855
0.9273061978466337
0.8020806501780862
0.6553832338329996
0.5307258437253682
0.426259410138607
6.7844998060884185
5.709062953411763
4.738780463068162
3.8815840618368322
3.139590361726231
2.509414712617275
2.106080681254403
1.6516485173076059
1.2824974607986086
0.9864331707722893
10.397909992397182
8.62299108882681
7.050519918611151
5.686805618776689
4.528384016327829
3.562566019891264
2.95428118122954
2.2794394973393834
1.7404592869813234
1.3153113621698587
13.518125504043528
11.105061460475703
8.9925036114945
7.182787495068985
5.663654183995495
4.411649047207989
3.631064013490333
2.7732957839399157
2.0954602649201726
1.566251393856403
16.327177156459374
13.319143770726782
10.709147114337332
8.49303606487496
6.649109453577238
5.142232933242829
4.20953895623284
3.1916259991585263
2.393375037484003
1.7748208261232914
18.91355673247469
15.343670582550418
12.268117545797596
9.675034745895204
7.53225596119051
5.792699705330677
4.722080649083749
3.559872366154393
2.653884964184441
1.955920611397191
21.32898790607839
17.223953649701286
13.708194501258982
10.761242062075134
8.339575197003398
6.384279544032444
5.186459498991598
3.891833321422536
2.8875486389871137
2.1174897527453824
23.607098330973123
18.989263779854458
15.054162227563062
11.771961144827046
9.087663938514595
6.930195342050405
5.613670196014522
4.195927361739559
3.100727172491748
2.2642559668706306
25.77138751251628
20.65983346904607
16.323114093920424
12.721084170104104
9.787783591042512
7.439350338182256
6.011076845486873
4.477865526059259
3.297676134579898
2.3994100048739377
27.839254147769914
22.250534970739395
17.527118172116616
13.619158977897715
10.448093174615162
7.91807568376242
6.383895079205375
4.741585010452405
3.48135514579041
2.5250790002058916
29.82375100039706
23.77262705070852
18.676206198446753
14.473551511924128
11.074437834934631
8.371088049236887
6.735996917064798
4.990043642184374
3.6539533571448177
2.6428749648717624
31.735175183276297
25.234640112511503
19.77696261591527
15.290066610334607
11.6718547085415
8.80197449051598
7.0703335626902755
5.225391076593511
3.8171079403667614
2.7539823502090917
33.58178856652435
26.643482087301155
20.83532095025703
16.07339944974617
12.243448831555908
9.213582146435202
7.389210388975181
5.4494509379349525
3.972104367405493
2.859316631343815
35.37035955761302
28.00519880106475
21.8559455503779
16.827283821662053
12.79264930203556
9.60818264391674
7.694482306341461
5.663478798482551
4.119920999069353
2.9596578188683167
37.1064986915904
29.32433112629773
22.842774789172992
17.554791605494017
13.32184447196109
9.987638782154068
7.987662030230934
5.868805564760158
4.261445865880495
3.0555260272893006