# datat/BKevo/MVg_BKevo/mvg34.dat
# N(r,Y=0), r, *F2(x,Q^2)
# 1e-05 < r < 100.0
# 1 < Q^2 < 50, n=15, log grid
# 1e-5 < x < 1e-2, n=10, log grid
###
0.0
0.0
1.110223024625157e-16
1.110223024625157e-16
2.0946128908612616e-16
3.5521364940579244e-16
5.575746707572391e-16
8.515760248043037e-16
1.4336190284371117e-15
2.408624766907742e-15
3.931034986356058e-15
6.532310608089367e-15
1.1002855545259575e-14
1.8183907668052113e-14
2.998914510006833e-14
5.006459957305877e-14
8.284318087378333e-14
1.3597640098704592e-13
2.2780107215080926e-13
3.77129583593935e-13
6.185412444351148e-13
1.0330860198265448e-12
1.7116753493560318e-12
2.809042035664287e-12
4.672290107443081e-12
7.746299026158222e-12
1.2717563233540782e-11
2.1064159737383174e-11
3.4942961968813586e-11
5.7384598007580675e-11
9.462839303228589e-11
1.5705426239342957e-10
2.579695126331415e-10
4.2343997363317004e-10
7.030435141146154e-10
1.1548552767770549e-09
1.88648277020347e-09
3.132856387985187e-09
5.1456865363529596e-09
8.375288860746276e-09
1.3888956686253347e-08
2.2805747087619412e-08
3.709873304580645e-08
6.121652655858556e-08
1.0046395034635248e-07
1.632957101396142e-07
2.6803070649630166e-07
4.3950750311507206e-07
7.135941439380967e-07
1.1646860001574677e-06
1.9075765669500284e-06
3.092704194787759e-06
5.017456699051319e-06
8.205067744285591e-06
1.3278487413430938e-05
2.1405533067500026e-05
3.493676644190156e-05
5.641641501745772e-05
9.034188886318102e-05
0.000147119512311251
0.00023699753622236726
0.00037834751584130697
0.0006124093236337825
0.0009841641019910136
0.00156732721714458
0.0025209005287849255
0.004042580495009413
0.006424255633685882
0.010269687926562698
0.016430815170308647
0.02603331123649221
0.04127015709021688
0.06555048130512145
0.10266347370611843
0.1590273300975834
0.24387400349459276
0.3618878382845936
0.51480328465327
0.6871825171496273
0.8456932654858472
0.9543788805583345
0.9919025065253949
0.9994057600978715
0.9999941128470178
0.9999999989687375
0.9999999999999518
1.0
1.0
1.0
1.0
1.0
1.0
1.0
1.0
1.0
1.0
1.0
1.0
1.0
1.0
###
1e-05
1.1768119524349992e-05
1.3848863713938717e-05
1.6297508346206434e-05
1.917910261672489e-05
2.2570197196339216e-05
2.656087782946684e-05
3.1257158496882356e-05
3.678379771828634e-05
4.328761281083062e-05
5.0941380148163754e-05
5.994842503189409e-05
7.054802310718646e-05
8.302175681319735e-05
9.770099572992247e-05
0.00011497569953977356
0.00013530477745798074
0.00015922827933410923
0.0001873817422860383
0.00022051307399030456
0.00025950242113997375
0.0003053855508833416
0.00035938136638046257
0.0004229242874389499
0.0004977023564332109
0.0005857020818056661
0.0006892612104349695
0.0008111308307896872
0.0009545484566618337
0.0011233240329780276
0.0013219411484660286
0.0015556761439304723
0.0018307382802953678
0.002154434690031882
0.0025353644939701114
0.0029836472402833374
0.003511191734215131
0.004132012400115334
0.004862601580065354
0.005722367659350214
0.006734150657750821
0.007924828983539169
0.0093260334688322
0.010974987654930556
0.01291549665014884
0.01519911082952933
0.01788649529057435
0.0210490414451202
0.02477076355991709
0.029150530628251757
0.034304692863149154
0.040370172585965536
0.047508101621027934
0.05590810182512223
0.06579332246575675
0.0774263682681127
0.09111627561154886
0.10722672220103231
0.1261856883066021
0.14849682622544635
0.1747528400007683
0.20565123083486514
0.24201282647943834
0.2848035868435799
0.3351602650938841
0.3944206059437656
0.46415888336127725
0.5462277217684337
0.642807311728432
0.7564633275546291
0.8902150854450375
1.0476157527896641
1.232846739442066
1.4508287784959402
1.7073526474706886
2.009233002565046
2.364489412645407
2.782559402207126
3.274549162877725
3.8535285937105273
4.534878508128582
5.3366992312063015
6.280291441834247
7.390722033525775
8.697490026177835
10.235310218990248
12.045035402587812
14.174741629268048
16.68100537200059
19.630406500402685
23.10129700083158
27.1858824273294
31.992671377973846
37.64935806792464
44.30621457583877
52.14008287999685
61.35907273413163
72.20809018385457
84.97534359086438
100.0
###
1.0045608373263857
0.8684416469805845
0.7498117358197013
0.6475615508146351
0.5602689879662252
0.4863785364406483
0.4389109304088301
0.3845602383268812
0.3395558563300202
0.3025180021748418
2.632237663765058
2.173602717102739
1.7861181016645322
1.4616110702793497
1.1916285154683737
0.9680351783764046
0.8262516548417709
0.6663173868798956
0.5342069607106286
0.4248030884588156
3.668295733235003
2.9722857061181664
2.3931863792620494
1.9152388921506467
1.5232366263772597
1.2031527573816077
1.002681366783793
0.7795053829962217
0.597424107528218
0.4491042622697295
4.481962950671748
3.5883309572195174
2.852216123276039
2.250766704024524
1.7622850406870896
1.3674550396779606
1.1224331086118848
0.8520149882292426
0.6344711646379723
0.4594471142519287
5.168840969198432
4.1022306159184305
3.2302537653574834
2.5231101981935335
1.9532578789659463
1.4962162902571114
1.2146237753398466
0.9062288148966436
0.6605730588898325
0.4651691418435896
5.771142636465428
4.548943079288936
3.555800512598094
2.7552569636567137
2.1141036730117406
1.6031526091287427
1.2902374711746967
0.9497222228939163
0.6807165335656158
0.4688025487536069
6.311988498527981
4.947317774620795
3.8439921704691025
2.959165613808591
2.254045635400052
1.6951905686764506
1.3547001374632304
0.9861826116931103
0.6971240974499857
0.4713204632462653
6.805586831284428
5.308859202295777
4.103936007368641
3.1418087326870343
2.3785091956233444
1.7763574409441636
1.4110823346209658
1.017664663261081
0.7112150769991894
0.4731669896223336
7.261573188902375
5.641193525788708
4.341679429157071
3.307914349157908
2.4909874561931433
1.8491644776363794
1.4613865002465822
1.0454170714301765
0.7229708549257426
0.4745815273103944
7.686572222393589
5.949677724313782
4.56136277860084
3.460673297336541
2.5938554713607
1.9153460879015614
1.5068225081508653
1.0702703561036597
0.7338058979775862
0.47569275254155474
8.085590157039592
6.238243856503382
4.766058416266406
3.6024209183143596
2.6888514263627186
1.976128912142541
1.5483556697905267
1.092808282560218
0.7434084916983968
0.4765954202688542
8.462405442263291
6.509860991583112
4.958058582240496
3.7349148612825513
2.777244124161115
2.032413976732396
1.5866540081854348
1.1134436897008348
0.7515849303486094
0.47733986985938137
8.81997406903755
6.766870404357073
5.139142224392784
3.8592019426672555
2.8600391370068285
2.084888445073239
1.622224023591888
1.1324889774170246
0.7594168874361241
0.4779624357289297
9.160567172460292
7.0110550040286945
5.310721503150181
3.9767779924518725
2.9379524446552368
2.134091609228341
1.6554629131089573
1.150183442777376
0.7666272317509952
0.4784932608410811
9.486258021327048
7.243967065789897
5.473925709799674
4.088305152879111
3.011623259567095
2.1804413449963884
1.6866777460744615
1.1667526702019606
0.773317433070749
0.47894862343468353