# ../data/BKevo/MV2g_BKevo/mv2g_49.dat
# N(r,Y=0), r, *F2(x,Q^2)
# 1e-05 < r < 100.0
# 1 < Q^2 < 50, n=15, lin grid
# 1e-5 < x < 1e-2, n=10, log grid
###
2.3564752637690347e-13
3.4249140786397124e-13
5.01513104845706e-13
7.32409506331194e-13
1.0646686348876293e-12
1.5557814276156243e-12
2.272613678705269e-12
3.3039228508829062e-12
4.817873485298372e-12
7.039083416547113e-12
1.0234407970441332e-11
1.4891604895072978e-11
2.1760532368194235e-11
3.164011623888888e-11
4.593467424808977e-11
6.712944480982015e-11
9.760688652669339e-11
1.4137514161765084e-10
2.0661638822464909e-10
3.0040330881135994e-10
4.3479076165394984e-10
6.343534210642533e-10
9.22173254608911e-10
1.334408353867365e-09
1.9422478014395773e-09
2.8228636268758118e-09
4.083458712337772e-09
5.928710671998001e-09
8.614003352585125e-09
1.2455450603184921e-08
1.8036548766935698e-08
2.619416888919436e-08
3.785476580508415e-08
5.466581295107171e-08
7.934326532460421e-08
1.1458366815841539e-07
1.6498767709983563e-07
2.392840806617792e-07
3.4526046000853696e-07
4.959254900676062e-07
7.180868941673185e-07
1.035004613728363e-06
1.48491223101705e-06
2.1430469990143195e-06
3.0848336094322468e-06
4.419603907828744e-06
6.356151410036572e-06
9.135482705529747e-06
1.3067299327588048e-05
1.8724268623823833e-05
2.6866220774190626e-05
3.836282247374414e-05
5.47677749399381e-05
7.84516514752305e-05
0.00011184417588467355
0.00015913196101301514
0.00022768473525696336
0.00032432472392108743
0.00046037488579562467
0.0006590129250980622
0.0009399251289852878
0.0013369036040757189
0.0019187074391394184
0.0027532407901911834
0.003947802003079407
0.005721538816195199
0.008336659843622994
0.012177333240774538
0.01803501172244919
0.027050085719032408
0.04078591784199043
0.06237960718575842
0.0969225710070621
0.15021393008612427
0.23139650819303814
0.34973488716506396
0.4989441181157644
0.6551287582360543
0.7714788676058589
0.8515676500440719
0.9138574094681008
0.9584125715620505
0.9853533856365446
0.997117523930708
0.9996612783017151
0.999979264556854
0.9999997103377155
0.9999999998760902
0.9999999999999462
1.0
1.0
1.0
1.0
1.0
1.0
1.0
1.0
1.0
1.0
1.0
###
1e-05
1.1768119524349992e-05
1.3848863713938717e-05
1.6297508346206434e-05
1.917910261672489e-05
2.2570197196339216e-05
2.656087782946684e-05
3.1257158496882356e-05
3.678379771828634e-05
4.328761281083062e-05
5.0941380148163754e-05
5.994842503189409e-05
7.054802310718646e-05
8.302175681319735e-05
9.770099572992247e-05
0.00011497569953977356
0.00013530477745798074
0.00015922827933410923
0.0001873817422860383
0.00022051307399030456
0.00025950242113997375
0.0003053855508833416
0.00035938136638046257
0.0004229242874389499
0.0004977023564332109
0.0005857020818056661
0.0006892612104349695
0.0008111308307896872
0.0009545484566618337
0.0011233240329780276
0.0013219411484660286
0.0015556761439304723
0.0018307382802953678
0.002154434690031882
0.0025353644939701114
0.0029836472402833374
0.003511191734215131
0.004132012400115334
0.004862601580065354
0.005722367659350214
0.006734150657750821
0.007924828983539169
0.0093260334688322
0.010974987654930556
0.01291549665014884
0.01519911082952933
0.01788649529057435
0.0210490414451202
0.02477076355991709
0.029150530628251757
0.034304692863149154
0.040370172585965536
0.047508101621027934
0.05590810182512223
0.06579332246575675
0.0774263682681127
0.09111627561154886
0.10722672220103231
0.1261856883066021
0.14849682622544635
0.1747528400007683
0.20565123083486514
0.24201282647943834
0.2848035868435799
0.3351602650938841
0.3944206059437656
0.46415888336127725
0.5462277217684337
0.642807311728432
0.7564633275546291
0.8902150854450375
1.0476157527896641
1.232846739442066
1.4508287784959402
1.7073526474706886
2.009233002565046
2.364489412645407
2.782559402207126
3.274549162877725
3.8535285937105273
4.534878508128582
5.3366992312063015
6.280291441834247
7.390722033525775
8.697490026177835
10.235310218990248
12.045035402587812
14.174741629268048
16.68100537200059
19.630406500402685
23.10129700083158
27.1858824273294
31.992671377973846
37.64935806792464
44.30621457583877
52.14008287999685
61.35907273413163
72.20809018385457
84.97534359086438
100.0
###
1.135591785694265
0.9890772289166373
0.860385587775672
0.7486728915579014
0.6527436028658407
0.5711361991020766
0.5184084576896211
0.4582160232125351
0.40809033415074947
0.3668586876789587
3.068945582156751
2.557469690939266
2.1215476369364312
1.7535093795857706
1.4451436454754027
1.1882332134784137
1.0245586533963604
0.8392110877544301
0.6855164731995137
0.5577960928422202
4.329207636462383
3.5413753485020947
2.8798821157037806
2.3292420489035424
1.8741761973217588
1.4999790144201386
1.2642335119105497
1.0000895806951378
0.78360600151787
0.6057355971251643
5.329752280363889
4.308655593147401
3.459829654755086
2.760081866136404
2.1873494176818866
1.7208324106108965
1.4294385033595123
1.1056980012164488
0.84315121580084
0.629854728502728
6.180280595217736
4.953303752745038
3.9409778189315956
3.1125758170284334
2.4395421420253145
1.8954249312472005
1.557857584578464
1.1854859450190123
0.8861496143382994
0.6454600699446413
6.929931282682256
5.516597521204335
4.357488907308877
3.4146298089720823
2.653203716053345
2.0414050168576785
1.6640226651847203
1.2501373234871833
0.9202819047069849
0.6567308301640519
7.605805735688688
6.020960862986328
4.727727189648207
3.6810063132542608
2.8399733814771966
2.1677071945728894
1.7550292396042222
1.3047772425225688
0.9479589786221057
0.6656444096931136
8.224729618890182
6.480245055469882
5.0628437916043145
3.9205432418718114
3.0067350417404604
2.279547331076689
1.835048030478787
1.3522769193155995
0.9718877443475368
0.6729789394462727
8.798066806540673
6.903633891231457
5.370217940449241
4.139040099709356
3.157902214909489
2.3802503013669885
1.9066748221044802
1.3943890114662065
0.9928351651794528
0.6792202211615699
9.333671349900092
7.297612389505556
5.654941692847209
4.340505661349747
3.296554291363604
2.472069855162186
1.9716270628536117
1.4322700134985582
1.0114802731886767
0.6846479449887671
9.837698961534857
7.666921978778614
5.920836151385549
4.527853114831137
3.424905207275642
2.556631949034676
2.0312092298866284
1.4667961663207716
1.0283078771011336
0.6894574033246399
10.314491130144585
8.015257099422266
6.170726444133201
4.703306881266674
3.5445978166425265
2.6351260331551685
2.0863018157886577
1.4985254745677636
1.0436511807268565
0.6937746722527754
10.767964118833056
8.345362652378672
6.406823320639127
4.868459809878919
3.6568991249290668
2.708466857971714
2.1376178070377008
1.527900357829506
1.0577619849746958
0.6976912898574001
11.20033162494009
8.65952772591532
6.63091073843291
5.024738994618409
3.7628097938050127
2.777369053206558
2.1856643366233466
1.555278701389741
1.0708027888552951
0.7012745627432542
11.614765522895794
8.959441272197886
6.844350772800323
5.173221937915749
3.8631539163362727
2.842400530798366
2.2308780427173787
1.5809297917562202
1.0830042975405627
0.7045791841490388