# data/BKevo/ATAN_BKevo/atan41.dat
# N(r,Y=0), r, *F2(x,Q^2)
# 1e-05 < r < 100.0
# 1 < Q^2 < 50, n=15, lin grid
# 1e-5 < x < 1e-2, n=10, log grid
###
1.1024767058796696e-07
1.33990841586015e-07
1.6294311577190584e-07
1.981176816551758e-07
2.4079789286539605e-07
2.9279302259739933e-07
3.5601905620469446e-07
4.3273960360731636e-07
5.261158325583826e-07
6.397634298967879e-07
7.776729025164654e-07
9.453615317815492e-07
1.149639573272743e-06
1.3975379898185572e-06
1.6986752224961835e-06
2.0658562180483073e-06
2.5114618139214337e-06
3.052239531101506e-06
3.712227112492098e-06
4.513212743523431e-06
5.485057786460407e-06
6.670601710977322e-06
8.110381250183559e-06
9.857353610608594e-06
1.198647470871364e-05
1.4574475638524172e-05
1.7714784335420092e-05
2.1538422428953673e-05
2.6190318340717995e-05
3.183521400311569e-05
3.8701894265709966e-05
4.706355690475078e-05
5.7210535009830745e-05
6.954187895067874e-05
8.457164856778146e-05
0.0001028112220562826
0.00012495579964535926
0.00015197104435301864
0.00018475713374604516
0.00022453614824259786
0.0002730817937747903
0.0003320151447951625
0.00040352120725697867
0.0004907046117000928
0.0005966368586066654
0.0007251734538223078
0.0008817432510375029
0.0010721524870478901
0.0013032004111060357
0.0015843695275260176
0.0019266115458651558
0.002341908543280214
0.0028468013774624362
0.0034619000420720585
0.004208298253982322
0.00511479723403681
0.006220073731068166
0.007561192720046691
0.009188160054643412
0.011173226722656407
0.013581259463764584
0.016501144327818462
0.020058981493745593
0.02437477684567079
0.02960271495932327
0.0359565984862963
0.043654239704462895
0.05295359164162498
0.06419879004857147
0.07775591923443291
0.09401863213400966
0.11346814563131741
0.13659255593836112
0.16385150567637394
0.1956749150515962
0.2322505571948614
0.2737457921324761
0.31997733379644344
0.3696709398565528
0.42243846623426634
0.4771714760175572
0.5308623939491299
0.5834439813719008
0.6339551932430794
0.679888611869187
0.7218424852722173
0.7600394464068068
0.7933416085467755
0.8224199241821046
0.8481671517595778
0.8702721475583202
0.889066722690311
0.9055036440870204
0.9195936568401424
0.9313725061423237
0.9416206170446927
0.9504442248944144
0.9577293075021837
0.9640542090671199
0.9695367995573596
###
1e-05
1.1768119524349992e-05
1.3848863713938717e-05
1.6297508346206434e-05
1.917910261672489e-05
2.2570197196339216e-05
2.656087782946684e-05
3.1257158496882356e-05
3.678379771828634e-05
4.328761281083062e-05
5.0941380148163754e-05
5.994842503189409e-05
7.054802310718646e-05
8.302175681319735e-05
9.770099572992247e-05
0.00011497569953977356
0.00013530477745798074
0.00015922827933410923
0.0001873817422860383
0.00022051307399030456
0.00025950242113997375
0.0003053855508833416
0.00035938136638046257
0.0004229242874389499
0.0004977023564332109
0.0005857020818056661
0.0006892612104349695
0.0008111308307896872
0.0009545484566618337
0.0011233240329780276
0.0013219411484660286
0.0015556761439304723
0.0018307382802953678
0.002154434690031882
0.0025353644939701114
0.0029836472402833374
0.003511191734215131
0.004132012400115334
0.004862601580065354
0.005722367659350214
0.006734150657750821
0.007924828983539169
0.0093260334688322
0.010974987654930556
0.01291549665014884
0.01519911082952933
0.01788649529057435
0.0210490414451202
0.02477076355991709
0.029150530628251757
0.034304692863149154
0.040370172585965536
0.047508101621027934
0.05590810182512223
0.06579332246575675
0.0774263682681127
0.09111627561154886
0.10722672220103231
0.1261856883066021
0.14849682622544635
0.1747528400007683
0.20565123083486514
0.24201282647943834
0.2848035868435799
0.3351602650938841
0.3944206059437656
0.46415888336127725
0.5462277217684337
0.642807311728432
0.7564633275546291
0.8902150854450375
1.0476157527896641
1.232846739442066
1.4508287784959402
1.7073526474706886
2.009233002565046
2.364489412645407
2.782559402207126
3.274549162877725
3.8535285937105273
4.534878508128582
5.3366992312063015
6.280291441834247
7.390722033525775
8.697490026177835
10.235310218990248
12.045035402587812
14.174741629268048
16.68100537200059
19.630406500402685
23.10129700083158
27.1858824273294
31.992671377973846
37.64935806792464
44.30621457583877
52.14008287999685
61.35907273413163
72.20809018385457
84.97534359086438
100.0
###
1.8000451220739528
1.541724216788082
1.3035286599834486
1.0881668244968357
0.8972430830739375
0.7312347436135813
0.622649825786745
0.498022887972484
0.39454216978815543
0.30980187794905245
5.670013617755404
4.686345015246234
3.8181213909347127
3.0684214642776086
2.4338719045276123
1.907224569226336
1.5761701282077154
1.2106015356631268
0.919892386061762
0.6915086880275093
8.568695546566346
6.977585589701257
5.599881654286319
4.432418505683157
3.462681264722406
2.6722922987381525
2.18322907170445
1.6509395950805061
1.2345312391379046
0.9125199029063613
11.040207639724102
8.905329606977999
7.0787922228963955
5.550088794833403
4.294831786388551
3.283464836344263
2.663578479245413
1.9949304855746508
1.477146344443771
1.0806279985373766
13.24652818373888
10.610315628591502
8.376066805192636
6.522097688974923
5.0127469829201345
3.806342254488146
3.072055044895376
2.2851318238128666
1.6801109764006343
1.2201435601700557
15.265206259529908
12.16034337902866
9.54761337296871
7.3944187743959935
5.65304869670972
4.270005013542416
3.4326966420286027
2.53990338065989
1.8573020109155491
1.3412380774454622
17.21818095160978
13.593132381265272
10.624876494871408
8.192730099357265
6.23626286383906
4.690393605256381
3.758572785002025
2.76906126343125
2.015971485476342
1.449236421742255
18.902897072888248
14.933033864086292
11.628202565036387
8.933220891430382
6.775143246830759
5.077376839659998
4.0577263494971145
2.978684623209381
2.1606543513521608
1.547311202735204
20.571092645914764
16.196930687482944
12.571233933624296
9.626861141582824
7.278285373316052
5.437557452768792
4.335525380248686
3.1727587865315776
2.294201805638796
1.6376009060443584
22.160018455831533
17.39692326258699
13.463867571457229
10.281379360279674
7.751810588948968
5.775594039656285
4.59559185747924
3.354090344721063
2.4186537246743423
1.721554942647613
23.680668805868777
18.542710130736477
14.313300696250845
10.90289514811074
8.200277573252185
6.095004483606136
4.841065279164371
3.52474364370801
2.5355358787934588
1.800180735232527
25.141935865220066
19.640555135759474
15.126382194798945
11.495745038436574
8.62717698212779
6.398416452978608
5.073845195251664
3.6862816536513456
2.645964557900798
1.874383664991926
26.55060256260154
20.696480863161927
15.906295320483329
12.063825197525881
9.035254677735276
6.687908439932518
5.295652981698751
3.8399473564214883
2.7508161201950823
1.944729229411386
27.912339738241442
21.71304006136637
16.657118684575963
12.60957527737544
9.4267197111626
6.965141928723039
5.5077151978465535
3.986693173456889
2.850801849377429
2.011712601939309
29.23180166808139
22.70022011808943
17.3818878941291
13.135537865815424
9.803380655101257
7.231451787403572
5.711335220336866
4.127294146734534
2.946476691859848
2.0757546947335244