# ../data/BKevo/MV2g_BKevo/mv2g_42.dat
# N(r,Y=0), r, *F2(x,Q^2)
# 1e-05 < r < 100.0
# 1 < Q^2 < 50, n=15, lin grid
# 1e-5 < x < 1e-2, n=10, log grid
###
8.490265772116786e-05
9.552227072144408e-05
0.00010739854372420423
0.00012074771833928999
0.00013577596405107506
0.00015259389016390824
0.0001714605211120153
0.00019268579360699536
0.0002164541918988639
0.00024306286817719411
0.0002729757836580579
0.00030649360271852274
0.00034393457595019097
0.00038599038066854677
0.00043314224076655315
0.0004856902176970766
0.0005446613073375569
0.0006108144554867948
0.0006843539014673309
0.0007667983942343384
0.0008592229704164667
0.0009619156883160335
0.0010767920569324451
0.0012054223473986297
0.0013483645561659845
0.001507824333201667
0.0016861363324060458
0.0018842958676806
0.002104683670997651
0.0023507483436447235
0.0026241764161391776
0.002927254536731951
0.0032650438954957167
0.0036403019175158834
0.004054688923338186
0.0045155848831508515
0.005027378816502994
0.005590140189789326
0.006214561193309167
0.006907075623266793
0.007665730866498826
0.008504703192568406
0.009432449224712695
0.010447150952208667
0.011563563577244945
0.01279395591187151
0.014137087670213521
0.015606397800261834
0.017219648309048513
0.018977099616460293
0.020887759979193624
0.022977515319817593
0.025250106761481497
0.027705941347565363
0.030383522487905112
0.03329441957906
0.03642704197887613
0.039840948153507506
0.04356516818668224
0.04758022512877135
0.051983851255041784
0.05683587539595433
0.062164034718804224
0.06811690423018699
0.07484403020780556
0.08251606925536573
0.09142485248936245
0.10193515887191763
0.11456347083171269
0.1299958514899787
0.1490487527309788
0.17291247083576922
0.20306145634646622
0.24083776812800117
0.2878573217455713
0.3452972086295333
0.4126841275022354
0.48782540997946283
0.5631736388455238
0.6322084453987372
0.6879300593595566
0.7238371381097409
0.7486381424373063
0.7689536058009618
0.7884747967176063
0.8086447818643894
0.8294843564173722
0.8503517092381808
0.8710040566267727
0.8913192536447565
0.9105441638553807
0.9281827466518545
0.9443032511112492
0.9583617052503202
0.9698667996769057
0.979305770159496
0.9866254367885015
0.9916702566338437
0.9952071754626295
0.9975226078168715
###
1e-05
1.1768119524349992e-05
1.3848863713938717e-05
1.6297508346206434e-05
1.917910261672489e-05
2.2570197196339216e-05
2.656087782946684e-05
3.1257158496882356e-05
3.678379771828634e-05
4.328761281083062e-05
5.0941380148163754e-05
5.994842503189409e-05
7.054802310718646e-05
8.302175681319735e-05
9.770099572992247e-05
0.00011497569953977356
0.00013530477745798074
0.00015922827933410923
0.0001873817422860383
0.00022051307399030456
0.00025950242113997375
0.0003053855508833416
0.00035938136638046257
0.0004229242874389499
0.0004977023564332109
0.0005857020818056661
0.0006892612104349695
0.0008111308307896872
0.0009545484566618337
0.0011233240329780276
0.0013219411484660286
0.0015556761439304723
0.0018307382802953678
0.002154434690031882
0.0025353644939701114
0.0029836472402833374
0.003511191734215131
0.004132012400115334
0.004862601580065354
0.005722367659350214
0.006734150657750821
0.007924828983539169
0.0093260334688322
0.010974987654930556
0.01291549665014884
0.01519911082952933
0.01788649529057435
0.0210490414451202
0.02477076355991709
0.029150530628251757
0.034304692863149154
0.040370172585965536
0.047508101621027934
0.05590810182512223
0.06579332246575675
0.0774263682681127
0.09111627561154886
0.10722672220103231
0.1261856883066021
0.14849682622544635
0.1747528400007683
0.20565123083486514
0.24201282647943834
0.2848035868435799
0.3351602650938841
0.3944206059437656
0.46415888336127725
0.5462277217684337
0.642807311728432
0.7564633275546291
0.8902150854450375
1.0476157527896641
1.232846739442066
1.4508287784959402
1.7073526474706886
2.009233002565046
2.364489412645407
2.782559402207126
3.274549162877725
3.8535285937105273
4.534878508128582
5.3366992312063015
6.280291441834247
7.390722033525775
8.697490026177835
10.235310218990248
12.045035402587812
14.174741629268048
16.68100537200059
19.630406500402685
23.10129700083158
27.1858824273294
31.992671377973846
37.64935806792464
44.30621457583877
52.14008287999685
61.35907273413163
72.20809018385457
84.97534359086438
100.0
###
4.76907505136903
4.210737231141317
3.623903949329831
3.0207788272224185
2.426183932450315
1.8735472117755263
1.5069235284775122
1.0984150494770382
0.785664310686398
0.5586706634276208
18.632399747612215
16.131466349945516
13.538088440268305
10.939177680922551
8.466877961010445
6.266826647237171
4.8650421239739
3.3617173243715985
2.2575360673742666
1.485517640780062
31.13119838266728
26.708483669398035
22.162819607515964
17.670781626908468
13.474449125578449
9.815181433544824
7.524749885502534
5.107542268268304
3.3615820291376513
2.158567649166239
42.93354352548061
36.608090885817944
30.149581833014388
23.82997306445929
18.00186049886353
12.986386008948292
9.882946071749277
6.641033090407476
4.32337168124132
2.740875124683357
54.26371843381145
46.05052875519457
37.71058049622742
29.614861829161377
22.219629331611202
15.919064731565348
12.053276539373876
8.044860801705575
5.2002992848867615
3.27055955924539
65.23517253774044
55.1479727920446
44.95381673565164
35.12262989124134
26.21151531757948
18.679987401748246
14.08961901812773
9.357651415844078
6.018128373447543
3.764100031132477
75.91783455401875
63.969229091168465
51.94408359598099
40.41194046608919
30.02709425105953
21.30812644231334
16.023084610508803
10.600642590346606
6.791537320231609
4.230572057906912
86.35898959549039
72.56049547280062
58.724897843475944
45.52175799337786
33.69896526889643
23.82885465718188
17.873746136333473
11.788030574123573
7.529443488400127
4.675647680164848
96.59272654444875
80.95500349859093
65.32770364653935
50.47974632933956
37.250124789211085
26.259912184032604
19.655621911334283
12.929441752200859
8.23817368298699
5.103152102313251
106.64480360029519
89.17778948588237
71.77570274228371
55.307289718322295
40.69602169871387
28.614339119562974
21.37904664773975
14.031853582914795
8.922236914809782
5.515905335795409
116.53538628748139
97.24846934410834
78.08713605889686
60.0192176151517
44.05268628023037
30.902122251243263
23.051733841040154
15.100543088912909
9.58504155543827
5.91587778014432
126.28066130593135
105.18257606031344
84.27656642123482
64.62856966488788
47.32902335007749
33.13108191864939
24.679095594836376
16.1398647095841
10.229228089623518
6.304700606616556
135.8939218248523
112.99082757527316
90.35582054627766
69.14601210254632
50.53332531977137
35.30752803621372
26.267246874017555
17.152473170226024
10.85690855157598
6.683668309354138
145.38628687489833
120.69042632280635
96.33473351967774
73.57977212284828
53.67275434294759
37.43667321034889
27.819317576211454
18.141677251784284
11.46978825587907
7.053777938603137
154.7671536843097
128.28352476144113
102.22165852262461
77.93720843795141
56.75654138435833
39.52282578546299
29.33889685997219
19.109568584300913
12.06890197428648
7.415931069414678