# data/BKevo/ATAN_BKevo/atan82.dat
# N(r,Y=0), r, *F2(x,Q^2)
# 1e-05 < r < 100.0
# 1 < Q^2 < 50, n=15, lin grid
# 1e-5 < x < 1e-2, n=10, log grid
###
0.006323437110607948
0.006751171746856684
0.007203660447457251
0.0076876550013574105
0.00820719636871702
0.00875835568196605
0.009346272450063402
0.009977331251010827
0.01064867951517314
0.011362839013495414
0.012129359040485977
0.012947107796362548
0.013814625978408225
0.01474569348447179
0.0157417711649948
0.01679558999863509
0.017926538480143927
0.019139837407553272
0.02041997699545881
0.021793729390055746
0.02326850166208141
0.024826704676326822
0.026495404007748677
0.028286706519255963
0.03018469192176756
0.03221168238829
0.034387471866560465
0.03669933962296625
0.03916157343138821
0.04180440055701103
0.04462041165762484
0.047611373012822616
0.05082151710617161
0.054251618065002394
0.05788487510733386
0.061784151558904585
0.06596226652908967
0.07037578494649521
0.07511216810216928
0.08019696816401714
0.08556280129877007
0.09131603196498478
0.09749210099056757
0.10402791642280801
0.11101628584835238
0.118517779486832
0.12647853794763908
0.13496703715496255
0.14407811279190724
0.15377396491235212
0.1640838859211516
0.1751488102563121
0.1869562127884256
0.19947584573188487
0.21290986092749933
0.22728308546426856
0.242477597388401
0.258775573514796
0.27625424749051963
0.2946677075531142
0.3144001450464557
0.33554412652286664
0.35782449522651044
0.3815874758482007
0.4069716202818528
0.43367068180402146
0.46189306008792647
0.4918071778204997
0.5230068758381232
0.5553939351797487
0.5891004120000093
0.6235013747474878
0.6579329267901871
0.6924841783624495
0.7263481910900529
0.7582612087377725
0.7886206257014295
0.8169054424027202
0.8417729638561953
0.8642664550513913
0.8843661485015611
0.9012514706814395
0.9160116854974044
0.9288871745913821
0.9395810316524885
0.9487230372254999
0.9566289774555207
0.9632143564172411
0.9687695586070614
0.9735650727898028
0.9775927763211464
0.9809575559217478
0.9838635410204112
0.9863279357188122
0.9883692011306696
0.9901337873051098
0.9916447592556172
0.99288601527451
0.9939599531517102
0.9948881395404652
###
1e-05
1.1768119524349992e-05
1.3848863713938717e-05
1.6297508346206434e-05
1.917910261672489e-05
2.2570197196339216e-05
2.656087782946684e-05
3.1257158496882356e-05
3.678379771828634e-05
4.328761281083062e-05
5.0941380148163754e-05
5.994842503189409e-05
7.054802310718646e-05
8.302175681319735e-05
9.770099572992247e-05
0.00011497569953977356
0.00013530477745798074
0.00015922827933410923
0.0001873817422860383
0.00022051307399030456
0.00025950242113997375
0.0003053855508833416
0.00035938136638046257
0.0004229242874389499
0.0004977023564332109
0.0005857020818056661
0.0006892612104349695
0.0008111308307896872
0.0009545484566618337
0.0011233240329780276
0.0013219411484660286
0.0015556761439304723
0.0018307382802953678
0.002154434690031882
0.0025353644939701114
0.0029836472402833374
0.003511191734215131
0.004132012400115334
0.004862601580065354
0.005722367659350214
0.006734150657750821
0.007924828983539169
0.0093260334688322
0.010974987654930556
0.01291549665014884
0.01519911082952933
0.01788649529057435
0.0210490414451202
0.02477076355991709
0.029150530628251757
0.034304692863149154
0.040370172585965536
0.047508101621027934
0.05590810182512223
0.06579332246575675
0.0774263682681127
0.09111627561154886
0.10722672220103231
0.1261856883066021
0.14849682622544635
0.1747528400007683
0.20565123083486514
0.24201282647943834
0.2848035868435799
0.3351602650938841
0.3944206059437656
0.46415888336127725
0.5462277217684337
0.642807311728432
0.7564633275546291
0.8902150854450375
1.0476157527896641
1.232846739442066
1.4508287784959402
1.7073526474706886
2.009233002565046
2.364489412645407
2.782559402207126
3.274549162877725
3.8535285937105273
4.534878508128582
5.3366992312063015
6.280291441834247
7.390722033525775
8.697490026177835
10.235310218990248
12.045035402587812
14.174741629268048
16.68100537200059
19.630406500402685
23.10129700083158
27.1858824273294
31.992671377973846
37.64935806792464
44.30621457583877
52.14008287999685
61.35907273413163
72.20809018385457
84.97534359086438
100.0
###
9.10197759986389
8.674595953474798
8.174963529568078
7.581700518436406
6.869700434622208
6.012888986200675
5.270453404525338
4.172960452107496
3.0625812002382875
2.1019481765521553
38.145293162348466
36.22195071696699
33.97322871868134
31.302443821624948
28.096033601486756
24.241151363901764
20.916797798295047
16.06913932092745
11.306348287675705
7.356996689224389
65.82855783507887
62.40910667247969
58.41089903000867
53.661504678036025
47.959759415915784
41.11204182044152
35.22679860091844
26.71432003854079
18.475696799456664
11.774760183942908
92.81544874634606
87.89977477581739
82.15274617338808
75.32324137688634
67.12597647938955
57.29028622133836
48.86108967899011
36.74195090251605
25.13514737292472
15.814851258291686
119.32648487761868
112.91439730180264
105.41775215727193
96.50835087019841
85.81541492058055
72.9970524157727
62.03769398164808
46.35731522104029
31.461571681293744
19.50687642618742
145.47510614175889
137.56690257390227
128.32004244809607
117.33074667584803
104.14208470122617
88.34557877832052
74.86818217098413
55.66424244105943
37.54267974451301
23.108159652786323
171.33078154415506
161.92613583842382
150.92913588037686
137.85942109546073
122.1761107888162
103.40524912156715
87.42062840825247
64.72555070449593
43.43077878202899
26.574760977994316
196.9405430350658
186.0394111739342
173.29119040325673
158.14113014511946
139.9637803701674
118.22267888582327
99.74091776964467
73.58325000086928
49.16046209284271
29.932079672172662
222.3383773363443
209.93998954962106
195.4428249179
178.21095946186261
157.53951399951276
132.8324139931993
111.86210161774228
82.26702315776954
54.756261080422796
33.19789654527262
247.54998121235104
233.65479607748253
217.40719911782313
198.09418463065663
174.9290789726091
147.25968920586544
123.809092473448
90.80058062962215
60.236400469382374
36.385305508782
272.59549590974564
257.2034278878546
239.20530023786668
217.81098543359025
192.1526696908897
161.52430080550727
135.60136244482396
99.20029645804895
65.61497229684755
39.50435176152513
297.491118979294
280.60344010530133
260.85335791765056
237.37763672738222
209.2264759892396
175.64259893766018
147.2546541762348
107.48056050214905
70.90314728146498
42.56292526491033
322.2501586968593
303.8640194494015
282.36463481876024
256.8079179817527
226.16391527006152
189.6276859954597
158.78152432861776
115.65280156900464
76.11000321977485
45.56739949100187
346.8837658024296
327.0025693962061
303.7503556502028
276.1114655401781
242.9762403422374
203.49063513015227
170.19278203194054
123.72652722361808
81.24302923143055
48.522952468727404
371.40138142504225
350.02333213150973
325.01992286865806
295.30012464851404
259.6727282721738
217.24080284442718
181.4974690539797
131.7097529779585
86.30854165552253
51.434079403738316