# ../data/BKevo/MV2g_BKevo/mv2g_17.dat
# N(r,Y=0), r, *F2(x,Q^2)
# 1e-05 < r < 100.0
# 1 < Q^2 < 50, n=15, lin grid
# 1e-5 < x < 1e-2, n=10, log grid
###
2.5663388365492683e-09
3.284542773235091e-09
4.211211892115484e-09
5.3952981802026435e-09
6.903013904749949e-09
8.842473487369317e-09
1.1324906467723425e-08
1.4484459692508905e-08
1.8536278213435244e-08
2.3730990527410467e-08
3.033943404919519e-08
3.8787641345946716e-08
4.9635949747559385e-08
6.342910189351133e-08
8.100620019075243e-08
1.0361072907615202e-07
1.323338204096375e-07
1.6881841014187932e-07
2.1580411261322324e-07
2.754666036541391e-07
3.5114659263834885e-07
4.4840249400533256e-07
5.719851290607887e-07
7.286189614956524e-07
9.29227467528055e-07
1.1844173172311405e-06
1.5075579528443084e-06
1.9199809359350725e-06
2.445102328410253e-06
3.1093511583755696e-06
3.954093092181626e-06
5.0304545159740835e-06
6.390345924238964e-06
8.113360803281547e-06
1.0309880565303388e-05
1.3081127188582395e-05
1.6578931332425608e-05
2.1038820610512743e-05
2.6656552374957183e-05
3.372390343858856e-05
4.272238580355627e-05
5.404179961519389e-05
6.82542712899768e-05
8.62687177050238e-05
0.00010891844252179251
0.00013729215774987963
0.00017308460836911547
0.00021804318092091035
0.00027421424819705693
0.0003447156659537376
0.00043313907397004225
0.0005432815871667165
0.0006808032225540468
0.0008529451951023909
0.0010666798595441469
0.0013321886210251805
0.001663890083228483
0.002074612158236977
0.0025828011163418637
0.0032176044318185226
0.004003670562862944
0.004977870146891173
0.006200435492624786
0.0077310096795488985
0.009656772638227073
0.012135306645718102
0.015360787306292267
0.019618665272809085
0.025483690766596453
0.03382577956529845
0.04589310215593251
0.06422615552860779
0.09310827510828833
0.13760726517358626
0.2056975564796093
0.3052169072788815
0.4294531883067121
0.5544803999315536
0.6358662430520519
0.681997408978941
0.7184114478637993
0.7570881968529201
0.798851532150775
0.842318937571279
0.8839671414273276
0.921639315005508
0.953217173280406
0.9755345760072978
0.989155741134202
0.9963668943106778
0.999115745700083
0.9998293683511045
0.9999815980967005
0.9999993239653276
0.9999999741231912
0.9999999996232414
0.9999999999998975
0.9999999999999999
1.0
1.0
###
1e-05
1.1768119524349992e-05
1.3848863713938717e-05
1.6297508346206434e-05
1.917910261672489e-05
2.2570197196339216e-05
2.656087782946684e-05
3.1257158496882356e-05
3.678379771828634e-05
4.328761281083062e-05
5.0941380148163754e-05
5.994842503189409e-05
7.054802310718646e-05
8.302175681319735e-05
9.770099572992247e-05
0.00011497569953977356
0.00013530477745798074
0.00015922827933410923
0.0001873817422860383
0.00022051307399030456
0.00025950242113997375
0.0003053855508833416
0.00035938136638046257
0.0004229242874389499
0.0004977023564332109
0.0005857020818056661
0.0006892612104349695
0.0008111308307896872
0.0009545484566618337
0.0011233240329780276
0.0013219411484660286
0.0015556761439304723
0.0018307382802953678
0.002154434690031882
0.0025353644939701114
0.0029836472402833374
0.003511191734215131
0.004132012400115334
0.004862601580065354
0.005722367659350214
0.006734150657750821
0.007924828983539169
0.0093260334688322
0.010974987654930556
0.01291549665014884
0.01519911082952933
0.01788649529057435
0.0210490414451202
0.02477076355991709
0.029150530628251757
0.034304692863149154
0.040370172585965536
0.047508101621027934
0.05590810182512223
0.06579332246575675
0.0774263682681127
0.09111627561154886
0.10722672220103231
0.1261856883066021
0.14849682622544635
0.1747528400007683
0.20565123083486514
0.24201282647943834
0.2848035868435799
0.3351602650938841
0.3944206059437656
0.46415888336127725
0.5462277217684337
0.642807311728432
0.7564633275546291
0.8902150854450375
1.0476157527896641
1.232846739442066
1.4508287784959402
1.7073526474706886
2.009233002565046
2.364489412645407
2.782559402207126
3.274549162877725
3.8535285937105273
4.534878508128582
5.3366992312063015
6.280291441834247
7.390722033525775
8.697490026177835
10.235310218990248
12.045035402587812
14.174741629268048
16.68100537200059
19.630406500402685
23.10129700083158
27.1858824273294
31.992671377973846
37.64935806792464
44.30621457583877
52.14008287999685
61.35907273413163
72.20809018385457
84.97534359086438
100.0
###
1.282310892275352
1.1021427238780146
0.9427673191031136
0.8038206674748589
0.6842681176239065
0.5825316633484541
0.5167970892515356
0.4415922408129882
0.3788163225955518
0.3265883105176872
3.6446069831259735
3.0035508244306266
2.4563337185659475
1.9954142436579412
1.6117298930394153
1.295144709896756
1.0956926060883077
0.8726871070830042
0.6907839070100528
0.542232918941267
5.264446755878316
4.264377786163418
3.424426069725583
2.728066407003596
2.1571500458273487
1.6930383891264091
1.404351543762463
1.0855838561370459
0.8292369643558412
0.6228781485334831
6.58543504296062
5.276824109414815
4.189414177864168
3.2972044956191713
2.573103207334935
1.9903397420888285
1.63109375410579
1.2379477873742457
0.925250836243993
0.6763646304922679
7.729557802400255
6.14500677379828
4.8386721533372645
3.7750949897881116
2.918453415499254
2.2342504982700024
1.81532965779882
1.3601111532272718
1.0010899172712373
0.7181980146507352
8.752646528944108
6.915657418051265
5.410702869729378
4.192916863487151
3.2179999496294607
2.444067929579095
1.9728296092284998
1.4636809321704016
1.0650031988140447
0.7534240285429892
9.685979800647829
7.614663691693694
5.92657444397043
4.567436922297408
3.4848863356766198
2.6299057691989707
2.1116549402719653
1.5544590179594284
1.1208153517153627
0.7842557231052858
10.549238454944676
8.258144897204092
6.399184230352386
4.90896230937985
3.727063186383692
2.797638881469801
2.236572197190752
1.635792047208245
1.1706985911016425
0.8119199630358602
11.355787926419266
8.857009393695368
6.837230550763349
5.224206473617039
3.9497092373913025
2.9512460831825824
2.350618203632029
1.7098103793262938
1.2160307700672317
0.8371602993595469
12.11515265616356
9.418824237234269
7.246828987666415
5.517957911387812
4.156407954824746
3.0934106190552697
2.455933237301528
1.7779620081297995
1.2577240488600179
0.8604592740700737
12.834358650623258
9.949480713895559
7.632463650469949
5.793718563474647
4.349910560827832
3.2260834872463633
2.5539820605705716
1.8412925050362212
1.2964409034921507
0.8821706777722665
13.519200613969868
10.453319692233237
7.997677125565398
6.054149890321379
4.532166995275642
3.3507298614249814
2.645950051002852
1.9005492366432315
1.332660158565481
0.9025452779698575
14.173900723996907
10.93381167921332
8.345115978336935
6.301415193586388
4.704729508319878
3.46850903887866
2.732690472626858
1.956367271407479
1.3667477343953045
0.9217750444902457
14.802136562476566
11.393700258128527
8.676838035465916
6.5369733608973295
4.868834718900991
3.5801261311752626
2.8148140295036144
2.00918425157061
1.398994148832732
0.9400132044124754
15.406318032639954
11.835258059493652
8.994838540018518
6.762242599440108
5.025487603612867
3.6866170370393947
2.8930210283235938
2.05936167368685
1.4296235882880506
0.9573754169347494