# data/BKevo/ATAN_BKevo/atan72.dat
# N(r,Y=0), r, *F2(x,Q^2)
# 1e-05 < r < 100.0
# 1 < Q^2 < 50, n=15, lin grid
# 1e-5 < x < 1e-2, n=10, log grid
###
6.507436285410193e-12
8.987486656813352e-12
1.2474380451704786e-11
1.728727131775385e-11
2.3885948001046165e-11
3.311995794601352e-11
4.592105345724185e-11
6.34773666646843e-11
8.792752205907907e-11
1.2197351520147094e-10
1.6868133704060298e-10
2.334121529381075e-10
3.239566940446414e-10
4.482150003429142e-10
6.195622584986575e-10
8.603506655753433e-10
1.1909031707021224e-09
1.6444041710722014e-09
2.284707184225121e-09
3.1640017028585703e-09
4.369022114833993e-09
6.066685356370297e-09
8.405559439007362e-09
1.1611823709847575e-08
1.6107851584848053e-08
2.232881347724375e-08
3.0859509426338243e-08
4.276498442367644e-08
5.931072106094093e-08
8.200673170605014e-08
1.1352796748965004e-07
1.575319664041056e-07
2.179121095451382e-07
3.0135645357299136e-07
4.1838051652598473e-07
5.790072454480907e-07
7.998717468565208e-07
1.1110680897100262e-06
1.5383551847910593e-06
2.123848626471724e-06
2.9503614341917655e-06
4.086937374088016e-06
5.64480719577471e-06
7.833810924623734e-06
1.0856894997269124e-05
1.5001789570157466e-05
2.0798402480142347e-05
2.8838585578401904e-05
3.9865569654153206e-05
5.521227287460059e-05
7.659296864958615e-05
0.00010592409575088606
0.00014654261710872853
0.00020338277356468738
0.00028137373219959866
0.00038881868781330656
0.0005398268213120163
0.000747020720463917
0.0010308785328765968
0.001431392494799284
0.0019805876685195017
0.0027317560859695823
0.0037858825639538528
0.005233023067662452
0.0072064451433198375
0.00994864137020808
0.013703713771264059
0.018782225514664297
0.02571662919002333
0.03508775880217388
0.04749895002343873
0.0638753184432374
0.08519846975612955
0.11214757911012901
0.1455187445320649
0.18571049487354155
0.23245924606213317
0.28513760887609674
0.34162303578177344
0.40089063198203134
0.46131958847699395
0.5192583129882082
0.5749417634570331
0.627571010547559
0.674743270899327
0.7174340623129685
0.7560811404449451
0.789663396960445
0.8189587117629633
0.8449126710304639
0.867231589510007
0.8862522156739917
0.9029266955219662
0.9172581214521056
0.9292722925639788
0.9397494045423707
0.9487904443615052
0.9562722542858559
0.9627793269305797
0.9684288400318322
###
1e-05
1.1768119524349992e-05
1.3848863713938717e-05
1.6297508346206434e-05
1.917910261672489e-05
2.2570197196339216e-05
2.656087782946684e-05
3.1257158496882356e-05
3.678379771828634e-05
4.328761281083062e-05
5.0941380148163754e-05
5.994842503189409e-05
7.054802310718646e-05
8.302175681319735e-05
9.770099572992247e-05
0.00011497569953977356
0.00013530477745798074
0.00015922827933410923
0.0001873817422860383
0.00022051307399030456
0.00025950242113997375
0.0003053855508833416
0.00035938136638046257
0.0004229242874389499
0.0004977023564332109
0.0005857020818056661
0.0006892612104349695
0.0008111308307896872
0.0009545484566618337
0.0011233240329780276
0.0013219411484660286
0.0015556761439304723
0.0018307382802953678
0.002154434690031882
0.0025353644939701114
0.0029836472402833374
0.003511191734215131
0.004132012400115334
0.004862601580065354
0.005722367659350214
0.006734150657750821
0.007924828983539169
0.0093260334688322
0.010974987654930556
0.01291549665014884
0.01519911082952933
0.01788649529057435
0.0210490414451202
0.02477076355991709
0.029150530628251757
0.034304692863149154
0.040370172585965536
0.047508101621027934
0.05590810182512223
0.06579332246575675
0.0774263682681127
0.09111627561154886
0.10722672220103231
0.1261856883066021
0.14849682622544635
0.1747528400007683
0.20565123083486514
0.24201282647943834
0.2848035868435799
0.3351602650938841
0.3944206059437656
0.46415888336127725
0.5462277217684337
0.642807311728432
0.7564633275546291
0.8902150854450375
1.0476157527896641
1.232846739442066
1.4508287784959402
1.7073526474706886
2.009233002565046
2.364489412645407
2.782559402207126
3.274549162877725
3.8535285937105273
4.534878508128582
5.3366992312063015
6.280291441834247
7.390722033525775
8.697490026177835
10.235310218990248
12.045035402587812
14.174741629268048
16.68100537200059
19.630406500402685
23.10129700083158
27.1858824273294
31.992671377973846
37.64935806792464
44.30621457583877
52.14008287999685
61.35907273413163
72.20809018385457
84.97534359086438
100.0
###
1.0774724265506004
0.9180903730491495
0.7767289903100687
0.6528387927680774
0.5454317421967629
0.4531830454031239
0.39305413941714495
0.3237127712529388
0.2653551970927884
0.21653978690608305
2.939353340991577
2.407468394686591
1.9552506527827378
1.5752201475103405
1.2592270217425796
0.9988125516416528
0.8350969900598048
0.6528134502424539
0.505392392870531
0.3868639250932558
4.169171602064291
3.359694238540913
2.683231717507083
2.124438297109471
1.6675663783880625
1.2971591835256844
1.0676753164935548
0.8157732572462003
0.6153942567831283
0.45680091713108056
5.152348146759008
4.109248353368622
3.2470973253378066
2.5425438988436233
1.9725245739645243
1.5153669725863694
1.2346997880067372
0.9294216006485755
0.6891623658411546
0.5011356818651181
5.992057306285682
4.7428943441367695
3.7186752077744094
2.8882967443609866
2.221627593931089
1.691087858079054
1.3675691015530307
1.018090558163136
0.7452545752889217
0.5335187021686344
6.73479943513837
5.29909755050535
4.129378876305221
3.186817684751327
2.434762859275672
1.839848126689638
1.4790560730435591
1.0914083119632925
0.7907227381209087
0.558984562886491
7.406358503603608
5.798959530282523
4.496133823011288
3.4516391816364216
2.6223928803177725
1.969746932710281
1.5757009668676287
1.1542434696023995
0.8291095905582139
0.5799474866266487
8.022803392490669
6.255498279085208
4.829350023878364
3.6908969131417027
2.7908697887382914
2.0855993558641854
1.6613903272791501
1.2094214662160212
0.8623749789204107
0.5977872649837582
8.594959489819075
6.677469963400372
5.13593161413704
3.9100050144281835
2.9443810973365054
2.190537919301337
1.7386061374081188
1.2587404913771776
0.8917941142872647
0.6132156823802402
9.130564652078274
7.070957355355751
5.420733250749854
4.112680740562462
3.085755118213393
2.2866766935361507
1.8090472180689954
1.303419238610577
0.9181685463143784
0.6268722668560921
9.635260989062516
7.440546190316213
5.687325223913465
4.3016833276902195
3.2171326792306885
2.375588178537867
1.8739385084155602
1.3443192653284308
0.942115191395141
0.6391034955613368
10.113526299775161
7.789702730375248
5.938406968673681
4.479146907879948
3.3399868424369132
2.4584252915926963
1.9341858342432758
1.3820813939843473
0.9640723759456419
0.6501719263281844
10.568418781358796
8.121052365172234
6.176129847940474
4.646637831950108
3.455565128695343
2.5360795887532674
1.9904907006057337
1.4171893514028158
0.9843386904320907
0.6602785166608568
11.00350507613928
8.437028009451737
6.4020771383393065
4.805440682126357
3.5647977381275404
2.6092503360362893
2.043382153466832
1.4500144733893938
1.0031753966958628
0.6695762351180615
11.420289802395024
8.739122655675436
6.6176929819791575
4.956583675226786
3.6685052678157275
2.6785131932258848
2.093304810451023
1.4808881140768264
1.0207770142993906
0.6781842251404218