# ../data/BKevo/MV2g_BKevo/mv2g_15.dat
# N(r,Y=0), r, *F2(x,Q^2)
# 1e-05 < r < 100.0
# 1 < Q^2 < 50, n=15, lin grid
# 1e-5 < x < 1e-2, n=10, log grid
###
2.566722193461626e-09
3.2850999133948567e-09
4.212027693141471e-09
5.396489632924518e-09
6.90474579992471e-09
8.84500427547488e-09
1.132860334223101e-08
1.4489834227361786e-08
1.8544115460459704e-08
2.3742441083961688e-08
3.035608246888475e-08
3.881186567017922e-08
4.9671347791716326e-08
6.348057107459866e-08
8.108092246970342e-08
1.037199289891142e-07
1.3249259808530312e-07
1.6904838606132184e-07
2.1614021674353732e-07
2.759552713444683e-07
3.518538687458529e-07
4.4943439907718703e-07
5.734852306766191e-07
7.307896450028093e-07
9.323869203073238e-07
1.1890092596388e-06
1.5142004877880784e-06
1.929625104155341e-06
2.459114583584201e-06
3.1296121440120623e-06
3.983432549252198e-06
5.073063375639275e-06
6.451921958756111e-06
8.202281245707633e-06
1.0438939628814073e-05
1.326750407759479e-05
1.684728613572439e-05
2.142800504220455e-05
2.7218076543071204e-05
3.4530419937603154e-05
4.3890104812536954e-05
5.5724704203363845e-05
7.066841657317741e-05
8.975223357464344e-05
0.00011393170719048096
0.00014447261301466419
0.0001834074191313048
0.0002328724981116086
0.00029541301381701916
0.0003750667773628788
0.00047664064159638
0.0006053149506540266
0.00076920816390482
0.0009792779048420702
0.0012462533383246906
0.0015867235789002244
0.002026167643458477
0.0025873097259985454
0.0033047102793079077
0.004239138878236537
0.00543998124140727
0.0069850221000935
0.009010390037340653
0.01163907653938969
0.015048060555942653
0.019544408788160987
0.025444151079060916
0.03315297878063385
0.043361178736565656
0.05686442683283619
0.07455050166026245
0.09784605507034541
0.12847877036491928
0.16792668309375527
0.21814396758682458
0.28076757682136666
0.3555329546196658
0.44065630073765244
0.5291159047437565
0.6144451960889206
0.6897262359675359
0.7479839062388681
0.7970575144093871
0.8421882129000159
0.8839631768084522
0.9216392586759536
0.9532171731705046
0.9755345760072976
0.989155741134202
0.9963668943106778
0.999115745700083
0.9998293683511045
0.9999815980967005
0.9999993239653276
0.9999999741231912
0.9999999996232414
0.9999999999998975
0.9999999999999999
1.0
1.0
###
1e-05
1.1768119524349992e-05
1.3848863713938717e-05
1.6297508346206434e-05
1.917910261672489e-05
2.2570197196339216e-05
2.656087782946684e-05
3.1257158496882356e-05
3.678379771828634e-05
4.328761281083062e-05
5.0941380148163754e-05
5.994842503189409e-05
7.054802310718646e-05
8.302175681319735e-05
9.770099572992247e-05
0.00011497569953977356
0.00013530477745798074
0.00015922827933410923
0.0001873817422860383
0.00022051307399030456
0.00025950242113997375
0.0003053855508833416
0.00035938136638046257
0.0004229242874389499
0.0004977023564332109
0.0005857020818056661
0.0006892612104349695
0.0008111308307896872
0.0009545484566618337
0.0011233240329780276
0.0013219411484660286
0.0015556761439304723
0.0018307382802953678
0.002154434690031882
0.0025353644939701114
0.0029836472402833374
0.003511191734215131
0.004132012400115334
0.004862601580065354
0.005722367659350214
0.006734150657750821
0.007924828983539169
0.0093260334688322
0.010974987654930556
0.01291549665014884
0.01519911082952933
0.01788649529057435
0.0210490414451202
0.02477076355991709
0.029150530628251757
0.034304692863149154
0.040370172585965536
0.047508101621027934
0.05590810182512223
0.06579332246575675
0.0774263682681127
0.09111627561154886
0.10722672220103231
0.1261856883066021
0.14849682622544635
0.1747528400007683
0.20565123083486514
0.24201282647943834
0.2848035868435799
0.3351602650938841
0.3944206059437656
0.46415888336127725
0.5462277217684337
0.642807311728432
0.7564633275546291
0.8902150854450375
1.0476157527896641
1.232846739442066
1.4508287784959402
1.7073526474706886
2.009233002565046
2.364489412645407
2.782559402207126
3.274549162877725
3.8535285937105273
4.534878508128582
5.3366992312063015
6.280291441834247
7.390722033525775
8.697490026177835
10.235310218990248
12.045035402587812
14.174741629268048
16.68100537200059
19.630406500402685
23.10129700083158
27.1858824273294
31.992671377973846
37.64935806792464
44.30621457583877
52.14008287999685
61.35907273413163
72.20809018385457
84.97534359086438
100.0
###
1.3891890683435288
1.1989257478615856
1.0279235689942539
0.876414914684243
0.743986595312801
0.6294455682255019
0.5544475260792036
0.4676323409633917
0.39424794818861736
0.3325383161279468
4.0370246258467875
3.350554862878235
2.7568826495541523
2.25081375489244
1.8248930808651795
1.4698699933839183
1.2446568270334497
0.991736661443969
0.7849614074390936
0.6164417103350123
5.881909949295217
4.803042414333537
3.885780749196793
3.1167923633035683
2.480312457992583
1.9582208125223672
1.6316142435382557
1.2698086620544577
0.97865728206463
0.7450961943367517
7.396497244298832
5.977583620566281
4.784540387760218
3.7951398894354473
2.9848648136510323
2.3271127029445915
1.91940661010275
1.4718524531998953
1.1154729208657277
0.832762722377998
8.713584763089735
6.988868870330367
5.5505374991249825
4.3671534461065376
3.4055889386683207
2.6310135684617872
2.1542189205744666
1.6342594073133272
1.2236188276811046
0.9005997142227645
9.894625073890706
7.88900953037211
6.227198609704072
4.86855648742398
3.771368148685486
2.892946464819729
2.3551475186186694
1.7718332846491769
1.3141297178867695
0.9565726836554332
10.974297019940712
8.707068252511654
6.838518334828636
5.318775701040921
4.097700625091233
3.1250523040732707
2.5322457375437444
1.8921349299656087
1.3925597965301078
1.0045699912735322
11.974525920279149
9.461302693376753
7.399374911910325
5.729756258722984
4.394048214967761
3.334655626829178
2.6913876646849215
1.9996466078321025
1.4621647489222176
1.0468028792027517
12.910110809334139
10.164026031942436
7.9197670247671255
6.109466704369291
4.66662079465967
3.526550631215659
2.836602322036723
2.097116459307099
1.5248967777802147
1.0846636691977123
13.79210132733297
10.824038003481853
8.406825893804502
6.46351272902426
4.9197975040092325
3.704077071747501
2.9705161491430356
2.186611085488264
1.5822278712167597
1.1190594995161822
14.628416624276156
11.447971185501203
8.865710757186049
6.796073255270313
5.156789288423267
3.8696732343489346
3.0950862315824077
2.269540284207005
1.6351334343021044
1.1506571823608542
15.425242207815625
12.040741769108184
9.300484618538732
7.11022778585962
5.380014729557513
4.025166314988551
3.2117732895741953
2.3469554609548156
1.684340138375986
1.1799293835774949
16.18745976707714
12.606351965092133
9.714069432896194
7.40845443661063
5.591344300886717
4.171971127103994
3.3216945805637352
2.419661965621898
1.7304110050904669
1.2072447095885577
16.919399471136266
13.147891768624499
10.109504210699104
7.692650834241285
5.792304402663491
4.311179759513327
3.4257466899590474
2.488299508427962
1.7737493648236375
1.2328842545760326
17.62368249746228
13.668084437376367
10.488475813081221
7.9645247374263475
5.9831087254896484
4.443789088023435
3.5246397576715
2.553378119849901
1.8147425283822622
1.2570570391424294