# data/BKevo/ATAN_BKevo/atan86.dat
# N(r,Y=0), r, *F2(x,Q^2)
# 1e-05 < r < 100.0
# 1 < Q^2 < 50, n=15, lin grid
# 1e-5 < x < 1e-2, n=10, log grid
###
2.532826356913831e-07
3.078301186258421e-07
3.743449780851178e-07
4.5515491001707303e-07
5.532082868271339e-07
6.726617267985478e-07
8.179170083760241e-07
9.941745415382742e-07
1.2086967826718324e-06
1.4697903988101474e-06
1.7866231673423748e-06
2.1718704722811975e-06
2.6411781723171243e-06
3.210699178225596e-06
3.902530864707974e-06
4.746091273900183e-06
5.769824100573076e-06
7.012205043522886e-06
8.528458332262793e-06
1.0368640070225073e-05
1.2601353648991707e-05
1.5325018316105258e-05
1.8632763018270644e-05
2.264625144933388e-05
2.7537687043596467e-05
3.348335150937215e-05
4.069788579222031e-05
4.9482298364697706e-05
6.016954702432853e-05
7.313810894055511e-05
8.891359282725118e-05
0.00010812364091243044
0.00013143526157992352
0.0001597652280473822
0.00019429453231068888
0.00023619800401783166
0.0002870727770561771
0.0003491373247517148
0.00042445967013166644
0.0005158473404939971
0.0006273750562969166
0.0007627668656083458
0.0009270422296298262
0.0011273328706540029
0.0013706941925174315
0.0016659821042558389
0.0020256650021351612
0.0024630766945807504
0.0029938296657291493
0.0036396916933280677
0.004425795350656518
0.005379630173816586
0.006539119530550888
0.00795147023043223
0.009664964282591337
0.011745424606094752
0.014280980934474257
0.017355950751267227
0.02108370030438655
0.02562654560632329
0.03112963658313528
0.03779007344219179
0.045880901041130254
0.05565856240742339
0.06744496204540805
0.0816594562458586
0.09871021211864209
0.11905247673196982
0.14319317737068515
0.17158118681613554
0.20462639253748707
0.2425264688882777
0.2851382844287536
0.33233347368297267
0.38329870865574
0.43627111098274496
0.49071081950821377
0.5451730024524573
0.5966438687188771
0.6457257250160072
0.6916785522721879
0.7321219472255759
0.7686777938213057
0.8014897951685478
0.829501064753794
0.8539517269821029
0.8754587985322811
0.8936615098494534
0.9092153513321561
0.922778236823853
0.9342758662102866
0.9439576685926984
0.9523698371519372
0.9595426832696224
0.9655133102244616
0.970693379448853
0.9751432515714478
0.9788100223909199
0.9819894716724731
0.9847426783948432
###
1e-05
1.1768119524349992e-05
1.3848863713938717e-05
1.6297508346206434e-05
1.917910261672489e-05
2.2570197196339216e-05
2.656087782946684e-05
3.1257158496882356e-05
3.678379771828634e-05
4.328761281083062e-05
5.0941380148163754e-05
5.994842503189409e-05
7.054802310718646e-05
8.302175681319735e-05
9.770099572992247e-05
0.00011497569953977356
0.00013530477745798074
0.00015922827933410923
0.0001873817422860383
0.00022051307399030456
0.00025950242113997375
0.0003053855508833416
0.00035938136638046257
0.0004229242874389499
0.0004977023564332109
0.0005857020818056661
0.0006892612104349695
0.0008111308307896872
0.0009545484566618337
0.0011233240329780276
0.0013219411484660286
0.0015556761439304723
0.0018307382802953678
0.002154434690031882
0.0025353644939701114
0.0029836472402833374
0.003511191734215131
0.004132012400115334
0.004862601580065354
0.005722367659350214
0.006734150657750821
0.007924828983539169
0.0093260334688322
0.010974987654930556
0.01291549665014884
0.01519911082952933
0.01788649529057435
0.0210490414451202
0.02477076355991709
0.029150530628251757
0.034304692863149154
0.040370172585965536
0.047508101621027934
0.05590810182512223
0.06579332246575675
0.0774263682681127
0.09111627561154886
0.10722672220103231
0.1261856883066021
0.14849682622544635
0.1747528400007683
0.20565123083486514
0.24201282647943834
0.2848035868435799
0.3351602650938841
0.3944206059437656
0.46415888336127725
0.5462277217684337
0.642807311728432
0.7564633275546291
0.8902150854450375
1.0476157527896641
1.232846739442066
1.4508287784959402
1.7073526474706886
2.009233002565046
2.364489412645407
2.782559402207126
3.274549162877725
3.8535285937105273
4.534878508128582
5.3366992312063015
6.280291441834247
7.390722033525775
8.697490026177835
10.235310218990248
12.045035402587812
14.174741629268048
16.68100537200059
19.630406500402685
23.10129700083158
27.1858824273294
31.992671377973846
37.64935806792464
44.30621457583877
52.14008287999685
61.35907273413163
72.20809018385457
84.97534359086438
100.0
###
2.3936799692767448
2.1158198515201474
1.8512808802307896
1.6030705294266747
1.374056530795931
1.1661600634936276
1.0246947438400948
0.8555061736605764
0.7081668893952835
0.5814853400826843
8.058168169376026
6.904839738666592
5.84218127412081
4.881809202834308
4.030696037634861
3.2909009675570124
2.8068869034453545
2.2509031248027664
1.7884763884636958
1.4090346472771305
12.530145085562665
10.588469726857388
8.82838355215851
7.265591424298551
5.905317267487643
4.744844084925334
3.997691588743367
3.152899340476757
2.462756885170497
1.906252243935924
16.444638666971958
13.76952821646535
11.371615582372632
9.267037133543825
7.456853781074429
5.930640928450332
4.958082632259521
3.8692562071185628
2.9896698311161853
2.288001791077693
20.00141256257669
16.63316826964661
13.639486017037806
11.034730326155067
8.814481509748893
6.958238285679889
5.784310001415585
4.479451901089562
3.4338202526873225
2.6061019855445045
23.298981100859596
19.26949219591694
15.71257784584813
12.639353320023979
10.037913106134855
7.877795340138776
6.5197081371916665
5.0186282941171925
3.8232949410475894
2.8828600989910034
26.395765172226845
21.73125505389639
17.636815466975357
14.120835898939964
11.161157844983537
8.717354955366357
7.1883259004711935
5.506043452027962
4.1733446762208875
3.130012281324242
29.33007855984092
24.05286865108987
19.443405670210595
15.50486712470596
12.205693873815028
9.494516684916851
7.805112958549371
5.953596850187089
4.4931903834192735
3.35472683201205
32.128875513289884
26.258140226464015
21.15267189144764
16.80913323440084
13.18638913437172
10.221209971011604
8.380180951920773
6.369253431651271
4.789067327648127
3.56172122599541
34.812052539844416
28.36503933278056
22.78077978908845
18.046346487957493
14.113507193155653
10.905879243601026
8.920724976957647
6.758677968779956
5.065295974730376
3.7542907002829544
37.39487410452833
30.38646453413496
24.33734436223548
19.22700471132001
14.994966372564184
11.555067915222427
9.432069126603047
7.125968887095542
5.325069552934447
3.934833244920919
39.88932451753241
32.33339154148202
25.83229872313908
20.356035552823524
15.836834550671801
12.173586729258428
9.918318142933305
7.47425761462163
5.570803187905514
4.105084858072762
42.305118302398725
34.21409245056359
27.272573109816932
21.44358322083613
16.64400437015958
12.765330584795565
10.38268037319634
7.80612679357584
5.804381124777382
4.266587417203499
44.65019111921849
36.0354790111707
28.664465534682755
22.49105120073492
17.42152008583465
13.333507444594773
10.827686498006853
8.123596773731322
6.027356477536857
4.420405122867443
46.931199574179956
37.803291261510765
30.012574714453184
23.503475597383627
18.170863700118097
13.880376123337673
11.255564609461596
8.428174675754912
6.240822636986419
4.567463299335782