# ../data/BKevo/MV2g_BKevo/mv2g_9.dat
# N(r,Y=0), r, *F2(x,Q^2)
# 1e-05 < r < 100.0
# 1 < Q^2 < 50, n=15, lin grid
# 1e-5 < x < 1e-2, n=10, log grid
###
1.0258104666409953e-13
1.4905653299412258e-13
2.1829746152855413e-13
3.188266904358025e-13
4.63425860622188e-13
6.771931087386819e-13
9.892110595876703e-13
1.438142334646337e-12
2.0971053285786906e-12
3.0639524384079655e-12
4.454803876950058e-12
6.481942491114622e-12
9.471843186376482e-12
1.3772173759695548e-11
1.9994204628968073e-11
2.9219783368719145e-11
4.24858338940025e-11
6.153714383214694e-11
8.99350240867006e-11
1.3075815042306023e-10
1.8925365675621594e-10
2.7611842271774106e-10
4.0139924855318185e-10
5.808349916293618e-10
8.454125528147348e-10
1.2287228897616075e-09
1.777428881673915e-09
2.580621610093331e-09
3.7494634979957594e-09
5.421551186649066e-09
7.850866503635188e-09
1.1401679302552544e-08
1.647725329759786e-08
2.3794694831277708e-08
3.453619596552542e-08
4.987550182830029e-08
7.181517565624128e-08
1.0415467202718056e-07
1.5028377008105127e-07
2.158648975938443e-07
3.125669930393174e-07
4.5051479035695884e-07
6.463509175386593e-07
9.328255741715083e-07
1.3427711194395885e-06
1.92378032706535e-06
2.7667441050118156e-06
3.9765801022964296e-06
5.688116136131633e-06
8.150673108516414e-06
1.1695083749090327e-05
1.67000437591172e-05
2.384217968512983e-05
3.415405044468854e-05
4.869427845585255e-05
6.928734861345904e-05
9.914624970759178e-05
0.0001412474569248571
0.0002005331806663348
0.00028712926310096534
0.0004096515519851484
0.0005829016154154918
0.0008370552165017422
0.001202011501536629
0.0017251131391393297
0.0025033906250501357
0.003653588998523465
0.005347592515634619
0.007941894043628024
0.011956294689389661
0.018115111051090527
0.027906219173412482
0.043869397461568115
0.06921496441189032
0.10988369719435855
0.17569738381305217
0.27311184248940396
0.40480660254945433
0.5513225494835791
0.6768049996067952
0.765252549811077
0.8324736811703095
0.8955271138657172
0.9482396657843003
0.9802911364152033
0.9949053625762101
0.9993788641289081
0.9999704128395424
0.9999992211747749
0.999999995944526
0.9999999999999648
1.0
1.0
1.0
1.0
1.0
1.0
1.0
1.0
1.0
###
1e-05
1.1768119524349992e-05
1.3848863713938717e-05
1.6297508346206434e-05
1.917910261672489e-05
2.2570197196339216e-05
2.656087782946684e-05
3.1257158496882356e-05
3.678379771828634e-05
4.328761281083062e-05
5.0941380148163754e-05
5.994842503189409e-05
7.054802310718646e-05
8.302175681319735e-05
9.770099572992247e-05
0.00011497569953977356
0.00013530477745798074
0.00015922827933410923
0.0001873817422860383
0.00022051307399030456
0.00025950242113997375
0.0003053855508833416
0.00035938136638046257
0.0004229242874389499
0.0004977023564332109
0.0005857020818056661
0.0006892612104349695
0.0008111308307896872
0.0009545484566618337
0.0011233240329780276
0.0013219411484660286
0.0015556761439304723
0.0018307382802953678
0.002154434690031882
0.0025353644939701114
0.0029836472402833374
0.003511191734215131
0.004132012400115334
0.004862601580065354
0.005722367659350214
0.006734150657750821
0.007924828983539169
0.0093260334688322
0.010974987654930556
0.01291549665014884
0.01519911082952933
0.01788649529057435
0.0210490414451202
0.02477076355991709
0.029150530628251757
0.034304692863149154
0.040370172585965536
0.047508101621027934
0.05590810182512223
0.06579332246575675
0.0774263682681127
0.09111627561154886
0.10722672220103231
0.1261856883066021
0.14849682622544635
0.1747528400007683
0.20565123083486514
0.24201282647943834
0.2848035868435799
0.3351602650938841
0.3944206059437656
0.46415888336127725
0.5462277217684337
0.642807311728432
0.7564633275546291
0.8902150854450375
1.0476157527896641
1.232846739442066
1.4508287784959402
1.7073526474706886
2.009233002565046
2.364489412645407
2.782559402207126
3.274549162877725
3.8535285937105273
4.534878508128582
5.3366992312063015
6.280291441834247
7.390722033525775
8.697490026177835
10.235310218990248
12.045035402587812
14.174741629268048
16.68100537200059
19.630406500402685
23.10129700083158
27.1858824273294
31.992671377973846
37.64935806792464
44.30621457583877
52.14008287999685
61.35907273413163
72.20809018385457
84.97534359086438
100.0
###
0.9252191641789785
0.7915245410944625
0.675401614936637
0.5755964111189498
0.4905910052342286
0.4187248636149505
0.37245494593176015
0.3194296963454442
0.2751428522279514
0.2382573090368196
2.3935559348911846
1.956008883898929
1.5888305037990125
1.2833863550555014
1.0309542594813033
0.823344852195031
0.6925332048817253
0.5457664023708413
0.4253345575394245
0.32614917614031136
3.3219337751132216
2.6647200160451625
2.1218501553970044
1.6771268847929601
1.3152493762341468
1.0221172427790626
0.8398916737177845
0.6384209228231567
0.47579101890294295
0.3443783545671935
4.049419584946877
3.2105743717958473
2.524762585243332
1.9687016678882368
1.5208441567643922
1.1619261278579616
0.9409768915351905
0.6993624678805871
0.506600856486563
0.3533103957713514
4.662779907259438
3.6656457124658908
2.8566051642858827
2.205709987285213
1.6855282479431757
1.2720138892797719
1.0193871582705165
0.7453545450752569
0.5290337170644122
0.359111874958165
5.2002701421047215
4.061054701996055
3.142447379626
2.407935832733741
1.8245249895772024
1.3638175305252818
1.0840923931374464
0.7824335291138795
0.5467958561808843
0.3634132545761984
5.682575947736052
4.41358973620931
3.395528876614202
2.585589040202927
1.9456640842720716
1.4430736535039757
1.139509012229844
0.8139733842020644
0.561561911813693
0.36687918138066555
6.122512858061388
4.733495429334366
3.6238706641529657
2.7449147723011706
2.053563061053754
1.5131338621284633
1.1881808272506849
0.84139942539654
0.5742332504239803
0.3697075544302576
6.528769961827585
5.027545480035739
3.832743723736105
2.8899009416268546
2.1511947841228793
1.5761255955119429
1.2317225860791141
0.8657378338723337
0.5853565314084787
0.3721714396922635
6.90741139984884
5.300470756068897
4.025803906589203
3.0233083719818006
2.24058865322943
1.633485053768516
1.2711659214368347
0.8876280935057453
0.5952753783840672
0.3743294088720305
7.2627950689033
5.5557654967048515
4.205730206666338
3.147165714317175
2.3232191102293003
1.6862513056345
1.3073104363934214
0.9075672297310213
0.6042417894937294
0.37625806494421543
7.598341846190472
5.796061813257998
4.374531357683533
3.262985632021821
2.400162330521331
1.7351838577072551
1.340710213365004
0.9258973317550591
0.6124278704085708
0.3780011009585663
7.916700519745024
6.023409705069489
4.533764492900998
3.371723663912623
2.4722771867685083
1.7808619364659544
1.3717868736956396
0.9428632800713547
0.6199655550830705
0.3795889123148438
8.21990170267491
6.23947117505705
4.684608571337529
3.474607429617829
2.540206127315014
1.8237355606270638
1.4008785810416058
0.9586514586089687
0.626929082698894
0.3810469720975261
8.509930051877166
6.4455080686950135
4.828174444505518
3.5722163038647565
2.60446918398191
1.8641702601181502
1.428238662330872
0.9734704747330373
0.633457135652661
0.38239862569524974