# ../data/BKevo/MV2g_BKevo/mv2g_22.dat
# N(r,Y=0), r, *F2(x,Q^2)
# 1e-05 < r < 100.0
# 1 < Q^2 < 50, n=15, lin grid
# 1e-5 < x < 1e-2, n=10, log grid
###
6.434550804628437e-05
7.239401974084534e-05
8.139499663513666e-05
9.151234029527285e-05
0.00010290232605494602
0.00011564882447717642
0.00012994818483338532
0.0001460353495624261
0.00016405021597051646
0.00018421808035422188
0.00020689066413664837
0.00023229598773618102
0.0002606754450961673
0.00029255342973031343
0.00032829494034078194
0.0003681278101358714
0.00041283073721346057
0.0004629794525035383
0.0005187296296865512
0.0005812329853194893
0.0006513053173576419
0.0007291666356859865
0.0008162701007243987
0.0009138077938186776
0.0010222057582182675
0.001143138644704842
0.0012783796170760015
0.001428688817856284
0.0015958768636923726
0.0017825644610314248
0.001990040489952604
0.0022200509244225974
0.0024764447854238145
0.0027613315105297106
0.0030759959401182673
0.0034260560431890715
0.003814874368175818
0.004242557918628558
0.004717257099533978
0.005243916374643348
0.005821165870450209
0.006459843289275122
0.0071664935402626275
0.007939954171886851
0.008791615550067232
0.009731051158414824
0.010757761261101357
0.011882411741329204
0.013119050330876332
0.014468821353391293
0.015939729774093154
0.01755271425352861
0.019312752080806468
0.02122320797456313
0.023316390621650744
0.02560611150713571
0.028091891194468862
0.030826555836139864
0.033844267404293395
0.037153457114769826
0.04084743937981048
0.04500304047776092
0.04970043030417283
0.055106190367431654
0.06141336072514825
0.06889639252820758
0.07792508567535175
0.08896626703198802
0.10273908589218188
0.12012399437437166
0.14211149003128293
0.1701548264303547
0.2058861813540401
0.2505137171765239
0.30515407878047746
0.36944544985546746
0.4408976128945515
0.5144659840090221
0.5791592286548775
0.6304693722461756
0.6659775865685076
0.6873272316262128
0.7045159702561865
0.7215837675035884
0.73951397466367
0.7585764783819716
0.7787631654777396
0.7996176587865088
0.8209786732138405
0.8427689191018742
0.8643386646454875
0.885191731701843
0.9053053117252243
0.9240197204702952
0.9406023780331463
0.9553322060244944
0.9678707187149534
0.9776184616819208
0.9852952014281945
0.9910437661432259
###
1e-05
1.1768119524349992e-05
1.3848863713938717e-05
1.6297508346206434e-05
1.917910261672489e-05
2.2570197196339216e-05
2.656087782946684e-05
3.1257158496882356e-05
3.678379771828634e-05
4.328761281083062e-05
5.0941380148163754e-05
5.994842503189409e-05
7.054802310718646e-05
8.302175681319735e-05
9.770099572992247e-05
0.00011497569953977356
0.00013530477745798074
0.00015922827933410923
0.0001873817422860383
0.00022051307399030456
0.00025950242113997375
0.0003053855508833416
0.00035938136638046257
0.0004229242874389499
0.0004977023564332109
0.0005857020818056661
0.0006892612104349695
0.0008111308307896872
0.0009545484566618337
0.0011233240329780276
0.0013219411484660286
0.0015556761439304723
0.0018307382802953678
0.002154434690031882
0.0025353644939701114
0.0029836472402833374
0.003511191734215131
0.004132012400115334
0.004862601580065354
0.005722367659350214
0.006734150657750821
0.007924828983539169
0.0093260334688322
0.010974987654930556
0.01291549665014884
0.01519911082952933
0.01788649529057435
0.0210490414451202
0.02477076355991709
0.029150530628251757
0.034304692863149154
0.040370172585965536
0.047508101621027934
0.05590810182512223
0.06579332246575675
0.0774263682681127
0.09111627561154886
0.10722672220103231
0.1261856883066021
0.14849682622544635
0.1747528400007683
0.20565123083486514
0.24201282647943834
0.2848035868435799
0.3351602650938841
0.3944206059437656
0.46415888336127725
0.5462277217684337
0.642807311728432
0.7564633275546291
0.8902150854450375
1.0476157527896641
1.232846739442066
1.4508287784959402
1.7073526474706886
2.009233002565046
2.364489412645407
2.782559402207126
3.274549162877725
3.8535285937105273
4.534878508128582
5.3366992312063015
6.280291441834247
7.390722033525775
8.697490026177835
10.235310218990248
12.045035402587812
14.174741629268048
16.68100537200059
19.630406500402685
23.10129700083158
27.1858824273294
31.992671377973846
37.64935806792464
44.30621457583877
52.14008287999685
61.35907273413163
72.20809018385457
84.97534359086438
100.0
###
4.43744156357505
3.873652610078444
3.2903383689459678
2.7061222776160836
2.1501468739025404
1.6522752738521007
1.3321710916786098
0.9834347239772638
0.7202455680364256
0.5292934910551879
17.141817746600434
14.629714577327627
12.077162041002063
9.59383581443734
7.318992370990427
5.3677518968247995
4.160224047833916
2.8944922637338895
1.9771662854880216
1.3378957507690423
28.489073896444786
24.063528916810927
19.616651614263972
15.357583704014713
11.528827410464162
8.308697518314833
6.349216057848993
4.326405589964558
2.8837832338639373
1.8937650814937197
39.14824687014549
32.83704501924785
26.547895676871942
20.590557123669075
15.303005424712893
10.913518094273662
8.270642017601494
5.568815235367827
3.6613616232459396
2.365573701103559
49.34110641649835
41.167483154182165
33.07558635804598
25.478554944974587
18.799679498545796
13.307858476428471
10.028186010966762
6.697957701646589
4.3639340888238936
2.787641727461269
59.181367499831055
49.16550778944891
39.30539962558006
30.113647938796987
22.09558908661677
15.552878212993202
11.669937082740347
7.7483923487492286
5.015299223521229
3.1790857922119224
68.73856893195972
56.89864350465448
45.29882227137381
34.549309662405506
25.23581423715965
17.683024775472404
13.223532452404815
8.7389855962763
5.628528406300427
3.5471502981744054
78.0595861599865
64.41135998002028
51.09742933453569
38.824099558146465
28.249801860427883
19.72075558284643
14.706623623314524
9.682777513596987
6.211676964744244
3.8969896329003126
87.17811880297049
71.73637944041423
56.73121931719766
42.962483357351324
31.158196899773127
21.681718467406537
16.13143005041861
10.588123741187845
6.7702944866320935
4.231980271527693
96.1194949506237
78.89791782501857
62.22179911184915
46.985317654761786
33.97622235892664
23.577329834512785
17.506769423932575
11.460674352146865
7.3084851875496435
4.554589750509683
104.90394241251306
85.91497401768844
67.58675039126044
50.90373153406981
36.71553545390597
25.416268167095556
18.83938721491397
12.305109574651048
7.8286150240641454
4.866609251497149
113.54730037019395
92.80258992904794
72.83927515030167
54.730869852952495
39.38416700282672
27.205350828797652
20.134519822131757
13.124979621339198
8.3335736417014
5.169459912790955
122.06267625761328
99.57335562502394
77.99070369837891
58.47644766696615
41.99171269134424
28.950049641646977
21.396341275305332
13.923081705488423
8.82488079264231
5.464161130802669
130.46097487886644
106.23749265970446
83.05057835567199
62.145216066951626
44.54305197669579
30.65485501924413
22.6283252023017
14.701685356731995
9.304313216769383
5.7516542926629475
138.75147307706376
112.80368414216058
88.0263878560351
65.74882873992799
47.043630768244874
32.32345868218135
23.83327334975788
15.462727086586339
9.77252994945239
6.032606471747282