# ../data/BKevo/MV2g_BKevo/mv2g_32.dat
# N(r,Y=0), r, *F2(x,Q^2)
# 1e-05 < r < 100.0
# 1 < Q^2 < 50, n=15, lin grid
# 1e-5 < x < 1e-2, n=10, log grid
###
6.43455082125434e-05
7.239401998244101e-05
8.139499698888567e-05
9.151234081194437e-05
0.00010290232680599567
0.00011564882557464309
0.00012994818643653796
0.000146035351893083
0.00016405021936911023
0.0001842180853196808
0.00020689067135615388
0.00023229599824095302
0.00026067546044634894
0.0002925534520496948
0.0003282949727437525
0.0003681278574898935
0.00041283080606670285
0.0004629795522315834
0.0005187297754366634
0.0005812331972281532
0.0006513056240649288
0.000729167083167316
0.0008162707512373927
0.0009138087351271338
0.0010222071283033035
0.0011431406359849676
0.001278382497590714
0.0014286930000241508
0.0015958829400775758
0.001782573247179817
0.001990053212995132
0.00222006940178917
0.0024764714880167447
0.002761370071268076
0.0030760519075006963
0.003426136867488715
0.0038149907442088793
0.004242726696565813
0.004717500620365997
0.005244266150727264
0.005821672310817489
0.006460573193237605
0.007167540643916861
0.007941465198258
0.00879379030475812
0.00973416635327981
0.010762240360002713
0.011888847364186342
0.01312825216582675
0.014481999797495856
0.01595862534889451
0.017579672033994263
0.01935119350502161
0.021278186675380385
0.023394617775000393
0.025717134906773523
0.02825018665154807
0.03105105791970684
0.0341612159461537
0.03760362821487486
0.04148329719629261
0.045896621434935864
0.05096126757846118
0.05687711299060648
0.06388642663679428
0.0723530232166503
0.08273449302677281
0.09560632590147836
0.11186596997650443
0.1325663800878314
0.15884195372601537
0.19229252310795802
0.23450349260168563
0.28632600967086563
0.34797259013264026
0.41706567565973834
0.4892731217630835
0.5576029824202792
0.6105409879792439
0.6479677633887436
0.6722577584245566
0.688814355682519
0.7046981359116179
0.7215891809762149
0.7395140090422065
0.7585764784873759
0.7787631654777661
0.7996176587865088
0.8209786732138405
0.8427689191018742
0.8643386646454875
0.885191731701843
0.9053053117252243
0.9240197204702952
0.9406023780331463
0.9553322060244944
0.9678707187149534
0.9776184616819208
0.9852952014281945
0.9910437661432259
###
1e-05
1.1768119524349992e-05
1.3848863713938717e-05
1.6297508346206434e-05
1.917910261672489e-05
2.2570197196339216e-05
2.656087782946684e-05
3.1257158496882356e-05
3.678379771828634e-05
4.328761281083062e-05
5.0941380148163754e-05
5.994842503189409e-05
7.054802310718646e-05
8.302175681319735e-05
9.770099572992247e-05
0.00011497569953977356
0.00013530477745798074
0.00015922827933410923
0.0001873817422860383
0.00022051307399030456
0.00025950242113997375
0.0003053855508833416
0.00035938136638046257
0.0004229242874389499
0.0004977023564332109
0.0005857020818056661
0.0006892612104349695
0.0008111308307896872
0.0009545484566618337
0.0011233240329780276
0.0013219411484660286
0.0015556761439304723
0.0018307382802953678
0.002154434690031882
0.0025353644939701114
0.0029836472402833374
0.003511191734215131
0.004132012400115334
0.004862601580065354
0.005722367659350214
0.006734150657750821
0.007924828983539169
0.0093260334688322
0.010974987654930556
0.01291549665014884
0.01519911082952933
0.01788649529057435
0.0210490414451202
0.02477076355991709
0.029150530628251757
0.034304692863149154
0.040370172585965536
0.047508101621027934
0.05590810182512223
0.06579332246575675
0.0774263682681127
0.09111627561154886
0.10722672220103231
0.1261856883066021
0.14849682622544635
0.1747528400007683
0.20565123083486514
0.24201282647943834
0.2848035868435799
0.3351602650938841
0.3944206059437656
0.46415888336127725
0.5462277217684337
0.642807311728432
0.7564633275546291
0.8902150854450375
1.0476157527896641
1.232846739442066
1.4508287784959402
1.7073526474706886
2.009233002565046
2.364489412645407
2.782559402207126
3.274549162877725
3.8535285937105273
4.534878508128582
5.3366992312063015
6.280291441834247
7.390722033525775
8.697490026177835
10.235310218990248
12.045035402587812
14.174741629268048
16.68100537200059
19.630406500402685
23.10129700083158
27.1858824273294
31.992671377973846
37.64935806792464
44.30621457583877
52.14008287999685
61.35907273413163
72.20809018385457
84.97534359086438
100.0
###
4.439794401812317
3.8783348237156385
3.2989688528715164
2.720818524264783
2.1718154458932175
1.6817128301451092
1.3665453996938233
1.0220966186754257
0.7607448342034014
0.5692967219984936
17.151552471732927
14.647933835602759
12.108049643982836
9.643101309967916
7.385952016745423
5.452594845198535
4.254862264285301
2.9956484758847104
2.0780967658340175
1.4335443440389435
28.505376571778882
24.093281812436125
19.66592927562939
15.432472595604075
11.626419878029816
8.42822539028227
6.479533058854614
4.461058605273445
3.0152186726962436
2.014958458707615
39.170681784728956
32.87719935849148
26.612806767993582
20.68688784360289
15.425047960234382
11.059304265206148
8.427522692762382
5.727718543412914
3.813487196160314
2.501643507455767
49.37244033268878
41.21730274428661
33.15457948700256
25.59284140773096
18.942482051559644
13.475962961989357
10.206486146150876
6.875942150999193
4.531148533508039
2.936549554935375
59.21524179775546
49.224404457561015
39.39734947893817
30.244755966448047
22.256688311813203
15.739903492244823
11.867059775904078
7.9422188186700575
5.195090405948536
3.3370698483509855
68.77775966630563
56.96599356573238
45.40308799703152
34.697153601489774
25.41340618398641
17.886810182740692
13.435983985770639
8.946923411110426
5.818971707180022
3.7125261876182547
78.10385624576709
64.48702749707716
51.21279877276261
38.986379514223614
28.442491119123865
19.93967665311644
14.933311607729584
9.902901691025457
6.4111612815715215
4.068501432678721
87.22734958657954
71.81986136988452
56.85743864403646
43.138342418836
31.36478225147008
21.914443797574624
16.37097419087844
10.818908486883275
6.9778314685307805
4.408838922268526
96.17354742304751
78.98897603440939
62.35837224066076
47.172143352359406
34.19578054468317
23.822798874690843
17.758128379720432
11.70051867783562
7.523018813281254
4.736159939800653
104.97149631946625
86.01335604744804
67.7327459472544
51.10238907930059
36.94729762696099
25.673619697002405
19.10165654473208
12.553859841274805
8.049851606835613
5.052345111008779
113.62040681463412
92.90817661373143
72.99479559432102
54.94092910153108
39.62860710117253
27.473753116212226
20.406952088360736
13.38193811181631
8.560714023665216
5.3588917698422875
122.14123619604781
99.68573315671699
78.15548559214157
58.69715219463007
42.246017134909515
29.228917546775776
21.678322050831174
14.187679277010083
9.05749447646764
5.657003164098015
130.5449382634166
106.35669611733198
83.2240814093126
62.37890895235363
44.80795581826302
30.943615812849746
22.91926837723014
14.973443260232411
9.541913021604497
5.947576202857705
138.84074333158603
112.92932005136387
88.20851061151176
65.9926933176408
47.31847761038079
32.621642347814145
24.132704640854747
15.741183805737148
10.01464261709682
6.231392934461704