# ../data/BKevo/MVge_BKevo/mvge_33.dat
# N(r,Y=0), r, *F2(x,Q^2)
# 1e-05 < r < 100.0
# 1 < Q^2 < 50, n=15, lin grid
# 1e-5 < x < 1e-2, n=10, log grid
###
8.936579188280415e-09
1.1437545937964101e-08
1.4664450553176202e-08
1.8787762492454767e-08
2.4038060091414597e-08
3.0791846741632197e-08
3.943648056489053e-08
5.0439134811858206e-08
6.454908144128485e-08
8.263919085922005e-08
1.0565273758921613e-07
1.35073564627955e-07
1.7285338618044853e-07
2.2088967640515987e-07
2.8210539661717066e-07
3.608325496926276e-07
4.6087265778815836e-07
5.8795018544476e-07
7.516124198668199e-07
9.594423718679849e-07
1.2230850619943446e-06
1.5619218630216493e-06
1.992522125155299e-06
2.538343861887565e-06
3.237512190241884e-06
4.127062797081479e-06
5.253697120248439e-06
6.691989578583219e-06
8.523869611282582e-06
1.084187579822102e-05
1.3791031540911337e-05
1.75508620123982e-05
2.2303880955215867e-05
2.8330488659858466e-05
3.6020721047946845e-05
4.573305440376335e-05
5.800677494185416e-05
7.36833142813445e-05
9.346469266730349e-05
0.00011840182328325798
0.0001502475076635902
0.00019042976709703324
0.0002410598483995893
0.00030554914799176984
0.00038706061561183906
0.000489774875013669
0.0006203679502647316
0.0007858574964511821
0.000994599493908272
0.0012597878076055593
0.001597112745175743
0.0020234906498679205
0.0025653010030146787
0.003258000097084421
0.004136234944134228
0.005253178658343942
0.006689568702819907
0.008516645111612545
0.01084145711109462
0.013847396879040371
0.017679463087434247
0.02256147673530485
0.02886654817111958
0.03691510213882538
0.04715065230106332
0.06028255817417204
0.07697958083066692
0.09803855642169834
0.12464468302311066
0.15795765557167615
0.1990873533033767
0.24940473765532464
0.30994510423782545
0.3811364804363507
0.46265130051268116
0.551987133592217
0.6463496535646684
0.7406100121732647
0.824323166006624
0.8945076464750332
0.9469439397809792
0.9767713216292557
0.992077115832412
0.9982467307343781
0.9997059889264814
0.9999664312313681
0.9999984750071755
0.9999999783527154
0.9999999997032143
0.999999999998981
1.0
1.0
1.0
1.0
1.0
1.0
1.0
1.0
1.0
1.0
###
1e-05
1.1768119524349992e-05
1.3848863713938717e-05
1.6297508346206434e-05
1.917910261672489e-05
2.2570197196339216e-05
2.656087782946684e-05
3.1257158496882356e-05
3.678379771828634e-05
4.328761281083062e-05
5.0941380148163754e-05
5.994842503189409e-05
7.054802310718646e-05
8.302175681319735e-05
9.770099572992247e-05
0.00011497569953977356
0.00013530477745798074
0.00015922827933410923
0.0001873817422860383
0.00022051307399030456
0.00025950242113997375
0.0003053855508833416
0.00035938136638046257
0.0004229242874389499
0.0004977023564332109
0.0005857020818056661
0.0006892612104349695
0.0008111308307896872
0.0009545484566618337
0.0011233240329780276
0.0013219411484660286
0.0015556761439304723
0.0018307382802953678
0.002154434690031882
0.0025353644939701114
0.0029836472402833374
0.003511191734215131
0.004132012400115334
0.004862601580065354
0.005722367659350214
0.006734150657750821
0.007924828983539169
0.0093260334688322
0.010974987654930556
0.01291549665014884
0.01519911082952933
0.01788649529057435
0.0210490414451202
0.02477076355991709
0.029150530628251757
0.034304692863149154
0.040370172585965536
0.047508101621027934
0.05590810182512223
0.06579332246575675
0.0774263682681127
0.09111627561154886
0.10722672220103231
0.1261856883066021
0.14849682622544635
0.1747528400007683
0.20565123083486514
0.24201282647943834
0.2848035868435799
0.3351602650938841
0.3944206059437656
0.46415888336127725
0.5462277217684337
0.642807311728432
0.7564633275546291
0.8902150854450375
1.0476157527896641
1.232846739442066
1.4508287784959402
1.7073526474706886
2.009233002565046
2.364489412645407
2.782559402207126
3.274549162877725
3.8535285937105273
4.534878508128582
5.3366992312063015
6.280291441834247
7.390722033525775
8.697490026177835
10.235310218990248
12.045035402587812
14.174741629268048
16.68100537200059
19.630406500402685
23.10129700083158
27.1858824273294
31.992671377973846
37.64935806792464
44.30621457583877
52.14008287999685
61.35907273413163
72.20809018385457
84.97534359086438
100.0
###
1.9753914965274704
1.7556780989679848
1.55189981355519
1.3657696864771998
1.1977680723561053
1.048364879519204
0.9483039716670364
0.8302263631619233
0.7285583445359065
0.6418556565676226
6.274199029065335
5.390829052396745
4.59545458005623
3.8909252974148494
3.274515612322124
2.7426959424831745
2.3954912221295843
1.995267723762043
1.659010209045845
1.3781345848319349
9.488656280517464
8.030870666035163
6.7381088707869985
5.610415135517569
4.6387080859276395
3.8127450757680323
3.2804477599947304
2.674209876965421
2.171585473932111
1.7570622642753335
12.218911767600847
10.24039549100603
8.503639193047677
7.004258347537963
5.725505292220058
4.649406329421399
3.9618134264682743
3.185286730671959
2.5474354166692135
2.026194850074762
14.647708376287806
12.186008791708893
10.0421563341855
8.20563530629481
6.651476376248167
5.353589377536478
4.529506904521998
3.6048654125100303
2.8508831803396384
2.239005881285721
16.862936746573727
13.94691569092654
11.423388528818018
9.275490558090286
7.469069002096925
5.969649610004116
5.02258735834461
3.9653323232649234
3.108356885129771
2.4169203023281822
18.914981501014807
15.568180331136949
12.687268833644849
10.248067201196958
8.207291748504275
6.521765713389084
5.462053078890491
4.283950721129869
3.333648638251513
2.57083649053313
20.837034922428067
17.078977183702133
13.858932884489105
11.144846273133265
8.884177847218833
7.025121947633073
5.860730862440336
4.5709501359562
3.535016257640885
2.707145439508005
22.6519845645988
18.499394075869755
14.955609928825966
11.980396897510788
9.511859404883506
7.489547850128928
6.227087441335353
4.8332129308802205
3.717806341644362
2.8299020561469694
24.377460219955168
19.84395549323164
15.989713725834799
12.765173197995038
10.098959155310583
7.922091127557761
6.56708371774689
5.075359678331932
3.88564807436301
2.9418576598889192
26.02443224349512
21.12359316357917
16.970572049721472
13.506888586547792
10.651851034790562
8.32786592798919
6.885083771750027
5.300853762500726
4.041183188691257
3.0450135351223797
27.60349449564008
22.346884399020386
17.905327381962948
14.211545349737648
11.17528179773133
8.710817155789972
7.184393140807417
5.512266620130908
4.1863807491131455
3.1408248165612678
29.12264889260813
23.520564461611208
18.79970307460945
14.883878494837507
11.673286963580786
9.074010583382284
7.467570404758273
5.711587905821512
4.322600932668895
3.2303987470430098
30.588479033747994
24.6501511233685
19.658303836476062
15.52763801824704
12.14920177535145
9.41989612528627
7.73666056897972
5.900396439811764
4.451298978022221
3.3146524130599775
32.006391318504676
25.740165643575715
20.48491352122208
16.145946350271082
12.604977397410442
9.750372807485386
7.993347556715398
6.079952687885915
4.573309970250913
3.394189755313239