# ../data/BKevo/MV2g_BKevo/mv2g_98.dat
# N(r,Y=0), r, *F2(x,Q^2)
# 1e-05 < r < 100.0
# 1 < Q^2 < 50, n=15, lin grid
# 1e-5 < x < 1e-2, n=10, log grid
###
5.414419796102491e-13
7.869751130303238e-13
1.1523152439183835e-12
1.6829044491419667e-12
2.4463590267093626e-12
3.574894911693254e-12
5.222234194769575e-12
7.59235848486794e-12
1.1071653358759301e-11
1.61768080956982e-11
2.3521142368743462e-11
3.422618753952553e-11
5.001638595768635e-11
7.272920379116895e-11
1.0559500999989208e-10
1.5433143001771442e-10
2.2442104981579834e-10
3.2508927627263127e-10
4.751728552151645e-10
6.909617862343447e-10
1.0002255635021984e-09
1.4595970308200222e-09
2.1223012426248614e-09
3.07174224963546e-09
4.472219806841807e-09
6.501989192757658e-09
9.408820505271168e-09
1.3666129995180834e-08
1.9865288204635155e-08
2.8739068269468827e-08
4.164143678654339e-08
6.051736731086398e-08
8.752391693100205e-08
1.2650201098140068e-07
1.8379771408646132e-07
2.657305409347881e-07
3.83100444437882e-07
5.564631578049695e-07
8.042465329388453e-07
1.1572955471121052e-06
1.6794654426622974e-06
2.4265610381633292e-06
3.490585881727631e-06
5.053749376949504e-06
7.300430288947564e-06
1.049942715325873e-05
1.5168406489490377e-05
2.191215694810717e-05
3.1515460266536465e-05
4.5444846245832144e-05
6.567618087483548e-05
9.450541016952403e-05
0.00013608497169693523
0.00019687013274239623
0.000283618102853386
0.0004081177325715903
0.0005915625581954954
0.0008540600646162729
0.0012292953745271834
0.0017875792654638966
0.0025897376162521014
0.003740426649773332
0.0054540880035864586
0.007940700711088926
0.01152769939040824
0.016868462035992095
0.024702018021532844
0.03605127214661732
0.05287267731161769
0.07763105331710403
0.11320560907038772
0.16446162058298072
0.23707514389973477
0.3343802107094929
0.4578283922260167
0.5987252027662547
0.7383569728708882
0.8539224656841563
0.9255657954322588
0.9685656129639275
0.9911212727848825
0.9981678088746184
0.9997959285456153
0.9999943347903554
0.9999999653838698
0.9999999998944519
0.9999999999999735
1.0
1.0
1.0
1.0
1.0
1.0
1.0
1.0
1.0
1.0
1.0
1.0
1.0
###
1e-05
1.1768119524349992e-05
1.3848863713938717e-05
1.6297508346206434e-05
1.917910261672489e-05
2.2570197196339216e-05
2.656087782946684e-05
3.1257158496882356e-05
3.678379771828634e-05
4.328761281083062e-05
5.0941380148163754e-05
5.994842503189409e-05
7.054802310718646e-05
8.302175681319735e-05
9.770099572992247e-05
0.00011497569953977356
0.00013530477745798074
0.00015922827933410923
0.0001873817422860383
0.00022051307399030456
0.00025950242113997375
0.0003053855508833416
0.00035938136638046257
0.0004229242874389499
0.0004977023564332109
0.0005857020818056661
0.0006892612104349695
0.0008111308307896872
0.0009545484566618337
0.0011233240329780276
0.0013219411484660286
0.0015556761439304723
0.0018307382802953678
0.002154434690031882
0.0025353644939701114
0.0029836472402833374
0.003511191734215131
0.004132012400115334
0.004862601580065354
0.005722367659350214
0.006734150657750821
0.007924828983539169
0.0093260334688322
0.010974987654930556
0.01291549665014884
0.01519911082952933
0.01788649529057435
0.0210490414451202
0.02477076355991709
0.029150530628251757
0.034304692863149154
0.040370172585965536
0.047508101621027934
0.05590810182512223
0.06579332246575675
0.0774263682681127
0.09111627561154886
0.10722672220103231
0.1261856883066021
0.14849682622544635
0.1747528400007683
0.20565123083486514
0.24201282647943834
0.2848035868435799
0.3351602650938841
0.3944206059437656
0.46415888336127725
0.5462277217684337
0.642807311728432
0.7564633275546291
0.8902150854450375
1.0476157527896641
1.232846739442066
1.4508287784959402
1.7073526474706886
2.009233002565046
2.364489412645407
2.782559402207126
3.274549162877725
3.8535285937105273
4.534878508128582
5.3366992312063015
6.280291441834247
7.390722033525775
8.697490026177835
10.235310218990248
12.045035402587812
14.174741629268048
16.68100537200059
19.630406500402685
23.10129700083158
27.1858824273294
31.992671377973846
37.64935806792464
44.30621457583877
52.14008287999685
61.35907273413163
72.20809018385457
84.97534359086438
100.0
###
1.4331488934821683
1.2720718512095948
1.128430697260937
1.0019767648982871
0.8920203470385896
0.7975202335668898
0.736012584042901
0.6655595103656089
0.6069913109099698
0.5591037580804318
4.105192845670732
3.5014583000053228
2.9755919946374556
2.5233682557795687
2.1380313756740286
1.8120979622750242
1.6020624872160287
1.3620200190788376
1.1613858551017813
0.9940236205955034
5.926426470044274
4.964746222352975
4.139975653989938
3.439877901956798
2.8504612034941648
2.357245868150903
2.0421845264669343
1.684552700721369
1.3877896909408711
1.1411394530643038
7.39930742708491
6.127797156478569
5.0474876816544
4.1387020856042875
3.380162244026272
2.750642911819382
2.3512365345121764
1.9009157888802781
1.5296148814644062
1.2231535793264083
8.666646324232163
7.11653102446391
5.809065305739552
4.716721738223548
3.8110220234017897
3.0645108184398278
2.5934670112248246
2.0653593267367025
1.6326865917148647
1.277793523173654
9.793475702628031
7.987790792597536
6.473608447790669
5.215735470349604
4.178669932953547
3.328363635515172
2.794532915769069
2.1988708398758265
1.7137258961447972
1.3180338782414835
10.816344648168668
8.773006419990486
7.067930163224172
5.65824314467863
4.50162216623849
3.557584359706007
2.967401408522284
2.3117174314630304
1.7803109850269123
1.3494797313230043
11.758155096276559
9.49177267962575
7.608503703941621
6.057948571335576
4.790778077218185
3.7611188647136227
3.1197250080458003
2.409740295103021
1.83703845869885
1.3750976068693195
12.634582256733598
10.157257677673355
8.106302541244014
6.423859255065974
5.053930418390092
3.944793554726787
3.256202366154545
2.496581537852672
1.886429193454246
1.396583538334985
13.456738995051277
10.778804085526806
8.569087129433214
6.762272352631039
5.2958865084600015
4.112575051719038
3.380139555569218
2.574588862766981
1.930183322381567
1.4150186421968594
14.23294896434234
11.363400628962053
9.002497966186107
7.077804112034612
5.520351733190597
4.267326010678939
3.493864980964796
2.6461568235436133
1.9694837817132202
1.4311362834221364
14.969605450181103
11.916230458823943
9.410885103395165
7.373928669313185
5.730070327196274
4.411182052031943
3.5990899150057976
2.7113520917561638
2.00516292526438
1.4454029730919105
15.671873390721776
12.441506838376393
9.797649480768806
7.653373201546162
5.927181359013052
4.5457332385471965
3.6971163934841207
2.771695998803961
2.037849463138338
1.458184055975899
16.343562027936233
12.942566695324235
10.165448748234873
7.918229097699601
6.113261339230908
4.6722728986874635
3.7889704488259834
2.8279068454152685
2.068017886767943
1.469745965362551
16.988111318098746
13.422121081680089
10.51648334537637
8.170246536477345
6.289776651887356
4.791811556866303
3.8754475607761565
2.880528646915632
2.0960311034792554
1.4802825373024737