# ../data/BKevo/MVge_BKevo/mvge_49.dat
# N(r,Y=0), r, *F2(x,Q^2)
# 1e-05 < r < 100.0
# 1 < Q^2 < 50, n=15, lin grid
# 1e-5 < x < 1e-2, n=10, log grid
###
0.0
0.0
0.0
0.0
0.0
0.0
0.0
0.0
0.0
0.0
0.0
0.0
0.0
0.0
0.0
0.0
0.0
1.110223024625157e-16
1.461039735377627e-16
2.220446049250313e-16
4.3546539295381284e-16
8.961494096199904e-16
1.6091336596321667e-15
2.997744561470017e-15
5.656081918439337e-15
1.0654692505200446e-14
1.984467437112119e-14
3.759756852068124e-14
7.137475262843886e-14
1.3305776584921372e-13
2.502295237426998e-13
4.757875099195241e-13
8.88688049009223e-13
1.660210313987661e-12
3.1650775624169696e-12
5.924321548954722e-12
1.099692766766683e-11
2.1033909633658337e-11
3.947406972904165e-11
7.301061737589511e-11
1.3984140926643383e-10
2.633233628253705e-10
4.884878640084949e-10
9.32028352585793e-10
1.7625747597402996e-09
3.2823130075560936e-09
6.242048853998672e-09
1.1866519962805675e-08
2.220114984374031e-08
4.209540994762421e-08
8.050512913844035e-08
1.5139784291447715e-07
2.8618016900486024e-07
5.50753233244006e-07
1.0412175278813361e-06
1.9609782080337624e-06
3.7973352016448578e-06
7.2151581253633225e-06
1.3527362200808757e-05
2.6348966395416903e-05
5.029613354445104e-05
9.45421658833614e-05
0.00018367134022507093
0.00035206079461546437
0.0006639197544123923
0.001283663201258745
0.0024688947054403018
0.004665906951682309
0.00895733863079177
0.0172261328617504
0.03243418811607643
0.061095660687188184
0.1147771132447664
0.2069662580436358
0.35629819921233175
0.5681115852485462
0.7948926768418647
0.9539594217240034
0.9954427609396593
0.9999034919675742
0.9999999673461561
0.9999999999999999
1.0
1.0
1.0
1.0
1.0
1.0
1.0
1.0
1.0
1.0
1.0
1.0
1.0
1.0
1.0
1.0
1.0
1.0
###
1e-05
1.1768119524349992e-05
1.3848863713938717e-05
1.6297508346206434e-05
1.917910261672489e-05
2.2570197196339216e-05
2.656087782946684e-05
3.1257158496882356e-05
3.678379771828634e-05
4.328761281083062e-05
5.0941380148163754e-05
5.994842503189409e-05
7.054802310718646e-05
8.302175681319735e-05
9.770099572992247e-05
0.00011497569953977356
0.00013530477745798074
0.00015922827933410923
0.0001873817422860383
0.00022051307399030456
0.00025950242113997375
0.0003053855508833416
0.00035938136638046257
0.0004229242874389499
0.0004977023564332109
0.0005857020818056661
0.0006892612104349695
0.0008111308307896872
0.0009545484566618337
0.0011233240329780276
0.0013219411484660286
0.0015556761439304723
0.0018307382802953678
0.002154434690031882
0.0025353644939701114
0.0029836472402833374
0.003511191734215131
0.004132012400115334
0.004862601580065354
0.005722367659350214
0.006734150657750821
0.007924828983539169
0.0093260334688322
0.010974987654930556
0.01291549665014884
0.01519911082952933
0.01788649529057435
0.0210490414451202
0.02477076355991709
0.029150530628251757
0.034304692863149154
0.040370172585965536
0.047508101621027934
0.05590810182512223
0.06579332246575675
0.0774263682681127
0.09111627561154886
0.10722672220103231
0.1261856883066021
0.14849682622544635
0.1747528400007683
0.20565123083486514
0.24201282647943834
0.2848035868435799
0.3351602650938841
0.3944206059437656
0.46415888336127725
0.5462277217684337
0.642807311728432
0.7564633275546291
0.8902150854450375
1.0476157527896641
1.232846739442066
1.4508287784959402
1.7073526474706886
2.009233002565046
2.364489412645407
2.782559402207126
3.274549162877725
3.8535285937105273
4.534878508128582
5.3366992312063015
6.280291441834247
7.390722033525775
8.697490026177835
10.235310218990248
12.045035402587812
14.174741629268048
16.68100537200059
19.630406500402685
23.10129700083158
27.1858824273294
31.992671377973846
37.64935806792464
44.30621457583877
52.14008287999685
61.35907273413163
72.20809018385457
84.97534359086438
100.0
###
1.1567395929940116
1.020113124370486
0.9012792798902928
0.7992640863801953
0.7128053299971795
0.6404873660366502
0.5946706633295074
0.5437127110451574
0.50321840468202
0.47215606237120566
3.0983109730528504
2.608893949246337
2.1923007141856017
1.8408029686768475
1.5463049289271578
1.3007637823765654
1.144230701575377
0.9668563512515759
0.8198353989474082
0.6980971655912321
4.34787457602094
3.5886332658842752
2.9505825801417904
2.4184121937889005
1.9771491764391955
1.61253317836343
1.3815497166083388
1.1210527154944578
0.9057032994362434
0.7270976066284985
5.333352654517684
4.346099780459747
3.5238139793194416
2.8439395071878035
2.2847643209868007
1.8263506658398645
1.537920535136053
1.2147418666378662
0.9495185146280221
0.7311958918806126
6.16734716341301
4.978844419025131
3.9958821867269974
3.18862926281125
2.529211735019275
1.9922237983894644
1.656411398951144
1.2824501928051213
0.9779511397550357
0.7295011839686595
6.899990072974447
5.529498076998714
4.402384338310601
3.4819976743005934
2.7344294333773256
2.129177977244228
1.752705597557658
1.33584418805778
0.9988876910263733
0.7263380330009099
7.55881452872598
6.020929685451951
4.762253785806545
3.73949950713403
2.9125968278338945
2.2466092742683537
1.834337873153433
1.3801613977279321
1.0155111248875408
0.7229461460518906
8.160823598839869
6.467239692838857
5.0869110807881475
3.9699734155297572
3.0708311315202765
2.349894260193248
1.9054905455312003
1.4182017103693674
1.0293611085374437
0.7197147194125818
8.71742239075671
6.877742712608728
5.38387936959725
4.1795022302566345
3.213681308659411
2.442389890024874
1.9687726144051754
1.4516323594550475
1.0412866705144257
0.716757494453136
9.236670559205878
7.25898564616515
5.658334710242149
4.372147663622519
3.344239367244553
2.5263563367905735
2.025886730747925
1.4815144539784217
1.0517880396531047
0.7140815729846787
9.724528157817023
7.6157747774433755
5.9140805684665425
4.550865987501146
3.46473220656166
2.603402722403615
2.0780221234335916
1.5085888682832596
1.0612035423828883
0.7116781933587855
10.185544840947031
7.951746895745302
6.154047611656053
4.717883353116416
3.5768010228572042
2.6746996631700592
2.126077192322499
1.5333733887620096
1.0697537578130003
0.7095153458704051
10.623150214044934
8.269773515616352
6.3803817839567865
4.874575554788399
3.681702206933282
2.7411364363483406
2.170677451542925
1.5562490321299813
1.0776019890583466
0.7075632438083553
11.040520161615445
8.572043743180853
6.594866279056604
5.022771784523035
3.7804225527250765
2.8034067619836054
2.2123435409474466
1.5775144167673105
1.0848653590348596
0.7057978727334885
11.439652468352797
8.860420841306444
6.79891371324474
5.163327877871263
3.8737390810896444
2.862050194675275
2.251461011073685
1.5973946925388973
1.091626627158433
0.7041894682507455