# ../data/BKevo/MV2g_BKevo/mv2g_91.dat
# N(r,Y=0), r, *F2(x,Q^2)
# 1e-05 < r < 100.0
# 1 < Q^2 < 50, n=15, lin grid
# 1e-5 < x < 1e-2, n=10, log grid
###
0.00011203598334790905
0.00012605044535310997
0.00014172361739279364
0.00015934096098258607
0.00017917469383712273
0.00020137105566673697
0.00022627212994991882
0.00025428724198698206
0.0002856604060897949
0.0003207844023430177
0.00036027217263249556
0.00040452162387387186
0.00045395425006192365
0.0005094842396198101
0.0005717489254811765
0.0006411477627141898
0.0007190389610852922
0.0008064286304539571
0.0009035941554282395
0.0010125457707777777
0.0011347116439155386
0.0012704881133084008
0.0014224165442006042
0.0015925886240067166
0.0017817729885950808
0.0019929114041388122
0.0022291241684343514
0.0024917885892760797
0.0027841164150156418
0.003110737568579351
0.0034740029307015474
0.0038770854482436004
0.004326821191951477
0.004827092409714408
0.005380429921223209
0.005996882016893358
0.006682708515105353
0.007438732740780556
0.00827966660248653
0.009214903695263236
0.010243368467587624
0.011384970125498897
0.01265263960076747
0.014046798690770319
0.015589479381809558
0.017300211625937305
0.01918254072543945
0.021259481614266582
0.02356060526754626
0.026095489881187737
0.028886459188286993
0.03197851842046993
0.035392375546233916
0.039147971784410734
0.04331425940320686
0.047931784331738905
0.053017907599485437
0.05867890836739689
0.06498955790243692
0.07196902540423786
0.07978147445827505
0.08854762130880346
0.09833474918167201
0.10936194657340743
0.12183447056401395
0.13590821532859507
0.15187840174365524
0.17007533808009762
0.19077423200291246
0.2143530357067732
0.24127542017017728
0.2718871577834384
0.3064978750369871
0.3455497021658913
0.3891212554310182
0.4367184350235856
0.48823116314646803
0.5426678258009727
0.5970871071632047
0.6506266688807637
0.7011589629672467
0.7443052062790322
0.7810863692907316
0.8118300632383596
0.8366354009110696
0.8584736245317608
0.8789520387313139
0.8981679721079443
0.9162628013385514
0.9332219254550285
0.9483476356748998
0.9613015396542446
0.9723309558440107
0.9811641037194998
0.9876749638075313
0.9924885232830751
0.9957907120244625
0.997733025907405
0.9989033813262541
0.9995454968063937
###
1e-05
1.1768119524349992e-05
1.3848863713938717e-05
1.6297508346206434e-05
1.917910261672489e-05
2.2570197196339216e-05
2.656087782946684e-05
3.1257158496882356e-05
3.678379771828634e-05
4.328761281083062e-05
5.0941380148163754e-05
5.994842503189409e-05
7.054802310718646e-05
8.302175681319735e-05
9.770099572992247e-05
0.00011497569953977356
0.00013530477745798074
0.00015922827933410923
0.0001873817422860383
0.00022051307399030456
0.00025950242113997375
0.0003053855508833416
0.00035938136638046257
0.0004229242874389499
0.0004977023564332109
0.0005857020818056661
0.0006892612104349695
0.0008111308307896872
0.0009545484566618337
0.0011233240329780276
0.0013219411484660286
0.0015556761439304723
0.0018307382802953678
0.002154434690031882
0.0025353644939701114
0.0029836472402833374
0.003511191734215131
0.004132012400115334
0.004862601580065354
0.005722367659350214
0.006734150657750821
0.007924828983539169
0.0093260334688322
0.010974987654930556
0.01291549665014884
0.01519911082952933
0.01788649529057435
0.0210490414451202
0.02477076355991709
0.029150530628251757
0.034304692863149154
0.040370172585965536
0.047508101621027934
0.05590810182512223
0.06579332246575675
0.0774263682681127
0.09111627561154886
0.10722672220103231
0.1261856883066021
0.14849682622544635
0.1747528400007683
0.20565123083486514
0.24201282647943834
0.2848035868435799
0.3351602650938841
0.3944206059437656
0.46415888336127725
0.5462277217684337
0.642807311728432
0.7564633275546291
0.8902150854450375
1.0476157527896641
1.232846739442066
1.4508287784959402
1.7073526474706886
2.009233002565046
2.364489412645407
2.782559402207126
3.274549162877725
3.8535285937105273
4.534878508128582
5.3366992312063015
6.280291441834247
7.390722033525775
8.697490026177835
10.235310218990248
12.045035402587812
14.174741629268048
16.68100537200059
19.630406500402685
23.10129700083158
27.1858824273294
31.992671377973846
37.64935806792464
44.30621457583877
52.14008287999685
61.35907273413163
72.20809018385457
84.97534359086438
100.0
###
5.113358412504313
4.5751668841835835
4.009219334647641
3.4236842931319624
2.8349534555089315
2.2689590009685237
1.877057749949182
1.418541914338942
1.0457285064785562
0.7585100619920897
20.182019237596283
17.75987385419261
15.231039718184931
12.655533430770413
10.136334992332051
7.804413913452657
6.252109485463369
4.510240239343837
3.1601691751818874
2.1672242649632745
33.881978680364895
29.58325799951832
25.11936729261039
20.618463986419943
16.280611695171576
12.339194569901776
9.762361382069605
6.921757393506034
4.76239798149242
3.202398411791764
46.88195319367184
40.714850000882905
34.33899635306332
27.958297620796923
21.873345887669455
16.41408850987498
12.88660904566279
9.04182471450251
6.154994209517409
4.092044880429458
59.409397311993104
51.3768498885557
43.108515676597065
34.884573869724214
27.105512798351153
20.194228271372804
15.76728639425472
10.982182252259463
7.420623701166321
4.895386967329754
71.57008814129532
61.683321602747405
51.540014915851025
41.50304895429536
32.073429313610795
23.76053967234269
18.472966995481787
12.794775636728327
8.597382826738734
5.639151530156973
83.43796756230327
71.70318177390254
59.70105918882274
47.877115323438844
36.833412782446274
27.16063035522094
21.043661105887413
14.50989149931924
9.706890495498735
6.338271211382908
95.0604950751456
81.48582490715086
67.6373942945704
54.05058458712775
41.42319831931054
30.425727961828027
23.505345703635516
16.146867735507367
10.762905566338912
7.0021340220332835
106.47198089373697
91.06295929645695
75.38187992595081
60.05262714141607
45.86942336989935
33.57771961686413
25.876176776952924
17.719141496900647
11.774890132599808
7.637120448373762
117.69821188461565
100.46097503484697
82.95919452476217
65.90630547785975
50.19191726834574
36.632817579628245
28.1695229140576
19.236500446609703
12.749675051710781
8.24782910033456
128.75975817868746
109.69990188344684
90.38827728864149
71.62937742573594
54.406018389172175
39.60344692976014
30.395524796443915
20.70693874424884
13.692442697472375
8.837732871046086
139.67282984982492
118.79331108739451
97.68510924765532
77.23575283990934
58.523777571498165
42.49940278670508
32.56226658249009
22.135005142319457
14.60718642960006
9.410493668849714
150.45083464899247
127.75919198362568
104.86201632772165
82.73670535242354
62.554956044385925
45.328569298548494
34.676089741468985
23.525306858152575
15.497132128385799
9.965239090976715
161.10499948853078
136.6092648185561
111.92985558366048
88.14287631759234
66.50790456522546
48.09749295858306
36.74231356804959
24.883224216008564
16.364883412366133
10.508397813063784
171.64484635813648
145.34713795534654
118.89679663336116
93.46136557813344
70.39137746915547
50.811589347243796
38.76532625187476
26.21100365006706
17.212603429447867
11.035220836354052