# ../data/BKevo/MV2g_BKevo/mv2g_52.dat
# N(r,Y=0), r, *F2(x,Q^2)
# 1e-05 < r < 100.0
# 1 < Q^2 < 50, n=15, lin grid
# 1e-5 < x < 1e-2, n=10, log grid
###
8.490265787919742e-05
9.552227095117144e-05
0.00010739854406057996
0.00012074771883048856
0.0001357759647651137
0.000152593891207338
0.0001714605226362327
0.00019268579582293043
0.0002164541951301725
0.00024306287289824828
0.0002729757905222013
0.0003064936127061207
0.00034393459054475324
0.00038599040188922276
0.00043314227157444167
0.00048569026272007507
0.0005446613728013987
0.0006108145503054826
0.0006843540400426036
0.0007667985957113444
0.0008592232620255529
0.0009619161137693002
0.001076792675422744
0.0012054232423694842
0.0013483658588061274
0.001507826226457384
0.001686139071122124
0.0018842998439735966
0.0021046894482616278
0.0023507566972789254
0.0026241885128667967
0.0029272721045167935
0.0032650692836057107
0.003640338580033724
0.004054742135629089
0.004515661728737807
0.005027489463736694
0.005590300659375597
0.006214792726491466
0.006907408181205936
0.007666212376890424
0.008505397166669142
0.009433444784802495
0.01044858759982611
0.011565631284560982
0.012796917773648315
0.014141346314947368
0.015612516695971024
0.017228397325173117
0.018989629653130766
0.020905726059117006
0.023003147416739134
0.025286658599624205
0.027758219331389885
0.03045791026617494
0.03340000063408451
0.03657759239921033
0.04005449367698466
0.043866701276845166
0.04800861918698108
0.05258917310453924
0.05768696404932346
0.06336582956740854
0.06980664923749713
0.07720699987589742
0.08582567651218827
0.09604299879133121
0.10833574861260512
0.12341084211575551
0.14215406001742542
0.16557329858900727
0.19511480769397835
0.23240822866451205
0.27868625893876664
0.3350619883073956
0.4011552202360566
0.47450293376740504
0.5500531817765922
0.6167609087079486
0.6701401794256596
0.707745090004973
0.7311092395045782
0.7502280887243932
0.7690786652625802
0.7884787267203517
0.8086448380883956
0.8294843565272472
0.850351709238181
0.8710040566267727
0.8913192536447565
0.9105441638553807
0.9281827466518545
0.9443032511112492
0.9583617052503202
0.9698667996769057
0.979305770159496
0.9866254367885015
0.9916702566338437
0.9952071754626295
0.9975226078168715
###
1e-05
1.1768119524349992e-05
1.3848863713938717e-05
1.6297508346206434e-05
1.917910261672489e-05
2.2570197196339216e-05
2.656087782946684e-05
3.1257158496882356e-05
3.678379771828634e-05
4.328761281083062e-05
5.0941380148163754e-05
5.994842503189409e-05
7.054802310718646e-05
8.302175681319735e-05
9.770099572992247e-05
0.00011497569953977356
0.00013530477745798074
0.00015922827933410923
0.0001873817422860383
0.00022051307399030456
0.00025950242113997375
0.0003053855508833416
0.00035938136638046257
0.0004229242874389499
0.0004977023564332109
0.0005857020818056661
0.0006892612104349695
0.0008111308307896872
0.0009545484566618337
0.0011233240329780276
0.0013219411484660286
0.0015556761439304723
0.0018307382802953678
0.002154434690031882
0.0025353644939701114
0.0029836472402833374
0.003511191734215131
0.004132012400115334
0.004862601580065354
0.005722367659350214
0.006734150657750821
0.007924828983539169
0.0093260334688322
0.010974987654930556
0.01291549665014884
0.01519911082952933
0.01788649529057435
0.0210490414451202
0.02477076355991709
0.029150530628251757
0.034304692863149154
0.040370172585965536
0.047508101621027934
0.05590810182512223
0.06579332246575675
0.0774263682681127
0.09111627561154886
0.10722672220103231
0.1261856883066021
0.14849682622544635
0.1747528400007683
0.20565123083486514
0.24201282647943834
0.2848035868435799
0.3351602650938841
0.3944206059437656
0.46415888336127725
0.5462277217684337
0.642807311728432
0.7564633275546291
0.8902150854450375
1.0476157527896641
1.232846739442066
1.4508287784959402
1.7073526474706886
2.009233002565046
2.364489412645407
2.782559402207126
3.274549162877725
3.8535285937105273
4.534878508128582
5.3366992312063015
6.280291441834247
7.390722033525775
8.697490026177835
10.235310218990248
12.045035402587812
14.174741629268048
16.68100537200059
19.630406500402685
23.10129700083158
27.1858824273294
31.992671377973846
37.64935806792464
44.30621457583877
52.14008287999685
61.35907273413163
72.20809018385457
84.97534359086438
100.0
###
4.7705286519230645
4.213740397437099
3.6299355140244995
3.0319485244010806
2.444926971903853
1.9015139143495476
1.5411258032597126
1.1395038815410605
0.8309572703256013
0.6052405854211708
18.638501622278937
16.143219129646827
13.56052428749938
10.976571180819757
8.524329550209453
6.346388269428868
4.956450951727758
3.464209677230133
2.3640352912072826
1.5895256712604509
31.141583563668057
26.727822808430847
22.198384222715944
17.72749192073461
13.558208159295669
9.927243169555803
7.65208903967326
5.242716354350834
3.49751963699118
2.287757743446209
42.948035184246095
36.63434890412704
30.19673128855582
23.904152189705982
18.1067094648068
13.123628838719663
10.032724706138023
6.799108220861793
4.478922797116493
2.8850128416133685
54.28210227297054
46.0830938649769
37.76829457581351
29.70379365927533
22.34251945832781
16.077327777344376
12.223384016339125
8.220835478261524
5.370594305477639
3.425604584923447
65.25741180022017
55.18662686195184
45.02134144107625
35.22302376406155
26.350332452678817
18.856524674630272
14.277006963021167
9.548135651437233
6.200324390844113
3.927707758498042
75.94373831347642
64.01391969790993
52.020682921682734
40.524975418580546
30.180301838057193
21.500958049469244
16.225627869194863
10.803732080648592
6.983541985057543
4.401133493048549
86.38849318737662
72.61080781172738
58.80762089538326
45.64511366797796
33.86535097200622
24.036450261790346
18.089889685680017
12.00218667928442
7.729941628247266
4.852105286495021
96.62575034730341
81.01074485215848
65.41819030078071
50.613495041571845
37.42769839795632
26.481170451382514
19.884096966025574
13.153459007743116
8.446132007212771
5.284631894481115
106.68127671711183
89.23880830471379
71.87375016560688
55.45094115757816
40.88638433432924
28.848107071953237
21.618696542881395
14.264799800741242
9.136833767128909
5.701692994442723
116.57524478873296
97.31454882818205
78.19248504555189
60.172050003548115
44.25383842714164
31.147653749425377
23.30165213512681
15.341680267396908
9.805684576581202
6.1055689690932535
126.32384709232458
105.25363572289555
84.38893660011438
64.79049114178352
47.54055039706952
33.387677234665034
24.939180204150755
16.38830907551633
10.455331639821173
6.497904301560834
135.94038151394867
113.06688423604533
90.47498166429688
69.31643985177915
50.75474699868753
35.574586745733285
26.53627653914915
17.408109181181434
11.08803040854191
6.880045391034055
145.43597116072587
120.76346158305506
96.46052578808249
73.75868538118088
53.903507604920144
37.71363176740606
28.09702489305903
18.403915974020318
11.706165257215467
7.253035102143669
154.82001684003083
128.3609756477162
102.35383144152915
78.12382105341625
56.99221757860081
39.80920381271779
29.624685333482365
19.377936510631656
12.309390055895955
7.617841278520875