# ../data/BKevo/MV2g_BKevo/mv2g_99.dat
# N(r,Y=0), r, *F2(x,Q^2)
# 1e-05 < r < 100.0
# 1 < Q^2 < 50, n=15, lin grid
# 1e-5 < x < 1e-2, n=10, log grid
###
5.413864684590179e-13
7.868675059872929e-13
1.152176787943811e-12
1.6826512840792223e-12
2.445933812473271e-12
3.5742178488036558e-12
5.221091905642055e-12
7.5904698906083e-12
1.106855563014759e-11
1.617161073457758e-11
2.3512563103592518e-11
3.421192217728125e-11
4.99926063679063e-11
7.268985714851945e-11
1.0553022302471042e-10
1.5422298712384921e-10
2.242416663995552e-10
3.24794886735641e-10
4.746799348881395e-10
6.901457338910832e-10
9.988870552405882e-10
1.4573619527695666e-09
2.1185986885283666e-09
3.065666953310407e-09
4.462116821252415e-09
6.485243387970405e-09
9.381335278134145e-09
1.362062053625936e-08
1.978982109693533e-08
2.861518231167692e-08
4.143724115646557e-08
6.017865046408534e-08
8.696788581323537e-08
1.255899371132952e-07
1.822846250661898e-07
2.632472532196256e-07
3.7904789678893886e-07
5.49741396835564e-07
7.932206489885471e-07
1.139375086114763e-06
1.649801675044852e-06
2.377949056144922e-06
3.411676533519143e-06
4.9238889606857335e-06
7.08794434911743e-06
1.0155157796610236e-05
1.4605542383534903e-05
2.0993309728634284e-05
3.0030817570987038e-05
4.303567003758488e-05
6.175697985141439e-05
8.819792882843285e-05
0.00012593931793052085
0.00018045000440358912
0.0002573433528631052
0.0003663015140160784
0.0005244007039692472
0.0007474982695914669
0.0010619564165250488
0.001521927473292662
0.0021736907499673996
0.003096880049074232
0.004454451848440234
0.006408691479839982
0.00921708827708175
0.013408767021057406
0.019620945867730166
0.02878853053948621
0.0428321103842986
0.06447788785200846
0.09733095133256146
0.1481549795983533
0.2261792053857795
0.3378090266822831
0.48472851483897933
0.6452030673120998
0.7818880913508672
0.8735656039322909
0.9295741401818595
0.9688698194350213
0.9911229202516462
0.9981678099360151
0.999795928545696
0.9999943347903554
0.9999999653838698
0.9999999998944519
0.9999999999999735
1.0
1.0
1.0
1.0
1.0
1.0
1.0
1.0
1.0
1.0
1.0
1.0
1.0
###
1e-05
1.1768119524349992e-05
1.3848863713938717e-05
1.6297508346206434e-05
1.917910261672489e-05
2.2570197196339216e-05
2.656087782946684e-05
3.1257158496882356e-05
3.678379771828634e-05
4.328761281083062e-05
5.0941380148163754e-05
5.994842503189409e-05
7.054802310718646e-05
8.302175681319735e-05
9.770099572992247e-05
0.00011497569953977356
0.00013530477745798074
0.00015922827933410923
0.0001873817422860383
0.00022051307399030456
0.00025950242113997375
0.0003053855508833416
0.00035938136638046257
0.0004229242874389499
0.0004977023564332109
0.0005857020818056661
0.0006892612104349695
0.0008111308307896872
0.0009545484566618337
0.0011233240329780276
0.0013219411484660286
0.0015556761439304723
0.0018307382802953678
0.002154434690031882
0.0025353644939701114
0.0029836472402833374
0.003511191734215131
0.004132012400115334
0.004862601580065354
0.005722367659350214
0.006734150657750821
0.007924828983539169
0.0093260334688322
0.010974987654930556
0.01291549665014884
0.01519911082952933
0.01788649529057435
0.0210490414451202
0.02477076355991709
0.029150530628251757
0.034304692863149154
0.040370172585965536
0.047508101621027934
0.05590810182512223
0.06579332246575675
0.0774263682681127
0.09111627561154886
0.10722672220103231
0.1261856883066021
0.14849682622544635
0.1747528400007683
0.20565123083486514
0.24201282647943834
0.2848035868435799
0.3351602650938841
0.3944206059437656
0.46415888336127725
0.5462277217684337
0.642807311728432
0.7564633275546291
0.8902150854450375
1.0476157527896641
1.232846739442066
1.4508287784959402
1.7073526474706886
2.009233002565046
2.364489412645407
2.782559402207126
3.274549162877725
3.8535285937105273
4.534878508128582
5.3366992312063015
6.280291441834247
7.390722033525775
8.697490026177835
10.235310218990248
12.045035402587812
14.174741629268048
16.68100537200059
19.630406500402685
23.10129700083158
27.1858824273294
31.992671377973846
37.64935806792464
44.30621457583877
52.14008287999685
61.35907273413163
72.20809018385457
84.97534359086438
100.0
###
1.3991312884862783
1.241575107021059
1.1017765218945565
0.9793748641655982
0.8735650117178114
0.783230600478465
0.7248502749019262
0.6584141150293569
0.6037936305527449
0.5597755038373942
3.976026278780405
3.3861294481986413
2.8752538880212404
2.4375078901257288
2.0657453055171686
1.7523955699465006
1.5509949300735402
1.3214083438769584
1.1300829922505453
0.9709475580258188
5.718072470229688
4.78241625920162
3.98264226238624
3.3057354434478685
2.7373206021160774
2.2629385303169
1.9603740491258643
1.6174624505412425
1.3330035572102923
1.096697575054678
7.123355315046135
5.888248520942685
4.842106946865483
3.964491383205168
3.233684575611298
2.628458916200685
2.2449669913545063
1.8128961472293526
1.4567254916212653
1.1624964180323907
8.330123581756892
6.826327569729755
5.561608318055171
4.507826708313284
3.63612630296505
2.9188998609032772
2.4668761226770908
1.9603958528651657
1.545439995290684
1.2048106712917475
9.401529873284314
7.651668510860121
6.188517119916657
4.976141973087387
3.978780872957602
3.1624914986916424
2.650562017301223
2.079685401737098
1.614661706113188
1.2353695815908616
10.373006300467212
8.394679428445935
6.748448460812888
5.390866622392302
4.279276724291811
3.3737609622172093
2.808246617887758
2.1803321708658925
1.6713480020533267
1.258826471865818
11.266700153163665
9.074112133918529
7.257258015341213
5.765085813003373
4.548377370638634
3.561174761292113
2.9470023576238624
2.2676803505360015
1.7198535872874683
1.2779137507049678
12.0977315252347
9.702721211505903
7.725446299542004
6.107405898737338
4.792708999558633
3.730185290096918
3.0712829046888497
2.345040816755582
1.7619530593245154
1.2939219888513078
12.876809086731688
10.28948726057058
8.160396304523383
6.423809803774059
5.017378151570884
3.8844939112941734
3.1841046856184305
2.41460739429707
1.7990210241714235
1.3076808961098587
13.611943983008896
10.841078712066494
8.567545766546077
6.718661145176978
5.225734786008029
4.026764779256688
3.28760822686152
2.477918059074299
1.83287259462859
1.3197430773706935
14.30931654958117
11.362300341078662
8.951049835089837
6.995255781815049
5.420299941412457
4.158968084701702
3.3833689075838844
2.5360709586109906
1.8634144065290166
1.3305831712926184
14.973772534522215
11.857429184528998
9.314061161424098
7.2561402825739725
5.6030877834803166
4.282609094039437
3.4725759232277453
2.5899065594414834
1.8914333053308583
1.3401342773804847
15.609090114443207
12.329531803181345
9.659153398755475
7.5033828388061625
5.775668475861794
4.398870134727153
3.5561635871565294
2.6400598802569757
1.9173378357556308
1.348925769162594
16.21852355973397
12.781411698614189
9.988426435074008
7.738541607900076
5.939164160518254
4.508685037153767
3.6348973086004017
2.6870434540265506
1.9414353097935517
1.3569815195599324