# ../data/BKevo/MV2g_BKevo/mv2g_76.dat
# N(r,Y=0), r, *F2(x,Q^2)
# 1e-05 < r < 100.0
# 1 < Q^2 < 50, n=15, lin grid
# 1e-5 < x < 1e-2, n=10, log grid
###
6.180320569892124e-09
7.909916979834486e-09
1.014154446058073e-08
1.2993090278823961e-08
1.6624008643450424e-08
2.129466310679938e-08
2.727291973318241e-08
3.4881833940026746e-08
4.463952380946378e-08
5.71495589336846e-08
7.306417691439013e-08
9.340936015065522e-08
1.1953452764279234e-07
1.527515427666901e-07
1.9508115400813332e-07
2.49517954585788e-07
3.186896386325527e-07
4.065527719481836e-07
5.197049769058483e-07
6.63385786483902e-07
8.456404104045682e-07
1.0798548317439162e-06
1.3774701790646452e-06
1.7546806142172403e-06
2.2377926451853582e-06
2.852349936545749e-06
3.6305497635497684e-06
4.623764741875696e-06
5.888388111482883e-06
7.488069894823949e-06
9.522434104288735e-06
1.2114614983245289e-05
1.5389638167082778e-05
1.953920927540237e-05
2.482920265576603e-05
3.1503444085201344e-05
3.9927688577596904e-05
5.0669387409008396e-05
6.420023644084088e-05
8.122338109892393e-05
0.00010289955774175932
0.0001301687042887578
0.0001644107699281095
0.00020781947148667624
0.00026240738010807846
0.0003308055867530119
0.00041711540386339647
0.0005255719632307625
0.0006611422701928781
0.0008314150498614788
0.0010451624168304082
0.0013116874028511131
0.0016449307402397794
0.002062866088269792
0.0025829035761173623
0.003230698955431619
0.00404318316302853
0.005053496997838918
0.006309900218992919
0.007890896085794233
0.009863007111862384
0.01232705171966347
0.015451468409604178
0.019398765728795245
0.024403283226222476
0.03087587968570396
0.03928063619488201
0.05024849063065969
0.06492304536403432
0.08478274684039062
0.11163638482954191
0.1485969182614321
0.19972321023272124
0.26834009725917024
0.35786342136744
0.4671303233455587
0.5859620706373646
0.6968400531972287
0.7758845146990587
0.8310075940842571
0.8744603849872622
0.9116156541855073
0.9436053866914343
0.9687930245940035
0.9848693937867387
0.9939538188330538
0.9982616755002007
0.999629628040312
0.9999405762257868
0.9999952229629185
0.99999986789984
0.9999999963551016
0.9999999999667734
0.9999999999999958
1.0
1.0
1.0
1.0
1.0
1.0
###
1e-05
1.1768119524349992e-05
1.3848863713938717e-05
1.6297508346206434e-05
1.917910261672489e-05
2.2570197196339216e-05
2.656087782946684e-05
3.1257158496882356e-05
3.678379771828634e-05
4.328761281083062e-05
5.0941380148163754e-05
5.994842503189409e-05
7.054802310718646e-05
8.302175681319735e-05
9.770099572992247e-05
0.00011497569953977356
0.00013530477745798074
0.00015922827933410923
0.0001873817422860383
0.00022051307399030456
0.00025950242113997375
0.0003053855508833416
0.00035938136638046257
0.0004229242874389499
0.0004977023564332109
0.0005857020818056661
0.0006892612104349695
0.0008111308307896872
0.0009545484566618337
0.0011233240329780276
0.0013219411484660286
0.0015556761439304723
0.0018307382802953678
0.002154434690031882
0.0025353644939701114
0.0029836472402833374
0.003511191734215131
0.004132012400115334
0.004862601580065354
0.005722367659350214
0.006734150657750821
0.007924828983539169
0.0093260334688322
0.010974987654930556
0.01291549665014884
0.01519911082952933
0.01788649529057435
0.0210490414451202
0.02477076355991709
0.029150530628251757
0.034304692863149154
0.040370172585965536
0.047508101621027934
0.05590810182512223
0.06579332246575675
0.0774263682681127
0.09111627561154886
0.10722672220103231
0.1261856883066021
0.14849682622544635
0.1747528400007683
0.20565123083486514
0.24201282647943834
0.2848035868435799
0.3351602650938841
0.3944206059437656
0.46415888336127725
0.5462277217684337
0.642807311728432
0.7564633275546291
0.8902150854450375
1.0476157527896641
1.232846739442066
1.4508287784959402
1.7073526474706886
2.009233002565046
2.364489412645407
2.782559402207126
3.274549162877725
3.8535285937105273
4.534878508128582
5.3366992312063015
6.280291441834247
7.390722033525775
8.697490026177835
10.235310218990248
12.045035402587812
14.174741629268048
16.68100537200059
19.630406500402685
23.10129700083158
27.1858824273294
31.992671377973846
37.64935806792464
44.30621457583877
52.14008287999685
61.35907273413163
72.20809018385457
84.97534359086438
100.0
###
1.6786687664218283
1.4693389879458145
1.2791470802324807
1.1093454597285517
0.9598594523914448
0.8302418294443874
0.7453702793458167
0.6473304133274709
0.5649148623974513
0.496188765859007
5.1120472161897474
4.307987365395296
3.600870786768056
2.989451653113039
2.4675508422351684
2.027835993294713
1.7465890809271858
1.4281779027829968
1.1656539411826183
0.9498676903928146
7.596512766567372
6.298916591673687
5.175701742331327
4.219339157357555
3.415247988472977
2.747423803202528
2.3254487712829297
1.853079847563137
1.4684358069049661
1.1559526932562814
9.674363839583261
7.939127135175234
6.452744871273408
5.200159135515098
4.157627133161819
3.3002648498931824
2.762998492182526
2.1664694607883628
1.6852393397356027
1.2979249084839601
11.504607840697453
9.369008518864451
7.55454067700925
6.037336308580526
4.784151113805489
3.7611935035920823
3.1242521397349625
2.4215241761411535
1.8588133508615836
1.4094090386451195
13.16112113763172
10.653702325187266
8.536916837524316
6.777925031273938
5.333880748926987
4.162146624574992
3.43637066763986
2.6397375103778926
2.005761801165466
1.5027252653282401
14.686934529108859
11.83002785783924
9.431006734733623
7.447850573406893
5.828021972461108
4.520153865127095
3.7135949735799434
2.8321790884780227
2.134398586151638
1.5838318226484507
16.109377539633464
12.921346650115373
10.256498376169134
8.063143529185298
6.279535886458428
4.845547467342286
3.964553258638726
3.00547611620812
2.249542406213822
1.656082189834843
17.44729183268651
13.943493109406077
11.026364091169357
8.634662343373387
6.69704292318187
5.145148924475668
4.194815828535889
3.1636827661928395
2.3542383164698526
1.7215513546398442
18.71418514351738
14.907813001709554
11.750180881148259
9.170025549424755
7.086726213610249
5.423696810403723
4.408349028747882
3.309808081168978
2.45055722195292
1.7816404732885105
19.920533783453994
15.823190012550558
12.43499033856153
9.674907915157265
7.453117852389409
5.684677251313068
4.607727027363311
3.4459305305533
2.5400541075114735
1.8373530179133446
21.074219932651
16.696120381774804
13.086192733128438
10.153649774694998
7.799483313033668
5.930725874285629
4.7954708480354835
3.5736308385438753
2.6237920007891313
1.8893851983034153
22.181527875431954
17.531865659133857
13.708050369362251
10.609650952979136
8.128551534185673
6.163880563727655
4.972996325541409
3.6940211971962857
2.702615642136316
1.9382983197559491
23.24764457588208
18.335026899955114
14.303996605695962
11.04564242009532
8.442445023470816
6.385757274736866
5.141569099933124
3.8082193499947454
2.7771890745142063
1.9845189147036693
24.27679566748317
19.1082495339475
14.87683708982902
11.463841935932196
8.742887728160712
6.597680578659369
5.30241708554221
3.9169011760804535
2.8480371177549415
2.028397493248517