# ../data/BKevo/MVge_BKevo/mvge_4.dat
# N(r,Y=0), r, *F2(x,Q^2)
# 1e-05 < r < 100.0
# 1 < Q^2 < 50, n=15, lin grid
# 1e-5 < x < 1e-2, n=10, log grid
###
0.0001286951316877882
0.00014479354525306616
0.00016279738493833198
0.00018303459319740813
0.0002058179167206402
0.0002313154435053038
0.00025992024033137217
0.00029210265023094876
0.0003281432603822966
0.0003684936295559911
0.0004138582692231644
0.00046469502313239394
0.0005214891974778806
0.000585292065480948
0.0006568377039979432
0.0007365883020495387
0.0008261070211332019
0.0009265544936894071
0.001038258852923006
0.001163536842609834
0.0013040416477324624
0.0014602527559721239
0.0016351104558542174
0.0018310492903861326
0.0020490107966811047
0.0022924329605829435
0.0025649778144791816
0.0028683661319958203
0.0032064468430017144
0.0035847237347578385
0.00400621685292772
0.004474990657928573
0.004999326814486153
0.005584397973454797
0.006234173667061168
0.006961151160011254
0.007774047317788598
0.00867636951274347
0.009687032775365739
0.010819989179436653
0.01207959968707215
0.013492901677813956
0.015081098312852795
0.01685511137198763
0.018849053564890337
0.021096780726933193
0.02362007470126361
0.02646210939635544
0.029675474357390458
0.03329824764310884
0.03738421614106497
0.04201260448010027
0.04724441384847885
0.05314316329472085
0.05982523405111717
0.06738298255631747
0.07588217883338876
0.08549073388186665
0.09634337881222421
0.1084855072440765
0.12215559960642172
0.13752394648044128
0.15462228889932844
0.17372164448001753
0.19503293496859458
0.21854850256585043
0.2445067606465665
0.27314861192105294
0.3043683690876633
0.33823347308980417
0.37498655960793204
0.41433802971851413
0.45592913942750296
0.4999790613956772
0.5459373570895331
0.5926631808439727
0.6404023003972581
0.6883805030209107
0.7344067447263242
0.7790037264018521
0.8213394455756383
0.8588032529724829
0.8922712910295743
0.9213547803538147
0.9444757947360429
0.9626661478868583
0.9765483790801153
0.9860174842549441
0.9921674810957039
0.9960507746196128
0.9981794962738124
0.9992143043781362
0.9997114295122794
0.9999109213565253
0.9999733832429812
0.9999937402438533
0.9999989834051395
0.9999998183909549
0.999999976756641
0.9999999986747193
###
1e-05
1.1768119524349992e-05
1.3848863713938717e-05
1.6297508346206434e-05
1.917910261672489e-05
2.2570197196339216e-05
2.656087782946684e-05
3.1257158496882356e-05
3.678379771828634e-05
4.328761281083062e-05
5.0941380148163754e-05
5.994842503189409e-05
7.054802310718646e-05
8.302175681319735e-05
9.770099572992247e-05
0.00011497569953977356
0.00013530477745798074
0.00015922827933410923
0.0001873817422860383
0.00022051307399030456
0.00025950242113997375
0.0003053855508833416
0.00035938136638046257
0.0004229242874389499
0.0004977023564332109
0.0005857020818056661
0.0006892612104349695
0.0008111308307896872
0.0009545484566618337
0.0011233240329780276
0.0013219411484660286
0.0015556761439304723
0.0018307382802953678
0.002154434690031882
0.0025353644939701114
0.0029836472402833374
0.003511191734215131
0.004132012400115334
0.004862601580065354
0.005722367659350214
0.006734150657750821
0.007924828983539169
0.0093260334688322
0.010974987654930556
0.01291549665014884
0.01519911082952933
0.01788649529057435
0.0210490414451202
0.02477076355991709
0.029150530628251757
0.034304692863149154
0.040370172585965536
0.047508101621027934
0.05590810182512223
0.06579332246575675
0.0774263682681127
0.09111627561154886
0.10722672220103231
0.1261856883066021
0.14849682622544635
0.1747528400007683
0.20565123083486514
0.24201282647943834
0.2848035868435799
0.3351602650938841
0.3944206059437656
0.46415888336127725
0.5462277217684337
0.642807311728432
0.7564633275546291
0.8902150854450375
1.0476157527896641
1.232846739442066
1.4508287784959402
1.7073526474706886
2.009233002565046
2.364489412645407
2.782559402207126
3.274549162877725
3.8535285937105273
4.534878508128582
5.3366992312063015
6.280291441834247
7.390722033525775
8.697490026177835
10.235310218990248
12.045035402587812
14.174741629268048
16.68100537200059
19.630406500402685
23.10129700083158
27.1858824273294
31.992671377973846
37.64935806792464
44.30621457583877
52.14008287999685
61.35907273413163
72.20809018385457
84.97534359086438
100.0
###
5.29993090889459
4.781799917000465
4.243540575098954
3.6930745651440593
3.143402872360696
2.612052135848906
2.2371544092179936
1.783834907022072
1.3939992968368984
1.0727449638171715
21.02257909820523
18.685887763532964
16.267010299222253
13.814668885969889
11.409545737147175
9.147676882006998
7.602352304772588
5.8035232308056415
4.329138173661858
3.1741657133676955
35.37554542893302
31.22155859778407
26.93488821866858
22.61738177780774
18.42834107599786
14.548375905697398
11.939062678916367
8.954111504745615
6.558090584793229
4.719629908771692
49.026936633244816
43.059023767242714
36.91748643108601
30.764158113483553
24.842131226174374
19.415191121818076
15.804767956939061
11.721652339840736
8.487558446789851
6.0384832997558915
62.19918003579655
54.42122452850661
46.43675331755456
38.47229407553378
30.857199697302402
23.936465364344357
19.37005100277781
14.249636574793072
10.235426923458897
7.221035579097892
75.00672368401621
65.42277513879857
55.606359420490975
45.85216196779973
36.57791523820348
28.20555397584222
22.718153996104125
16.607239351211796
11.852633325128474
8.3084149107388
87.5198803478737
76.13393749383363
64.49571692896147
52.97117459314454
42.06538737936179
32.27749668485971
25.89803119388473
18.833535601518992
13.371884711334262
9.324475112744276
99.7861011184289
86.60211225515395
73.15138335393105
59.87368553867372
47.36159830377146
36.188470420170574
28.941473834246167
20.95465269988084
14.81307122960237
10.284810395163774
111.8397851400498
96.86158262830621
81.60744926561576
66.59205435832189
52.496044483008106
39.964857137372384
31.871284883390096
22.988008527682055
16.18622910895537
11.198980565347693
123.70689271714286
106.93823596482889
89.8890961389601
73.15026118340865
57.49060275671067
43.62543622783751
34.7040819319723
24.947810878572046
17.508352522334935
12.074469819768368
135.40775203315337
116.85537666827588
98.01622678830924
79.56790117080024
62.36142783126956
47.18492033789203
37.452072486139
26.8435590970095
18.783733635886634
12.916874798603674
146.9588013954355
126.6233291975364
106.00459768391391
85.85894214991355
67.12410743287253
50.65483017608931
40.12566864294812
28.683020455179815
20.018256252116668
13.731246601319086
158.37346593797142
136.25851494394462
113.86727925665808
92.03538214621268
71.78867934089716
54.04454957606796
42.732518602255354
30.472525681960406
21.216618459948318
14.51846183286472
169.66301727691138
145.7719715799025
121.61514411440707
98.10863976945753
76.3641356503096
57.36198989653922
45.27909974810161
32.21828141447404
22.382586700214514
15.283916971630552
180.83700364737334
155.17315880029557
129.25710399378477
104.08671920955608
80.94915793512973
60.61332645402337
47.77151795802264
33.92241324738985
23.519086300875298
16.028827034608252