# ../data/BKevo/MVge_BKevo/mvge_32.dat
# N(r,Y=0), r, *F2(x,Q^2)
# 1e-05 < r < 100.0
# 1 < Q^2 < 50, n=15, lin grid
# 1e-5 < x < 1e-2, n=10, log grid
###
8.936524545685559e-09
1.1437462988592674e-08
1.4664323310635384e-08
1.8787567957205937e-08
2.40377644040919e-08
3.079139403121528e-08
3.9435787732944225e-08
5.043808104529975e-08
6.454747142729246e-08
8.263672414070597e-08
1.0564898231277243e-07
1.350678397140466e-07
1.728446055391892e-07
2.208762972402436e-07
2.8208504593411543e-07
3.6080130249343143e-07
4.6082500342400824e-07
5.87877867862137e-07
7.51501261115786e-07
9.592726951285373e-07
1.2228275867037746e-06
1.5615266113287916e-06
1.9919182783287406e-06
2.5374269177121414e-06
3.2361077025978566e-06
4.124915372423029e-06
5.25043422803924e-06
6.687003691050286e-06
8.516241131001027e-06
1.0830279211271714e-05
1.3773357611726722e-05
1.752380788198142e-05
2.226274436399262e-05
2.8267978973081273e-05
3.592502381874496e-05
4.558756795108873e-05
5.778646105290065e-05
7.334618724533282e-05
9.295258249295171e-05
0.00011762884114886624
0.00014906741616776465
0.00018864044392919284
0.0002383651866893298
0.0003014589467118486
0.00038087974576848894
0.00048050346945007887
0.000606402424589969
0.0007648714608058466
0.0009633182768420669
0.0012131444909106851
0.0015276181941042562
0.0019208681652189206
0.0024142712103412517
0.003035676626014368
0.0038121161963834077
0.004783816801735394
0.006009411551947616
0.007541067952589376
0.009455090646623879
0.01187606039538654
0.014905631326473249
0.018696467095114265
0.02349414815097107
0.029517367205114782
0.03706568526001461
0.04661022502196398
0.05861338457087902
0.07363592223138676
0.09252246623953052
0.11615769371513351
0.14545629476140567
0.18166662814103218
0.226041194941318
0.2795354522539094
0.34305351296622155
0.41664253808789947
0.49964775427593733
0.5900754546582638
0.6818581809724898
0.7711749707540475
0.8520235737525196
0.9136368410320985
0.9571524162344169
0.9834866557646854
0.9947838610496962
0.9987728946345458
0.9998393161280864
0.9999879674576727
0.9999993186258097
0.9999999863961686
0.9999999999797023
0.9999999999999368
1.0
1.0
1.0
1.0
1.0
1.0
1.0
1.0
###
1e-05
1.1768119524349992e-05
1.3848863713938717e-05
1.6297508346206434e-05
1.917910261672489e-05
2.2570197196339216e-05
2.656087782946684e-05
3.1257158496882356e-05
3.678379771828634e-05
4.328761281083062e-05
5.0941380148163754e-05
5.994842503189409e-05
7.054802310718646e-05
8.302175681319735e-05
9.770099572992247e-05
0.00011497569953977356
0.00013530477745798074
0.00015922827933410923
0.0001873817422860383
0.00022051307399030456
0.00025950242113997375
0.0003053855508833416
0.00035938136638046257
0.0004229242874389499
0.0004977023564332109
0.0005857020818056661
0.0006892612104349695
0.0008111308307896872
0.0009545484566618337
0.0011233240329780276
0.0013219411484660286
0.0015556761439304723
0.0018307382802953678
0.002154434690031882
0.0025353644939701114
0.0029836472402833374
0.003511191734215131
0.004132012400115334
0.004862601580065354
0.005722367659350214
0.006734150657750821
0.007924828983539169
0.0093260334688322
0.010974987654930556
0.01291549665014884
0.01519911082952933
0.01788649529057435
0.0210490414451202
0.02477076355991709
0.029150530628251757
0.034304692863149154
0.040370172585965536
0.047508101621027934
0.05590810182512223
0.06579332246575675
0.0774263682681127
0.09111627561154886
0.10722672220103231
0.1261856883066021
0.14849682622544635
0.1747528400007683
0.20565123083486514
0.24201282647943834
0.2848035868435799
0.3351602650938841
0.3944206059437656
0.46415888336127725
0.5462277217684337
0.642807311728432
0.7564633275546291
0.8902150854450375
1.0476157527896641
1.232846739442066
1.4508287784959402
1.7073526474706886
2.009233002565046
2.364489412645407
2.782559402207126
3.274549162877725
3.8535285937105273
4.534878508128582
5.3366992312063015
6.280291441834247
7.390722033525775
8.697490026177835
10.235310218990248
12.045035402587812
14.174741629268048
16.68100537200059
19.630406500402685
23.10129700083158
27.1858824273294
31.992671377973846
37.64935806792464
44.30621457583877
52.14008287999685
61.35907273413163
72.20809018385457
84.97534359086438
100.0
###
1.8555661982550762
1.6304480286960097
1.4221783265768084
1.2324500294767267
1.062092171322859
0.9114639632520821
0.8111745040614411
0.6935471784120836
0.5929891675693126
0.5078226751489733
5.817383165142482
4.935406479451457
4.147118348875113
3.4542899196644377
2.8541258981172706
2.3418920658544145
2.0109742445295247
1.6337538340360822
1.3210269236000676
1.0634843214610028
8.754435611631308
7.315251121486991
6.0501709996020425
4.9566902507946855
4.0249926397354105
3.242574915859327
2.7441082507199965
2.1834707468701247
1.7256179274123147
1.3541068215508325
11.240388364395699
9.300588548376986
7.614112739549465
6.172608987655404
4.957521785038497
3.9478595483239283
3.3105374752724543
2.59997001149101
2.025530750350011
1.5641111886756767
13.446309432244243
11.045523684380452
8.975189949557862
7.220069849700692
5.752486183010525
4.5426075925638525
3.784027183040209
2.943812673049328
2.2697991840813416
1.7324808965792793
15.455301173898633
12.62293653955104
10.19636674253056
8.15280639506017
6.454932667149883
5.063890622206697
4.196457628098043
3.2407593639556027
2.478593001401778
1.8748654501739004
17.31438209955273
14.07406090083272
11.313251774684757
9.000793522514984
7.089698158058327
5.532037212713469
4.564996153468302
3.5041951063005747
2.66260126623819
1.9992284324617815
19.054175991872263
15.425490531507915
12.348366369842026
9.782855230157587
7.672178255168715
5.959378723981126
4.900094890358758
3.742408658101504
2.8278530500242267
2.110293164582048
20.695891483572805
16.69548610091999
13.317081291063621
10.511702157338348
8.212734439344523
6.354247353273011
5.208674453873265
3.9607654951680002
2.9785337116442308
2.2110098316741276
22.25469096166295
17.897192058589926
14.230436621475395
11.19643711171736
8.718703106239326
6.72246386704936
5.4955912178900395
4.162847141856496
3.1175312313635204
2.3034543527007627
23.74385707532576
19.04059496527005
15.096792461516696
11.843802342057158
9.195537745947362
7.068388154788413
5.764413991207764
4.351705426801193
3.2468251857455255
2.3891794142449214
25.170077843380454
20.133355356856086
15.922354023521548
12.45899152435941
9.647376052672792
7.395185791327368
6.017832686075339
4.529001458412669
3.3679358203196714
2.4691254651225614
26.538744497649184
21.18160974939761
16.71229443757387
13.04598641404544
10.077514172550913
7.705450338114643
6.257943292625765
4.6966131894006065
3.4820262305254133
2.544228182878484
27.865011867113598
22.19031751487136
17.470672797662555
13.608317823548058
10.488344321355013
8.001105642068843
6.4864613629574
4.855703746566359
3.5900553818220717
2.6151461607720417
29.14410322662114
23.163564988228387
18.200814695031188
14.148565976494119
10.88235643787453
8.284167124197754
6.704656336546499
5.007314073424791
3.6927269437026347
2.682406985603803