# ../data/BKevo/MV2g_BKevo/mv2g_58.dat
# N(r,Y=0), r, *F2(x,Q^2)
# 1e-05 < r < 100.0
# 1 < Q^2 < 50, n=15, lin grid
# 1e-5 < x < 1e-2, n=10, log grid
###
2.357030375281347e-13
3.4254691901520254e-13
5.016241271481686e-13
7.325827695492959e-13
1.064939898985866e-12
1.5562698103095115e-12
2.2734216693461777e-12
3.3052374248738956e-12
4.8200709790423515e-12
7.042721992655136e-12
1.024040355303553e-11
1.4901564059963437e-11
2.1777170596948446e-11
3.166764002308618e-11
4.5980065976902234e-11
6.720532402552524e-11
9.773241835062221e-11
1.4158122552757015e-10
2.0696147044477895e-10
3.0097459655778566e-10
4.357278896828753e-10
6.359183013579765e-10
9.247658307433279e-10
1.33866274438334e-09
1.949323405096067e-09
2.8345928416357162e-09
4.102712574540059e-09
5.960595754367862e-09
8.666886993333164e-09
1.2542280538838256e-08
1.8179698944087092e-08
2.6431687699273695e-08
3.824478417292856e-08
5.530578115792353e-08
8.040536722300128e-08
1.1632754278859269e-07
1.6783491092594893e-07
2.440094732905653e-07
3.530166361986169e-07
5.08540470828812e-07
7.389871311494144e-07
1.0692883290660404e-06
1.5406216153865959e-06
2.2348477417282353e-06
3.235262841423245e-06
4.663714856010075e-06
6.756033937770545e-06
9.789713805606503e-06
1.4126924924916999e-05
2.04486974809142e-05
2.9680972413553804e-05
4.2909522901235975e-05
6.211269399698521e-05
9.040122466192428e-05
0.00013107505996987694
0.0001899386280625193
0.0002775736482506794
0.00040420458163505487
0.000587099942709993
0.0008629109812281099
0.0012640991265320566
0.0018469754335151158
0.00272914748305399
0.00402871280959627
0.0059321954669069735
0.008819713479113131
0.013133643766029648
0.019499540289932654
0.029147058389914233
0.043693831910971766
0.06512761693708835
0.09701808149402545
0.14412464250551404
0.21041494007411785
0.3004930607948159
0.4148992592539452
0.5441536223256392
0.6714477996476077
0.7722370086990703
0.8506884181910934
0.9138101021420966
0.9584121860813272
0.985353385210849
0.9971175239306991
0.9996612783017151
0.999979264556854
0.9999997103377155
0.9999999998760902
0.9999999999999462
1.0
1.0
1.0
1.0
1.0
1.0
1.0
1.0
1.0
1.0
1.0
###
1e-05
1.1768119524349992e-05
1.3848863713938717e-05
1.6297508346206434e-05
1.917910261672489e-05
2.2570197196339216e-05
2.656087782946684e-05
3.1257158496882356e-05
3.678379771828634e-05
4.328761281083062e-05
5.0941380148163754e-05
5.994842503189409e-05
7.054802310718646e-05
8.302175681319735e-05
9.770099572992247e-05
0.00011497569953977356
0.00013530477745798074
0.00015922827933410923
0.0001873817422860383
0.00022051307399030456
0.00025950242113997375
0.0003053855508833416
0.00035938136638046257
0.0004229242874389499
0.0004977023564332109
0.0005857020818056661
0.0006892612104349695
0.0008111308307896872
0.0009545484566618337
0.0011233240329780276
0.0013219411484660286
0.0015556761439304723
0.0018307382802953678
0.002154434690031882
0.0025353644939701114
0.0029836472402833374
0.003511191734215131
0.004132012400115334
0.004862601580065354
0.005722367659350214
0.006734150657750821
0.007924828983539169
0.0093260334688322
0.010974987654930556
0.01291549665014884
0.01519911082952933
0.01788649529057435
0.0210490414451202
0.02477076355991709
0.029150530628251757
0.034304692863149154
0.040370172585965536
0.047508101621027934
0.05590810182512223
0.06579332246575675
0.0774263682681127
0.09111627561154886
0.10722672220103231
0.1261856883066021
0.14849682622544635
0.1747528400007683
0.20565123083486514
0.24201282647943834
0.2848035868435799
0.3351602650938841
0.3944206059437656
0.46415888336127725
0.5462277217684337
0.642807311728432
0.7564633275546291
0.8902150854450375
1.0476157527896641
1.232846739442066
1.4508287784959402
1.7073526474706886
2.009233002565046
2.364489412645407
2.782559402207126
3.274549162877725
3.8535285937105273
4.534878508128582
5.3366992312063015
6.280291441834247
7.390722033525775
8.697490026177835
10.235310218990248
12.045035402587812
14.174741629268048
16.68100537200059
19.630406500402685
23.10129700083158
27.1858824273294
31.992671377973846
37.64935806792464
44.30621457583877
52.14008287999685
61.35907273413163
72.20809018385457
84.97534359086438
100.0
###
1.2375446372063945
1.0846318474081604
0.9492437708323788
0.8307737662790756
0.7281862500250436
0.6401980027840223
0.5829198632764998
0.5169898435650769
0.46166812992495687
0.4156463301517641
3.4183432896113968
2.871783153159067
2.4021737087806074
2.002663518908546
1.665517481253692
1.382759978059783
1.2016964911084262
0.9957321049186393
0.82422949528391
0.6812814249821899
4.862343803767152
4.011615968934367
3.2913797487346996
2.6872488405096564
2.1843141012246403
1.7679606475297494
1.5042068052245603
1.2072381595329766
0.9626451163260282
0.7608149887155413
6.0164101821682525
4.906369431123723
3.975864583280393
3.2028530762803253
2.565409575430378
2.042553305838504
1.7140088850399495
1.347025368611352
1.0475868743012686
0.8029294196212677
7.001473996033929
5.661084584972842
4.545827343718652
3.6261450862582687
2.873254401520755
2.2601226310030413
1.877355485511626
1.4525947066145746
1.108789341511563
0.8300948552963783
7.872242869139523
6.3223653422044555
5.040523299949143
3.9897730808890337
3.134545356757206
2.4422238152760327
2.0123448339543413
1.5379196237158463
1.1565443022187512
0.8497081044027645
8.659071992149356
6.9157344727306445
5.481091961840132
4.310869319093984
3.3631871660430304
2.5998504949634436
2.12805379788135
1.609845821708797
1.1956729445358119
0.864803686374455
9.380905633631622
7.456949704174016
5.880460566610126
4.600006438516778
3.567525334817815
2.739452139851251
2.229726417071873
1.6721924533364092
1.2289465460324935
0.8769600155799895
10.050516656131139
7.956548109164431
6.247190194420469
4.864020241983078
3.752862010726255
2.8651578694590873
2.3206699518138025
1.7273629171269853
1.2578688002472882
0.8870734183465057
10.677026372986996
8.421975711799321
6.587281683188811
5.107617190810973
3.9229407475918805
2.979773034947553
2.4031045084428357
1.7768813657531524
1.2834573129187616
0.8956822114529233
11.267169431344177
8.85871201664323
6.905131886718408
5.334305188607099
4.080449634323551
3.085319863328601
2.4786491045495023
1.821884342805847
1.306420623827183
0.9031574621978216
11.825990675667468
9.270948605348975
7.2040775682657605
5.546684115274509
4.227387416719123
3.183288399063497
2.548490581561987
1.8631692227511607
1.327216395653549
0.9097505563624656
12.35743867944415
9.66194922475474
7.486743453553839
5.74677201392196
4.36530075593131
3.2748175211834583
2.6134667333227934
1.9013410531951953
1.346326984002763
0.9156251399702476
12.865411596476113
10.034254570155735
7.755142323911763
5.936169488597303
4.495206734299193
3.3608027898688486
2.6742913710515586
1.9368579245121238
1.3639216655549105
0.9209205813494942
13.35193153020261
10.390219473221489
8.01094816763515
6.116157051820948
4.6184252999329525
3.4419467073341967
2.7315040886737676
1.9700921522712915
1.3802700360449733
0.9257305928091268