# ../data/BKevo/MVge_BKevo/mvge_7.dat
# N(r,Y=0), r, *F2(x,Q^2)
# 1e-05 < r < 100.0
# 1 < Q^2 < 50, n=15, lin grid
# 1e-5 < x < 1e-2, n=10, log grid
###
5.132685560141294e-09
6.569097449816103e-09
8.422442001295649e-09
1.079062425905423e-08
1.3806070291727945e-08
1.7685011955246772e-08
2.2649912484874177e-08
2.896907065807523e-08
3.7072787648033196e-08
4.746233535636928e-08
6.067940747076923e-08
7.757610489889859e-08
9.927316068767454e-08
1.2686012571027637e-07
1.62015323805769e-07
2.0722594737133331e-07
2.646744878341041e-07
3.37647212115574e-07
4.3162420075357793e-07
5.50957596798826e-07
7.023302016061052e-07
8.968618251107722e-07
1.1440571136723802e-06
1.4573698520305609e-06
1.8586570855802182e-06
2.3691438484349062e-06
3.0155859622864658e-06
3.840680565333373e-06
4.8913050286169315e-06
6.220376361660507e-06
7.91073990171649e-06
1.0064822492558526e-05
1.2786649835648146e-05
1.6235788422012734e-05
2.0633666915876067e-05
2.6183437798083295e-05
3.3190015056756554e-05
4.212698495919432e-05
5.338830276608705e-05
6.756172031066001e-05
8.561948345800637e-05
0.00010834986581119424
0.00013691180694082889
0.00017315387821126602
0.00021877583896252463
0.00027600508269174886
0.0003483319378943797
0.0004393753812871457
0.0005533949866283306
0.0006969493175547385
0.0008776738928156611
0.0011037026298081486
0.0013873501890621415
0.0017446748712669382
0.0021912751779745356
0.0027503898542585664
0.003455959404028293
0.004338225375063739
0.005441502983293045
0.006838462467446132
0.008588573760309994
0.010781461702374038
0.013562517914335031
0.017062088022442207
0.021460015003405174
0.027043752414666743
0.03410002193576091
0.042982298519019926
0.05424097150438229
0.06847692048657275
0.08633870806913725
0.10878442579269132
0.1369125454401604
0.1717051164862255
0.21445182287072906
0.2664505447356472
0.32842687169974755
0.4008807066793676
0.4826990953229576
0.5722796523940762
0.6663888885065441
0.756382815770539
0.8380624133565524
0.9058936122507881
0.9520415850079924
0.9797682566523195
0.9937721394026904
0.9985702614756081
0.9997540114941273
0.9999784376153417
0.9999993177363599
0.9999999792782263
0.9999999997895945
0.9999999999999662
1.0
1.0
1.0
1.0
1.0
1.0
###
1e-05
1.1768119524349992e-05
1.3848863713938717e-05
1.6297508346206434e-05
1.917910261672489e-05
2.2570197196339216e-05
2.656087782946684e-05
3.1257158496882356e-05
3.678379771828634e-05
4.328761281083062e-05
5.0941380148163754e-05
5.994842503189409e-05
7.054802310718646e-05
8.302175681319735e-05
9.770099572992247e-05
0.00011497569953977356
0.00013530477745798074
0.00015922827933410923
0.0001873817422860383
0.00022051307399030456
0.00025950242113997375
0.0003053855508833416
0.00035938136638046257
0.0004229242874389499
0.0004977023564332109
0.0005857020818056661
0.0006892612104349695
0.0008111308307896872
0.0009545484566618337
0.0011233240329780276
0.0013219411484660286
0.0015556761439304723
0.0018307382802953678
0.002154434690031882
0.0025353644939701114
0.0029836472402833374
0.003511191734215131
0.004132012400115334
0.004862601580065354
0.005722367659350214
0.006734150657750821
0.007924828983539169
0.0093260334688322
0.010974987654930556
0.01291549665014884
0.01519911082952933
0.01788649529057435
0.0210490414451202
0.02477076355991709
0.029150530628251757
0.034304692863149154
0.040370172585965536
0.047508101621027934
0.05590810182512223
0.06579332246575675
0.0774263682681127
0.09111627561154886
0.10722672220103231
0.1261856883066021
0.14849682622544635
0.1747528400007683
0.20565123083486514
0.24201282647943834
0.2848035868435799
0.3351602650938841
0.3944206059437656
0.46415888336127725
0.5462277217684337
0.642807311728432
0.7564633275546291
0.8902150854450375
1.0476157527896641
1.232846739442066
1.4508287784959402
1.7073526474706886
2.009233002565046
2.364489412645407
2.782559402207126
3.274549162877725
3.8535285937105273
4.534878508128582
5.3366992312063015
6.280291441834247
7.390722033525775
8.697490026177835
10.235310218990248
12.045035402587812
14.174741629268048
16.68100537200059
19.630406500402685
23.10129700083158
27.1858824273294
31.992671377973846
37.64935806792464
44.30621457583877
52.14008287999685
61.35907273413163
72.20809018385457
84.97534359086438
100.0
###
1.5390497042728868
1.3276056924302337
1.1353419576675996
0.9633270928893166
0.8117989222623282
0.6802568934554264
0.5940003404390579
0.4942491692959741
0.4102278413333619
0.33992473958496655
4.615231438315947
3.835133424051646
3.153558263333432
2.5679739198938174
2.072420996791067
1.6587286368581953
1.3964683276999836
1.1027596119877667
0.8640808512816753
0.671266749225952
6.8187229565932705
5.578764393466523
4.514465395302403
3.615929719497349
2.8684959247600426
2.2548136682107907
1.8713954726302648
1.4479926387119786
1.1094364991198298
0.8403766622596293
8.653178044889257
7.009910942142869
5.6154436759086535
4.4513261739331655
3.4934595141338747
2.715483629146053
2.233865278515502
1.7068084096496159
1.2897805019122508
0.9619349753397295
10.263609340911275
8.25458792476875
6.563947900663076
5.164140215728862
4.021594969213213
3.100791626831047
2.5346395647375197
1.9191776466637331
1.4359873867083424
1.0591934274441455
11.718350576221757
9.37094138667612
7.408689914946871
5.794514794447156
4.485270742257913
3.4366028528064394
2.7952770706548242
2.1017402278382704
1.5605859094497045
1.1412755516294162
13.056277124303996
10.391736838805322
8.17685709326133
6.364569182992281
4.902245167449188
3.7368439586366766
3.0272579821609096
2.263259849243079
1.6701048019406817
1.2129402463324346
14.30160348778603
11.3376918407236
8.88543523964888
6.888025803795773
5.283350579233258
4.0099665933270865
3.2374758735004483
2.4088711052336027
1.7683934112982507
1.2769201898477764
15.471527806679404
12.222722782002197
9.545968547624357
7.374063254474577
5.635803887921627
4.261591243267561
3.430604644287709
2.5420861330913396
1.8578562428067689
1.3348885175312408
16.578348506099452
13.057297291710508
10.166645889402622
7.829278926626536
5.964812180430914
4.49564587969073
3.6097935981459273
2.6652319521520185
1.9402208103356295
1.3880910591018971
17.631124611373263
13.848858111115105
10.753623175836886
8.258499916070075
6.274189841707708
4.715024356522712
3.77734845397771
2.780033845840961
2.0168004036936873
1.4373761487551755
18.63720428113068
14.603232166183549
11.31152401443255
8.66538796265954
6.566657858385083
4.921903264087193
3.9350382817839087
2.8877912784159885
2.0884711944618624
1.483375353770257
19.602178464905286
15.325014761162015
11.84395898587763
9.05267756879889
6.844553375276465
5.117980258971529
4.08422470603878
2.989475378116052
2.1559431809720704
1.5266218147185773
20.530649167685848
16.018328241569616
12.354131575786068
9.423143417159746
7.109577439938154
5.304664834196512
4.22599563974202
3.0858547549165767
2.2197880435368105
1.5673977998127768
21.426279986140973
16.685669286286693
12.844363051788529
9.778395502598991
7.363272375947341
5.482887080087216
4.361212777471503
3.177661627728211
2.280411743541535
1.6060742916679962