# ../data/BKevo/MV2g_BKevo/mv2g_57.dat
# N(r,Y=0), r, *F2(x,Q^2)
# 1e-05 < r < 100.0
# 1 < Q^2 < 50, n=15, lin grid
# 1e-5 < x < 1e-2, n=10, log grid
###
4.468255455671652e-09
5.718721124771094e-09
7.332145753429302e-09
9.393759675574653e-09
1.2018845255008403e-08
1.5395640415696085e-08
1.9717807241200304e-08
2.5218908771786844e-08
3.2273534441684925e-08
4.131805364297888e-08
5.2824021632810394e-08
6.753320403536815e-08
8.642120480720946e-08
1.1043647553901569e-07
1.4103997789191976e-07
1.8039674318997323e-07
2.304065410012192e-07
2.939298872766327e-07
3.7573672307381053e-07
4.796151153074602e-07
6.113815687773527e-07
7.807138261795644e-07
9.958835271179772e-07
1.2685986081465753e-06
1.617877869584357e-06
2.0621885007231054e-06
2.6248079077240495e-06
3.3428761898461187e-06
4.257162642598549e-06
5.413682277091507e-06
6.884455689180618e-06
8.758497120934098e-06
1.1126185538863507e-05
1.4126096528441842e-05
1.7950406536787428e-05
2.2775343338848764e-05
2.886524137908295e-05
3.6630139612078314e-05
4.641083177878076e-05
5.871526106136069e-05
7.438162792237797e-05
9.408845270326956e-05
0.00011883158623016299
0.00015019293466606473
0.0001896226682631382
0.00023901526451325567
0.0003013191803278689
0.00037957385895242944
0.00047733815650608907
0.0006000323854930835
0.0007538979201643394
0.0009455308991519436
0.001184757338558217
0.0014841371604860135
0.0018557566609045328
0.0023172465430234507
0.0028935290931679887
0.003606758802566737
0.004488746485012864
0.005589584028433665
0.006951616435674646
0.008638062313697965
0.010751805899573367
0.013394840314984214
0.01671615318875711
0.02098474029764611
0.02653293750665831
0.033849537304833505
0.043916584072407165
0.05821129555861039
0.07882067281875829
0.10986317686847602
0.157790907532465
0.2289936982704027
0.3304631516504893
0.4587174421665262
0.5877783248776485
0.6834239502181764
0.7337051941306914
0.774255101948367
0.8159838990913435
0.8574271260162818
0.8971526278473767
0.9328298261037169
0.9603859423912625
0.979788380680755
0.9917893194157136
0.9973205938010314
0.9993155942371557
0.9998945094383949
0.9999914887552144
0.9999994242780678
0.999999984104786
0.9999999999678054
0.9999999999998544
0.9999999999999999
1.0
1.0
1.0
1.0
###
1e-05
1.1768119524349992e-05
1.3848863713938717e-05
1.6297508346206434e-05
1.917910261672489e-05
2.2570197196339216e-05
2.656087782946684e-05
3.1257158496882356e-05
3.678379771828634e-05
4.328761281083062e-05
5.0941380148163754e-05
5.994842503189409e-05
7.054802310718646e-05
8.302175681319735e-05
9.770099572992247e-05
0.00011497569953977356
0.00013530477745798074
0.00015922827933410923
0.0001873817422860383
0.00022051307399030456
0.00025950242113997375
0.0003053855508833416
0.00035938136638046257
0.0004229242874389499
0.0004977023564332109
0.0005857020818056661
0.0006892612104349695
0.0008111308307896872
0.0009545484566618337
0.0011233240329780276
0.0013219411484660286
0.0015556761439304723
0.0018307382802953678
0.002154434690031882
0.0025353644939701114
0.0029836472402833374
0.003511191734215131
0.004132012400115334
0.004862601580065354
0.005722367659350214
0.006734150657750821
0.007924828983539169
0.0093260334688322
0.010974987654930556
0.01291549665014884
0.01519911082952933
0.01788649529057435
0.0210490414451202
0.02477076355991709
0.029150530628251757
0.034304692863149154
0.040370172585965536
0.047508101621027934
0.05590810182512223
0.06579332246575675
0.0774263682681127
0.09111627561154886
0.10722672220103231
0.1261856883066021
0.14849682622544635
0.1747528400007683
0.20565123083486514
0.24201282647943834
0.2848035868435799
0.3351602650938841
0.3944206059437656
0.46415888336127725
0.5462277217684337
0.642807311728432
0.7564633275546291
0.8902150854450375
1.0476157527896641
1.232846739442066
1.4508287784959402
1.7073526474706886
2.009233002565046
2.364489412645407
2.782559402207126
3.274549162877725
3.8535285937105273
4.534878508128582
5.3366992312063015
6.280291441834247
7.390722033525775
8.697490026177835
10.235310218990248
12.045035402587812
14.174741629268048
16.68100537200059
19.630406500402685
23.10129700083158
27.1858824273294
31.992671377973846
37.64935806792464
44.30621457583877
52.14008287999685
61.35907273413163
72.20809018385457
84.97534359086438
100.0
###
1.5237545024042916
1.326353030534487
1.1492471765698646
0.9928808738716989
0.8568695791292417
0.7401300519378655
0.6642440850043992
0.5771375347317306
0.5042751536107525
0.44371584080727833
4.518697697041603
3.7790828087289934
3.136791547049484
2.5874527828870355
2.1237176030752143
1.7366387988290106
1.490521522139148
1.2133457044970615
0.9857005337386424
0.7988880427462064
6.640440018052543
5.460742797125476
4.452293126881934
3.602801350032353
2.89608849678939
2.3143665364927526
1.9487868109148332
1.5415370317880606
1.2110275937953532
0.9427121689624812
8.397294986073504
6.831759006233741
5.507489775096851
4.403341610846619
3.493749682410328
2.7521798829362583
2.289996572782272
1.7792934388452826
1.3686765551593219
1.0385122441487469
9.93417610559734
8.018974408612277
6.411700093014484
5.081810357229276
3.994467164040695
3.1144508337494394
2.5694701494660457
1.971162521987658
1.493792514217317
1.1131205642158242
11.318616197162548
9.080445759271386
7.21393403099136
5.679058635828648
4.4316051448491445
3.427950941312821
2.809735868428132
2.134537723054833
1.599334070461198
1.1756100756255528
12.588944677092893
10.048659328408782
7.941335589129134
6.217262715762415
4.823071481695367
3.706880786559256
3.0224153960533426
2.2782261096768015
1.691616636489604
1.2300876109332881
13.769497133441126
10.944093395174677
8.610756432217698
6.710166626538235
5.179709691499484
3.959685888718356
3.214417160136625
2.4073227811783564
1.7742292249001377
1.2788248237359965
14.876973169493443
11.780626612660381
9.233604714478798
7.166795933046442
5.508733470562442
4.191929506697397
3.3902497628862838
2.525107295295567
1.8493621454669351
1.3231873173502957
15.923084828445228
12.568159028054913
9.817872300631766
7.593635001722732
5.815175656954944
4.407469823422598
3.5530162087911212
2.633761254206414
1.9185468975100084
1.36407061671848
16.9173195063206
13.314172686256459
10.369592664707161
7.995401034492862
6.102737990402734
4.609055752176668
3.704917446361845
2.734903138416497
1.9828409649966627
1.4021178995290307
17.866427711104
14.024348371547848
10.893314396125348
8.375782477320014
6.374214077829024
4.798894372164589
3.8476705395044424
2.829730257808849
2.0430385302163345
1.437784685912362
18.776236095596214
14.703190049355388
11.392709929856908
8.737553349990796
6.631844764018407
4.978554844144818
3.9824364706964928
2.919115604530898
2.09973964215128
1.4714203670962813
19.650687518943933
15.354336182221891
11.870647363941613
9.083009551801254
6.877252588279367
5.149307153439075
4.110521778206069
3.0038474187249307
2.153416659276271
1.5033151201239647
20.49367222812896
15.980755081055868
12.329468835805049
9.413884950135616
7.11188309234894
5.312309577983264
4.232504152627731
3.0844639777470784
2.2044040612926024
1.5336481899201264