# ../data/BKevo/MVge_BKevo/mvge_48.dat
# N(r,Y=0), r, *F2(x,Q^2)
# 1e-05 < r < 100.0
# 1 < Q^2 < 50, n=15, lin grid
# 1e-5 < x < 1e-2, n=10, log grid
###
0.0
0.0
0.0
0.0
0.0
0.0
0.0
0.0
0.0
0.0
0.0
0.0
0.0
0.0
0.0
0.0
0.0
1.110223024625157e-16
1.461039735377627e-16
2.220446049250313e-16
4.3546539295381284e-16
8.961494096199904e-16
1.6091336596321667e-15
2.997744561470017e-15
5.656081918439337e-15
1.0654692505200446e-14
1.984467437112119e-14
3.748654621821872e-14
7.115641847689469e-14
1.3254567702873593e-13
2.489938253085169e-13
4.729067286668793e-13
8.823706978337759e-13
1.6462360154333773e-12
3.1330428828762443e-12
5.853442159404526e-12
1.0842337175372534e-11
2.0679713541711558e-11
3.869161104167407e-11
7.132623219830567e-11
1.3600986189479355e-10
2.548942570760552e-10
4.704478433618081e-10
8.91796297233927e-10
1.6747139330845861e-09
3.095912919343954e-09
5.835810322505921e-09
1.0988705675393071e-08
2.0360474685149503e-08
3.8184729330046736e-08
7.216605993454638e-08
1.3415117744803887e-07
2.504967246833939e-07
4.757640516727335e-07
8.883551546589177e-07
1.652784971345723e-06
3.1587997021973186e-06
5.931071578408645e-06
1.099934346669704e-05
2.1175096137148585e-05
4.000914697004143e-05
7.45293737504233e-05
0.00014345779577604206
0.0002727866062635629
0.000510904824805963
0.0009812685434564203
0.0018765541377916185
0.003529983315726023
0.006749494682761657
0.012942385460881027
0.024334974381150357
0.04588462922923394
0.08666592593954217
0.15807954632603435
0.27842482826714926
0.4643248196655321
0.692907985101445
0.8967785745626268
0.9824480165404074
0.9991281479339501
0.999998762723397
0.9999999999979269
1.0
1.0
1.0
1.0
1.0
1.0
1.0
1.0
1.0
1.0
1.0
1.0
1.0
1.0
1.0
1.0
1.0
1.0
###
1e-05
1.1768119524349992e-05
1.3848863713938717e-05
1.6297508346206434e-05
1.917910261672489e-05
2.2570197196339216e-05
2.656087782946684e-05
3.1257158496882356e-05
3.678379771828634e-05
4.328761281083062e-05
5.0941380148163754e-05
5.994842503189409e-05
7.054802310718646e-05
8.302175681319735e-05
9.770099572992247e-05
0.00011497569953977356
0.00013530477745798074
0.00015922827933410923
0.0001873817422860383
0.00022051307399030456
0.00025950242113997375
0.0003053855508833416
0.00035938136638046257
0.0004229242874389499
0.0004977023564332109
0.0005857020818056661
0.0006892612104349695
0.0008111308307896872
0.0009545484566618337
0.0011233240329780276
0.0013219411484660286
0.0015556761439304723
0.0018307382802953678
0.002154434690031882
0.0025353644939701114
0.0029836472402833374
0.003511191734215131
0.004132012400115334
0.004862601580065354
0.005722367659350214
0.006734150657750821
0.007924828983539169
0.0093260334688322
0.010974987654930556
0.01291549665014884
0.01519911082952933
0.01788649529057435
0.0210490414451202
0.02477076355991709
0.029150530628251757
0.034304692863149154
0.040370172585965536
0.047508101621027934
0.05590810182512223
0.06579332246575675
0.0774263682681127
0.09111627561154886
0.10722672220103231
0.1261856883066021
0.14849682622544635
0.1747528400007683
0.20565123083486514
0.24201282647943834
0.2848035868435799
0.3351602650938841
0.3944206059437656
0.46415888336127725
0.5462277217684337
0.642807311728432
0.7564633275546291
0.8902150854450375
1.0476157527896641
1.232846739442066
1.4508287784959402
1.7073526474706886
2.009233002565046
2.364489412645407
2.782559402207126
3.274549162877725
3.8535285937105273
4.534878508128582
5.3366992312063015
6.280291441834247
7.390722033525775
8.697490026177835
10.235310218990248
12.045035402587812
14.174741629268048
16.68100537200059
19.630406500402685
23.10129700083158
27.1858824273294
31.992671377973846
37.64935806792464
44.30621457583877
52.14008287999685
61.35907273413163
72.20809018385457
84.97534359086438
100.0
###
1.1000058674867859
0.9654864527722984
0.8486341197013081
0.748408976646515
0.6634644459556266
0.5923447875818904
0.5471798284771217
0.4967498884212465
0.4563658579693751
0.4249668215949863
2.9128264639868036
2.439126516647927
2.0372541452930846
1.6991078251940193
1.4164321324151423
1.181186117383694
1.0313574008154793
0.8616730400084811
0.7209373109949285
0.60405454822697
4.070631556836833
3.3411405097775706
2.730313543863524
2.2226344849939483
1.8030202228348233
1.457339620194157
1.2389066332264347
0.9931456601874997
0.7904835697540638
0.6227781053969851
4.980961957927128
4.0365382393994995
3.2529932592134068
2.60762964320443
2.0788060208582055
1.646893758792739
1.3760020807784414
1.0738974992649948
0.8262559964540477
0.6237464358125495
5.749902918748223
4.616476122529628
3.6828100729571154
2.919203525524307
2.29790819501061
1.794046145599689
1.480128341680003
1.1319594734107246
0.8499096461878948
0.6211615989899387
6.4244771041762005
5.120517320587558
4.052608057605574
3.18423372116534
2.481829967703865
1.9156433868376304
1.564899328034745
1.178256530133552
0.8675317353425726
0.6179277427964591
7.0304437903478085
5.569981159570425
4.379736440895728
3.4167081853914354
2.641491994577366
2.0199623005295244
1.636850419515499
1.2168193431417236
0.8816749072831928
0.6148006764646389
7.583678820857335
5.977863295644215
4.674696103352055
3.6247344525892964
2.7832786601197843
2.1117800639390736
1.6996598389340702
1.2500046868417876
0.8935560533244052
0.6119581235073097
8.094819982611396
6.352800141920917
4.944332996976481
3.813786210844641
2.9112679148913596
2.1939960112672883
1.7555210542051922
1.2792225812564384
0.903848501990156
0.6094317523072375
8.57136610684619
6.700813929246005
5.193437869245699
3.9875490584118185
3.0282313450150196
2.268644941466783
1.8059939363632744
1.3053783789315243
0.9129544782481428
0.6071884267367431
9.01886761224728
7.02635632070806
5.425495336017554
4.148702758199189
3.136168074371881
2.3371356867590065
1.8520575490973779
1.3290986602909751
0.9211478677409005
0.6052008314568552
9.441542424672686
7.3327862706755464
5.6431215795176355
4.2992467371842435
3.23654889645561
2.4005376401299197
1.894534320017689
1.3508333899283647
0.9286088101323496
0.6034311711548433
9.842614583792985
7.622736318750155
5.848343300253354
4.440745547855503
3.3304885327057323
2.459621181745486
1.933975449327842
1.3709104553788245
0.9354672414239932
0.6018462524744258
10.224861065492666
7.898236279093678
6.042769072974359
4.574101606105084
3.4188931158405076
2.515001433310305
1.9708683767305906
1.3895814868492673
0.941824872610018
0.6004221350779567
10.590351160515741
8.160986019130421
6.227686516679883
4.700746719450951
3.50244945166655
2.567156515948449
2.0054654999533623
1.407043751934404
0.9477517679536831
0.5991304513627431