# ../data/BKevo/MV2g_BKevo/mv2g_77.dat
# N(r,Y=0), r, *F2(x,Q^2)
# 1e-05 < r < 100.0
# 1 < Q^2 < 50, n=15, lin grid
# 1e-5 < x < 1e-2, n=10, log grid
###
6.1803205143809735e-09
7.909916924323335e-09
1.014154434955843e-08
1.2993090105560748e-08
1.6624008372186333e-08
2.1294662618416688e-08
2.7272918925191773e-08
3.488183262545274e-08
4.4639521611970026e-08
5.7149555295108495e-08
7.306417091880753e-08
9.340935019149033e-08
1.1953451100456357e-07
1.5275151524290587e-07
1.9508110861964335e-07
2.495178787418596e-07
3.1868951310072877e-07
4.0655256592044395e-07
5.197046319521914e-07
6.633852153977862e-07
8.456394736586495e-07
1.0798532675783647e-06
1.3774675878756002e-06
1.7546763624005402e-06
2.237785574553819e-06
2.852338216657612e-06
3.6305305270100226e-06
4.623732889591151e-06
5.888335289993906e-06
7.487983180671041e-06
9.522291171647987e-06
1.2114377877430062e-05
1.5389248918956178e-05
1.953857074364106e-05
2.4828143286040934e-05
3.15017053117418e-05
3.9924850785494856e-05
5.066468000613296e-05
6.419251388494081e-05
8.121082801628583e-05
0.00010287877532598032
0.00013013464094315381
0.00016435546637087593
0.00020772843775326754
0.00026225838636287217
0.0003305641194897293
0.0004167204804007109
0.0005249270167718245
0.0006600997402066659
0.0008297224343480668
0.0010424072336038645
0.0013072503282672305
0.0016377881084825208
0.0020512951966349413
0.0025643690055725528
0.0032011657729088205
0.0039956768659367625
0.004977993194218318
0.006191104510539264
0.007701821206782247
0.009566021105220075
0.011866110070272997
0.01473216771177149
0.018290221850235377
0.02272000510722125
0.02833134589261574
0.03549582214305392
0.044747017929847574
0.05712014482086957
0.07414344626393683
0.09795486425207375
0.13271426764497843
0.18488916511088113
0.26087442219073625
0.3675900611416183
0.501329604279995
0.6359139186619083
0.7366976177562959
0.7908009385905148
0.8333645775918375
0.8745145789261626
0.9116160405110004
0.9436053871171329
0.9687930245940123
0.9848693937867387
0.9939538188330538
0.9982616755002007
0.999629628040312
0.9999405762257868
0.9999952229629185
0.99999986789984
0.9999999963551016
0.9999999999667734
0.9999999999999958
1.0
1.0
1.0
1.0
1.0
1.0
###
1e-05
1.1768119524349992e-05
1.3848863713938717e-05
1.6297508346206434e-05
1.917910261672489e-05
2.2570197196339216e-05
2.656087782946684e-05
3.1257158496882356e-05
3.678379771828634e-05
4.328761281083062e-05
5.0941380148163754e-05
5.994842503189409e-05
7.054802310718646e-05
8.302175681319735e-05
9.770099572992247e-05
0.00011497569953977356
0.00013530477745798074
0.00015922827933410923
0.0001873817422860383
0.00022051307399030456
0.00025950242113997375
0.0003053855508833416
0.00035938136638046257
0.0004229242874389499
0.0004977023564332109
0.0005857020818056661
0.0006892612104349695
0.0008111308307896872
0.0009545484566618337
0.0011233240329780276
0.0013219411484660286
0.0015556761439304723
0.0018307382802953678
0.002154434690031882
0.0025353644939701114
0.0029836472402833374
0.003511191734215131
0.004132012400115334
0.004862601580065354
0.005722367659350214
0.006734150657750821
0.007924828983539169
0.0093260334688322
0.010974987654930556
0.01291549665014884
0.01519911082952933
0.01788649529057435
0.0210490414451202
0.02477076355991709
0.029150530628251757
0.034304692863149154
0.040370172585965536
0.047508101621027934
0.05590810182512223
0.06579332246575675
0.0774263682681127
0.09111627561154886
0.10722672220103231
0.1261856883066021
0.14849682622544635
0.1747528400007683
0.20565123083486514
0.24201282647943834
0.2848035868435799
0.3351602650938841
0.3944206059437656
0.46415888336127725
0.5462277217684337
0.642807311728432
0.7564633275546291
0.8902150854450375
1.0476157527896641
1.232846739442066
1.4508287784959402
1.7073526474706886
2.009233002565046
2.364489412645407
2.782559402207126
3.274549162877725
3.8535285937105273
4.534878508128582
5.3366992312063015
6.280291441834247
7.390722033525775
8.697490026177835
10.235310218990248
12.045035402587812
14.174741629268048
16.68100537200059
19.630406500402685
23.10129700083158
27.1858824273294
31.992671377973846
37.64935806792464
44.30621457583877
52.14008287999685
61.35907273413163
72.20809018385457
84.97534359086438
100.0
###
1.6564525636834828
1.4479686000242729
1.2592400837786348
1.0913911904670632
0.9444734280352561
0.8178285887341062
0.7353491368005207
0.6406606982183383
0.5616540515710389
0.49633478059124875
5.026578906616305
4.227392384836187
3.5266514814377556
2.9223633577035875
2.408586249079343
1.977304454061777
1.7021853470296722
1.3916547349751651
1.1363708778493482
0.9269882828667966
7.459432326186106
6.171608230216517
5.059789468389696
4.1154004283764865
3.324135406960474
2.668955303900957
2.2557985719658924
1.794361337158036
1.4192678929562288
1.1147522812631838
9.492618746471408
7.771899456171395
6.301898426042823
5.065960781617319
4.040636834999208
3.19972260123552
2.673752446817044
2.0909191757719885
1.6214167254407585
1.2437155533935287
11.28214268005756
9.166383603342373
7.373184624144193
5.877100482325088
4.645225124981289
3.6423100636292762
3.018988755164546
2.332556607870607
1.7836960344353772
1.345600978943572
12.901528985769335
10.418803996942756
8.328202179752171
6.594632568014632
5.175824698081831
4.027488334353174
3.3174725050364042
2.5396620901988958
1.921577706203649
1.431556592771171
14.392821062986933
11.565519192586638
9.19736818002068
7.243741826855572
5.652826223781614
4.371616547421736
3.5828968396878857
2.7226567629271443
2.0427220450396137
1.5068161747574123
15.782823394549139
12.629234751907273
9.999710258462692
7.839990921375317
6.088900558249537
4.6846077918168465
3.823362902254917
2.8877078468022295
2.1514962006472063
1.5743079985069317
17.090490083614235
13.625516494449924
10.748126894700878
8.393886961344789
6.492288450283554
4.972915707461121
4.044245316345819
3.038657812629935
2.2507533634055346
1.635844234533288
18.328390361830486
14.565601476956976
11.451772597440199
8.912813717871977
6.868830868395935
5.241134024777791
4.2491507842206815
3.178269140825454
2.3423112905565464
1.6925980504517795
19.507555060373637
15.457754988260312
12.117532592734651
9.402284155524981
7.222913620283175
5.492555025917098
4.440851567037538
3.3085164117698134
2.427552597700351
1.7454008360803628
20.634683049181177
16.308523192237605
12.750486882100008
9.866427070245482
7.557765715184468
5.7296979303803415
4.62125456278999
3.4308526472695915
2.507479637746268
1.7949449397154051
21.716382141132165
17.123526424016692
13.355078920153176
10.30860841070683
7.875996498490051
5.954513525577963
4.79201117132867
3.5463057489301537
2.5828247694727047
1.8416758919930232
22.75786086204658
17.905997577114544
13.934508409525403
10.731440843279087
8.179618977656167
6.168540920235108
4.954294414836966
3.655914528927876
2.654251857290715
1.8859708659160805
23.760839822780717
18.65968707753617
14.491499355972369
11.137068340058525
8.470291262671168
6.373039829530581
5.109191153823164
3.760327439404173
2.722212551937705
1.9281192482267575