# ../data/BKevo/MVge_BKevo/mvge_17.dat
# N(r,Y=0), r, *F2(x,Q^2)
# 1e-05 < r < 100.0
# 1 < Q^2 < 50, n=15, lin grid
# 1e-5 < x < 1e-2, n=10, log grid
###
0.0
0.0
0.0
0.0
9.843898662361054e-17
1.110223024625157e-16
1.6776503291610388e-16
3.1476570993963623e-16
4.778730094790371e-16
8.199675607435164e-16
1.3473524296061914e-15
2.2027753527695722e-15
3.593603646778182e-15
5.987287687709029e-15
9.918048364214833e-15
1.6526687592294265e-14
2.735358161412662e-14
4.4878741867980315e-14
7.515061799857716e-14
1.2439287498860676e-13
2.040598550814517e-13
3.4081973039780233e-13
5.647042074630147e-13
9.267183126269994e-13
1.541427422623066e-12
2.5556683848547096e-12
4.195856515830356e-12
6.949912573907512e-12
1.1529473309035165e-11
1.8934957605286962e-11
3.122584750013539e-11
5.1828894212776495e-11
8.513806137140498e-11
1.397613858063298e-10
2.3207542274407434e-10
3.812703450713545e-10
6.229118241879018e-10
1.034678513693631e-09
1.6998538273280312e-09
2.7674892640570127e-09
4.591092993958047e-09
7.541777653036813e-09
1.2274314750854767e-08
2.0266746514251818e-08
3.3285108762472905e-08
5.414823581797336e-08
8.897590523888647e-08
1.4609268953182943e-07
2.375564926966395e-07
3.884591529106635e-07
6.377191786843277e-07
1.0366486260238047e-06
1.6872106678944405e-06
2.7702865708511535e-06
4.503686535563343e-06
7.29893056332553e-06
1.199493223016279e-05
1.9518134989327704e-05
3.152385920565282e-05
5.1915013521711894e-05
8.46636325537858e-05
0.00013698953961348775
0.00022553508456002016
0.000369229862589934
0.0005998168861241454
0.0009880401622311013
0.0016262002450831048
0.0026553906198190334
0.0043784730490159605
0.0072463874733806714
0.01188598348678248
0.019574523849141892
0.03244397776210841
0.05310336977461963
0.08636595493769188
0.14049341348368674
0.22255308288521047
0.34144114546744947
0.5020898806362233
0.6861403000378388
0.8579091185433246
0.9574512522326591
0.9936468591065933
0.9998042152026078
0.9999993891501148
0.9999999995861759
0.999999999999995
1.0
1.0
1.0
1.0
1.0
1.0
1.0
1.0
1.0
1.0
1.0
1.0
1.0
###
1e-05
1.1768119524349992e-05
1.3848863713938717e-05
1.6297508346206434e-05
1.917910261672489e-05
2.2570197196339216e-05
2.656087782946684e-05
3.1257158496882356e-05
3.678379771828634e-05
4.328761281083062e-05
5.0941380148163754e-05
5.994842503189409e-05
7.054802310718646e-05
8.302175681319735e-05
9.770099572992247e-05
0.00011497569953977356
0.00013530477745798074
0.00015922827933410923
0.0001873817422860383
0.00022051307399030456
0.00025950242113997375
0.0003053855508833416
0.00035938136638046257
0.0004229242874389499
0.0004977023564332109
0.0005857020818056661
0.0006892612104349695
0.0008111308307896872
0.0009545484566618337
0.0011233240329780276
0.0013219411484660286
0.0015556761439304723
0.0018307382802953678
0.002154434690031882
0.0025353644939701114
0.0029836472402833374
0.003511191734215131
0.004132012400115334
0.004862601580065354
0.005722367659350214
0.006734150657750821
0.007924828983539169
0.0093260334688322
0.010974987654930556
0.01291549665014884
0.01519911082952933
0.01788649529057435
0.0210490414451202
0.02477076355991709
0.029150530628251757
0.034304692863149154
0.040370172585965536
0.047508101621027934
0.05590810182512223
0.06579332246575675
0.0774263682681127
0.09111627561154886
0.10722672220103231
0.1261856883066021
0.14849682622544635
0.1747528400007683
0.20565123083486514
0.24201282647943834
0.2848035868435799
0.3351602650938841
0.3944206059437656
0.46415888336127725
0.5462277217684337
0.642807311728432
0.7564633275546291
0.8902150854450375
1.0476157527896641
1.232846739442066
1.4508287784959402
1.7073526474706886
2.009233002565046
2.364489412645407
2.782559402207126
3.274549162877725
3.8535285937105273
4.534878508128582
5.3366992312063015
6.280291441834247
7.390722033525775
8.697490026177835
10.235310218990248
12.045035402587812
14.174741629268048
16.68100537200059
19.630406500402685
23.10129700083158
27.1858824273294
31.992671377973846
37.64935806792464
44.30621457583877
52.14008287999685
61.35907273413163
72.20809018385457
84.97534359086438
100.0
###
0.8551254563876589
0.7295730327141329
0.6211805274883904
0.5285597545846785
0.4500440401925823
0.3840016854263575
0.3415047331257212
0.29318854379990344
0.2530097801562455
0.21970704526993612
2.1661055461773535
1.7626203845505386
1.425787203950449
1.146825949619258
0.9171638940962805
0.7288461363448084
0.6104435167235124
0.47783813794116226
0.36922618589270584
0.2800041506036808
2.9815264665236363
2.380419859347555
1.8863900768120254
1.4835425509461477
1.1569519936097181
0.8933131074938894
0.7298634129048007
0.5495963589999191
0.40459190897009933
0.28798312096308715
3.6158391337390396
2.8525587482850243
2.2317031125135727
1.7306335458277928
1.3286391545423448
1.0076522402579953
0.810650309075563
0.5957465913116284
0.42535012404752026
0.2905650479192875
4.148044711586826
3.2442108946136266
2.5146130513453286
1.93034720607735
1.46528232491551
1.0970217915552747
0.8727911054379894
0.6303765384008476
0.4401298644215151
0.2917161316585075
4.6127628739158695
3.5832960434196774
2.7573486046951725
2.1000495092486697
1.5800784519296323
1.1711357030443421
0.9237420865155952
0.6581393480340268
0.45157897176017153
0.29221451027799117
5.028648024157309
3.884751769666057
2.971619408531277
2.2486023742645838
1.6797664473226346
1.2348637192965086
0.9671803636267527
0.6813185587800155
0.46100270082538075
0.29256218052951666
5.407204788347792
4.157647683372002
3.1644687650399814
2.381490376322479
1.7682958068617236
1.2910246154821405
1.0051754109043922
0.7016498846958439
0.4690110815930255
0.29269338649066895
5.756079746885127
4.407988481509275
3.3405062284617273
2.502152609701998
1.8482027635597449
1.3413599376059375
1.0390329027890548
0.7192947847152811
0.47598661240974444
0.2927816204294144
6.080641384236979
4.639947689970894
3.502931435379918
2.612965710863207
1.921209691115397
1.3870829083992038
1.0696442070612313
0.7352623740752895
0.48216517407200254
0.2928180235123689
6.384848217824307
4.856605822059546
3.6540768644890176
2.7156598186245406
1.9885666941254811
1.4290558273434393
1.0976239390246068
0.7497585855767471
0.4877206589306893
0.2928295414441122
6.671763850016292
5.06025409509162
3.795670558099678
2.811523462070651
2.0511916751572876
1.4679055279883948
1.123447896720913
0.7630442660722715
0.49276995026692305
0.29282296501754873
6.943608612346265
5.252695534309321
3.9290583409599016
2.9015477856105525
2.109789615407669
1.5041082790305347
1.1474038029835598
0.7753161982604608
0.49739877414409184
0.29280341209208555
7.202315857438067
5.435359341078135
4.0553209272386885
2.9865251709954075
2.1649029639495754
1.538044811730249
1.1697906136957492
0.7867282752253233
0.5016748479155875
0.2927763519557805
7.449315799963973
5.609388593678888
4.175316419564804
3.0671218389479624
2.216999430157999
1.5699984581378548
1.1908130825618017
0.7973970445790947
0.5056487191542633
0.29274273362477765