# ../data/BKevo/MV2g_BKevo/mv2g_85.dat
# N(r,Y=0), r, *F2(x,Q^2)
# 1e-05 < r < 100.0
# 1 < Q^2 < 50, n=15, lin grid
# 1e-5 < x < 1e-2, n=10, log grid
###
6.1810281598784894e-09
7.91094538750187e-09
1.0143050275364132e-08
1.299528942837092e-08
1.6627205355704415e-08
2.129933430292122e-08
2.727974316971555e-08
3.4891753752191075e-08
4.4653988761351144e-08
5.717069236475546e-08
7.309490298740335e-08
9.345406688574783e-08
1.195998537925526e-07
1.5284652448140502e-07
1.9521904175445046e-07
2.497194556400199e-07
3.189826078605167e-07
4.069770885166015e-07
5.203250613390365e-07
6.64287268556392e-07
8.469450657570505e-07
1.081758106531478e-06
1.3802366913972713e-06
1.758683322644637e-06
2.243617747539642e-06
2.8608146855808634e-06
3.6427922754222977e-06
4.641535485876491e-06
5.914201132196698e-06
7.5253838331194275e-06
9.576450181327921e-06
1.2193031475513714e-05
1.5502914886156896e-05
1.9702713005827687e-05
2.50663792907096e-05
3.1845746986182644e-05
4.042021941383092e-05
5.138309397159683e-05
6.522905844708254e-05
8.269961664023584e-05
0.00010503432727263531
0.0001332412032248094
0.0001688118695709724
0.00021415886060217827
0.0002715126775516997
0.00034381898771141094
0.00043577607573305733
0.0005523015678877097
0.0006992322612905306
0.0008857502131885702
0.0011227108875421256
0.0014217639432981273
0.0018009840248913599
0.0022845059094645515
0.0028958611024321847
0.0036710317009194895
0.004664417687678215
0.005924362314930661
0.007523565957067839
0.009587097634396963
0.01221632345883953
0.01556880145397048
0.019913615033298145
0.02549202819971592
0.03264621325984838
0.04195304511049418
0.05399456969863386
0.06950124569950417
0.08966274203490383
0.11577824215689542
0.1492070947915349
0.19191837703071513
0.2458557175565916
0.3121192884964528
0.3912364577868645
0.4809948582099568
0.5770266478741453
0.6720616828001605
0.7533450644843434
0.8197647382167056
0.8719176829184682
0.9112709745033218
0.9435834813182603
0.9687927728569942
0.984869393549145
0.99395381883291
0.9982616755002007
0.999629628040312
0.9999405762257868
0.9999952229629185
0.99999986789984
0.9999999963551016
0.9999999999667734
0.9999999999999958
1.0
1.0
1.0
1.0
1.0
1.0
###
1e-05
1.1768119524349992e-05
1.3848863713938717e-05
1.6297508346206434e-05
1.917910261672489e-05
2.2570197196339216e-05
2.656087782946684e-05
3.1257158496882356e-05
3.678379771828634e-05
4.328761281083062e-05
5.0941380148163754e-05
5.994842503189409e-05
7.054802310718646e-05
8.302175681319735e-05
9.770099572992247e-05
0.00011497569953977356
0.00013530477745798074
0.00015922827933410923
0.0001873817422860383
0.00022051307399030456
0.00025950242113997375
0.0003053855508833416
0.00035938136638046257
0.0004229242874389499
0.0004977023564332109
0.0005857020818056661
0.0006892612104349695
0.0008111308307896872
0.0009545484566618337
0.0011233240329780276
0.0013219411484660286
0.0015556761439304723
0.0018307382802953678
0.002154434690031882
0.0025353644939701114
0.0029836472402833374
0.003511191734215131
0.004132012400115334
0.004862601580065354
0.005722367659350214
0.006734150657750821
0.007924828983539169
0.0093260334688322
0.010974987654930556
0.01291549665014884
0.01519911082952933
0.01788649529057435
0.0210490414451202
0.02477076355991709
0.029150530628251757
0.034304692863149154
0.040370172585965536
0.047508101621027934
0.05590810182512223
0.06579332246575675
0.0774263682681127
0.09111627561154886
0.10722672220103231
0.1261856883066021
0.14849682622544635
0.1747528400007683
0.20565123083486514
0.24201282647943834
0.2848035868435799
0.3351602650938841
0.3944206059437656
0.46415888336127725
0.5462277217684337
0.642807311728432
0.7564633275546291
0.8902150854450375
1.0476157527896641
1.232846739442066
1.4508287784959402
1.7073526474706886
2.009233002565046
2.364489412645407
2.782559402207126
3.274549162877725
3.8535285937105273
4.534878508128582
5.3366992312063015
6.280291441834247
7.390722033525775
8.697490026177835
10.235310218990248
12.045035402587812
14.174741629268048
16.68100537200059
19.630406500402685
23.10129700083158
27.1858824273294
31.992671377973846
37.64935806792464
44.30621457583877
52.14008287999685
61.35907273413163
72.20809018385457
84.97534359086438
100.0
###
1.7850130322308848
1.5733146024853053
1.3789702457686641
1.2031879431945478
1.046407284512468
0.9084646212305586
0.8168561081312196
0.7095361389916482
0.6177488049997614
0.5398159343565133
5.5191617212644974
4.692737584059931
3.958237771368003
3.3154133894883766
2.7606210154321373
2.28762135951616
1.9818770360809703
1.6325631540081913
1.3415524179831566
1.10021924200218
8.250584654362886
6.906187496921603
5.730209463343805
4.717013357155427
3.8560033267170066
3.1329871739997412
2.671628226443609
2.1508354883676906
1.7230063222316065
1.3728086628781622
10.546376856519421
8.738574936741662
7.173888977468787
5.840106097221666
4.718305558198061
3.7857703506329177
3.195836075373132
2.5354985632574594
1.998168204635649
1.5625500930169385
12.57312974067996
10.340236578707941
8.422703860131595
6.801014566463616
5.447597393533602
4.330957684981414
3.6291903456349957
2.848765009679291
2.2183302996564334
1.7110687552960229
14.412010778065627
11.781926088150211
9.537999911373381
7.65224270405019
6.088155413556197
4.805499443815573
4.003621740906102
3.116452536082123
2.404141711779976
1.8344841258819733
16.107834705111927
13.103814248090904
10.554237991281896
8.422898931836347
6.66419932537425
5.229249006597837
4.336053052494341
3.3522556424566696
2.5662012231848954
1.9408952199524083
17.690908015343307
14.331141066235705
11.493130488443798
9.131155035192597
7.190685308831485
5.614261229965657
4.636703870329757
3.5639696414142703
2.7106522750907605
2.0349246265081185
19.181312335259644
15.481786321124206
12.369429314061643
9.789231255330057
7.67760520857584
5.968592360675041
4.91233957554389
3.7568782644112764
2.841502256117097
2.1194943388225345
20.59480967264135
16.568532513750835
13.193664392782924
10.40588036056414
8.132003712495303
6.297850091484069
5.167599207272007
3.9347701502340455
2.9614381652696666
2.1965587528417183
21.940706307226698
17.600007011988577
13.973791902673415
10.987486332012166
8.55916251993031
6.606190400996546
5.405937098587513
4.100177783437122
3.072462629858483
2.267528226736508
23.228636547246744
18.584757988247574
14.71570354164682
11.539033748287965
8.962918097392171
6.89672160757617
5.62992628506584
4.2550557120978265
3.176008010835053
2.333422885995212
24.465290711505705
19.52754906596208
15.424483357563048
12.064397178475554
9.346334289407555
7.171871612474731
5.841565375186417
4.400910968609997
3.273181612522466
2.395022634367708
25.656438368827978
20.433451575349675
16.103925644270163
12.566727512369434
9.712053501794994
7.433614991383907
6.042440880431027
4.538939961266154
3.364853100166156
2.4529350039587032
26.80688047680653
21.30633640190393
16.757285319706533
13.048556057482244
10.06197467648162
7.683440603696936
6.233828559750037
4.670101068364019
3.4517125353321556
2.5076342351771177