# ../data/BKevo/MV2g_BKevo/mv2g_80.dat
# N(r,Y=0), r, *F2(x,Q^2)
# 1e-05 < r < 100.0
# 1 < Q^2 < 50, n=15, lin grid
# 1e-5 < x < 1e-2, n=10, log grid
###
0.0
5.2095891799614435e-17
6.922798728602872e-17
1.110223024625157e-16
1.6024179577432093e-16
2.997024981745345e-16
5.020635195259812e-16
8.424254260803482e-16
1.36966192729861e-15
2.297602464445226e-15
3.820012683893542e-15
6.2927625770427526e-15
1.0522584951211498e-14
1.736981190066507e-14
2.863096666552054e-14
4.794443824988826e-14
7.928961122678505e-14
1.3022646241654442e-13
2.181179778404868e-13
3.6117067669291625e-13
5.92603551127891e-13
9.89912571479219e-13
1.6404673914238995e-12
2.6929335642205146e-12
4.4806906146850375e-12
7.431167905137822e-12
1.2204846456686566e-11
2.022428798708387e-11
3.3567380821139893e-11
5.5156975309172614e-11
9.101574432732532e-11
1.511771575681063e-10
2.4852609020716053e-10
4.083325377322432e-10
6.787541870926186e-10
1.1163579324549806e-09
1.8261308128678142e-09
3.037910830936691e-09
4.9990473861098e-09
8.153017869539892e-09
1.3555042249229642e-08
2.231895843300079e-08
3.641507912115785e-08
6.031095573171075e-08
9.938174586242903e-08
1.6224620865154767e-07
2.677246712236088e-07
4.4164092823407973e-07
7.216770486348336e-07
1.1868174067552906e-06
1.9608821569729793e-06
3.2089521635741154e-06
5.261900324398872e-06
8.714236190374152e-06
1.4293277684638953e-05
2.338648064483667e-05
3.8864851862998096e-05
6.396720120611219e-05
0.00010453903553954361
0.00017460234807691643
0.0002888253887264667
0.0004741571865574442
0.000793986937912289
0.001322620656657694
0.00218670755811419
0.003674974271206194
0.006176354072326654
0.010298681230809584
0.017374299412422228
0.02943477411743046
0.04932899140821105
0.08276523927253414
0.13863646398585794
0.22572460472427772
0.35457442260110267
0.5247525517186484
0.7071581984801163
0.8581831724627418
0.9425155703777232
0.9845679567088181
0.9985758542239055
0.9999381167588985
0.9999993221508562
0.999999999597907
1.0
1.0
1.0
1.0
1.0
1.0
1.0
1.0
1.0
1.0
1.0
1.0
1.0
1.0
1.0
1.0
###
1e-05
1.1768119524349992e-05
1.3848863713938717e-05
1.6297508346206434e-05
1.917910261672489e-05
2.2570197196339216e-05
2.656087782946684e-05
3.1257158496882356e-05
3.678379771828634e-05
4.328761281083062e-05
5.0941380148163754e-05
5.994842503189409e-05
7.054802310718646e-05
8.302175681319735e-05
9.770099572992247e-05
0.00011497569953977356
0.00013530477745798074
0.00015922827933410923
0.0001873817422860383
0.00022051307399030456
0.00025950242113997375
0.0003053855508833416
0.00035938136638046257
0.0004229242874389499
0.0004977023564332109
0.0005857020818056661
0.0006892612104349695
0.0008111308307896872
0.0009545484566618337
0.0011233240329780276
0.0013219411484660286
0.0015556761439304723
0.0018307382802953678
0.002154434690031882
0.0025353644939701114
0.0029836472402833374
0.003511191734215131
0.004132012400115334
0.004862601580065354
0.005722367659350214
0.006734150657750821
0.007924828983539169
0.0093260334688322
0.010974987654930556
0.01291549665014884
0.01519911082952933
0.01788649529057435
0.0210490414451202
0.02477076355991709
0.029150530628251757
0.034304692863149154
0.040370172585965536
0.047508101621027934
0.05590810182512223
0.06579332246575675
0.0774263682681127
0.09111627561154886
0.10722672220103231
0.1261856883066021
0.14849682622544635
0.1747528400007683
0.20565123083486514
0.24201282647943834
0.2848035868435799
0.3351602650938841
0.3944206059437656
0.46415888336127725
0.5462277217684337
0.642807311728432
0.7564633275546291
0.8902150854450375
1.0476157527896641
1.232846739442066
1.4508287784959402
1.7073526474706886
2.009233002565046
2.364489412645407
2.782559402207126
3.274549162877725
3.8535285937105273
4.534878508128582
5.3366992312063015
6.280291441834247
7.390722033525775
8.697490026177835
10.235310218990248
12.045035402587812
14.174741629268048
16.68100537200059
19.630406500402685
23.10129700083158
27.1858824273294
31.992671377973846
37.64935806792464
44.30621457583877
52.14008287999685
61.35907273413163
72.20809018385457
84.97534359086438
100.0
###
1.1980382599085448
1.0557910204708238
0.9312535710720281
0.823552640555807
0.7315308382748289
0.6538242080742925
0.6040745006573918
0.5479994266082623
0.5024645530460292
0.46634270848024323
3.251790667750453
2.740670943500397
2.3037938172017594
1.9337842579211173
1.622671825642803
1.362521297667586
1.1962620601712226
1.0075164416560007
0.8508444685504908
0.7200374084108003
4.58866876927442
3.7935001625498956
3.12288704548634
2.5619012603098645
2.095538338957446
1.7095131117367373
1.4647282507217367
1.1885485451499989
0.9602022579594729
0.7708705982738805
5.648294959473152
4.612037102333113
3.7461229515139767
3.028203843553997
2.436483225271952
1.9506832718968015
1.6448365049509128
1.3020394478404953
1.0208388879142438
0.7894887443517626
6.547881228838229
5.298254444384258
4.261326683112255
3.4076152066640986
2.708800385468806
2.138967382365287
1.7823691794183512
1.3851972301897884
1.0618193171916788
0.7979755241710237
7.33993158790458
5.896757974753635
4.706179275220611
3.7314790657671457
2.9381488390921375
2.294997202494591
1.894636249699983
1.4511529687785125
1.0925652317108647
0.8022980020741471
8.053388502694927
6.4319062370297075
5.100703646581909
4.016167227199254
3.137702195280356
2.4290893376926666
1.9900171856290436
1.506027220407517
1.117136489391678
0.8046281635731598
8.706250594175934
6.918621423718871
5.4571884907025145
4.271515437218573
3.3152102650011126
2.547195283559258
2.073271119903941
1.5531593419132235
1.1376065037562837
0.8059059371589403
9.310552600419193
7.366831048630035
5.783642895507409
4.503928018219141
3.475654891680471
2.6530804708073203
2.147360549966278
1.5945556570755515
1.155168014601231
0.8065920714980179
9.874902116230588
7.7835122207442895
6.085681360232659
4.717821544487406
3.622436431494635
2.7492761409365203
2.2142520205863927
1.631526311664349
1.1705532828151959
0.8073801882795086
10.405572928509548
8.17384701228008
6.367422275208319
4.91636804287752
3.758008323969561
2.8375926372312312
2.275336204629592
1.6649834386824989
1.1842627988879353
0.8070334432576417
10.907334327106692
8.541665877230923
6.631914120197147
5.1020420956973025
3.884185589252131
2.9193553798476377
2.3316245127201056
1.695580194167221
1.1966345200658584
0.8074591104544274
11.384116327876946
8.890027241221889
6.881574057857469
5.276658250781733
4.002375210500297
2.9955713142862463
2.383876527786104
1.723778418954874
1.2079135457637158
0.8073429165496371
11.83887350814537
9.221368004792724
7.1183086833173315
5.441703759823013
4.113642463704373
3.067027090423923
2.432684541176904
1.7499468281787656
1.2182868407057836
0.8071754671309399
12.274278506219922
9.537654542526415
7.343646988122821
5.598300209465799
4.218866725688432
3.1343392668846244
2.478506841561779
1.7744079453648365
1.2278883982952962
0.8069636876755286