# ../data/BKevo/MV2g_BKevo/mv2g_61.dat
# N(r,Y=0), r, *F2(x,Q^2)
# 1e-05 < r < 100.0
# 1 < Q^2 < 50, n=15, lin grid
# 1e-5 < x < 1e-2, n=10, log grid
###
8.491195748875677e-05
9.553417301321104e-05
0.00010741380391190721
0.00012076726915950952
0.0001358009781392464
0.0001526259318571151
0.00017150155772345475
0.00019273827843955372
0.000216521357645783
0.00024314885541796088
0.00027308571402495316
0.0003066341409480273
0.0003441144161633038
0.0003862201897765877
0.00043343572421430606
0.0004860655831410601
0.0005451407127011782
0.0006114260059921046
0.0006851356170770972
0.0007677961678001364
0.0008604947815109376
0.0009635396195247608
0.0010788633696340436
0.0012080606126688446
0.0013517288142778261
0.001512111935678458
0.0016915929048092935
0.0018912440037608658
0.0021135304032649047
0.0023619959620456384
0.0026384761574075855
0.0029454415384586818
0.0032881398882722637
0.0036696143554433443
0.004091920788025468
0.004562801513439969
0.005087188150287074
0.005665989204142041
0.006310593301724662
0.007028469917246495
0.007819366552580946
0.008698832993865565
0.00967733483545811
0.010756220735862902
0.011953137503920484
0.013284112850295815
0.01475369009287763
0.016381224260900728
0.01819135505177897
0.020194639907337917
0.02241176047742584
0.02488081101124383
0.027623247130268393
0.030661391084929407
0.03405450356809912
0.03784319277092488
0.04205401154986755
0.04677957425941319
0.05209315831290781
0.05803330171694622
0.06474478195322794
0.07234722567148208
0.08093046273744771
0.09069642030420799
0.10184613801107657
0.1145575048946374
0.12911423971403407
0.1458363158978992
0.16501739990665212
0.1870319722755583
0.21232560117901889
0.24125785838775324
0.2741475213650019
0.3114127072619451
0.3531451280295377
0.39888426611526595
0.4484971461671222
0.5010148806431425
0.5535788341788291
0.6053140136970974
0.6541429688069159
0.6958357631639812
0.7314276919335513
0.7613311959931651
0.7858329026749564
0.8079544642831686
0.8293774866154386
0.8503414600171407
0.8710033147205906
0.8913192330723868
0.9105441637878563
0.9281827466514793
0.9443032511112487
0.9583617052503202
0.9698667996769057
0.979305770159496
0.9866254367885015
0.9916702566338437
0.9952071754626295
0.9975226078168715
###
1e-05
1.1768119524349992e-05
1.3848863713938717e-05
1.6297508346206434e-05
1.917910261672489e-05
2.2570197196339216e-05
2.656087782946684e-05
3.1257158496882356e-05
3.678379771828634e-05
4.328761281083062e-05
5.0941380148163754e-05
5.994842503189409e-05
7.054802310718646e-05
8.302175681319735e-05
9.770099572992247e-05
0.00011497569953977356
0.00013530477745798074
0.00015922827933410923
0.0001873817422860383
0.00022051307399030456
0.00025950242113997375
0.0003053855508833416
0.00035938136638046257
0.0004229242874389499
0.0004977023564332109
0.0005857020818056661
0.0006892612104349695
0.0008111308307896872
0.0009545484566618337
0.0011233240329780276
0.0013219411484660286
0.0015556761439304723
0.0018307382802953678
0.002154434690031882
0.0025353644939701114
0.0029836472402833374
0.003511191734215131
0.004132012400115334
0.004862601580065354
0.005722367659350214
0.006734150657750821
0.007924828983539169
0.0093260334688322
0.010974987654930556
0.01291549665014884
0.01519911082952933
0.01788649529057435
0.0210490414451202
0.02477076355991709
0.029150530628251757
0.034304692863149154
0.040370172585965536
0.047508101621027934
0.05590810182512223
0.06579332246575675
0.0774263682681127
0.09111627561154886
0.10722672220103231
0.1261856883066021
0.14849682622544635
0.1747528400007683
0.20565123083486514
0.24201282647943834
0.2848035868435799
0.3351602650938841
0.3944206059437656
0.46415888336127725
0.5462277217684337
0.642807311728432
0.7564633275546291
0.8902150854450375
1.0476157527896641
1.232846739442066
1.4508287784959402
1.7073526474706886
2.009233002565046
2.364489412645407
2.782559402207126
3.274549162877725
3.8535285937105273
4.534878508128582
5.3366992312063015
6.280291441834247
7.390722033525775
8.697490026177835
10.235310218990248
12.045035402587812
14.174741629268048
16.68100537200059
19.630406500402685
23.10129700083158
27.1858824273294
31.992671377973846
37.64935806792464
44.30621457583877
52.14008287999685
61.35907273413163
72.20809018385457
84.97534359086438
100.0
###
4.791935302470658
4.247165369803723
3.680320935526278
3.103500407808515
2.5374347813320504
2.0075917002835917
1.6502992431129189
1.2403984443445781
0.9135301793182606
0.6645038365040015
18.73361355320265
16.288676400132047
13.77294266603805
11.26701070372802
8.885588647844989
6.7483338069450145
5.365434590161811
3.8445321761810503
2.6898515894951243
1.8511541096590287
31.308518672319007
26.97978989416487
22.55896455626289
18.209812348768768
14.145526518089238
10.569141006850714
8.29342002850197
5.839790104293037
4.010571684267486
2.7045176329216356
43.18637943761659
36.98860296875969
30.69648907157723
24.562186851763077
18.896151423178104
13.974633352353564
10.883341823998817
7.579765886548336
5.148586791070075
3.431545279487786
54.58948942072971
46.53651799024417
38.40060362962894
30.525953724585165
23.31737886749367
17.11744097181618
13.256822897678441
9.163449935680235
6.177072691793499
4.084106100055664
65.63339972133235
55.736653781701435
45.78054463290197
36.20235167915397
27.497980967805784
20.0708084699084
15.477367484007717
10.6372292397157
7.128456217715045
4.685567527223202
76.3870846113311
64.65795584794054
52.90258244996918
41.652049868210845
31.490959710841288
22.877766870264505
17.57384534779814
12.027518014741915
8.024619700340095
5.249057001973594
86.89830279429734
73.34705670151727
59.811277993266096
46.915466084708086
35.33088745849198
25.566399994172468
19.58194890855529
13.350574192092056
8.87434528139322
5.782682965785445
97.20123599695289
81.83744598547857
66.53723551318366
52.02130559317373
39.043647486003266
28.156090496491657
21.511836631023225
14.619155148744206
9.685473465657111
6.29184545684506
107.32171649800124
90.15435311673205
73.1065721286248
56.99094274369835
42.64469946845319
30.661562579733502
23.37521967641907
15.84122583713661
10.468697339450877
6.780629970815529
117.27996833309022
98.31748754990122
79.53573899724962
61.84102792864855
46.149194996678474
33.093651588816655
25.180993058469355
17.023198520361717
11.223024545178411
7.2520086388943055
127.09223618250998
106.34256311323811
85.83962738533886
66.58470297091358
49.568226034048564
35.46106652351207
26.936136782605395
18.170060921863314
11.951709390874678
7.708158969407241
136.77185078890295
114.24253472594174
92.03152046981681
71.23264386639788
52.91080121604542
37.77077872462918
28.646404122245997
19.285810283617696
12.661797678701895
8.15091734688935
146.32972539735962
122.02636864521394
98.12088031369284
75.7945105339834
56.18402464351745
40.02853463537399
30.316005601324445
20.37365204691928
13.353388439222217
8.581751110884383
155.77567232251002
129.70909317279825
104.1162077002573
80.27632427751018
59.394394867124895
42.240137851047656
31.948967695288054
21.436337943278737
14.02828212210138
9.001837162067073