# datat/BKevo/MVg_BKevo/mvg45.dat
# N(r,Y=0), r, *F2(x,Q^2)
# 1e-05 < r < 100.0
# 1 < Q^2 < 50, n=15, log grid
# 1e-5 < x < 1e-2, n=10, log grid
###
0.0
0.0
0.0
0.0
0.0
0.0
0.0
0.0
0.0
0.0
0.0
0.0
0.0
0.0
0.0
0.0
7.577483969696772e-17
1.110223024625157e-16
1.461039735377627e-16
3.6243363145241105e-16
6.575099978788441e-16
1.288712963198728e-15
2.4874854490651574e-15
4.612679140462107e-15
8.82279699563253e-15
1.6625853161043227e-14
3.096470270206361e-14
5.859612889018889e-14
1.1103110343095242e-13
2.0678815927938538e-13
3.8842809589574483e-13
7.374848620112701e-13
1.3754741621310384e-12
2.565074961863066e-12
4.8788973728910185e-12
9.10924309813234e-12
1.686022550938112e-11
3.212457421522397e-11
6.00362860039281e-11
1.1053236761118461e-10
2.1039503433861588e-10
3.9351734080752953e-10
7.246913090661091e-10
1.3696593960613584e-09
2.5633692495354138e-09
4.720865814200156e-09
8.855473468858314e-09
1.6579716778970233e-08
3.052787845118209e-08
5.680954729759368e-08
1.0637218359807854e-07
1.9576049416118475e-07
3.6122752239965886e-07
6.762177807320026e-07
1.2434194349089195e-06
2.2740873961011272e-06
4.254699891959572e-06
7.814477475548476e-06
1.4159852181814433e-05
2.6471065553364082e-05
4.855367183543908e-05
8.774408320896723e-05
0.00016279054045708572
0.00029822553420913206
0.0005381458464135437
0.000990180114656283
0.001812612607283933
0.0032676167153652454
0.005964494657902933
0.01090917132622964
0.01962481899938261
0.0354093705101129
0.06416036790482277
0.11337301432815144
0.19622757685307707
0.3309291233559757
0.5192602118974461
0.7390543210020907
0.9079625889594696
0.9849420990008537
0.9997177165922249
0.9999992686564193
0.9999999999021757
1.0
1.0
1.0
1.0
1.0
1.0
1.0
1.0
1.0
1.0
1.0
1.0
1.0
1.0
1.0
1.0
1.0
###
1e-05
1.1768119524349992e-05
1.3848863713938717e-05
1.6297508346206434e-05
1.917910261672489e-05
2.2570197196339216e-05
2.656087782946684e-05
3.1257158496882356e-05
3.678379771828634e-05
4.328761281083062e-05
5.0941380148163754e-05
5.994842503189409e-05
7.054802310718646e-05
8.302175681319735e-05
9.770099572992247e-05
0.00011497569953977356
0.00013530477745798074
0.00015922827933410923
0.0001873817422860383
0.00022051307399030456
0.00025950242113997375
0.0003053855508833416
0.00035938136638046257
0.0004229242874389499
0.0004977023564332109
0.0005857020818056661
0.0006892612104349695
0.0008111308307896872
0.0009545484566618337
0.0011233240329780276
0.0013219411484660286
0.0015556761439304723
0.0018307382802953678
0.002154434690031882
0.0025353644939701114
0.0029836472402833374
0.003511191734215131
0.004132012400115334
0.004862601580065354
0.005722367659350214
0.006734150657750821
0.007924828983539169
0.0093260334688322
0.010974987654930556
0.01291549665014884
0.01519911082952933
0.01788649529057435
0.0210490414451202
0.02477076355991709
0.029150530628251757
0.034304692863149154
0.040370172585965536
0.047508101621027934
0.05590810182512223
0.06579332246575675
0.0774263682681127
0.09111627561154886
0.10722672220103231
0.1261856883066021
0.14849682622544635
0.1747528400007683
0.20565123083486514
0.24201282647943834
0.2848035868435799
0.3351602650938841
0.3944206059437656
0.46415888336127725
0.5462277217684337
0.642807311728432
0.7564633275546291
0.8902150854450375
1.0476157527896641
1.232846739442066
1.4508287784959402
1.7073526474706886
2.009233002565046
2.364489412645407
2.782559402207126
3.274549162877725
3.8535285937105273
4.534878508128582
5.3366992312063015
6.280291441834247
7.390722033525775
8.697490026177835
10.235310218990248
12.045035402587812
14.174741629268048
16.68100537200059
19.630406500402685
23.10129700083158
27.1858824273294
31.992671377973846
37.64935806792464
44.30621457583877
52.14008287999685
61.35907273413163
72.20809018385457
84.97534359086438
100.0
###
1.0304580334130802
0.8978160143497264
0.7826997991394486
0.683967241217685
0.6002101683498127
0.529860613262109
0.4849808458959605
0.43476957396153887
0.3934409519369266
0.36074003600870436
2.694380905709716
2.2388435989479474
1.8538049890113186
1.5309901307509024
1.2619980628207563
1.0387533525574522
0.8968617071482405
0.7363766068528778
0.6033407632538418
0.4927446053198606
3.7490262325456327
3.0540576203325482
2.474795801085688
1.9955951840064583
1.6013366670400144
1.2780486959542114
1.0746374406418446
0.8467302970990176
0.6597505069062745
0.5058589326777413
4.575666273247856
3.6809399264243994
2.942270814431088
2.3370632940271387
1.8437030506183416
1.4429772765207225
1.1929674444100433
0.9153352508509095
0.69004963265618
0.5069544883891289
5.272588661662479
4.202901293936373
3.326338587086434
2.613283101701283
2.0363865277922537
1.5713265636590494
1.2832337621179322
0.9661598959087601
0.7105897069957808
0.5056384076703735
5.883139921874303
4.656053035973346
3.656488614861859
2.8481843218439917
2.1981825888895203
1.6775108976706452
1.356926279118079
1.0062847780316464
0.7261881818335559
0.5038282606924451
6.4309957330311365
5.059780862652913
3.948357757953203
3.054157668511432
2.338664425888881
1.7687265324963322
1.4195643697677085
1.0394074636150519
0.7388234128964367
0.5020206549093069
6.930748334446789
5.425906450903639
4.2114024513717325
3.238433130842446
2.4634230949307048
1.8489723032553318
1.4742883110742697
1.068331431473843
0.749497805424639
0.5003495050434211
7.392134004293692
5.762258386334967
4.451742962183801
3.4058558163021324
2.576039073838443
1.920886288074968
1.523004163867543
1.0938260997209257
0.7587640868149239
0.4988444988354308
7.822029060467918
6.074299401791747
4.673714110663175
3.5596999276503825
2.6789475863400862
1.9861903184596397
1.567007212224331
1.1166682905313405
0.7669664614245586
0.49749053185987474
8.22549885600392
6.366059641358164
4.880414073441482
3.70234818665333
2.773907602939217
2.0461299078315274
1.607191343924949
1.1373819638903855
0.7743474342622194
0.4962797780195137
8.606399872535562
6.640574971455514
5.074199732004838
3.8355735641889535
2.8622126354907467
2.1016022501632072
1.6442496602125365
1.1563683725345058
0.781060801919227
0.49519155817485794
8.96774493004957
6.900206873181401
5.256888856327221
3.960750276309003
2.9448549275826346
2.1532954221404075
1.6786605520902118
1.1739208213830223
0.7872266963483739
0.4942078313084619
9.31186767586506
7.146869143239096
5.429922983056193
4.079024632242967
3.0225977956402774
2.201747593892789
1.710849559638382
1.1902084588056352
0.7929336215890228
0.49331672282032885
9.640961027830828
7.382019260017288
5.594454388051666
4.190801457577275
3.0960829376245895
2.2473796303029787
1.7410401023298965
1.2054567359028037
0.7982488162130891
0.4925023610295556