# ../data/BKevo/MV2g_BKevo/mv2g_79.dat
# N(r,Y=0), r, *F2(x,Q^2)
# 1e-05 < r < 100.0
# 1 < Q^2 < 50, n=15, lin grid
# 1e-5 < x < 1e-2, n=10, log grid
###
3.8335691235746904e-13
5.571401597655419e-13
8.158010259868935e-13
1.191452721874681e-12
1.7318951747593045e-12
2.5307881055642215e-12
3.6968745075927615e-12
5.374534852881082e-12
7.837247024465918e-12
1.1450556551222765e-11
1.664841968957447e-11
2.42243242325036e-11
3.5398044156939127e-11
5.1469181087342424e-11
7.472228218983897e-11
1.0919998869711229e-10
1.587777866879263e-10
2.2997608795286258e-10
3.361045160034521e-10
4.886684356102684e-10
7.072774758792463e-10
1.0319077196657295e-09
1.5001065725275824e-09
2.170692722435242e-09
3.159470369351832e-09
4.591975692557898e-09
6.642596888988366e-09
9.644285402936472e-09
1.4012477207472764e-08
2.0261399212811314e-08
2.9340233926764514e-08
4.261033463491533e-08
6.157878546547208e-08
8.892557246935527e-08
1.2906882131411112e-07
1.8639510757049671e-07
2.6838852369784834e-07
3.8924868085833406e-07
5.616442405942076e-07
8.067375636934044e-07
1.168139799025923e-06
1.6836916229070833e-06
2.4155946659259788e-06
3.486255188467265e-06
5.018391407212237e-06
7.189896996461773e-06
1.0340521709005264e-05
1.4862476623949548e-05
2.125982137577654e-05
3.046473049981113e-05
4.371431197974398e-05
6.242488443003821e-05
8.912739624027982e-05
0.00012768514474291781
0.0001820603158006712
0.0002590831265869789
0.00037078693792788
0.0005283264493206112
0.0007502286349210906
0.0010744757242551826
0.0015334151779517558
0.0021826311590775406
0.0031355034595875247
0.004504410288863103
0.006467240357429096
0.009388277880116085
0.013704603692695345
0.020056967067636683
0.029763792258859285
0.04471260539433974
0.06745182511920378
0.10295345127392182
0.15874261205840975
0.24202823130094303
0.36093918742778436
0.5127652069504797
0.6705138872635281
0.7974637973311131
0.874540551783072
0.9309066238027577
0.9713078777317026
0.9908957085411777
0.9982059822586092
0.9998692753287369
0.9999960353811246
0.9999999436704456
0.9999999998900986
0.9999999999999998
1.0
1.0
1.0
1.0
1.0
1.0
1.0
1.0
1.0
1.0
1.0
1.0
###
1e-05
1.1768119524349992e-05
1.3848863713938717e-05
1.6297508346206434e-05
1.917910261672489e-05
2.2570197196339216e-05
2.656087782946684e-05
3.1257158496882356e-05
3.678379771828634e-05
4.328761281083062e-05
5.0941380148163754e-05
5.994842503189409e-05
7.054802310718646e-05
8.302175681319735e-05
9.770099572992247e-05
0.00011497569953977356
0.00013530477745798074
0.00015922827933410923
0.0001873817422860383
0.00022051307399030456
0.00025950242113997375
0.0003053855508833416
0.00035938136638046257
0.0004229242874389499
0.0004977023564332109
0.0005857020818056661
0.0006892612104349695
0.0008111308307896872
0.0009545484566618337
0.0011233240329780276
0.0013219411484660286
0.0015556761439304723
0.0018307382802953678
0.002154434690031882
0.0025353644939701114
0.0029836472402833374
0.003511191734215131
0.004132012400115334
0.004862601580065354
0.005722367659350214
0.006734150657750821
0.007924828983539169
0.0093260334688322
0.010974987654930556
0.01291549665014884
0.01519911082952933
0.01788649529057435
0.0210490414451202
0.02477076355991709
0.029150530628251757
0.034304692863149154
0.040370172585965536
0.047508101621027934
0.05590810182512223
0.06579332246575675
0.0774263682681127
0.09111627561154886
0.10722672220103231
0.1261856883066021
0.14849682622544635
0.1747528400007683
0.20565123083486514
0.24201282647943834
0.2848035868435799
0.3351602650938841
0.3944206059437656
0.46415888336127725
0.5462277217684337
0.642807311728432
0.7564633275546291
0.8902150854450375
1.0476157527896641
1.232846739442066
1.4508287784959402
1.7073526474706886
2.009233002565046
2.364489412645407
2.782559402207126
3.274549162877725
3.8535285937105273
4.534878508128582
5.3366992312063015
6.280291441834247
7.390722033525775
8.697490026177835
10.235310218990248
12.045035402587812
14.174741629268048
16.68100537200059
19.630406500402685
23.10129700083158
27.1858824273294
31.992671377973846
37.64935806792464
44.30621457583877
52.14008287999685
61.35907273413163
72.20809018385457
84.97534359086438
100.0
###
1.2840308416367536
1.1306749318669835
0.9951423480196054
0.8768877579980646
0.7749031841862075
0.6879410354546955
0.631726855731411
0.56763247915748
0.5146423766222654
0.47153568124824924
3.57165671180916
3.0140310965259496
2.534180014034257
2.1255080727485014
1.7803756031706928
1.4907369227958387
1.3052079759671298
1.0941691563572964
0.9185088756675922
0.7722680505220268
5.093960354625001
4.220463766900892
3.479334790781101
2.856380465496999
2.3366739321290564
1.905534831748361
1.6318588183414717
1.3230289028138018
1.0679535861910157
0.856791572873702
6.313483592119721
5.169526408126667
4.208146675392398
3.4074810242640505
2.7455174016802038
2.201009430650275
1.8579468694774288
1.473573510180418
1.1586895080060369
0.9001441633791227
7.3560335824245735
5.971201155203004
4.815787731267828
3.8603829942770815
3.0759978076222887
2.435225152968224
2.033988506692635
1.5871978010582792
1.2238978788180048
0.9279704550361586
8.278781979201408
6.674402540551849
5.343717681822462
4.249759577384519
3.3567211665518752
2.631400115824194
2.1795886523976344
1.6791662830216714
1.2749378944319332
0.9480956126328951
9.113346179071987
7.305964771377367
5.8142786292957265
4.593936855929215
3.6025709098434184
2.80136426569276
2.304520004694444
1.7568145996361888
1.3169935105409718
0.9640052462579659
9.87957839057604
7.882444261539206
6.2411409773917805
4.90404563705316
3.822454008854286
2.9520209571694656
2.414416247986551
1.824250986318236
1.3528345186400672
0.9767947218269543
10.590859464485737
8.414936086044731
6.633366352738384
5.187359616338158
4.022020801145688
3.087792673057626
2.512831624586198
1.8840383685879492
1.3841274073491279
0.9875674066562855
11.256744398967724
8.911293123455756
6.997299389381588
5.448929290776953
4.205272610023803
3.21168620403832
2.6021618304801124
1.9378040450285121
1.4119298358890684
0.9966073694623943
11.884280789102105
9.377289886084919
7.3375977792536125
5.6924671620299705
4.375084415187429
3.325858770112834
2.6840879688360153
1.98716045323891
1.436977165565851
1.005074069150782
12.478842784023492
9.817341504751974
7.65780492467218
5.920739527534213
4.533587081210758
3.4319063947342747
2.7598693064913347
2.031738053737576
1.4597849293099436
1.0124976853218568
13.044530647284635
10.234818595787218
7.960694983937299
6.13589161413104
4.682452385135846
3.531046703378005
2.830453116621933
2.073759741846868
1.480736780497348
1.0187598429238565
13.585454443505743
10.632620177014154
8.248398416467966
6.339658264401795
4.822678933748959
3.6242363450316795
2.8965796962288515
2.1125728924029947
1.500126317144597
1.0248010855206104
14.103643897981508
11.01291419922491
8.522706302110532
6.5333473069969354
4.955735969184552
3.7122277634179586
2.9588273286955946
2.1489294628434905
1.5182169551990425
1.0303531563888793