# ../data/BKevo/MV2g_BKevo/mv2g_92.dat
# N(r,Y=0), r, *F2(x,Q^2)
# 1e-05 < r < 100.0
# 1 < Q^2 < 50, n=15, lin grid
# 1e-5 < x < 1e-2, n=10, log grid
###
0.00011202668390460873
0.00012603854353266603
0.0001417083578952155
0.00015932141117023659
0.00017914968121403977
0.00020133901611442653
0.00022623109646584936
0.0002542347617010155
0.00028559324697277817
0.000320698424788764
0.0003601622563492492
0.0004043811061367373
0.0004537744397935547
0.0005092544740518265
0.0005714555052442827
0.0006407724896472268
0.0007185596900387549
0.0008058172744953803
0.0009028127241438582
0.0010115484105976491
0.001133440431137441
0.001268865055034269
0.0014203465005022977
0.0015899521950158125
0.0017784114032084173
0.0019886276861978635
0.002223673215261895
0.002484848611656676
0.002775281536397568
0.00309950708996103
0.0034597280092032853
0.0038589344916682825
0.004303777289877855
0.004797855195043153
0.005343307236209256
0.00594982305649084
0.006623126204588034
0.007363212973951367
0.008184109548085352
0.009094191735306593
0.010090720732264385
0.011192264202264955
0.012409796653766084
0.013740676581104677
0.015204147917140953
0.016816131744154795
0.018574676046410547
0.020497209672194015
0.02260684937589082
0.024903658071085154
0.027399320344779512
0.03012781260643088
0.03309422843980486
0.03629977873168847
0.039795893254632314
0.04359961559453635
0.047699783905907435
0.05217832986853535
0.05708004940823458
0.062394513974377744
0.06826172342606847
0.0747809406438198
0.08203095328592118
0.09024309812987137
0.0996683983404808
0.11063301763458866
0.12361656817237346
0.1392148296642939
0.1582945582963384
0.1819175091621
0.21125358127489807
0.2478818037672669
0.2933758935841428
0.3486355463370545
0.4138566270610389
0.486609614948647
0.562612459615283
0.6348431253456794
0.6916509410166907
0.7329512257518941
0.7610412560213528
0.7810658066759353
0.800068931737005
0.8195829459804013
0.8392812593350013
0.859163998442392
0.8790589086431488
0.8981782213289846
0.9162635432447336
0.9332219460273984
0.9483476357424243
0.96130153965462
0.9723309558440112
0.9811641037194998
0.9876749638075313
0.9924885232830751
0.9957907120244625
0.997733025907405
0.9989033813262541
0.9995454968063937
###
1e-05
1.1768119524349992e-05
1.3848863713938717e-05
1.6297508346206434e-05
1.917910261672489e-05
2.2570197196339216e-05
2.656087782946684e-05
3.1257158496882356e-05
3.678379771828634e-05
4.328761281083062e-05
5.0941380148163754e-05
5.994842503189409e-05
7.054802310718646e-05
8.302175681319735e-05
9.770099572992247e-05
0.00011497569953977356
0.00013530477745798074
0.00015922827933410923
0.0001873817422860383
0.00022051307399030456
0.00025950242113997375
0.0003053855508833416
0.00035938136638046257
0.0004229242874389499
0.0004977023564332109
0.0005857020818056661
0.0006892612104349695
0.0008111308307896872
0.0009545484566618337
0.0011233240329780276
0.0013219411484660286
0.0015556761439304723
0.0018307382802953678
0.002154434690031882
0.0025353644939701114
0.0029836472402833374
0.003511191734215131
0.004132012400115334
0.004862601580065354
0.005722367659350214
0.006734150657750821
0.007924828983539169
0.0093260334688322
0.010974987654930556
0.01291549665014884
0.01519911082952933
0.01788649529057435
0.0210490414451202
0.02477076355991709
0.029150530628251757
0.034304692863149154
0.040370172585965536
0.047508101621027934
0.05590810182512223
0.06579332246575675
0.0774263682681127
0.09111627561154886
0.10722672220103231
0.1261856883066021
0.14849682622544635
0.1747528400007683
0.20565123083486514
0.24201282647943834
0.2848035868435799
0.3351602650938841
0.3944206059437656
0.46415888336127725
0.5462277217684337
0.642807311728432
0.7564633275546291
0.8902150854450375
1.0476157527896641
1.232846739442066
1.4508287784959402
1.7073526474706886
2.009233002565046
2.364489412645407
2.782559402207126
3.274549162877725
3.8535285937105273
4.534878508128582
5.3366992312063015
6.280291441834247
7.390722033525775
8.697490026177835
10.235310218990248
12.045035402587812
14.174741629268048
16.68100537200059
19.630406500402685
23.10129700083158
27.1858824273294
31.992671377973846
37.64935806792464
44.30621457583877
52.14008287999685
61.35907273413163
72.20809018385457
84.97534359086438
100.0
###
5.1015233583574435
4.555701095792023
3.9790016427109145
3.3795610713406417
2.7764552549748096
2.200921384844345
1.8081719994458298
1.3586756995285099
1.003922932101156
0.7392278605844363
20.127347438626106
17.673730681086866
15.100089398875596
12.469685053695478
9.894666950924453
7.525119848896278
5.965250129889779
4.2436641409620215
2.938978162242342
2.0020176963915457
33.785450523506455
29.432765524947303
24.89399477661434
20.304082872155675
15.878475957567844
11.879898340537627
9.292032951528306
6.481281266033771
4.387449479337303
2.906485635399638
46.744141169657745
40.50180919356963
34.023471267873504
27.522958105605312
21.32529700847811
15.794046867972128
12.25446884483998
8.450483862756409
5.646729972734866
3.682788289061051
59.22587341533116
51.102752433347746
42.70672885660045
34.3358957826754
26.422510301611606
19.427142629133797
14.988433726222075
10.254909226373481
6.793552973771627
4.386019906413607
71.34517534293796
61.349416902753866
51.05453140535246
40.84778212548755
31.263025061612925
22.85607094148202
17.558758800640668
11.943284486460286
7.862418904898693
5.039244738874332
83.1719999238781
71.31139193641151
59.134339862796075
47.116712384196106
35.90222172717566
26.12762677809821
20.003090602856076
13.543290747182887
8.872595953720902
5.655668622930673
94.75386060180023
81.0355892048991
66.99159592212139
53.18987409105254
40.377393695652394
29.270999904325468
22.34577933794248
15.072625869483328
9.836192300122752
6.243045629477946
106.12501649041849
90.55594408084795
74.65886168395477
59.09466356175502
44.712167854173956
32.30706033618139
24.603900588472214
16.543411263369034
10.761505856407357
6.806668579938899
117.31136981779318
99.89521352720814
82.16057327755675
64.85472492120088
48.92600849637575
35.251212252547
26.78985617313527
17.964576679488005
11.654499477292442
7.35040593412612
128.33322334487167
109.07858613056621
89.51597348206552
70.48647091201569
53.0368464289435
38.115210476033845
28.91304666329603
19.34278571874691
12.519666069464506
7.876995573623533
139.20664285860752
118.12313806377607
96.74017007438712
76.00364646131071
57.05453118302122
40.907094949780735
30.981013208551612
20.683349082157946
13.360421843607481
8.388656582173725
149.94548307066682
127.03534689305
103.84577419361865
81.41805579192321
60.99117684506915
43.636849995418295
32.99969623308911
21.99066630387708
14.180256982745746
8.887150133305727
160.5607438674187
135.8252012419633
110.84292912790434
86.73885690003412
64.84705749054923
46.30947601798788
34.974068780992354
23.267458797233036
14.979566666516918
9.373848709439564
171.06191896715922
144.50998750620937
117.74072203738237
91.9739217241942
68.63626940304691
48.930066024228566
36.90817419668201
24.51727160570659
15.762022507562278
9.849923063945713