# ../data/BKevo/MVge_BKevo/mvge_20.dat
# N(r,Y=0), r, *F2(x,Q^2)
# 1e-05 < r < 100.0
# 1 < Q^2 < 50, n=15, lin grid
# 1e-5 < x < 1e-2, n=10, log grid
###
0.0
0.0
0.0
0.0
9.843898662361054e-17
1.110223024625157e-16
1.6776503291610388e-16
3.1476570993963623e-16
4.778730094790371e-16
8.199675607435164e-16
1.3473524296061914e-15
2.2027753527695722e-15
3.593603646778182e-15
5.987287687709029e-15
9.918048364214833e-15
1.6526687592294265e-14
2.735358161412662e-14
4.4878741867980315e-14
7.518569966965241e-14
1.2457409180433295e-13
2.0438861008039115e-13
3.414938352024973e-13
5.660266484622978e-13
9.29382990281082e-13
1.546750437634118e-12
2.566167416234382e-12
4.216367654852603e-12
6.990604703425665e-12
1.161055294569666e-11
1.9092906472171915e-11
3.153654310827494e-11
5.2447252692169215e-11
8.634251060116289e-11
1.4210587503825505e-10
2.3673904872470805e-10
3.903374131469818e-10
6.403444945686989e-10
1.0692638002215128e-09
1.7668325374152073e-09
2.894793119868623e-09
4.841616075127453e-09
8.023860405739834e-09
1.3183907096905138e-08
2.2026236765644e-08
3.664082261043475e-08
6.041914927946485e-08
1.0087604947751978e-07
1.6854044042952597e-07
2.790330838625714e-07
4.6559995588557134e-07
7.814723877955089e-07
1.2990692538019006e-06
2.1656068391800174e-06
3.650833491206491e-06
6.091983575095512e-06
1.0139661273500856e-05
1.7162227899971467e-05
2.8734141396042766e-05
4.771684658863735e-05
8.105142534290381e-05
0.00013609635187976238
0.00022639881672115771
0.0003839517080439053
0.0006463016291090146
0.0010772473269271103
0.0018214660519555673
0.003071634865901416
0.005125459768052308
0.008627543418376864
0.014544659937574523
0.024219460091800413
0.040362349017309875
0.06738072986183737
0.11034800240812659
0.1778415686672671
0.2817023154046263
0.42577879831606275
0.605750702913257
0.7863009704130972
0.9221502361383385
0.9878342269833904
0.9990637536486883
0.9999792916288472
0.999999968283553
0.9999999999999934
1.0
1.0
1.0
1.0
1.0
1.0
1.0
1.0
1.0
1.0
1.0
1.0
1.0
1.0
1.0
###
1e-05
1.1768119524349992e-05
1.3848863713938717e-05
1.6297508346206434e-05
1.917910261672489e-05
2.2570197196339216e-05
2.656087782946684e-05
3.1257158496882356e-05
3.678379771828634e-05
4.328761281083062e-05
5.0941380148163754e-05
5.994842503189409e-05
7.054802310718646e-05
8.302175681319735e-05
9.770099572992247e-05
0.00011497569953977356
0.00013530477745798074
0.00015922827933410923
0.0001873817422860383
0.00022051307399030456
0.00025950242113997375
0.0003053855508833416
0.00035938136638046257
0.0004229242874389499
0.0004977023564332109
0.0005857020818056661
0.0006892612104349695
0.0008111308307896872
0.0009545484566618337
0.0011233240329780276
0.0013219411484660286
0.0015556761439304723
0.0018307382802953678
0.002154434690031882
0.0025353644939701114
0.0029836472402833374
0.003511191734215131
0.004132012400115334
0.004862601580065354
0.005722367659350214
0.006734150657750821
0.007924828983539169
0.0093260334688322
0.010974987654930556
0.01291549665014884
0.01519911082952933
0.01788649529057435
0.0210490414451202
0.02477076355991709
0.029150530628251757
0.034304692863149154
0.040370172585965536
0.047508101621027934
0.05590810182512223
0.06579332246575675
0.0774263682681127
0.09111627561154886
0.10722672220103231
0.1261856883066021
0.14849682622544635
0.1747528400007683
0.20565123083486514
0.24201282647943834
0.2848035868435799
0.3351602650938841
0.3944206059437656
0.46415888336127725
0.5462277217684337
0.642807311728432
0.7564633275546291
0.8902150854450375
1.0476157527896641
1.232846739442066
1.4508287784959402
1.7073526474706886
2.009233002565046
2.364489412645407
2.782559402207126
3.274549162877725
3.8535285937105273
4.534878508128582
5.3366992312063015
6.280291441834247
7.390722033525775
8.697490026177835
10.235310218990248
12.045035402587812
14.174741629268048
16.68100537200059
19.630406500402685
23.10129700083158
27.1858824273294
31.992671377973846
37.64935806792464
44.30621457583877
52.14008287999685
61.35907273413163
72.20809018385457
84.97534359086438
100.0
###
1.0199199914285253
0.8851176373460359
0.7678007242554828
0.6668514875000331
0.5808510485298616
0.5082509523407192
0.4616503797593147
0.40877946727841563
0.3652370848479418
0.32981155783816757
2.6720985094478698
2.2136065504773406
1.8259820853589288
1.501071056896648
1.2304412078348048
1.0059903530204177
0.8634501261169532
0.7023799679818609
0.5690146787550757
0.4583282037239509
3.722266534884394
3.0245864626689856
2.443346596519615
1.9629541473700898
1.5682407052605725
1.2451917545069533
1.0423725697428305
0.8156860895166267
0.6304086776897834
0.47858688131167926
4.546468935574173
3.6493110067425807
2.909302838097469
2.3036448238611
1.8107454722679526
1.4113103921518257
1.1627239587084133
0.8875064329543376
0.6651740490013001
0.48524812166758013
5.241879777134699
4.170088972512374
3.292621624208715
2.5797635141105664
2.0040485713353045
1.541040444239026
1.2549800471621113
0.9406550482590179
0.6891385371934925
0.4880239317540475
5.851451628220863
4.622542032810431
3.6224645064771424
2.814864393814274
2.166620699080879
1.6486197030677479
1.330467956514063
0.983122131348048
0.7075110016931083
0.48929691819566684
6.398677070368596
5.0258742157622756
3.91430592019891
3.0212053176171723
2.307916981658475
1.7410533704699236
1.394705239099249
1.0186429792115834
0.7224054253419931
0.4898809428379723
6.8980201129452565
5.391792192467722
4.177420529031838
3.2059216749368193
2.4334925910121274
1.8225060633192653
1.4508314892078837
1.0492701835218106
0.7349503563834875
0.4901165549024259
7.359165469291997
5.728068468635293
4.417954409204475
3.37383190317842
2.5469081897879415
1.895518313251757
1.5008378892387197
1.076252180070529
0.7458036846293826
0.4901657379095523
7.7889348499593085
6.040144397579373
4.640165040066564
3.528188529765296
2.6505905260595606
1.9618443164337318
1.5460117349926377
1.1004029641181894
0.7553687607572475
0.490102280800123
8.192375293947887
6.33200052717648
4.847161536146175
3.671364654050809
2.7463002555227036
2.022725231663604
1.5873215148227258
1.1222961986708693
0.7643153121325849
0.4899805099575133
8.57331998321384
6.6066735389796545
5.041276667846458
3.8051309232903057
2.8353151459835866
2.079089574269927
1.6253620777131264
1.142359532159496
0.7717020375091567
0.48982379834718764
8.93476701856589
6.8665427818371345
5.224318571251837
3.9309016088165416
2.9186476386555755
2.13162224908748
1.6606859338928075
1.160840288745405
0.7788024936714333
0.4901849570055236
9.279027471997173
7.113414391770904
5.397722547137999
4.049351861615512
2.997072676434319
2.180868096491857
1.6936892755409694
1.178033144056234
0.7853487516025188
0.48945861465948975
9.608193555326737
7.34882903001348
5.562636908624742
4.161899683455387
3.0712324748431543
2.2272481025580824
1.7246800192251084
1.1940948155866884
0.7914238113798986
0.4892656154907251