# datat/BKevo/MVg_BKevo/mvg43.dat
# N(r,Y=0), r, *F2(x,Q^2)
# 1e-05 < r < 100.0
# 1 < Q^2 < 50, n=15, log grid
# 1e-5 < x < 1e-2, n=10, log grid
###
0.0
1.0419178359922891e-16
1.110223024625157e-16
1.7326321810188395e-16
3.2048359154864186e-16
4.662359518683081e-16
7.253397036733429e-16
1.259062839758545e-15
2.022514340378664e-15
3.3908925454365814e-15
5.674507874609055e-15
9.424557677129478e-15
1.5668022682596423e-14
2.5991798434535036e-14
4.277343884333764e-14
7.156831834260574e-14
1.1842468463486342e-13
1.9436264715283505e-13
3.2551441638449717e-13
5.388817933277022e-13
8.840017572833609e-13
1.4763078976661275e-12
2.4460312754164767e-12
4.014356224768163e-12
6.677137421521574e-12
1.1070036780045903e-11
1.8174383149995016e-11
3.010230057144551e-11
4.9936177548294544e-11
8.200712180268461e-11
1.352313507005567e-10
2.2444283888352162e-10
3.686586476658834e-10
6.051289133384798e-10
1.0047042488179047e-09
1.650378680426706e-09
2.6959315129680106e-09
4.477097067405591e-09
7.353588867294898e-09
1.1968943499634407e-08
1.9848406308533356e-08
3.2591197841215343e-08
5.301699347842063e-08
8.748320775619806e-08
1.435708468977208e-07
2.333623454440465e-07
3.8303684035015515e-07
6.280905685506469e-07
1.0197817384648339e-06
1.6644270492843027e-06
2.7260750991524613e-06
4.419713425333234e-06
7.170330581754065e-06
1.1725662811010267e-05
1.897594278173716e-05
3.0590040751794236e-05
4.992698764292577e-05
8.062247332106508e-05
0.00012910312663663446
0.00021023845433904706
0.0003386703386342779
0.0005406441488098831
0.0008750625076776532
0.0014061418555642424
0.0022390735409078856
0.0036005642088213713
0.005771996849066736
0.009167937270382918
0.0146430767699134
0.02339529732685567
0.03699144679206137
0.058443007240722294
0.09230121422120288
0.14335427059793499
0.2191765879978197
0.328819175833004
0.47294547340026627
0.6440255971024195
0.8076772959695862
0.9284321191267799
0.9877036908027572
0.9988748365338193
0.9999665812095543
0.9999999147581268
0.9999999999998389
1.0
1.0
1.0
1.0
1.0
1.0
1.0
1.0
1.0
1.0
1.0
1.0
1.0
1.0
1.0
###
1e-05
1.1768119524349992e-05
1.3848863713938717e-05
1.6297508346206434e-05
1.917910261672489e-05
2.2570197196339216e-05
2.656087782946684e-05
3.1257158496882356e-05
3.678379771828634e-05
4.328761281083062e-05
5.0941380148163754e-05
5.994842503189409e-05
7.054802310718646e-05
8.302175681319735e-05
9.770099572992247e-05
0.00011497569953977356
0.00013530477745798074
0.00015922827933410923
0.0001873817422860383
0.00022051307399030456
0.00025950242113997375
0.0003053855508833416
0.00035938136638046257
0.0004229242874389499
0.0004977023564332109
0.0005857020818056661
0.0006892612104349695
0.0008111308307896872
0.0009545484566618337
0.0011233240329780276
0.0013219411484660286
0.0015556761439304723
0.0018307382802953678
0.002154434690031882
0.0025353644939701114
0.0029836472402833374
0.003511191734215131
0.004132012400115334
0.004862601580065354
0.005722367659350214
0.006734150657750821
0.007924828983539169
0.0093260334688322
0.010974987654930556
0.01291549665014884
0.01519911082952933
0.01788649529057435
0.0210490414451202
0.02477076355991709
0.029150530628251757
0.034304692863149154
0.040370172585965536
0.047508101621027934
0.05590810182512223
0.06579332246575675
0.0774263682681127
0.09111627561154886
0.10722672220103231
0.1261856883066021
0.14849682622544635
0.1747528400007683
0.20565123083486514
0.24201282647943834
0.2848035868435799
0.3351602650938841
0.3944206059437656
0.46415888336127725
0.5462277217684337
0.642807311728432
0.7564633275546291
0.8902150854450375
1.0476157527896641
1.232846739442066
1.4508287784959402
1.7073526474706886
2.009233002565046
2.364489412645407
2.782559402207126
3.274549162877725
3.8535285937105273
4.534878508128582
5.3366992312063015
6.280291441834247
7.390722033525775
8.697490026177835
10.235310218990248
12.045035402587812
14.174741629268048
16.68100537200059
19.630406500402685
23.10129700083158
27.1858824273294
31.992671377973846
37.64935806792464
44.30621457583877
52.14008287999685
61.35907273413163
72.20809018385457
84.97534359086438
100.0
###
1.0933404783842178
0.952655359916131
0.8295448778790631
0.7230535023699546
0.6318970522767673
0.5546427118701348
0.5048276597758186
0.44816829732246455
0.401351202677194
0.36314602898691345
2.916918380244494
2.4295819891158392
2.015279073782096
1.666222035719529
1.3741950422035887
1.1310784002624852
0.9762540667837212
0.8011821545319469
0.6555258262553615
0.5347109477073229
4.09192026979483
3.3442874465244676
2.717998728307804
2.197719185760758
1.7682096360191784
1.4152460656525876
1.1929154123024126
0.943789057759469
0.739567839101117
0.5718055681581141
5.01947733103884
4.053211325441283
3.2516868342900382
2.5923088404916292
2.0530561065065154
1.6141566753980088
1.3400251778186865
1.0355092260088727
0.7885157291626187
0.5879613450951532
5.804982687866357
4.646313168723681
3.6924102926533
2.9132289631515516
2.2809635947342892
1.7701001627990034
1.4532192256593977
1.1037101727672753
0.8227747069501044
0.596986303382926
6.4953661174506365
5.163011480435831
4.0725922175233205
3.1873181906765984
2.473121845478482
1.89968290840233
1.5460422914937637
1.1583119124855148
0.8494801979796665
0.6027450667255795
7.1163884542994
5.624489817319647
4.409592396475998
3.4281667542913032
2.6404305455982726
2.0112419123815712
1.6251226798051979
1.2040192068813669
0.870745790390987
0.6067396125161534
7.6840302847825726
6.0438448414127555
4.713930031567783
3.6443627434319716
2.789330665699594
2.1096353669331056
1.694308836502286
1.2434271558202452
0.8884092102913729
0.6096737565831162
8.208951699214959
6.429746265766678
4.992531346474045
3.840996038259651
2.923961640184181
2.197928069482141
1.7560034006893053
1.2781414213294473
0.903830413558197
0.611922810783099
8.698736387241476
6.788281495353361
5.250155275608808
4.021708304360425
3.0471551896139886
2.278193831480472
1.8117314785495542
1.3092034989212178
0.9174595546084262
0.6136943951803132
9.158994974891215
7.123933756751104
5.490409137434369
4.189657638062967
3.1609896487300198
2.351922664435321
1.862665213306997
1.3373503652774852
0.9296362722312499
0.615131679299232
9.59399191149643
7.440136171876727
5.715879556678098
4.346671271763433
3.266921261250638
2.4202058918402476
1.9095998367264515
1.3631099434505807
0.940643246084401
0.6163160794259166
10.006947696179557
7.739466701029011
5.928647173168132
4.494315550720864
3.3661442270370965
2.483875308962068
1.953226589299989
1.386870746798201
0.9506855732511774
0.6173121748204257
10.400872557702494
8.02405771693418
6.130267427829777
4.633854229557023
3.459575666167645
2.5435823945423914
1.9939828785199905
1.408988188579824
0.9599243627496524
0.6181610697035328
10.777611193521116
8.295606008472639
6.322207340073878
4.766211798927659
3.5479388248137087
2.599834733818268
2.032256810185777
1.4295625496913813
0.9684779386957963
0.6188881482010142