# ../data/BKevo/MVge_BKevo/mvge_5.dat
# N(r,Y=0), r, *F2(x,Q^2)
# 1e-05 < r < 100.0
# 1 < Q^2 < 50, n=15, lin grid
# 1e-5 < x < 1e-2, n=10, log grid
###
0.00012869748330790243
0.0001447966911055695
0.0001628016081587035
0.0001830402564553948
0.0002058254945709096
0.00023132560843205048
0.0002599338748602222
0.000292120898132576
0.0003281677171573215
0.00036852644103990446
0.00041390218955960934
0.0004647538320682682
0.0005215681058243455
0.000585397695207429
0.0006569789902909727
0.0007367778721659504
0.0008263607587422619
0.0009268934553422523
0.001038713535184736
0.0011641451989394696
0.001304853703021553
0.0014613404949683111
0.001636564647770978
0.0018329884628342553
0.002051602388298402
0.002295892446704031
0.0025695828942918202
0.00287450109924417
0.0032146152792548424
0.003595564875687878
0.004020594846738975
0.004494054071475334
0.005024507579054336
0.0056175805977593625
0.006277882473426496
0.007018465814332879
0.007848899030814612
0.008774013583151705
0.00981371932565656
0.010983460467375935
0.012289957129887539
0.01376191617483232
0.015422939876608022
0.017287333247524912
0.019391932129451093
0.02177390643543254
0.02445921092695131
0.02749483643046107
0.030937565797232454
0.03483006544976159
0.039230687656250166
0.0442240054030103
0.049875972432455624
0.056254535730447246
0.06348344109248824
0.07166078990630213
0.08085471827111967
0.09124369135973352
0.10296946760843168
0.11607355642571078
0.13080908188030566
0.1473522755923781
0.16572289588391928
0.18620402047579346
0.2090090259057256
0.23410434592714668
0.2617267148642843
0.2921114220026266
0.3251040097853302
0.3607388461172881
0.39924038500869813
0.4402408179769153
0.48329709076527577
0.5286018544906586
0.5755061367059597
0.6227349822764967
0.6705272304982789
0.7180327974963473
0.7629467017225838
0.805856652157607
0.8459452554066818
0.8806676977970248
0.911043411777751
0.9368255740799767
0.9567037531774149
0.9718548743654819
0.983025173148257
0.9903190532069795
0.9948344490068918
0.997545893210113
0.9989428020767144
0.9995741938122094
0.99985641545231
0.9999601402955771
0.9999891901458061
0.9999977432161135
0.9999996911937629
0.9999999518181196
0.9999999947506157
0.9999999997737985
###
1e-05
1.1768119524349992e-05
1.3848863713938717e-05
1.6297508346206434e-05
1.917910261672489e-05
2.2570197196339216e-05
2.656087782946684e-05
3.1257158496882356e-05
3.678379771828634e-05
4.328761281083062e-05
5.0941380148163754e-05
5.994842503189409e-05
7.054802310718646e-05
8.302175681319735e-05
9.770099572992247e-05
0.00011497569953977356
0.00013530477745798074
0.00015922827933410923
0.0001873817422860383
0.00022051307399030456
0.00025950242113997375
0.0003053855508833416
0.00035938136638046257
0.0004229242874389499
0.0004977023564332109
0.0005857020818056661
0.0006892612104349695
0.0008111308307896872
0.0009545484566618337
0.0011233240329780276
0.0013219411484660286
0.0015556761439304723
0.0018307382802953678
0.002154434690031882
0.0025353644939701114
0.0029836472402833374
0.003511191734215131
0.004132012400115334
0.004862601580065354
0.005722367659350214
0.006734150657750821
0.007924828983539169
0.0093260334688322
0.010974987654930556
0.01291549665014884
0.01519911082952933
0.01788649529057435
0.0210490414451202
0.02477076355991709
0.029150530628251757
0.034304692863149154
0.040370172585965536
0.047508101621027934
0.05590810182512223
0.06579332246575675
0.0774263682681127
0.09111627561154886
0.10722672220103231
0.1261856883066021
0.14849682622544635
0.1747528400007683
0.20565123083486514
0.24201282647943834
0.2848035868435799
0.3351602650938841
0.3944206059437656
0.46415888336127725
0.5462277217684337
0.642807311728432
0.7564633275546291
0.8902150854450375
1.0476157527896641
1.232846739442066
1.4508287784959402
1.7073526474706886
2.009233002565046
2.364489412645407
2.782559402207126
3.274549162877725
3.8535285937105273
4.534878508128582
5.3366992312063015
6.280291441834247
7.390722033525775
8.697490026177835
10.235310218990248
12.045035402587812
14.174741629268048
16.68100537200059
19.630406500402685
23.10129700083158
27.1858824273294
31.992671377973846
37.64935806792464
44.30621457583877
52.14008287999685
61.35907273413163
72.20809018385457
84.97534359086438
100.0
###
5.309493405817336
4.796357753141109
4.264426488183828
3.722305273303365
3.1822074790374866
2.660661736609349
2.292077444491242
1.8446939881403561
1.4559691104212913
1.132487880447616
21.0657822055399
18.751472781181526
16.35910141723073
13.940780903834604
11.570211721948207
9.340353879971106
7.811332422382576
6.020673545910421
4.5396068356815125
3.365732370885804
35.45222343774823
31.337314721694394
27.0957512242102
22.834361021328824
18.699608124780337
14.8653832098651
12.277665953763254
9.30134510590426
6.8834544931096335
5.009191221353033
49.13688377290863
43.22426603321452
37.14509324055189
31.068004918545505
25.21664528635844
19.846202383770134
16.259700663883127
12.181530519039033
8.912045966675203
6.411049245403851
62.342235921599276
54.63534130950872
46.73003350683708
38.860068595312285
31.329738539168016
24.473499012149215
19.9324416643716
14.812152611925848
10.746787768101704
7.66689760010733
75.18278479779629
65.6852683316496
55.96376141496926
46.321114980965305
37.14363157951925
28.843019761282783
23.38130595533659
17.26460868016731
12.445645422337776
8.821817137021005
87.72872876559067
76.4441917978528
64.9159662634579
53.51674224220185
42.72136255216013
33.0117396527916
26.65653734972092
19.580402293850188
14.04073545351929
9.90061887105831
100.02760780481506
86.95974059641722
73.63378754842735
60.49598554209081
48.104933808099055
37.01485723532372
29.791096289271213
21.786401945670942
15.553305061670045
10.919226628811213
112.11377690719051
97.26615844221122
82.15089230603351
67.28944764278798
53.32941383497447
40.88019377034046
32.80812727866542
23.889198162846135
16.997419257952572
11.888531756749167
124.0132216294823
107.38937351510423
90.49279886385294
73.9212521552398
58.40124612129641
44.62654060555274
35.72467616639027
25.925282552533684
18.385175287077193
12.81641209683711
135.74632236312203
117.34967090357752
98.67929841922022
80.41060705638797
63.35371050843859
48.26912280447595
38.55381448481917
27.89437173324886
19.72272459726951
13.708837731916516
147.32943696771102
127.16334649694194
106.72637678817223
86.77316760862551
68.20185330005964
51.81995422635363
41.30592092943314
29.804620596129208
21.017162990245705
14.570072627221826
158.77604414002207
136.8437906395221
114.64689681845385
93.02008495760863
72.94402373763077
55.28868911984936
43.9889667325353
31.66260952335235
22.273328469448487
15.4045466721932
170.0974215117451
146.40220413113994
122.45214279460039
99.16141825304648
77.59573193704611
58.68251499060209
46.61111766584545
33.473698736886234
23.49448207557657
16.214485577949183
181.3031020034558
155.84804796298144
130.15110156355112
105.20726902757988
82.16453306046317
62.00908064410499
49.176056005514376
35.24232228696913
24.68548878169975
17.002047489773094