# ../data/BKevo/MV2g_BKevo/mv2g_95.dat
# N(r,Y=0), r, *F2(x,Q^2)
# 1e-05 < r < 100.0
# 1 < Q^2 < 50, n=15, lin grid
# 1e-5 < x < 1e-2, n=10, log grid
###
7.78039220870191e-09
9.957900188443412e-09
1.2767513085266147e-08
1.6357684774181713e-08
2.0929221828940994e-08
2.6810038243790666e-08
3.4337520180350327e-08
4.391859081308241e-08
5.620595298454067e-08
7.196004458779802e-08
9.200269203422335e-08
1.1762684847231598e-07
1.5053339010851694e-07
1.9237606542545258e-07
2.457027717982633e-07
3.1429050733507483e-07
4.0145411387863085e-07
5.121860688888101e-07
6.548158774364813e-07
8.359601713478137e-07
1.0657822468458731e-06
1.3612057678397674e-06
1.7367017422066112e-06
2.2127633401555223e-06
2.8227177468283003e-06
3.59894964229783e-06
4.582308802232694e-06
5.838073543877801e-06
7.437992829003879e-06
9.463130774778445e-06
1.2040630785530471e-05
1.5327982298085314e-05
1.9485318218270708e-05
2.475884421148472e-05
3.149128530270976e-05
3.999753544661475e-05
5.075158052154656e-05
6.449341628800363e-05
8.183964065831233e-05
0.00010371344062688138
0.00013165409934955572
0.0001669121938815856
0.00021133527219395314
0.0002679009217900229
0.00033935735588771837
0.0004293262113792623
0.0005435565852619982
0.0006880479898061704
0.000869902455038938
0.0011002244847418924
0.0013920765869628964
0.001759434305801342
0.002223820057827272
0.0028137421834590302
0.003556911747095037
0.0044953440410274385
0.005691791221999809
0.007201889908219952
0.009108576984559358
0.01155208876336291
0.014646029118213033
0.01856517833399389
0.023602552948775023
0.03002041878000736
0.038187407414838344
0.04871401637174953
0.062213911634533194
0.07945249827639436
0.10165599567746109
0.1301548613588115
0.1663366082179275
0.21217440975382973
0.26957922494856074
0.3396104997528488
0.4226568093453089
0.5162013784526305
0.6156377180310321
0.7132503525080077
0.7954468930499274
0.8608417210427959
0.909639292029718
0.9430428714365326
0.9677253635117978
0.9847279185661438
0.9938200057192108
0.998021110465576
0.9995867825166567
0.9999412583855818
0.9999937733801111
0.9999997150274761
0.9999999972890873
0.9999999999671744
0.9999999999998903
1.0
1.0
1.0
1.0
1.0
1.0
1.0
###
1e-05
1.1768119524349992e-05
1.3848863713938717e-05
1.6297508346206434e-05
1.917910261672489e-05
2.2570197196339216e-05
2.656087782946684e-05
3.1257158496882356e-05
3.678379771828634e-05
4.328761281083062e-05
5.0941380148163754e-05
5.994842503189409e-05
7.054802310718646e-05
8.302175681319735e-05
9.770099572992247e-05
0.00011497569953977356
0.00013530477745798074
0.00015922827933410923
0.0001873817422860383
0.00022051307399030456
0.00025950242113997375
0.0003053855508833416
0.00035938136638046257
0.0004229242874389499
0.0004977023564332109
0.0005857020818056661
0.0006892612104349695
0.0008111308307896872
0.0009545484566618337
0.0011233240329780276
0.0013219411484660286
0.0015556761439304723
0.0018307382802953678
0.002154434690031882
0.0025353644939701114
0.0029836472402833374
0.003511191734215131
0.004132012400115334
0.004862601580065354
0.005722367659350214
0.006734150657750821
0.007924828983539169
0.0093260334688322
0.010974987654930556
0.01291549665014884
0.01519911082952933
0.01788649529057435
0.0210490414451202
0.02477076355991709
0.029150530628251757
0.034304692863149154
0.040370172585965536
0.047508101621027934
0.05590810182512223
0.06579332246575675
0.0774263682681127
0.09111627561154886
0.10722672220103231
0.1261856883066021
0.14849682622544635
0.1747528400007683
0.20565123083486514
0.24201282647943834
0.2848035868435799
0.3351602650938841
0.3944206059437656
0.46415888336127725
0.5462277217684337
0.642807311728432
0.7564633275546291
0.8902150854450375
1.0476157527896641
1.232846739442066
1.4508287784959402
1.7073526474706886
2.009233002565046
2.364489412645407
2.782559402207126
3.274549162877725
3.8535285937105273
4.534878508128582
5.3366992312063015
6.280291441834247
7.390722033525775
8.697490026177835
10.235310218990248
12.045035402587812
14.174741629268048
16.68100537200059
19.630406500402685
23.10129700083158
27.1858824273294
31.992671377973846
37.64935806792464
44.30621457583877
52.14008287999685
61.35907273413163
72.20809018385457
84.97534359086438
100.0
###
1.8750210089811168
1.6576084850424662
1.4572819789099307
1.2752357167158481
1.112255761594906
0.9684416794774857
0.8727632509544555
0.7605832133249233
0.6646696074850114
0.5833822580311918
5.875948014063699
5.015258472742119
4.246324028499076
3.569594965086242
2.9826116106611424
2.480175719406645
2.154375199234744
1.7812923105846221
1.4699228967780564
1.2113899945928521
8.836154447335606
7.42639295047409
6.186581754446155
5.112194925321665
4.1944933948192284
3.420612326193407
2.925144959941807
2.364489803690196
1.9027508672269142
1.524179138348453
11.337676781060104
9.434230695891443
7.776955234867277
6.35606821792255
5.1547768165129
4.151871828105655
3.515227945426058
2.8008207935041756
2.2179333603090243
1.7443887036106576
13.555673649868826
11.19606994477044
9.158252161630987
7.42473392967669
5.970446254354864
4.765373923776985
4.005471766147127
3.158037574519237
2.471681619786581
1.9180602348285085
15.573336252388604
12.786792252673383
10.39559675797121
8.374349367992536
6.6891601887868335
5.3011830631099945
4.430507173465031
3.4644927483907253
2.6866596477416422
2.0632103929263423
17.439289907326003
14.249085714848476
11.525788607081797
9.236211653554443
7.337169098265298
5.780871849310343
4.808928231635173
3.735146939039421
2.874885346507228
2.1888828961158397
19.184062862434377
15.609461505705843
12.571944081816891
10.029866009538756
7.930636232161219
6.217733833471923
5.1519493814691195
3.9788950794266924
3.0432347717213504
2.300306455063141
20.829369314367067
16.886837763205435
13.550081692763708
10.768515115095196
8.48047673286236
6.620490333471838
5.467034552983798
4.201550033532227
3.195979434767468
2.400791630309403
22.390975126402875
18.094227350153766
14.47146655302382
11.46170988672798
8.994375136236755
6.9953577366220605
5.759321605034526
4.407142952356305
3.3363014797170347
2.4925887162481697
23.881736773394532
19.243209796790385
15.344644671168215
12.116418739138036
9.478042181747039
7.346893120829661
6.032627792201247
4.59861020083611
3.4664617873389822
2.577299137634292
25.30906541289756
20.340199599727644
16.175972431403306
12.737989490848939
9.935823204961421
7.678537575117618
6.289816394428988
4.778145636988204
3.588021799161057
2.656094172049813
26.67866686754862
21.391824566827925
16.971277652442893
13.330708724540473
10.371119811242751
7.993025892494088
6.533093082999072
4.947448243937689
3.702261107732639
2.729876455127177
28.00146522031577
22.40337400407643
17.7341860174763
13.897960853810066
10.786519668330426
8.292412735038791
6.764271739079802
5.107825563367541
3.810047264555449
2.7993379887732592
29.282609742424484
23.378942539699562
18.468127110047536
14.442541856997574
11.184546480690882
8.578474664583656
6.984734804559034
5.260398799141904
3.912554979132927
2.865038750745127