# ../data/BKevo/MV2g_BKevo/mv2g_90.dat
# N(r,Y=0), r, *F2(x,Q^2)
# 1e-05 < r < 100.0
# 1 < Q^2 < 50, n=15, lin grid
# 1e-5 < x < 1e-2, n=10, log grid
###
0.0
5.2095891799614435e-17
6.922798728602872e-17
1.110223024625157e-16
1.6024179577432093e-16
2.997024981745345e-16
5.020635195259812e-16
8.424254260803482e-16
1.36966192729861e-15
2.297602464445226e-15
3.820012683893542e-15
6.2927625770427526e-15
1.0522584951211498e-14
1.736981190066507e-14
2.868323896612711e-14
4.794443824988826e-14
7.932749864663353e-14
1.303374847190069e-13
2.1826408181402452e-13
3.6146291581110506e-13
5.930966836263001e-13
9.90879106201618e-13
1.6422845194691303e-12
2.6963098068490144e-12
4.4869995974946964e-12
7.443147042298594e-12
1.2227157837566274e-11
2.0266424897934613e-11
3.364729301404832e-11
5.5305872095864885e-11
9.12953556817315e-11
1.517081450044807e-10
2.495164437466839e-10
4.101793409625223e-10
6.822670362704537e-10
1.1229166261927426e-09
1.8382702041003667e-09
3.061040537522461e-09
5.042273481196958e-09
8.232601147395932e-09
1.370652667030029e-08
2.2602290934714902e-08
3.6936856915865805e-08
6.129711050292106e-08
1.012273717319661e-07
1.6564523199193934e-07
2.74100611908621e-07
4.5357832373311614e-07
7.436571192406089e-07
1.2277202740560206e-06
2.03747010525813e-06
3.3498996404256208e-06
5.521983871928926e-06
9.201112026528318e-06
1.518853647723965e-05
2.5023813049418e-05
4.1928197570164895e-05
6.959349799980357e-05
0.00011473372698055842
0.00019366003890466095
0.00032377911124465265
0.0005373174231850056
0.0009111404781606854
0.0015371568403244288
0.002573585809674978
0.0043858561553249764
0.0074745499453926865
0.0126296549619716
0.02159524625381875
0.037041848047652516
0.0626835717635403
0.10576443073875642
0.17672628499518195
0.2836569092948524
0.4311590834504732
0.6013324004737453
0.756713596302286
0.8720572072667903
0.9439618889140858
0.9845994183141592
0.9985758660984329
0.9999381167588987
0.9999993221508562
0.999999999597907
1.0
1.0
1.0
1.0
1.0
1.0
1.0
1.0
1.0
1.0
1.0
1.0
1.0
1.0
1.0
1.0
###
1e-05
1.1768119524349992e-05
1.3848863713938717e-05
1.6297508346206434e-05
1.917910261672489e-05
2.2570197196339216e-05
2.656087782946684e-05
3.1257158496882356e-05
3.678379771828634e-05
4.328761281083062e-05
5.0941380148163754e-05
5.994842503189409e-05
7.054802310718646e-05
8.302175681319735e-05
9.770099572992247e-05
0.00011497569953977356
0.00013530477745798074
0.00015922827933410923
0.0001873817422860383
0.00022051307399030456
0.00025950242113997375
0.0003053855508833416
0.00035938136638046257
0.0004229242874389499
0.0004977023564332109
0.0005857020818056661
0.0006892612104349695
0.0008111308307896872
0.0009545484566618337
0.0011233240329780276
0.0013219411484660286
0.0015556761439304723
0.0018307382802953678
0.002154434690031882
0.0025353644939701114
0.0029836472402833374
0.003511191734215131
0.004132012400115334
0.004862601580065354
0.005722367659350214
0.006734150657750821
0.007924828983539169
0.0093260334688322
0.010974987654930556
0.01291549665014884
0.01519911082952933
0.01788649529057435
0.0210490414451202
0.02477076355991709
0.029150530628251757
0.034304692863149154
0.040370172585965536
0.047508101621027934
0.05590810182512223
0.06579332246575675
0.0774263682681127
0.09111627561154886
0.10722672220103231
0.1261856883066021
0.14849682622544635
0.1747528400007683
0.20565123083486514
0.24201282647943834
0.2848035868435799
0.3351602650938841
0.3944206059437656
0.46415888336127725
0.5462277217684337
0.642807311728432
0.7564633275546291
0.8902150854450375
1.0476157527896641
1.232846739442066
1.4508287784959402
1.7073526474706886
2.009233002565046
2.364489412645407
2.782559402207126
3.274549162877725
3.8535285937105273
4.534878508128582
5.3366992312063015
6.280291441834247
7.390722033525775
8.697490026177835
10.235310218990248
12.045035402587812
14.174741629268048
16.68100537200059
19.630406500402685
23.10129700083158
27.1858824273294
31.992671377973846
37.64935806792464
44.30621457583877
52.14008287999685
61.35907273413163
72.20809018385457
84.97534359086438
100.0
###
1.2531353270887897
1.1090302580799403
0.9824847547542032
0.872846704803011
0.7790066088856373
0.699651964364386
0.6488044373509624
0.5914636265387327
0.5449119893026713
0.508027457934171
3.4386935667272156
2.912891491807021
2.4618601978470727
2.0787171133505953
1.7557681714690119
1.4850550219712784
1.3117794032660217
1.1147697810166541
0.9509276147383887
0.8147628072468256
4.872060077722299
4.048621689780251
3.351521082463706
2.7663829913333338
2.2783404269782936
1.8731516723465298
1.6155701449332973
1.324245947911726
1.0828050895335448
0.8821320319974973
6.011682669854848
4.934160130998532
4.030194481148479
3.2779827675735396
2.655684497717861
2.143019987332067
1.8192329929296764
1.4552097362461336
1.1554685685499184
0.9078339177937774
6.981014215268058
5.677828572282813
4.592043433822424
3.6946597154486858
2.957259090387137
2.353612473184737
1.9745403526355525
1.5507582678578533
1.2041243521543612
0.9197664241687056
7.835624636057012
6.327211915916598
5.077619352803003
4.050507886294216
3.2112734642810747
2.528031576987889
2.101103594378018
1.626259743688166
1.240289803456843
0.9258770695213356
8.606240027851742
6.908381424639043
5.508654896217764
4.363625883644486
3.432323279731609
2.677857139287546
2.2085050667241215
1.6888799537239367
1.2689569279220105
0.9291523954380476
9.31198438928109
7.437348239588724
5.898312191045163
4.644509987004426
3.628971409792971
2.809769080187393
2.302162005674416
1.7425242601026107
1.2926771633551548
0.930913089284442
9.965728283560813
7.924759979694696
6.255325990171027
4.900247271666151
3.8067313857024683
2.928005312486184
2.385444734096347
1.7895547938235898
1.3129106703719762
0.9318160113503431
10.576561349037549
8.378152985732005
6.585772967952683
5.135672234445754
3.969365811416632
3.0353903605724875
2.4605852329488265
1.8314932349532413
1.3305776158058693
0.9322008856471183
11.15128064970394
8.80297835812775
6.894128511988153
5.354259291068333
4.119591673819647
3.133961072115832
2.5291739491383503
1.8692134915201992
1.3462640122414047
0.9322754715226947
11.695078511847742
9.203540252185539
7.183700353083125
5.5587196309614075
4.25941834695063
3.225220162352778
2.592354850985137
1.9040087852833552
1.360362440387658
0.9321552036707801
12.211914763271318
9.58302805269348
7.45711207488432
5.751040496715856
4.390401989527141
3.3102591012602853
2.6509780186038077
1.9358960966149568
1.3731863791556707
0.9319105123358801
12.705095803389396
9.944091359934296
7.716433569966801
5.932855182512171
4.513722791103723
3.389982205870297
2.7057258049886683
1.9654795869142476
1.3849551275764662
0.9315887831492986
13.177266270493469
10.288846779254545
7.963330390860172
6.105356307434305
4.630338630064916
3.4650783172453163
2.7571140144489337
1.9930840305238466
1.3958351281754302
0.9312185016637202