# ../data/BKevo/MVge_BKevo/mvge_9.dat
# N(r,Y=0), r, *F2(x,Q^2)
# 1e-05 < r < 100.0
# 1 < Q^2 < 50, n=15, lin grid
# 1e-5 < x < 1e-2, n=10, log grid
###
5.132842383835691e-09
6.5693356021687594e-09
8.422807369223635e-09
1.079118284432884e-08
1.3806919075504623e-08
1.7686311433106253e-08
2.2651901238195748e-08
2.897209536522902e-08
3.7077408506581626e-08
4.74694144093852e-08
6.069018283395818e-08
7.759252971112485e-08
9.929834829174192e-08
1.268984967620935e-07
1.620736763042941e-07
2.0731551808858943e-07
2.648110467916561e-07
3.3785437204791126e-07
4.3194247681011636e-07
5.514431728742538e-07
7.030666084358046e-07
8.979914423510705e-07
1.1457814282528352e-06
1.4599857498086893e-06
1.8626590937313995e-06
2.3752543867832364e-06
3.0248562995761798e-06
3.85481943250834e-06
4.9128895229761495e-06
6.253107071663817e-06
7.960475701540665e-06
1.0140683263410233e-05
1.2901542004572524e-05
1.6409572790741465e-05
2.089821800313549e-05
2.6583133855169004e-05
3.3791065256853925e-05
4.303872326261819e-05
5.476013655206325e-05
6.961091526043814e-05
8.870758840076662e-05
0.00011296683875778559
0.0001437602303620198
0.00018336193814584488
0.00023390046914512799
0.0002982242022706435
0.00038101029803704636
0.0004872281030796984
0.0006228444493759308
0.0007975303906928824
0.0010229229765063375
0.0013115671504755537
0.0016834561475657457
0.0021658171239318062
0.002784990704620865
0.003582100471605356
0.004620519189009772
0.005955232019769201
0.007670007042494693
0.009910763940078105
0.012790838660386251
0.016487645247129326
0.02130126636770255
0.027487897707150433
0.03540580497489494
0.04563827384222058
0.05874006949049244
0.0753818181678025
0.09659295211069789
0.12341949312312345
0.15690665765457515
0.1984683016755855
0.2494176228255077
0.31060566229291964
0.3826240565773097
0.46468494957577455
0.5552333646389641
0.6508821340848945
0.7432506382880901
0.8281269166697154
0.899403814593333
0.9477589520830653
0.9777682722641474
0.993155816833003
0.9983296947027788
0.999709703735805
0.9999757411713246
0.9999990603295731
0.9999999704798035
0.999999999719141
0.9999999999999327
0.9999999999999999
1.0
1.0
1.0
1.0
1.0
1.0
1.0
1.0
###
1e-05
1.1768119524349992e-05
1.3848863713938717e-05
1.6297508346206434e-05
1.917910261672489e-05
2.2570197196339216e-05
2.656087782946684e-05
3.1257158496882356e-05
3.678379771828634e-05
4.328761281083062e-05
5.0941380148163754e-05
5.994842503189409e-05
7.054802310718646e-05
8.302175681319735e-05
9.770099572992247e-05
0.00011497569953977356
0.00013530477745798074
0.00015922827933410923
0.0001873817422860383
0.00022051307399030456
0.00025950242113997375
0.0003053855508833416
0.00035938136638046257
0.0004229242874389499
0.0004977023564332109
0.0005857020818056661
0.0006892612104349695
0.0008111308307896872
0.0009545484566618337
0.0011233240329780276
0.0013219411484660286
0.0015556761439304723
0.0018307382802953678
0.002154434690031882
0.0025353644939701114
0.0029836472402833374
0.003511191734215131
0.004132012400115334
0.004862601580065354
0.005722367659350214
0.006734150657750821
0.007924828983539169
0.0093260334688322
0.010974987654930556
0.01291549665014884
0.01519911082952933
0.01788649529057435
0.0210490414451202
0.02477076355991709
0.029150530628251757
0.034304692863149154
0.040370172585965536
0.047508101621027934
0.05590810182512223
0.06579332246575675
0.0774263682681127
0.09111627561154886
0.10722672220103231
0.1261856883066021
0.14849682622544635
0.1747528400007683
0.20565123083486514
0.24201282647943834
0.2848035868435799
0.3351602650938841
0.3944206059437656
0.46415888336127725
0.5462277217684337
0.642807311728432
0.7564633275546291
0.8902150854450375
1.0476157527896641
1.232846739442066
1.4508287784959402
1.7073526474706886
2.009233002565046
2.364489412645407
2.782559402207126
3.274549162877725
3.8535285937105273
4.534878508128582
5.3366992312063015
6.280291441834247
7.390722033525775
8.697490026177835
10.235310218990248
12.045035402587812
14.174741629268048
16.68100537200059
19.630406500402685
23.10129700083158
27.1858824273294
31.992671377973846
37.64935806792464
44.30621457583877
52.14008287999685
61.35907273413163
72.20809018385457
84.97534359086438
100.0
###
1.7926136651487734
1.5829121064747773
1.3898356754498895
1.214537666123412
1.0574690293804254
0.9186635731861137
0.826027483454287
0.7170477637451437
0.6234383934531436
0.5437215269091427
5.545945576314818
4.726832898280202
3.9969779741702673
3.356057158152394
2.8006396053517015
2.3256330926321316
2.017170451110196
1.663469424239323
1.367795964459876
1.121885001733286
8.29090559118057
6.957937731748987
5.788978945395857
4.778773513649697
3.917042990862046
3.1913526141618664
2.726334086156125
2.19985419681494
1.7659689936317489
1.410062054090144
10.596280903260986
8.803816805466592
7.248460438472286
5.918563544100869
4.79598500299982
3.860184952672077
3.2658053515216654
2.5986877238382973
2.054255932001148
1.612012233146051
12.631608509269542
10.416593968154462
8.5103244830512
6.893292869844939
5.538976592777599
4.418581362188896
3.7117578008025314
2.9234547837482823
2.2850339280222296
1.7702992419302737
14.476626666915996
11.867588250105365
9.636686088711505
7.756307988641221
6.191192765244349
4.904312325947022
4.096787696154278
3.20091527349724
2.479627945846385
1.901743331615606
16.17791773017941
13.197360197819611
10.66247946615061
8.537165396315874
6.777351470081067
5.33768602172906
4.4383010971950485
3.4448654714346048
2.6490832228859946
2.0148449585963446
17.765212698867263
14.431727086194403
11.609678741724911
9.254393989636394
7.312734149437439
5.731148074294259
4.746906039927157
3.6637147013735456
2.7999049977050063
2.114537650791623
19.258747479551978
15.588319766261908
12.493360276525452
9.920440578062836
7.807563665343799
6.0929717015676
5.029527817253254
3.862992748238394
2.9363205487209814
2.2039621027639567
20.673979461713284
16.679984696041448
13.324212543246594
10.5441927525944
8.269052775740137
6.428940961637974
5.291032367649129
4.046436805822706
3.0611359535453624
2.285233243582734
22.02194745281044
17.716279394187634
14.110226865059518
11.13231875286844
8.702554852381262
6.74330665116414
5.5349760734043
4.2167977261244145
3.1764623597380464
2.359869151218872
23.311928559913248
18.704379616253654
14.857506412335223
11.689720985979275
9.112127662639097
7.039308015817764
5.764032039840144
4.376136933344032
3.2838454583795573
2.428987669984272
24.549898768569598
19.65070129670583
15.571282101266622
12.220432522137466
9.500966089310083
7.319475958350314
5.980271887075331
4.526013466861512
3.3844267885044945
2.493433254552248
25.74200792041043
20.55968308687532
16.25503480709312
12.727645556091963
9.871578259772589
7.585747660667028
6.1852599654711495
4.667688620617126
3.4791712924981
2.553870374103777
26.89096678978428
21.435262771318744
16.912137503361716
13.213952595719242
10.226041751009188
7.8397615792858195
6.380490918629696
4.802159300331263
3.5687972998438555
2.6108109085925943