# ../data/BKevo/MVge_BKevo/mvge_34.dat
# N(r,Y=0), r, *F2(x,Q^2)
# 1e-05 < r < 100.0
# 1 < Q^2 < 50, n=15, lin grid
# 1e-5 < x < 1e-2, n=10, log grid
###
8.936797604387913e-09
1.143787752023574e-08
1.4664959356162167e-08
1.8788540508968247e-08
2.4039242323343815e-08
3.079365660653447e-08
3.943925044692265e-08
5.044334739656875e-08
6.455551681265476e-08
8.264904937976702e-08
1.0566774340875512e-07
1.3509643707946464e-07
1.7288845977721504e-07
2.2094310519545855e-07
2.8218664339066336e-07
3.6095725421234705e-07
4.6106276626990425e-07
5.882385541033211e-07
7.520554116328798e-07
9.601181318029086e-07
1.2241097447513596e-06
1.5634933879183224e-06
1.9949204818143098e-06
2.541981455298577e-06
3.2430755936971308e-06
4.135554418639251e-06
5.266574786425305e-06
6.711620817776667e-06
8.553821780015602e-06
1.088726642199089e-05
1.3859952155680585e-05
1.7655888152295757e-05
2.2462781326826547e-05
2.857055145421599e-05
3.638562682530061e-05
4.6283465454283085e-05
5.883292420180531e-05
7.493356505693722e-05
9.53409870051351e-05
0.00012119651530358693
0.0001544437674927102
0.00019667839329414548
0.00025028774077898055
0.00031922983720351406
0.00040720878255319016
0.0005191809330445523
0.0006632832320589225
0.0008481589120558424
0.00108418377703205
0.0013881686025974803
0.0017803311680956026
0.0022824549151299325
0.002929231816953389
0.003767852306061038
0.004843911944945611
0.00622850011321994
0.008030888323315343
0.010345594961365267
0.013316268047145134
0.017191672008853763
0.022163592276468108
0.028530782128810384
0.03679204942802743
0.0473662406934889
0.060831540206024104
0.07810233779648403
0.100014629840686
0.12754192313923055
0.16207301643315433
0.2048629573419848
0.25700158012166513
0.3195763438964876
0.3928730097083523
0.4763738815147545
0.5679706319891038
0.6623217695988898
0.7551854248248773
0.8398323022846783
0.9053211316781983
0.9525430442451684
0.9815949906713319
0.9939209833162934
0.9985552198543085
0.999817050354692
0.9999839449461715
0.999999071478314
0.9999999834786026
0.9999999999632762
0.9999999999998761
0.9999999999999999
1.0
1.0
1.0
1.0
1.0
1.0
1.0
1.0
1.0
1.0
###
1e-05
1.1768119524349992e-05
1.3848863713938717e-05
1.6297508346206434e-05
1.917910261672489e-05
2.2570197196339216e-05
2.656087782946684e-05
3.1257158496882356e-05
3.678379771828634e-05
4.328761281083062e-05
5.0941380148163754e-05
5.994842503189409e-05
7.054802310718646e-05
8.302175681319735e-05
9.770099572992247e-05
0.00011497569953977356
0.00013530477745798074
0.00015922827933410923
0.0001873817422860383
0.00022051307399030456
0.00025950242113997375
0.0003053855508833416
0.00035938136638046257
0.0004229242874389499
0.0004977023564332109
0.0005857020818056661
0.0006892612104349695
0.0008111308307896872
0.0009545484566618337
0.0011233240329780276
0.0013219411484660286
0.0015556761439304723
0.0018307382802953678
0.002154434690031882
0.0025353644939701114
0.0029836472402833374
0.003511191734215131
0.004132012400115334
0.004862601580065354
0.005722367659350214
0.006734150657750821
0.007924828983539169
0.0093260334688322
0.010974987654930556
0.01291549665014884
0.01519911082952933
0.01788649529057435
0.0210490414451202
0.02477076355991709
0.029150530628251757
0.034304692863149154
0.040370172585965536
0.047508101621027934
0.05590810182512223
0.06579332246575675
0.0774263682681127
0.09111627561154886
0.10722672220103231
0.1261856883066021
0.14849682622544635
0.1747528400007683
0.20565123083486514
0.24201282647943834
0.2848035868435799
0.3351602650938841
0.3944206059437656
0.46415888336127725
0.5462277217684337
0.642807311728432
0.7564633275546291
0.8902150854450375
1.0476157527896641
1.232846739442066
1.4508287784959402
1.7073526474706886
2.009233002565046
2.364489412645407
2.782559402207126
3.274549162877725
3.8535285937105273
4.534878508128582
5.3366992312063015
6.280291441834247
7.390722033525775
8.697490026177835
10.235310218990248
12.045035402587812
14.174741629268048
16.68100537200059
19.630406500402685
23.10129700083158
27.1858824273294
31.992671377973846
37.64935806792464
44.30621457583877
52.14008287999685
61.35907273413163
72.20809018385457
84.97534359086438
100.0
###
2.098435513595758
1.881440818558275
1.6796133892238927
1.4942930708889934
1.3262310280209304
1.1759278065692893
1.0747560019398064
0.954780782830186
0.8509377754996058
0.7620315721024999
6.762896354518737
5.8713342433501285
5.06341876082459
4.340307762023388
3.7040279437859667
3.149122155633927
2.7837565196745406
2.3590662110446874
1.9988002635950577
1.6950939829935425
10.289373427366082
8.80307151304784
7.474473943798946
6.304093364742089
5.28568633531671
4.410920549149738
3.841931018055159
3.187661447037935
2.6392415200057897
2.1819366908983375
13.300363233640313
11.269121078436324
9.471099662686704
7.902632192250504
6.551028696977796
5.401174729759359
4.659094370753704
3.8126859987353026
3.1091549163682677
2.5274035664973473
15.987623650868263
13.447617540171015
11.216159748134045
9.284055260745356
7.6315248866226195
6.235941415718855
5.3407316784851835
4.325852760685808
3.48808017292205
2.7997400085751525
18.44317697365285
15.423524797835064
12.78599893959554
10.516440829863754
8.586820858149432
6.966729855241348
5.932988412485154
4.766520745090412
3.809017708536162
3.0267336449499345
20.722897194720844
17.24596020473136
14.224614851904448
11.638109323313532
9.450122768048875
7.622166233230239
6.460769558997119
5.155724799639181
4.089518275464506
3.222434659252455
22.86243341663444
18.946550925397574
15.559803976882888
12.67326760558817
10.242157382041446
8.21970514075392
6.939455427953111
5.506019763628542
4.3398050976449385
3.3951885181372834
24.884337476940168
20.54716993303168
16.810696002931188
13.638451102470176
10.976924808303028
8.771048977946856
7.3792081462747765
5.825770562846408
4.566491828059808
3.550305108083671
26.807441175947165
22.06368569280825
17.991114272674434
14.545442503489626
11.664403296462886
9.284515954347095
7.787181031073207
6.120753991658942
4.774316656766924
3.691384843041763
28.645652292662692
23.508150746924777
19.11142306563258
15.403080275660992
12.31181671220019
9.766151914497383
8.168613104778276
6.3952099890745435
4.966586046502928
3.8210305675964653
30.40957246380557
24.8899107269713
20.17967184561554
16.218230447520884
12.92531673321819
10.220631656905864
8.527472257776376
6.652301476883366
5.145803203809183
3.9411393717548022
32.10793438003044
26.216421484382842
21.20224221349135
16.996124311389
13.508776118329587
10.651587524002023
8.866889710341443
6.894484966933432
5.313894486195533
4.053168725422736
33.74734990751684
27.493762007145218
22.184310799086038
17.741162607536467
14.066026107565017
11.061919788377331
9.189249681592422
7.123708201410496
5.472385958128181
4.158257417088321
35.33394154926878
28.726817683362743
23.129653668810462
18.457037568944166
14.599938851890547
11.45392162130735
9.49657652744347
7.341528234818903
5.622026528283266
4.257196958805947