# ../data/BKevo/MV2g_BKevo/mv2g_68.dat
# N(r,Y=0), r, *F2(x,Q^2)
# 1e-05 < r < 100.0
# 1 < Q^2 < 50, n=15, lin grid
# 1e-5 < x < 1e-2, n=10, log grid
###
2.357030375281347e-13
3.425990149070022e-13
5.016515608202781e-13
7.326626713939388e-13
1.065093849123721e-12
1.5564584905052228e-12
2.2737559678327877e-12
3.3058114451425435e-12
4.8209712139100785e-12
7.044280777667731e-12
1.0242987235592279e-11
1.4905870257317258e-11
2.1784311957974284e-11
3.1679462881538373e-11
4.599951673442267e-11
6.723792299104346e-11
9.778630783035633e-11
1.4166969834707419e-10
2.0710958321878554e-10
3.0121985502445e-10
4.361301451582543e-10
6.365901803912256e-10
9.258790129225059e-10
1.3404896002503804e-09
1.9523620681289993e-09
2.839630737423966e-09
4.110983573312387e-09
5.974295065654833e-09
8.689612524249337e-09
1.2579601240508697e-08
1.8241241544770317e-08
2.653382971826064e-08
3.841255751763555e-08
5.558117006795335e-08
8.086259936735327e-08
1.1707861573794971e-07
1.690618058640762e-07
2.460469610911239e-07
3.5636319034393336e-07
5.139874324659094e-07
7.48019967408929e-07
1.084120297982182e-06
1.5647491841561987e-06
2.2746605793545145e-06
3.300600661916658e-06
4.769915972716391e-06
6.930350521725515e-06
1.007555196164045e-05
1.4591017704859937e-05
2.12061610430502e-05
3.092157815871636e-05
4.49208771352962e-05
6.537579955367115e-05
9.573733720203528e-05
0.00013971049820794888
0.00020385899649981502
0.00030029255109232766
0.0004408888698329526
0.0006458378836994882
0.0009585455852151038
0.0014181137086926377
0.002092740621451301
0.003126636480615922
0.004666714345952082
0.006946406712793025
0.010445756585078379
0.015728097741070275
0.023591782927413665
0.03560567161546511
0.05381477072983559
0.08067533445277564
0.12044126332842146
0.17827635690695318
0.2574527536034683
0.35990423880540223
0.4792005243976332
0.6001297496923733
0.7055362607625887
0.7845914063772883
0.8527726568329214
0.9138626604887605
0.9584125713454239
0.9853533856364668
0.997117523930708
0.9996612783017151
0.999979264556854
0.9999997103377155
0.9999999998760902
0.9999999999999462
1.0
1.0
1.0
1.0
1.0
1.0
1.0
1.0
1.0
1.0
1.0
###
1e-05
1.1768119524349992e-05
1.3848863713938717e-05
1.6297508346206434e-05
1.917910261672489e-05
2.2570197196339216e-05
2.656087782946684e-05
3.1257158496882356e-05
3.678379771828634e-05
4.328761281083062e-05
5.0941380148163754e-05
5.994842503189409e-05
7.054802310718646e-05
8.302175681319735e-05
9.770099572992247e-05
0.00011497569953977356
0.00013530477745798074
0.00015922827933410923
0.0001873817422860383
0.00022051307399030456
0.00025950242113997375
0.0003053855508833416
0.00035938136638046257
0.0004229242874389499
0.0004977023564332109
0.0005857020818056661
0.0006892612104349695
0.0008111308307896872
0.0009545484566618337
0.0011233240329780276
0.0013219411484660286
0.0015556761439304723
0.0018307382802953678
0.002154434690031882
0.0025353644939701114
0.0029836472402833374
0.003511191734215131
0.004132012400115334
0.004862601580065354
0.005722367659350214
0.006734150657750821
0.007924828983539169
0.0093260334688322
0.010974987654930556
0.01291549665014884
0.01519911082952933
0.01788649529057435
0.0210490414451202
0.02477076355991709
0.029150530628251757
0.034304692863149154
0.040370172585965536
0.047508101621027934
0.05590810182512223
0.06579332246575675
0.0774263682681127
0.09111627561154886
0.10722672220103231
0.1261856883066021
0.14849682622544635
0.1747528400007683
0.20565123083486514
0.24201282647943834
0.2848035868435799
0.3351602650938841
0.3944206059437656
0.46415888336127725
0.5462277217684337
0.642807311728432
0.7564633275546291
0.8902150854450375
1.0476157527896641
1.232846739442066
1.4508287784959402
1.7073526474706886
2.009233002565046
2.364489412645407
2.782559402207126
3.274549162877725
3.8535285937105273
4.534878508128582
5.3366992312063015
6.280291441834247
7.390722033525775
8.697490026177835
10.235310218990248
12.045035402587812
14.174741629268048
16.68100537200059
19.630406500402685
23.10129700083158
27.1858824273294
31.992671377973846
37.64935806792464
44.30621457583877
52.14008287999685
61.35907273413163
72.20809018385457
84.97534359086438
100.0
###
1.2987568828358285
1.1436396381702774
1.005864222875376
0.884926900431883
0.7798459859823152
0.689408316290584
0.6303591494146549
0.5621780546942573
0.5047687031896996
0.4568182293062962
3.6282001794590517
3.0648768745301647
2.5789012345717324
2.1637881735589777
1.8120647344415304
1.515995039456354
1.32579849015386
1.10883083347997
0.927617023036559
0.7762119143894776
5.182697513793733
4.299962876675724
3.5492512106863074
2.91678575761981
2.3880280148553665
1.9484167272157058
1.6689001136616963
1.3530416606102442
1.0917705381318898
0.8753551560342493
6.42914909530732
5.272410670891205
4.2982528380448075
3.485354234081868
2.811922332831609
2.256993458581756
1.9068917220256634
1.51412826518715
1.1921897955727503
0.9276233799991607
7.495199280830372
6.0942052963253746
4.923021879064851
3.9526953284831006
3.154586803026712
2.5015082844530285
2.0920340202860386
1.6355949523224824
1.2640238922150864
0.9610810214449949
8.438995803164058
6.815190759833095
5.46584237278902
4.354446066894481
3.4455624891032754
2.7061294123165216
2.244906296250986
1.7334973124071236
1.3199073789808689
0.9848848599134237
9.292708256269583
7.462782337544243
5.94966386003054
4.70954297242922
3.700244994394041
2.883199298664269
2.375841635449314
1.8158498708275777
1.365425687076081
1.0029758616414812
10.076615994006872
8.053911345760913
6.3885214631937774
5.029320072938039
3.9278564843451074
3.0399900569787244
2.490809254152162
1.8871098598626037
1.4039739312221509
1.0173895631988232
10.80435250032139
8.599942495103434
6.791728510746071
5.321431399551396
4.134424153463677
3.181143446688812
2.5935894734184934
1.9500482576903544
1.4373719731643642
1.029251339823343
11.485628419090014
9.108896621590198
7.165807131468713
5.591050344951235
4.323961786387825
3.3098221360429574
2.686711826286499
2.006491537305038
1.4668358280725773
1.039261082970378
12.12777770685645
9.586715778784722
7.515558487431697
5.842021015307185
4.4995083123763795
3.4283017168729373
2.772014360979361
2.05806928335763
1.4932112924848167
1.0478809334063885
12.736151994743881
10.03791304874947
7.844619215183094
6.077202965954969
4.663296365405253
3.5382591187959243
2.8508393245133967
2.105007375984904
1.517090525566761
1.0554285280714204
13.314993907600028
10.46595047320759
8.155848883769986
6.2988172901354345
4.817067110555379
3.6409771435742613
2.924142254307537
2.148389352271986
1.538906972204856
1.0621058352115287
13.868488037961555
10.873797134353635
8.451440392192865
6.50862813063233
4.961810936711824
3.737462346755263
2.9927635696635106
2.188436653162703
1.5590029676956212
1.0680865293642758
14.398727204922539
11.26367820402749
8.73323952971775
6.708081729389836
5.099138491678906
3.8285070758013764
3.057282968419491
2.22616261393132
1.577626738291252
1.0734879635955354