# datat/BKevo/MVg_BKevo/mvg47.dat
# N(r,Y=0), r, *F2(x,Q^2)
# 1e-05 < r < 100.0
# 1 < Q^2 < 50, n=15, log grid
# 1e-5 < x < 1e-2, n=10, log grid
###
1.57076283510921e-06
1.8852968768003719e-06
2.2631679561500193e-06
2.7160740524130633e-06
3.2584308099324717e-06
3.909243162870591e-06
4.689221760100445e-06
5.622726068401716e-06
6.741575593346741e-06
8.082251907585095e-06
9.685830652588894e-06
1.1605468183604974e-05
1.3905077503223758e-05
1.665376625816356e-05
1.994013241388369e-05
2.387548498452752e-05
2.8575816512163363e-05
3.418845202919013e-05
4.090597735551222e-05
4.892258271286349e-05
5.848579312989633e-05
6.991699344078261e-05
8.354978427670224e-05
9.979703424677175e-05
0.00011918748587838281
0.00014229545714775343
0.00016980511761157887
0.00020258280436559654
0.00024160788687049338
0.00028800932082862244
0.00034320032165710096
0.00040883254807455913
0.0004867601342730491
0.0005792773915326213
0.0006891330233010178
0.0008193561123074815
0.0009736522389910687
0.0011565217299738945
0.0013728838978644565
0.001628700932939694
0.0019311593547669504
0.002288225840526763
0.0027094211140584502
0.003205929732322694
0.0037905385718140614
0.004478229510495069
0.005286175495240655
0.0062343236107644286
0.007345950794338967
0.008647024976919042
0.010167497832116807
0.011943029669955795
0.014012254076587169
0.016417826819811087
0.019213614622663334
0.022456230422173665
0.026201951157869198
0.030531231388749726
0.03552622685583039
0.041252976871343584
0.04783119980926051
0.05537435401740651
0.06396369323091372
0.07376087573816759
0.08492545783383541
0.09756330442789529
0.11187912382128765
0.12810458658763027
0.14638913250712876
0.1669752944986297
0.19020330212484934
0.21628702099370703
0.24546314810463105
0.27819633875571625
0.3147308398493435
0.3550927803982146
0.3997767612993288
0.4488485169428466
0.5014695152646919
0.5578823140838662
0.6174433788269823
0.6774521874533281
0.737473336367209
0.7957891757716151
0.8481989799492614
0.8938669135913717
0.9318157215844988
0.9596202444499363
0.9783475510929672
0.9900994441870625
0.9961449052596733
0.9986842439390319
0.9996651737317914
0.9999420327430361
0.9999906443985607
0.9999990753080894
0.9999999695334711
0.9999999985874428
0.9999999999678004
0.999999999999964
###
1e-05
1.1768119524349992e-05
1.3848863713938717e-05
1.6297508346206434e-05
1.917910261672489e-05
2.2570197196339216e-05
2.656087782946684e-05
3.1257158496882356e-05
3.678379771828634e-05
4.328761281083062e-05
5.0941380148163754e-05
5.994842503189409e-05
7.054802310718646e-05
8.302175681319735e-05
9.770099572992247e-05
0.00011497569953977356
0.00013530477745798074
0.00015922827933410923
0.0001873817422860383
0.00022051307399030456
0.00025950242113997375
0.0003053855508833416
0.00035938136638046257
0.0004229242874389499
0.0004977023564332109
0.0005857020818056661
0.0006892612104349695
0.0008111308307896872
0.0009545484566618337
0.0011233240329780276
0.0013219411484660286
0.0015556761439304723
0.0018307382802953678
0.002154434690031882
0.0025353644939701114
0.0029836472402833374
0.003511191734215131
0.004132012400115334
0.004862601580065354
0.005722367659350214
0.006734150657750821
0.007924828983539169
0.0093260334688322
0.010974987654930556
0.01291549665014884
0.01519911082952933
0.01788649529057435
0.0210490414451202
0.02477076355991709
0.029150530628251757
0.034304692863149154
0.040370172585965536
0.047508101621027934
0.05590810182512223
0.06579332246575675
0.0774263682681127
0.09111627561154886
0.10722672220103231
0.1261856883066021
0.14849682622544635
0.1747528400007683
0.20565123083486514
0.24201282647943834
0.2848035868435799
0.3351602650938841
0.3944206059437656
0.46415888336127725
0.5462277217684337
0.642807311728432
0.7564633275546291
0.8902150854450375
1.0476157527896641
1.232846739442066
1.4508287784959402
1.7073526474706886
2.009233002565046
2.364489412645407
2.782559402207126
3.274549162877725
3.8535285937105273
4.534878508128582
5.3366992312063015
6.280291441834247
7.390722033525775
8.697490026177835
10.235310218990248
12.045035402587812
14.174741629268048
16.68100537200059
19.630406500402685
23.10129700083158
27.1858824273294
31.992671377973846
37.64935806792464
44.30621457583877
52.14008287999685
61.35907273413163
72.20809018385457
84.97534359086438
100.0
###
2.989769745717982
2.6425787867321326
2.3006117649572464
1.9692378479665786
1.6548404526947715
1.3641990556933397
1.165178885578739
0.928721844581559
0.7270302460174068
0.5597866248365911
10.6607516263806
9.168723862815982
7.742219161084399
6.410671918136163
5.201052026058358
4.1343112911400866
3.4346283977716334
2.637760398249309
1.9890753317066678
1.4746704190763422
17.041543432761674
14.47559270045758
12.060582459599157
9.847131177671587
7.875425678111111
6.174265743258563
5.073197109581912
3.8434278298088684
2.8604157585411505
2.0939963885914588
22.793111465639253
19.201525824480107
15.85820258112643
12.831372351575675
10.169479235796924
7.898268578449147
6.451106707963407
4.847258282599523
3.579540488532283
2.601289439226927
28.129898881346605
23.549448509534344
19.32243572369189
15.53061851049842
12.22770957131413
9.436107729252866
7.672045162169541
5.731019053016646
4.209117406199429
3.043405370863505
33.1592185512963
27.62106605761246
22.54489748326192
18.025921328190062
14.119002510893148
10.841413706169408
8.783312178661545
6.5318104494690274
4.777442767104159
3.441260217676819
37.947248294122296
31.476579442982686
25.58125518237082
20.36463108735592
15.883247807064418
12.146492349468149
9.81234549227241
7.270824827380349
5.300304553324416
3.8064282404173073
42.53638858787452
35.15591508609664
28.46581183905127
22.577467959635616
17.54600432038814
13.372218810947157
10.776418037196608
7.961142567345862
5.787599244575123
4.146067264931775
46.95817831741
38.687339961000475
31.224108736756296
24.68588158401395
19.125047786375376
14.532727866385413
11.686934482739554
8.611902320283004
6.246030284197368
4.465097560775568
51.23496727311992
42.09184746421977
33.87363390153033
26.705602830163635
20.63298904837748
15.638319388293159
12.553252575644418
9.229559541880379
6.680393976866627
4.767029107996427
55.38490033421887
45.40022935632054
36.43028711057487
28.648619960915592
22.080297221201132
16.69688397982269
13.381458865998862
9.818980222474831
7.09428307954166
5.054338374951707
59.42213832429125
48.597372262411284
38.90562281517554
30.52433574599463
23.47473678764657
17.714491276665434
14.176497796829599
10.383877783559402
7.490458943798386
5.329038137146225
63.35828399450704
51.70684562480483
41.305453766909636
32.34029592351012
24.82147469517432
18.695862361266077
14.94306570017185
10.927303744982465
7.871103957319965
5.592756829255722
67.20238449531388
54.73721940143453
43.64000748008223
34.102681038750525
26.12647883820694
19.644988906795664
15.682902153032638
11.451631985034552
8.237982358258801
5.84673039598203
70.96359729684677
57.67592234057776
45.91414072104926
35.8160990123599
27.393283304955805
20.56506657400164
16.398982127767805
11.958831946247363
8.592528280565494
6.091987901590829