# ../data/BKevo/MVge_BKevo/mvge_37.dat
# N(r,Y=0), r, *F2(x,Q^2)
# 1e-05 < r < 100.0
# 1 < Q^2 < 50, n=15, lin grid
# 1e-5 < x < 1e-2, n=10, log grid
###
4.712950527538068e-13
6.849828157279426e-13
1.003026209691412e-12
1.464819012662388e-12
2.1293372697752578e-12
3.1115628552312495e-12
4.5452273574105375e-12
6.6079384228708275e-12
9.635763862496559e-12
1.4078329133312014e-11
2.0469037985487593e-11
2.9783554526004096e-11
4.352160051813375e-11
6.328114277931714e-11
9.1870954630024e-11
1.342617365861577e-10
1.9521868971418007e-10
2.8275888467094834e-10
4.1324790604062187e-10
6.008327672932653e-10
8.696263277624241e-10
1.2687856177313005e-09
1.8444834078072756e-09
2.6690518727341945e-09
3.884906726107236e-09
5.646442739739581e-09
8.168147882681147e-09
1.1859561735715762e-08
1.7231737029476195e-08
2.491732228628769e-08
3.608421117218803e-08
5.240772898771848e-08
7.574293141597899e-08
1.0938912395249965e-07
1.5878694024507302e-07
2.293403466380087e-07
3.302714510243748e-07
4.790854829441128e-07
6.914122224233053e-07
9.933693715553534e-07
1.4388214413581385e-06
2.0745676140666234e-06
2.977580466995863e-06
4.29952383694606e-06
6.192749342673251e-06
8.878390911545911e-06
1.2779584476201855e-05
1.8386226249283458e-05
2.6329474748724225e-05
3.777970372146098e-05
5.429649991097384e-05
7.767286278798355e-05
0.00011112362276002054
0.00015958139044162548
0.00022813427382898513
0.00032558018539559163
0.00046749558212885885
0.0006683820612831964
0.0009523299069064741
0.0013687345844059639
0.001959329417370023
0.002795307513040753
0.004019570340077981
0.005768398650896758
0.008251377068013049
0.011877106887520646
0.017094172823121933
0.024511312088708506
0.03526795334450289
0.050768212939607794
0.072647279690993
0.10372902203159064
0.1476351902134944
0.20746458029196674
0.28740688595642316
0.3907343857935471
0.5152792083836912
0.6541892619690097
0.786539193303377
0.8949453576895501
0.965150129861702
0.9917073945107077
0.9989181151779222
0.9999627158190371
0.9999996874671971
0.9999999988064773
0.9999999999996184
1.0
1.0
1.0
1.0
1.0
1.0
1.0
1.0
1.0
1.0
1.0
1.0
1.0
###
1e-05
1.1768119524349992e-05
1.3848863713938717e-05
1.6297508346206434e-05
1.917910261672489e-05
2.2570197196339216e-05
2.656087782946684e-05
3.1257158496882356e-05
3.678379771828634e-05
4.328761281083062e-05
5.0941380148163754e-05
5.994842503189409e-05
7.054802310718646e-05
8.302175681319735e-05
9.770099572992247e-05
0.00011497569953977356
0.00013530477745798074
0.00015922827933410923
0.0001873817422860383
0.00022051307399030456
0.00025950242113997375
0.0003053855508833416
0.00035938136638046257
0.0004229242874389499
0.0004977023564332109
0.0005857020818056661
0.0006892612104349695
0.0008111308307896872
0.0009545484566618337
0.0011233240329780276
0.0013219411484660286
0.0015556761439304723
0.0018307382802953678
0.002154434690031882
0.0025353644939701114
0.0029836472402833374
0.003511191734215131
0.004132012400115334
0.004862601580065354
0.005722367659350214
0.006734150657750821
0.007924828983539169
0.0093260334688322
0.010974987654930556
0.01291549665014884
0.01519911082952933
0.01788649529057435
0.0210490414451202
0.02477076355991709
0.029150530628251757
0.034304692863149154
0.040370172585965536
0.047508101621027934
0.05590810182512223
0.06579332246575675
0.0774263682681127
0.09111627561154886
0.10722672220103231
0.1261856883066021
0.14849682622544635
0.1747528400007683
0.20565123083486514
0.24201282647943834
0.2848035868435799
0.3351602650938841
0.3944206059437656
0.46415888336127725
0.5462277217684337
0.642807311728432
0.7564633275546291
0.8902150854450375
1.0476157527896641
1.232846739442066
1.4508287784959402
1.7073526474706886
2.009233002565046
2.364489412645407
2.782559402207126
3.274549162877725
3.8535285937105273
4.534878508128582
5.3366992312063015
6.280291441834247
7.390722033525775
8.697490026177835
10.235310218990248
12.045035402587812
14.174741629268048
16.68100537200059
19.630406500402685
23.10129700083158
27.1858824273294
31.992671377973846
37.64935806792464
44.30621457583877
52.14008287999685
61.35907273413163
72.20809018385457
84.97534359086438
100.0
###
1.276319922895162
1.1181484698503517
0.9775936748866765
0.8542311423550942
0.7471567357426468
0.6551616217726778
0.5952210294297877
0.5262417884633153
0.46841335595419814
0.4204216439464634
3.563380333443107
2.994685547115884
2.5046136753636645
2.0866831702150823
1.7333695160182203
1.4367771387836312
1.2467862413156703
1.0307385587515958
0.8513147018217765
0.7015900126247249
5.092758408476662
4.204903922401302
3.451135503747332
2.8176547448544844
2.289523983516984
1.8520107060688318
1.5749095750134454
1.2631504923481387
1.0069255074252073
0.7960795737368191
6.320965495281103
5.160018572272061
4.184251409866572
3.3721771444301685
2.701694347816303
2.1514608800423796
1.8058073829466785
1.4201118022919719
1.1060856099029837
0.850369390057542
7.372671359572778
5.968477067865939
4.7972264854649005
3.829594222150916
3.0364961913107
2.390446184608926
1.987213739810357
1.5402341321909334
1.179164716977039
0.8876613166389342
8.304540439942828
6.678683443691208
5.33074733826503
4.223808457746284
3.3218517332990674
2.591473050088039
2.1380826611183696
1.6382225737021452
1.2372284713984123
0.9157429755602787
9.148165119393848
7.317268444935296
5.806976939126318
4.57289349454757
3.5724928217548686
2.7661542209412464
2.268007994219696
1.7213618131334094
1.2853112134824518
0.9381138751605789
9.923300315673323
7.900696877971808
6.239472483870528
4.887854515351784
3.7968689787810845
2.921329677294059
2.382572819787808
1.7937945795236128
1.3265352020849581
0.9566212695966104
10.64329751458138
8.440028739787167
6.637239981775171
5.17593477609882
4.000841062606294
3.0614046218166973
2.4853573588652527
1.8581208112507817
1.3630580226079427
0.972353940150258
11.317700291182765
8.943067840833155
7.006607513668593
5.442172017211546
4.188127659809597
3.1893880340822047
2.578770702547395
1.9164516431650558
1.3947123446474319
0.9862714491236898
11.953562587101398
9.415625274385707
7.352231881402008
5.690243544536307
4.362041527855343
3.3074679243891665
2.664546737593185
1.96888019997263
1.42363828395197
0.9980350170497413
12.556279424555882
9.862086151872344
7.677666875705126
5.922927104339001
4.524462937220851
3.4172283674193604
2.7439591913575465
2.017452682733234
1.4500170929692056
1.008780453051161
13.130238602244518
10.285809933802982
7.985624276015673
6.142371344204297
4.677069230347082
3.519915257064865
2.81797725834605
2.062439494303874
1.4741799373333333
1.0184737692243753
13.678695703502685
10.689740562935105
8.278286938564854
6.3503115225292515
4.821123965979239
3.616500186818086
2.8873620148961536
2.1043776205239824
1.4965827684351112
1.0272957993567324
14.204534713068888
11.07619704347068
8.55746402525887
6.548066915046754
4.957766349785765
3.707748643625418
2.952710549443976
2.1436781058441734
1.5174002736747405
1.0353819754188411