# ../data/BKevo/MVge_BKevo/mvge_23.dat
# N(r,Y=0), r, *F2(x,Q^2)
# 1e-05 < r < 100.0
# 1 < Q^2 < 50, n=15, lin grid
# 1e-5 < x < 1e-2, n=10, log grid
###
0.0
0.0
0.0
0.0
0.0
0.0
0.0
0.0
0.0
0.0
0.0
0.0
0.0
0.0
0.0
0.0
0.0
0.0
0.0
7.01945132636899e-17
1.110223024625157e-16
2.5179292802062656e-16
3.9771496281162944e-16
7.469161424702221e-16
1.392376740175929e-15
2.6488893111451157e-15
4.933413017164668e-15
9.33908634406187e-15
1.773359346799242e-14
3.3103285845089006e-14
6.220688688807106e-14
1.1824603593486403e-13
2.2058588069825298e-13
4.11533432449888e-13
7.832393223103075e-13
1.4633441376706164e-12
2.7105583198755163e-12
5.16994678684248e-12
9.672902760418514e-12
1.783155804957642e-11
3.4002504950287367e-11
6.372354750361597e-11
1.1761190722180467e-10
2.2294908868702707e-10
4.186784862826449e-10
7.739782575915642e-10
1.458952568974346e-09
2.7471764603493564e-09
5.090118722040591e-09
9.546182471919884e-09
1.8041515503911654e-08
3.353779608859578e-08
6.262418721676998e-08
1.1894103535179696e-07
2.2208886530694373e-07
4.131965034498164e-07
7.897009158851393e-07
1.482771329718255e-06
2.749847234660376e-06
5.2938185118059366e-06
1.0002443868912644e-05
1.8632867665380086e-05
3.58664863874428e-05
6.820399060518845e-05
0.0001277510304568127
0.0002454121431987513
0.00046948752724532914
0.0008836915284816815
0.0016918568693699895
0.0032523573832078036
0.006141673213188755
0.01168144705094141
0.022454705036311334
0.042200237356635834
0.07855656199676328
0.14642671338192548
0.260107447072026
0.43481658561232434
0.6606891641514546
0.8675951154195505
0.9811149486025561
0.9990594481944596
0.9999924540861709
0.9999999986624627
1.0
1.0
1.0
1.0
1.0
1.0
1.0
1.0
1.0
1.0
1.0
1.0
1.0
1.0
1.0
1.0
###
1e-05
1.1768119524349992e-05
1.3848863713938717e-05
1.6297508346206434e-05
1.917910261672489e-05
2.2570197196339216e-05
2.656087782946684e-05
3.1257158496882356e-05
3.678379771828634e-05
4.328761281083062e-05
5.0941380148163754e-05
5.994842503189409e-05
7.054802310718646e-05
8.302175681319735e-05
9.770099572992247e-05
0.00011497569953977356
0.00013530477745798074
0.00015922827933410923
0.0001873817422860383
0.00022051307399030456
0.00025950242113997375
0.0003053855508833416
0.00035938136638046257
0.0004229242874389499
0.0004977023564332109
0.0005857020818056661
0.0006892612104349695
0.0008111308307896872
0.0009545484566618337
0.0011233240329780276
0.0013219411484660286
0.0015556761439304723
0.0018307382802953678
0.002154434690031882
0.0025353644939701114
0.0029836472402833374
0.003511191734215131
0.004132012400115334
0.004862601580065354
0.005722367659350214
0.006734150657750821
0.007924828983539169
0.0093260334688322
0.010974987654930556
0.01291549665014884
0.01519911082952933
0.01788649529057435
0.0210490414451202
0.02477076355991709
0.029150530628251757
0.034304692863149154
0.040370172585965536
0.047508101621027934
0.05590810182512223
0.06579332246575675
0.0774263682681127
0.09111627561154886
0.10722672220103231
0.1261856883066021
0.14849682622544635
0.1747528400007683
0.20565123083486514
0.24201282647943834
0.2848035868435799
0.3351602650938841
0.3944206059437656
0.46415888336127725
0.5462277217684337
0.642807311728432
0.7564633275546291
0.8902150854450375
1.0476157527896641
1.232846739442066
1.4508287784959402
1.7073526474706886
2.009233002565046
2.364489412645407
2.782559402207126
3.274549162877725
3.8535285937105273
4.534878508128582
5.3366992312063015
6.280291441834247
7.390722033525775
8.697490026177835
10.235310218990248
12.045035402587812
14.174741629268048
16.68100537200059
19.630406500402685
23.10129700083158
27.1858824273294
31.992671377973846
37.64935806792464
44.30621457583877
52.14008287999685
61.35907273413163
72.20809018385457
84.97534359086438
100.0
###
0.8542918424864068
0.7321129102403069
0.6269933046663687
0.5374837936976055
0.4619412265491962
0.39858893930905254
0.3581423921539084
0.3123868063501637
0.27473494624408473
0.24401888582621634
2.1485483627813804
1.752810857153497
1.4225687491039982
1.1489870561706503
0.9235308440170658
0.7383133257556671
0.621544632463055
0.49041640946245557
0.38249509336492793
0.2933349396841151
2.948352822304343
2.3581488556220767
1.8729880959703142
1.4770485434399665
1.1555033936496335
0.8952793967329046
0.733441591732486
0.5542565250781221
0.4093951792512321
0.2921755327354914
3.5688314344925747
2.8192615081377808
2.209307789145684
1.7165699079004157
1.320556097616382
1.0035333703141698
0.8083919327439547
0.5947436865128362
0.4245581925726388
0.28930588261303897
4.088611811672231
3.2010373156558463
2.4842899229256665
1.9096672477186305
1.4515256553968385
1.0878776623361
0.8658537890323306
0.6249390210332987
0.435332777490312
0.2868675491332285
4.541914097180301
3.5310992028185977
2.719822916664052
2.073426257865391
1.5613686909811215
1.1577231816575468
0.9129258901021539
0.6492536499697555
0.44380620172407415
0.2849713749417105
4.9472204060846225
3.824259082314578
2.927503289592579
2.216701598341238
1.6566364292431244
1.2177088234372158
0.9530258499038031
0.6697280797278473
0.45085518524327856
0.283374826078173
5.315881124108967
4.089386251560915
3.1142549643675803
2.344680060584729
1.7411673222616448
1.2705415207538528
0.9881210373908091
0.6874775427751743
0.45691915064549266
0.28211240483383815
5.655418578350595
4.332471109818149
3.2846047057914576
2.460814103414026
1.8174122711980478
1.3178784530509282
1.0194039273947997
0.7031859170020311
0.46225916079776463
0.2810691213879937
5.971131508464512
4.557593369416614
3.441634593893393
2.5673961953251365
1.887035317143377
1.3608820475436267
1.0476911537372484
0.7172979953946647
0.46703612367270925
0.28018465709554985
6.266911970244114
4.767735141579096
3.587702441189605
2.666118380587974
1.9512406746095257
1.400330379947268
1.0735466549285648
0.7301300362272999
0.47137041401689994
0.27943053261529155
6.545702658761498
4.965178648558304
3.7244756784401676
2.7582313206191884
2.010911910100845
1.436841277442453
1.0973928054126936
0.7419139345818033
0.4753400689626027
0.27877754566271645
6.8098529960393615
5.15168292091345
3.8532861370825113
2.8446966032996115
2.0667267131864473
1.4708618852613893
1.1195437016638305
0.7528141940992845
0.4790044164629858
0.2782048649413353
7.061113029277405
5.328639655572942
3.9751706941763065
2.926283344503712
2.119217388660857
1.5027473438619523
1.1402283762164909
0.7629648701867614
0.4824112156255529
0.27769869803852415
7.3010007456919395
5.497187549239011
4.090984119542861
3.003578009210909
2.168800364259662
1.5327699355643962
1.1600458433836178
0.7724548819536265
0.48559420922551955
0.2772464860187206