# ../data/BKevo/MVge_BKevo/mvge_39.dat
# N(r,Y=0), r, *F2(x,Q^2)
# 1e-05 < r < 100.0
# 1 < Q^2 < 50, n=15, lin grid
# 1e-5 < x < 1e-2, n=10, log grid
###
4.713628254284561e-13
6.849896462468058e-13
1.0030536433635216e-12
1.4649300349648505e-12
2.1294482920777207e-12
3.1118070465781927e-12
4.5456739097788325e-12
6.6085862554881544e-12
9.636958545020257e-12
1.4080404691171533e-11
2.0472722991493423e-11
2.978988812990875e-11
4.353274091248215e-11
6.330031086782488e-11
9.190412923062678e-11
1.3432000036639868e-10
1.9531970687302635e-10
2.8293237117136145e-10
4.1355361846407897e-10
6.013637994221056e-10
8.705385042883185e-10
1.2703884466879727e-09
1.847271874052186e-09
2.6738468207948537e-09
3.893294075616663e-09
5.661052942301271e-09
8.193290907235338e-09
1.1903321696621339e-08
1.7308030089010108e-08
2.504865991681969e-08
3.6311491470200305e-08
5.2804060535735693e-08
7.642493046113938e-08
1.1056145065715487e-07
1.6082951282691292e-07
2.3284968957555662e-07
3.3625575047389943e-07
4.894868422278506e-07
7.092252939061709e-07
1.0235045967621359e-06
1.4908678253043248e-06
2.163216433757401e-06
3.1266218740472414e-06
4.553654711133514e-06
6.622109430343503e-06
9.593928588860276e-06
1.3981169012100927e-05
2.0394537774445185e-05
2.963889279458504e-05
4.324240629179456e-05
6.330901737861592e-05
9.233124861281845e-05
0.00013488359522299535
0.00019822665087530905
0.0002901172547771023
0.00042424114890293903
0.0006256484629390027
0.0009185181899644936
0.0013436082465245805
0.0019870992290687535
0.0029241521023287346
0.004284227340588078
0.006333450072941603
0.009330443700183879
0.01367565101170985
0.020158837026209853
0.029647950768756932
0.04331280909963706
0.06331885058898479
0.09223481658772953
0.1328667042767773
0.18967796900160808
0.2673024976509726
0.3678634881560916
0.49160326360450796
0.6304357674125269
0.7692045135677101
0.8868750644776606
0.9570743282411985
0.9896699445892296
0.9990691510660291
0.9999476076113315
0.9999989058767141
0.9999999975442951
0.9999999999999793
1.0
1.0
1.0
1.0
1.0
1.0
1.0
1.0
1.0
1.0
1.0
1.0
1.0
1.0
1.0
###
1e-05
1.1768119524349992e-05
1.3848863713938717e-05
1.6297508346206434e-05
1.917910261672489e-05
2.2570197196339216e-05
2.656087782946684e-05
3.1257158496882356e-05
3.678379771828634e-05
4.328761281083062e-05
5.0941380148163754e-05
5.994842503189409e-05
7.054802310718646e-05
8.302175681319735e-05
9.770099572992247e-05
0.00011497569953977356
0.00013530477745798074
0.00015922827933410923
0.0001873817422860383
0.00022051307399030456
0.00025950242113997375
0.0003053855508833416
0.00035938136638046257
0.0004229242874389499
0.0004977023564332109
0.0005857020818056661
0.0006892612104349695
0.0008111308307896872
0.0009545484566618337
0.0011233240329780276
0.0013219411484660286
0.0015556761439304723
0.0018307382802953678
0.002154434690031882
0.0025353644939701114
0.0029836472402833374
0.003511191734215131
0.004132012400115334
0.004862601580065354
0.005722367659350214
0.006734150657750821
0.007924828983539169
0.0093260334688322
0.010974987654930556
0.01291549665014884
0.01519911082952933
0.01788649529057435
0.0210490414451202
0.02477076355991709
0.029150530628251757
0.034304692863149154
0.040370172585965536
0.047508101621027934
0.05590810182512223
0.06579332246575675
0.0774263682681127
0.09111627561154886
0.10722672220103231
0.1261856883066021
0.14849682622544635
0.1747528400007683
0.20565123083486514
0.24201282647943834
0.2848035868435799
0.3351602650938841
0.3944206059437656
0.46415888336127725
0.5462277217684337
0.642807311728432
0.7564633275546291
0.8902150854450375
1.0476157527896641
1.232846739442066
1.4508287784959402
1.7073526474706886
2.009233002565046
2.364489412645407
2.782559402207126
3.274549162877725
3.8535285937105273
4.534878508128582
5.3366992312063015
6.280291441834247
7.390722033525775
8.697490026177835
10.235310218990248
12.045035402587812
14.174741629268048
16.68100537200059
19.630406500402685
23.10129700083158
27.1858824273294
31.992671377973846
37.64935806792464
44.30621457583877
52.14008287999685
61.35907273413163
72.20809018385457
84.97534359086438
100.0
###
1.4831779736249902
1.3205607244010336
1.1751881922113558
1.0468901299733153
0.9350908840908385
0.8388101090911513
0.7760897914260045
0.7041140474106059
0.6443050126085734
0.5956069981457199
4.287094385829888
3.670724674310501
3.1322207833116424
2.667657211300936
2.2706205987037347
1.9338696054137727
1.7164021740660709
1.4673957638379636
1.259016536001378
1.0850617048221816
6.210895319963783
5.224375484673411
4.375371792830563
3.652256164013599
3.0414905370998553
2.5288527157540948
2.200553874437825
1.8272467149745513
1.5166423880169368
1.2582086343237577
7.771424260153527
6.462915085209715
5.347256912434977
4.405281533603132
3.616442727393849
2.9596511303053212
2.541818064240845
2.0696238523635038
1.6792989389007904
1.3564281306304018
9.116653032371055
7.5177494155897335
6.16416983527144
5.029117373566028
4.0848341111981545
3.303880768172688
2.8096682799151598
2.254197785272834
1.7977864827022672
1.4224906458358015
10.31434379857186
8.448398318147829
6.877881036358162
5.568316918668315
4.484821543279767
3.5934996513046795
3.0321099794073154
2.40404635213657
1.8908475849966753
1.4712078116118852
11.402601881138025
9.287935247950546
7.516668590091922
6.046853329920503
4.836559575047184
3.845153266445539
3.2234829013844855
2.530749789990558
1.9674381897998288
1.509244708366106
12.405472182033689
10.05697704515866
8.098125002500478
6.479290619370386
5.151521682869385
4.068667155487527
3.391991565502571
2.6407017333312983
2.0324922357920676
1.540155911271497
13.339273464425201
10.76944389057505
8.633846893694871
6.8753471807366475
5.43820528051899
4.2703856521452135
3.5430078736851667
2.738039937091162
2.089039672392076
1.5660086207052777
14.21578232902787
11.435238980922849
9.132108411452576
7.241768188654472
5.701884734218748
4.454650896854416
3.6800899148183728
2.82549619163915
2.1390417785805753
1.5880976472146187
15.043711418542607
12.061697053730393
9.598906761313016
7.583509199718415
5.946561074062546
4.624598811313024
3.8058483567360257
2.9049989007322536
2.1838946334925042
1.6073105366779756
15.829788816382857
12.654386451025651
10.03892605767852
7.904345476612834
6.175172866133732
4.782553452320896
3.9221724445307022
2.977943942635196
2.2245035518848337
1.6242528851935618
16.5794669635001
13.217695589855722
10.455683429212684
8.207106228040775
6.3899797156331655
4.930296662785734
4.030512204380973
3.0453904638691447
2.2616591120072562
1.6393634204130785
17.296754631950467
13.755195512059604
10.852155632229932
8.494137519367017
6.592912203378208
5.069249072247697
4.131994328116576
3.108020865279861
2.2958954552996476
1.652971294218613
17.98526235615925
14.269765036578988
11.230637859180845
8.767298306242669
6.785392875015711
5.200485048938358
4.22751589536495
3.1668774028395026
2.327637808110883
1.665318938496969