# datat/BKevo/MVg_BKevo/mvg40.dat
# N(r,Y=0), r, *F2(x,Q^2)
# 1e-05 < r < 100.0
# 1 < Q^2 < 50, n=15, log grid
# 1e-5 < x < 1e-2, n=10, log grid
###
8.11017014915463e-11
1.1063541858063891e-10
1.515603367974194e-10
2.0730745355095557e-10
2.8276980691095597e-10
3.868258423287409e-10
5.290566245161598e-10
7.215352920540572e-10
9.856217525528151e-10
1.3478320229301742e-09
1.8378480333352943e-09
2.5067424445582876e-09
3.427304599118275e-09
4.672217931542749e-09
6.362761113382418e-09
8.69724019730666e-09
1.1852859859975521e-08
1.6115380779485264e-08
2.2021178664883865e-08
3.000019830047651e-08
4.075869419234648e-08
5.5620718020704445e-08
7.574041432667671e-08
1.028513884484126e-07
1.4010767073714804e-07
1.906866046232621e-07
2.587900779702809e-07
3.518776903212146e-07
4.785966106396128e-07
6.490724386706243e-07
8.808065348820292e-07
1.1970757827752484e-06
1.6221215762702694e-06
2.1966337093059124e-06
2.9825990445642967e-06
4.037624034832315e-06
5.4553412860414844e-06
7.399035032463107e-06
1.0004443368473223e-05
1.3489366300676495e-05
1.8264524803002508e-05
2.466121306869702e-05
3.320241227657e-05
4.4832548533478006e-05
6.043239010768771e-05
8.121949069948828e-05
0.00010933856060319532
0.00014708886041657083
0.00019727035534403833
0.000264684579114094
0.00035522260111041945
0.00047523289897766143
0.0006352928252058923
0.0008502032895925655
0.0011341287615088105
0.0015099541980088485
0.0020141035142280735
0.0026776214717664747
0.003549061348145427
0.004716129180934222
0.006245577560949442
0.008244620919108728
0.010900743999715624
0.014373487783747672
0.018890753171344254
0.024838541778790982
0.03259247461506198
0.04262080584187742
0.05568893624492602
0.07263151423517895
0.09434547605791448
0.12221069924802108
0.15782027662551462
0.2025372902274161
0.25815890012250675
0.3263266447981678
0.40746025877626857
0.5011380666966331
0.6031571758979394
0.7085264621706483
0.8093390876236082
0.8900445107970026
0.9479509055345832
0.9821693989234894
0.9953914338015455
0.999205980801962
0.999941666251294
0.9999985049854857
0.9999999727965992
0.9999999998914967
0.9999999999999989
1.0
1.0
1.0
1.0
1.0
1.0
1.0
1.0
1.0
###
1e-05
1.1768119524349992e-05
1.3848863713938717e-05
1.6297508346206434e-05
1.917910261672489e-05
2.2570197196339216e-05
2.656087782946684e-05
3.1257158496882356e-05
3.678379771828634e-05
4.328761281083062e-05
5.0941380148163754e-05
5.994842503189409e-05
7.054802310718646e-05
8.302175681319735e-05
9.770099572992247e-05
0.00011497569953977356
0.00013530477745798074
0.00015922827933410923
0.0001873817422860383
0.00022051307399030456
0.00025950242113997375
0.0003053855508833416
0.00035938136638046257
0.0004229242874389499
0.0004977023564332109
0.0005857020818056661
0.0006892612104349695
0.0008111308307896872
0.0009545484566618337
0.0011233240329780276
0.0013219411484660286
0.0015556761439304723
0.0018307382802953678
0.002154434690031882
0.0025353644939701114
0.0029836472402833374
0.003511191734215131
0.004132012400115334
0.004862601580065354
0.005722367659350214
0.006734150657750821
0.007924828983539169
0.0093260334688322
0.010974987654930556
0.01291549665014884
0.01519911082952933
0.01788649529057435
0.0210490414451202
0.02477076355991709
0.029150530628251757
0.034304692863149154
0.040370172585965536
0.047508101621027934
0.05590810182512223
0.06579332246575675
0.0774263682681127
0.09111627561154886
0.10722672220103231
0.1261856883066021
0.14849682622544635
0.1747528400007683
0.20565123083486514
0.24201282647943834
0.2848035868435799
0.3351602650938841
0.3944206059437656
0.46415888336127725
0.5462277217684337
0.642807311728432
0.7564633275546291
0.8902150854450375
1.0476157527896641
1.232846739442066
1.4508287784959402
1.7073526474706886
2.009233002565046
2.364489412645407
2.782559402207126
3.274549162877725
3.8535285937105273
4.534878508128582
5.3366992312063015
6.280291441834247
7.390722033525775
8.697490026177835
10.235310218990248
12.045035402587812
14.174741629268048
16.68100537200059
19.630406500402685
23.10129700083158
27.1858824273294
31.992671377973846
37.64935806792464
44.30621457583877
52.14008287999685
61.35907273413163
72.20809018385457
84.97534359086438
100.0
###
1.452873669093363
1.266844306794853
1.0983147651227674
0.9476239472566403
0.8146177212254442
0.6985617571676443
0.6219764331069347
0.5326966041164817
0.4567025009398039
0.3924195548481184
4.247541653850175
3.5665414744738437
2.97061059766835
2.4567756909602
2.019031334584966
1.6499317532721003
1.4132650956365798
1.144688764469588
0.922475002139125
0.739271082711415
6.199680876978264
5.121359888370015
4.194905036869312
3.409110297352568
2.7503822827539257
2.203623518974888
1.8577906043806511
1.4704785358631083
1.1548777783433373
0.8986015165437616
7.800483187646799
6.377650159394642
5.168452453722391
4.153782229440371
3.312134608860531
2.620688311676627
2.1873091029022538
1.706219595086161
1.3182550941021332
1.0066122888185698
9.191307783976495
7.458020998800446
5.9968413010160635
4.78046128040289
3.779310732209077
2.963152869722711
2.4550460554068487
1.8947971163854647
1.446530960621628
1.0894383291026182
10.437263628629466
8.41846523551576
6.727479697031769
5.32866482144798
4.184448442512253
3.2573492596118534
2.6832941745070715
2.053688279761503
1.5531502227377203
1.157096504753216
11.575189697170774
9.290291705029592
7.386548714633206
5.819961735551532
4.545019622284482
3.517249622862499
2.883780607592118
2.1919274502893424
1.6449143961681454
1.2145209537548984
12.628422623172192
10.093099538668676
7.990332090543012
6.267613775337677
4.871693634374584
3.7512548120874967
3.063300367289161
2.3148467583118544
1.7257877535721011
1.2646205120728677
13.612863468694316
10.840295376256927
8.549781795508563
6.680489434564555
5.171536857870359
3.9649352655194106
3.226531203103835
2.425897830410131
1.7983055899362705
1.3090816752092092
14.539803330705046
11.541335803743351
9.07268831573598
7.064828742787605
5.449479035899363
4.1620875908580315
3.376612719595473
2.5274159451537646
1.8641615667172422
1.3491295424411593
15.418169674645162
12.203318954733977
9.564781460694839
7.425273039775006
5.709157283168903
4.345534313088438
3.5156473112106625
2.621116413083848
1.9245993067045821
1.3856157767962336
16.254408856746622
12.831784467661603
10.03049989697742
7.765288220794506
5.953311072715685
4.5174099305224855
3.645642948394177
2.708260463503496
1.9804911597782295
1.4191557712991556
17.05383977842451
13.430845974964239
10.473222706913067
8.087622478348782
6.184072456015608
4.679331433528495
3.767781682879365
2.789817156276699
2.0325786643206434
1.450214902688589
17.820830649584593
14.004028914652974
10.895764415907358
8.394410400145848
6.403165624018431
4.832594113088396
3.8831152645185862
2.8665500621855036
2.081380301727712
1.4791547674900793
18.558394109981503
14.55415991058401
11.300376603909774
8.687467484134169
6.611908352406457
4.978256510020513
3.9924863541688698
2.9390612653880392
2.1273125937499646
1.5062638571059943