# ../data/BKevo/MVge_BKevo/mvge_18.dat
# N(r,Y=0), r, *F2(x,Q^2)
# 1e-05 < r < 100.0
# 1 < Q^2 < 50, n=15, lin grid
# 1e-5 < x < 1e-2, n=10, log grid
###
0.0
0.0
0.0
0.0
9.843898662361054e-17
1.110223024625157e-16
1.6776503291610388e-16
3.1476570993963623e-16
4.778730094790371e-16
8.199675607435164e-16
1.3473524296061914e-15
2.2027753527695722e-15
3.593603646778182e-15
5.987287687709029e-15
9.918048364214833e-15
1.6526687592294265e-14
2.735358161412662e-14
4.4878741867980315e-14
7.515061799857716e-14
1.2439287498860676e-13
2.040598550814517e-13
3.409307527002648e-13
5.648152297654773e-13
9.270312195512087e-13
1.5421424511272948e-12
2.556970510098749e-12
4.198473942726045e-12
6.955112509717182e-12
1.1539874010510042e-11
1.8955330135803612e-11
3.1266079776108986e-11
5.190943465276372e-11
8.529602791098589e-11
1.400712859647277e-10
2.3269788911833814e-10
3.8249300433122694e-10
6.252895537731322e-10
1.0394661389549476e-09
1.7092700677174893e-09
2.7856822204267592e-09
4.62767036859078e-09
7.61374146267109e-09
1.2413265662135484e-08
2.0543346797951767e-08
3.3828700824704836e-08
5.519552759656808e-08
9.103580273538925e-08
1.5012789871104195e-07
2.4529660315573004e-07
4.0346280077147754e-07
6.66932615234784e-07
1.0922791128029154e-06
1.793180678014437e-06
2.9746793165079157e-06
4.888855471684588e-06
8.01796761765806e-06
1.3364104409361607e-05
2.2063826766939594e-05
3.6171997285946285e-05
6.063007302638051e-05
0.00010061883205864927
0.0001656474830669384
0.00027804178109452855
0.0004638277090891355
0.0007671167278896469
0.00128761813919704
0.0021577018834429266
0.0035816841798954183
0.006001922149210567
0.010083138786733078
0.01675331546019947
0.027902342394174478
0.0466645187229564
0.07679697139331393
0.12500968260430922
0.20194929108554321
0.31464938717786517
0.4684094538956284
0.6517504223938964
0.8270230369525851
0.949901596366196
0.9916753725465458
0.9994651700099315
0.9999959335142273
0.999999999754248
0.9999999999999963
1.0
1.0
1.0
1.0
1.0
1.0
1.0
1.0
1.0
1.0
1.0
1.0
1.0
1.0
###
1e-05
1.1768119524349992e-05
1.3848863713938717e-05
1.6297508346206434e-05
1.917910261672489e-05
2.2570197196339216e-05
2.656087782946684e-05
3.1257158496882356e-05
3.678379771828634e-05
4.328761281083062e-05
5.0941380148163754e-05
5.994842503189409e-05
7.054802310718646e-05
8.302175681319735e-05
9.770099572992247e-05
0.00011497569953977356
0.00013530477745798074
0.00015922827933410923
0.0001873817422860383
0.00022051307399030456
0.00025950242113997375
0.0003053855508833416
0.00035938136638046257
0.0004229242874389499
0.0004977023564332109
0.0005857020818056661
0.0006892612104349695
0.0008111308307896872
0.0009545484566618337
0.0011233240329780276
0.0013219411484660286
0.0015556761439304723
0.0018307382802953678
0.002154434690031882
0.0025353644939701114
0.0029836472402833374
0.003511191734215131
0.004132012400115334
0.004862601580065354
0.005722367659350214
0.006734150657750821
0.007924828983539169
0.0093260334688322
0.010974987654930556
0.01291549665014884
0.01519911082952933
0.01788649529057435
0.0210490414451202
0.02477076355991709
0.029150530628251757
0.034304692863149154
0.040370172585965536
0.047508101621027934
0.05590810182512223
0.06579332246575675
0.0774263682681127
0.09111627561154886
0.10722672220103231
0.1261856883066021
0.14849682622544635
0.1747528400007683
0.20565123083486514
0.24201282647943834
0.2848035868435799
0.3351602650938841
0.3944206059437656
0.46415888336127725
0.5462277217684337
0.642807311728432
0.7564633275546291
0.8902150854450375
1.0476157527896641
1.232846739442066
1.4508287784959402
1.7073526474706886
2.009233002565046
2.364489412645407
2.782559402207126
3.274549162877725
3.8535285937105273
4.534878508128582
5.3366992312063015
6.280291441834247
7.390722033525775
8.697490026177835
10.235310218990248
12.045035402587812
14.174741629268048
16.68100537200059
19.630406500402685
23.10129700083158
27.1858824273294
31.992671377973846
37.64935806792464
44.30621457583877
52.14008287999685
61.35907273413163
72.20809018385457
84.97534359086438
100.0
###
0.936469772928545
0.8061431218637554
0.6931386275728284
0.5962072189514797
0.5138285731935848
0.4443577398362371
0.39975339867899745
0.3490300231257493
0.3070368825906427
0.27252349426626654
2.411772240197751
1.980645277033698
1.618358333579713
1.3164034132748879
1.0662577422675674
0.8598900915220435
0.7293970120275175
0.5826019929497708
0.46147852819681195
0.36137028741792193
3.339040044187925
2.6899591760632937
2.1526811681779687
1.7114867343044957
1.3512878979140595
1.0583827014148173
0.8755443996480037
0.6724960048800946
0.5076543787405915
0.37371883292028746
4.063464127968555
3.2340935622562
2.554492944441642
2.002077456689698
1.55556037299973
1.196244332823886
0.9740895715812001
0.7300354385812673
0.5341737415234619
0.37753891258535016
4.6729400366032205
3.6865412798424306
2.8843699328886316
2.2372008382995383
1.7182361877944934
1.3039386387986236
1.0497324594806103
0.7727179163174108
0.5528150597505102
0.3790452241470643
5.206086583204841
4.078888044788741
3.167772483490758
2.4371742135022063
1.854965351459836
1.3932183652225787
1.111684191944291
0.806689371472992
0.5671050891376933
0.37965476497067047
5.6839396695378035
4.428143076067713
3.4181810903136904
2.612516156685417
1.9737408226715154
1.4699889925624172
1.1644619948116646
0.8353622267516806
0.5788117158435241
0.3799438929740334
6.1194303840280115
4.744648262119309
3.643792856630591
2.769380667039229
2.0792573585154384
1.5376185476347113
1.2106018713397086
0.8601273475073793
0.5887206362185937
0.38001261185240215
6.5211923135386005
5.035240268918817
3.849855912396002
2.9118807648226426
2.174523743471066
1.5982406642791045
1.2517171732884698
0.8819718236522148
0.5973264106684579
0.37998600931740134
6.895275995038874
5.304696510770077
4.0400887958591145
3.0428046218581435
2.2615880261393375
1.6533079722725212
1.2888557804132927
0.9015454188724427
0.6049335785470189
0.37990012346370383
7.246154585186556
5.5565279210467455
4.217193001479617
3.164190975187131
2.3419322153362283
1.703860527444569
1.3228078436093345
0.9193035658400267
0.6117639557500709
0.3797883485470025
7.577235718412257
5.793379765670309
4.383189265540247
3.2775450915590323
2.416648329403958
1.7506531094019615
1.3541390701803553
0.9355878032436368
0.6179645861124919
0.379660972340518
7.891173032338634
6.017311995018015
4.539643478390218
3.3840393826206308
2.4865619733134885
1.7942606205910858
1.3832028306096065
0.9505944041020635
0.6236436976227215
0.3795262051381542
8.190044447886082
6.229989575826456
4.687797273778915
3.484619687656629
2.552351311915
1.8351392644546105
1.4103612657704614
0.964559962268953
0.6288862121923323
0.379388547782399
8.475634905320822
6.432679495022377
4.8286434785439125
3.5797384132882946
2.6145250636147925
1.8736366007476637
1.4358640297641032
0.9776135881392644
0.6337569491014224
0.3792490937562954