# ../data/BKevo/MVge_BKevo/mvge_29.dat
# N(r,Y=0), r, *F2(x,Q^2)
# 1e-05 < r < 100.0
# 1 < Q^2 < 50, n=15, lin grid
# 1e-5 < x < 1e-2, n=10, log grid
###
0.00016981074644039309
0.00019105180697756693
0.00021480684171240564
0.0002415085177305723
0.000271569432698598
0.00030521126300727774
0.0003429525435098093
0.0003854137522871953
0.00043296490385543455
0.0004862015777520672
0.0005460531067871474
0.000613123199232244
0.000688051680014882
0.0007722251851375519
0.0008666115466391807
0.0009718194963377241
0.0010899106353544673
0.001222414959170066
0.001369763101488677
0.0015350101282836605
0.0017203346071124413
0.0019263647458957233
0.002156976393400592
0.002415376583452587
0.0027027993625422285
0.003023773067933191
0.0033831196993937894
0.003783094451819583
0.004228759240600739
0.004727357457534147
0.005282845697311911
0.005900552531423855
0.006591370195686426
0.007362071551375091
0.008217823345589011
0.009175048699687454
0.01024515172101901
0.01143261260657386
0.012762261167932314
0.014252319509537507
0.01590823737715102
0.017765430715067594
0.019851499640132872
0.022180252685222848
0.02479612479892101
0.027743027176488855
0.031048487785862198
0.034768176398707204
0.038969930768093845
0.04370153976639624
0.049031037142728176
0.05505978994822539
0.06186335448504737
0.06951893292162313
0.0781736987532301
0.08793976296290865
0.09888928815157064
0.11123121520210752
0.12512453058322076
0.1405977576263471
0.15794146562555697
0.1773436271718754
0.1987873203335849
0.22258097597120094
0.24893620059839466
0.27774142720156997
0.30921747374881725
0.3435719285099781
0.38050879551064026
0.4199623822646988
0.4620963534645056
0.5063305128731781
0.5520017419685127
0.599233930919542
0.6471418697088198
0.6941552954889878
0.7405273770502485
0.7852838307771652
0.8259811634610723
0.8634233610850157
0.8969361096504923
0.924340444409274
0.9470054729108499
0.965064872411785
0.977890267264841
0.9868695033448398
0.9929039834973057
0.9964090793809385
0.9983169556136426
0.9993186280459806
0.9997556715798138
0.999918078936585
0.9999780095156636
0.9999954337315025
0.9999990416039538
0.9999998538746516
0.9999999875395126
0.9999999986411677
0.9999999999028669
0.9999999999980689
###
1e-05
1.1768119524349992e-05
1.3848863713938717e-05
1.6297508346206434e-05
1.917910261672489e-05
2.2570197196339216e-05
2.656087782946684e-05
3.1257158496882356e-05
3.678379771828634e-05
4.328761281083062e-05
5.0941380148163754e-05
5.994842503189409e-05
7.054802310718646e-05
8.302175681319735e-05
9.770099572992247e-05
0.00011497569953977356
0.00013530477745798074
0.00015922827933410923
0.0001873817422860383
0.00022051307399030456
0.00025950242113997375
0.0003053855508833416
0.00035938136638046257
0.0004229242874389499
0.0004977023564332109
0.0005857020818056661
0.0006892612104349695
0.0008111308307896872
0.0009545484566618337
0.0011233240329780276
0.0013219411484660286
0.0015556761439304723
0.0018307382802953678
0.002154434690031882
0.0025353644939701114
0.0029836472402833374
0.003511191734215131
0.004132012400115334
0.004862601580065354
0.005722367659350214
0.006734150657750821
0.007924828983539169
0.0093260334688322
0.010974987654930556
0.01291549665014884
0.01519911082952933
0.01788649529057435
0.0210490414451202
0.02477076355991709
0.029150530628251757
0.034304692863149154
0.040370172585965536
0.047508101621027934
0.05590810182512223
0.06579332246575675
0.0774263682681127
0.09111627561154886
0.10722672220103231
0.1261856883066021
0.14849682622544635
0.1747528400007683
0.20565123083486514
0.24201282647943834
0.2848035868435799
0.3351602650938841
0.3944206059437656
0.46415888336127725
0.5462277217684337
0.642807311728432
0.7564633275546291
0.8902150854450375
1.0476157527896641
1.232846739442066
1.4508287784959402
1.7073526474706886
2.009233002565046
2.364489412645407
2.782559402207126
3.274549162877725
3.8535285937105273
4.534878508128582
5.3366992312063015
6.280291441834247
7.390722033525775
8.697490026177835
10.235310218990248
12.045035402587812
14.174741629268048
16.68100537200059
19.630406500402685
23.10129700083158
27.1858824273294
31.992671377973846
37.64935806792464
44.30621457583877
52.14008287999685
61.35907273413163
72.20809018385457
84.97534359086438
100.0
###
5.618543688483342
5.108991959252268
4.577299091206318
4.029759691151134
3.4776274287658357
2.9368587428100548
2.550723485302803
2.073679450188614
1.6560115422840687
1.3041464617087462
22.45986478445594
20.161143100988753
17.765078081832787
15.309396099563326
12.860885487415674
10.510550051661813
8.8702019999272
6.916720638174864
5.2746339000163465
3.954387690496758
37.93298314967775
33.84321296964734
29.5870138426617
25.24299676347542
20.945648902645942
16.86996630011669
14.064185979357958
10.774985856524712
8.064269034855197
5.928657401173306
52.704714956685486
46.82424432230014
40.71407322526953
34.50021345068585
28.3902959732128
22.6470453029236
18.731281746556707
14.1892540429889
10.494680459780101
7.62189148665657
66.99701119799447
59.32698934246198
51.36917269567788
43.3010244739571
35.409218059293316
28.04321903636027
23.058183120722855
17.323283474661036
12.702433247360597
9.144768864770636
80.92414293421363
71.46607263974491
61.66682536773216
51.75923462853327
42.11097129484284
33.15874678725388
27.137455483496954
20.254816189556326
14.752911561247092
10.547535211237975
94.55617782699517
83.3117980717453
71.6770749715836
59.94335752279532
48.561124684372245
38.05401434475739
31.023685384319023
23.031416739273087
16.68329165904091
11.861583655508957
107.94079943540686
94.91162142360886
81.44626809347574
67.89962412992094
54.803817485689976
42.76818250558019
34.75281985205888
25.68270225095455
18.517610023166153
13.10429282491485
121.11156114785024
106.29979209716029
91.01132050560233
75.66128221225789
60.87004062286977
47.330991905069126
38.350354072941506
28.22968976099111
20.272631068479278
14.287459554182028
134.0951552005406
117.50272123559685
100.39527594649995
83.253600925674
66.78340815909176
51.763508093734266
41.834594137187175
30.68784094726142
21.960498935031417
15.422675372113368
146.9116765704037
128.54032726285598
109.61918442525581
90.6956162546581
72.56203582358161
56.08027958837417
45.22030866252729
33.06886893888854
23.590413891631705
16.51622281991664
159.57746056430835
139.42917115198964
118.69922495731126
98.00317474922826
78.22046810762639
60.295925963802574
48.51905857904673
35.38209085555344
25.169590638755906
17.571607709607633
172.1060127639482
150.18259910839961
127.648690518906
105.19025926770802
83.77197838184706
64.41862826103069
51.73986369178717
37.63398244383956
26.703781143544667
18.59506732114836
184.50856558503452
160.81189621964893
136.47858057589994
112.26533634267662
89.22400083924826
68.4594519665481
54.89031875659306
39.832321463078806
28.197693298838097
19.589577635208137
196.79466633793768
171.32661618470595
145.19838269324825
119.23829864685693
94.58500874512241
72.42410223901541
57.97674806586919
41.982539478637904
29.65521236556524
20.557792939982015