# ../data/BKevo/MV2g_BKevo/mv2g_62.dat
# N(r,Y=0), r, *F2(x,Q^2)
# 1e-05 < r < 100.0
# 1 < Q^2 < 50, n=15, lin grid
# 1e-5 < x < 1e-2, n=10, log grid
###
8.490265804545644e-05
9.552227119276711e-05
0.000107398544414329
0.00012074771934716006
0.00013577596551616337
0.00015259389230480466
0.00017146052423938534
0.00019268579815358725
0.0002164541985287662
0.0002430628778637072
0.00027297579774170674
0.0003064936232108928
0.0003439346058949348
0.0003859904242086041
0.00043314230397741216
0.0004856903100740971
0.0005446614416546409
0.0006108146500335277
0.0006843541857927159
0.0007667988076200083
0.0008592235687328397
0.0009619165612506297
0.0010767933259357382
0.0012054241836779408
0.0013483672288911632
0.0015078282177375096
0.0016861419516368365
0.0018843040261414627
0.002104695524646832
0.0023507654834273185
0.0026242012359093242
0.0029272905818833648
0.0032650959861986423
0.0036403771407720895
0.004054798103011517
0.004515742553037451
0.005027605839769755
0.0055904694373128515
0.006215036247323485
0.006907757957289851
0.007666718817257703
0.008506127070631624
0.009434491888456728
0.010450098626197259
0.011567806039251873
0.012800032968513304
0.014145825413848722
0.015618952318828159
0.01723759916012353
0.01900280809723534
0.020924621633918367
0.02303010519720479
0.025325100023839347
0.027813198032207137
0.030536137419524594
0.03351102403372233
0.03673588785628954
0.04027899576055165
0.04418364981870548
0.04845879028708612
0.05322503092102137
0.058580545006498404
0.06462666684169689
0.07157757186067196
0.07968006578754346
0.08928230720063099
0.10085240614275229
0.11497580748209547
0.13253772620007806
0.1545964457308851
0.18230376228373976
0.2172525043715817
0.26102553991215766
0.31449855143310834
0.3778804996595584
0.4487754460403273
0.5228784426359371
0.5931901801878493
0.6481426680323152
0.6876385705682277
0.7140252618610219
0.7325963635608844
0.7504102543798246
0.7690840787352067
0.7884787610988883
0.8086448381937998
0.8294843565272737
0.850351709238181
0.8710040566267727
0.8913192536447565
0.9105441638553807
0.9281827466518545
0.9443032511112492
0.9583617052503202
0.9698667996769057
0.979305770159496
0.9866254367885015
0.9916702566338437
0.9952071754626295
0.9975226078168715
###
1e-05
1.1768119524349992e-05
1.3848863713938717e-05
1.6297508346206434e-05
1.917910261672489e-05
2.2570197196339216e-05
2.656087782946684e-05
3.1257158496882356e-05
3.678379771828634e-05
4.328761281083062e-05
5.0941380148163754e-05
5.994842503189409e-05
7.054802310718646e-05
8.302175681319735e-05
9.770099572992247e-05
0.00011497569953977356
0.00013530477745798074
0.00015922827933410923
0.0001873817422860383
0.00022051307399030456
0.00025950242113997375
0.0003053855508833416
0.00035938136638046257
0.0004229242874389499
0.0004977023564332109
0.0005857020818056661
0.0006892612104349695
0.0008111308307896872
0.0009545484566618337
0.0011233240329780276
0.0013219411484660286
0.0015556761439304723
0.0018307382802953678
0.002154434690031882
0.0025353644939701114
0.0029836472402833374
0.003511191734215131
0.004132012400115334
0.004862601580065354
0.005722367659350214
0.006734150657750821
0.007924828983539169
0.0093260334688322
0.010974987654930556
0.01291549665014884
0.01519911082952933
0.01788649529057435
0.0210490414451202
0.02477076355991709
0.029150530628251757
0.034304692863149154
0.040370172585965536
0.047508101621027934
0.05590810182512223
0.06579332246575675
0.0774263682681127
0.09111627561154886
0.10722672220103231
0.1261856883066021
0.14849682622544635
0.1747528400007683
0.20565123083486514
0.24201282647943834
0.2848035868435799
0.3351602650938841
0.3944206059437656
0.46415888336127725
0.5462277217684337
0.642807311728432
0.7564633275546291
0.8902150854450375
1.0476157527896641
1.232846739442066
1.4508287784959402
1.7073526474706886
2.009233002565046
2.364489412645407
2.782559402207126
3.274549162877725
3.8535285937105273
4.534878508128582
5.3366992312063015
6.280291441834247
7.390722033525775
8.697490026177835
10.235310218990248
12.045035402587812
14.174741629268048
16.68100537200059
19.630406500402685
23.10129700083158
27.1858824273294
31.992671377973846
37.64935806792464
44.30621457583877
52.14008287999685
61.35907273413163
72.20809018385457
84.97534359086438
100.0
###
4.771829072092021
4.2166079913765175
3.635472608490908
3.0421028426239207
2.461826861055744
1.9259286876313149
1.5713887075141302
1.175717766513593
0.8703288142827321
0.645245936623454
18.643944333470973
16.154663006641957
13.581030303406555
11.01126887332988
8.577879322141827
6.417797432872193
5.0408831452342655
3.5605462840380637
2.462544942567428
1.685336973323765
31.150802034690393
26.746631076707065
22.230986278412736
17.78063461037869
13.636962150253874
10.028685751633365
7.7666449909698505
5.371276208173466
3.6260007760710753
2.4085657209860774
42.96189948646723
36.66011319606078
30.24002638366566
23.972863738591055
18.20606154226708
13.248312010601413
10.174178724376924
6.951459088482483
4.627124656361431
3.022150946733739
54.29970819251311
46.11521149725732
37.821365128100574
29.78617693145024
22.45984178934439
16.221472748435243
12.384678830872877
8.392059246243806
5.534130814192314
3.577136218787237
65.27852739675221
55.22476361866115
45.08303029534458
35.317975556566815
26.48383310880373
19.017535411449266
14.455216161072999
9.735138465217704
6.3762729603000965
4.085704826542125
75.96834014188077
64.05415017332446
52.09130715603111
40.630712913524036
30.32821012397486
21.676974333436597
16.418717364370185
11.004388430866895
7.169988248445084
4.566484170232619
86.41645897547937
72.65587926101135
58.888778274710546
45.762602571350776
34.02656325200039
24.226156304328835
18.296306851590955
12.214914447473095
7.925474134792808
5.02361415344454
96.65699766782711
81.0605274567073
65.50741582995403
50.74097907480183
37.60122159588387
26.683224817395082
20.1026187765432
13.37705465685427
8.64966608111242
5.461490247718684
106.71573068807409
89.29310573866768
71.97065818301813
55.58732693185873
41.07154100652354
29.061870567828027
21.848444352376372
14.498271735004629
9.348706136440326
5.8832457110098035
116.61283732821067
97.37326806976684
78.29671575842657
60.31813237250662
44.44992022418588
31.37221508760079
23.541593698915335
15.584204586859068
10.024128321984325
6.291097363715974
126.36452065867512
105.31644936469345
84.5003138524766
64.94514115338252
47.74688034602146
33.622337788060555
25.18887314424744
16.639257711764753
10.679848433414953
6.687319754647806
135.98408087345652
113.13580789589665
90.59328643051596
69.47944882701812
50.97091992685115
35.81884011347836
26.794994984796688
17.666896091686194
11.318154677548064
7.072831458067039
145.48264541030247
120.84195072698273
96.58554139247812
73.92972974689822
54.12892853288505
37.96698737647685
28.364698563021175
18.670030533360197
11.939183848057393
7.448945775131379
154.86962020620803
128.4439276617444
102.48541207472236
78.30262293509927
57.227178879278625
40.07123436194952
29.900596862218247
19.65099342056724
12.547753566099658
7.816587145708649