# ../data/BKevo/MV2g_BKevo/mv2g_83.dat
# N(r,Y=0), r, *F2(x,Q^2)
# 1e-05 < r < 100.0
# 1 < Q^2 < 50, n=15, lin grid
# 1e-5 < x < 1e-2, n=10, log grid
###
9.985073865783099e-05
0.00011233984769281722
0.0001263067809522595
0.00014200583186778907
0.0001596794403381006
0.00017945764152348462
0.00020164501728904967
0.0002266060163312944
0.00025455751137394556
0.0002858488672205054
0.00032102562075433835
0.000360441196830008
0.0004044696513828523
0.0004539242252552202
0.0005093705372700825
0.0005711609975641647
0.0006405030032609215
0.0007182885028593898
0.0008047566892932185
0.000901692914251492
0.0010103602877365562
0.0011310956520971444
0.0012661501167721134
0.001417368121216884
0.0015854023003504052
0.0017728431465530172
0.001982432009400112
0.002215332739020115
0.0024743379230834986
0.0027634951103901436
0.003084775310160139
0.0034408525712089494
0.003837663586259785
0.004278428019134951
0.004765066843205416
0.005306229572851658
0.005907034189875685
0.006567495605407343
0.007300130588530955
0.008112420490567812
0.009001928727888788
0.00998520793187286
0.011072028219111404
0.012259966113155269
0.013566099449969374
0.015004489049494548
0.016573074307212762
0.018287004121875297
0.02016636868594136
0.0222101691624314
0.024427392161465743
0.026846714771778978
0.0294696898262827
0.03229284821279683
0.03535763012035506
0.03867163070349609
0.042211970431972605
0.046041010138757284
0.050181480925519786
0.05459195001297308
0.0593756756689441
0.06458674565777378
0.0702401514782604
0.07650981342343144
0.08358416878838276
0.09173332599610722
0.10143503526499076
0.11335407781388067
0.12865891281443684
0.14901682038319072
0.17650813347590705
0.21454673763679122
0.26723076967131754
0.3369793536428916
0.4242133900095838
0.5205984223359293
0.6103008322121747
0.6757144325272444
0.7078179331867279
0.7268572277823837
0.7435819810660806
0.7608497603048031
0.7791570875454855
0.798447762495391
0.818193138652089
0.8383908577755204
0.8588954545948988
0.8789673857169863
0.8983431033224066
0.9169059566292747
0.9339082707773043
0.9489262701058396
0.9621257384513402
0.9731084722683625
0.9815926637189999
0.9881644679510053
0.9929275582878656
0.9959356274263463
0.9978751517543604
0.9990269459255775
###
1e-05
1.1768119524349992e-05
1.3848863713938717e-05
1.6297508346206434e-05
1.917910261672489e-05
2.2570197196339216e-05
2.656087782946684e-05
3.1257158496882356e-05
3.678379771828634e-05
4.328761281083062e-05
5.0941380148163754e-05
5.994842503189409e-05
7.054802310718646e-05
8.302175681319735e-05
9.770099572992247e-05
0.00011497569953977356
0.00013530477745798074
0.00015922827933410923
0.0001873817422860383
0.00022051307399030456
0.00025950242113997375
0.0003053855508833416
0.00035938136638046257
0.0004229242874389499
0.0004977023564332109
0.0005857020818056661
0.0006892612104349695
0.0008111308307896872
0.0009545484566618337
0.0011233240329780276
0.0013219411484660286
0.0015556761439304723
0.0018307382802953678
0.002154434690031882
0.0025353644939701114
0.0029836472402833374
0.003511191734215131
0.004132012400115334
0.004862601580065354
0.005722367659350214
0.006734150657750821
0.007924828983539169
0.0093260334688322
0.010974987654930556
0.01291549665014884
0.01519911082952933
0.01788649529057435
0.0210490414451202
0.02477076355991709
0.029150530628251757
0.034304692863149154
0.040370172585965536
0.047508101621027934
0.05590810182512223
0.06579332246575675
0.0774263682681127
0.09111627561154886
0.10722672220103231
0.1261856883066021
0.14849682622544635
0.1747528400007683
0.20565123083486514
0.24201282647943834
0.2848035868435799
0.3351602650938841
0.3944206059437656
0.46415888336127725
0.5462277217684337
0.642807311728432
0.7564633275546291
0.8902150854450375
1.0476157527896641
1.232846739442066
1.4508287784959402
1.7073526474706886
2.009233002565046
2.364489412645407
2.782559402207126
3.274549162877725
3.8535285937105273
4.534878508128582
5.3366992312063015
6.280291441834247
7.390722033525775
8.697490026177835
10.235310218990248
12.045035402587812
14.174741629268048
16.68100537200059
19.630406500402685
23.10129700083158
27.1858824273294
31.992671377973846
37.64935806792464
44.30621457583877
52.14008287999685
61.35907273413163
72.20809018385457
84.97534359086438
100.0
###
4.9627748423722595
4.411120577497836
3.8291693096146413
3.2270604117178863
2.6277292567566928
2.0645222093348505
1.6873314798004557
1.2633127570219589
0.9353890218919507
0.6954105764281678
19.50392327553077
17.025861535933117
14.437314885017464
11.810333585773932
9.271058206073194
6.971014430903773
5.482830447964319
3.8651016055636527
2.6596831291948364
1.8063721808291748
32.67806046406758
28.28700785786607
23.73241486033495
19.16503715873524
14.819915065002304
10.956506777423309
8.497224526069857
5.86428117774416
3.9324456642428394
2.5835843191027035
45.15418152470363
38.86280183004392
32.37362505389072
25.923323291829085
19.856186546384688
14.529413293065502
11.175273334563975
7.620021036387677
5.037512476980964
3.2508278770541463
57.15474904082815
48.974653776322164
40.57669293306806
32.28801087116371
24.56046260812252
17.840857848611194
13.64399411852932
9.228303156526128
6.044556984949419
3.855148487088621
68.79416145881856
58.73582950963628
48.45167626348222
38.36097197856014
29.021740129717006
20.963608523146323
15.963374387192031
10.73324844482781
6.984183690235083
4.419177592264686
80.14247428863992
68.21558330003444
56.06474505329208
44.20330410260185
33.29314410520833
23.94042482376853
18.168110857200414
12.15971999143543
7.873161816445964
4.952991175239122
91.2470620466901
77.46061285206804
63.46067397778724
49.85745408897152
37.4092634484197
26.79875387351444
20.280452248943668
13.523312978055767
8.722012309925452
5.462835578018626
102.14216042070721
86.50455758952455
70.671407401408
55.34908849944406
41.394593238874556
29.558157867142064
22.315950937931326
14.834995631336525
9.537892926341335
5.953082063082413
112.85347937538948
95.3713176945591
77.72098924131343
60.70231031756236
45.26747595755895
32.2321044476454
24.28595998693586
16.102630443540313
10.325880717767916
6.426860210545345
123.39104667311507
104.08483583262931
84.62835379822694
65.9324235783131
49.04193021102331
34.83297716111554
26.19913170243291
17.332270189816978
11.089855250063437
6.886467018085574
133.79095094119907
112.65701020251872
91.40854062772567
71.05339794971499
52.72907517954094
37.36974493979742
28.062246052384413
18.527837004735925
11.83279544389418
7.333713332614087
144.05709305598697
121.10232421693485
98.07331001040562
76.07608344161268
56.337610507490844
39.84742242023459
29.880638586656175
19.694882101577367
12.557085363752293
7.769929985216396
154.20064953194435
129.4311716695306
104.63285365141053
81.00950958941306
59.87556639821064
42.27249301451314
31.659002818910334
20.834679970042213
13.264627646603365
8.196308171622913
164.23113389881587
137.6532290249103
111.09609092934444
85.86113119510895
63.34869451502012
44.65001909801624
33.400822590148806
21.950327644303673
13.957050433740928
8.613778055328563