# ../data/BKevo/MVge_BKevo/mvge_3.dat
# N(r,Y=0), r, *F2(x,Q^2)
# 1e-05 < r < 100.0
# 1 < Q^2 < 50, n=15, lin grid
# 1e-5 < x < 1e-2, n=10, log grid
###
0.00012869199532624653
0.00014478934942348075
0.0001627917518209091
0.0001830270387798415
0.00020580780757818436
0.00023130188181669716
0.0002599020475922073
0.0002920782987160609
0.0003281106182436587
0.00036844982850140157
0.00041379962645147057
0.00046461648168771863
0.0005213837810862218
0.0005851509031915563
0.0006566488161812953
0.0007363347392592595
0.0008257674420144468
0.0009261005716805152
0.0010376494791059952
0.001162720776325923
0.0013029512184001705
0.0014587902720102157
0.001633152407217692
0.0018284338898189073
0.0020455083552396035
0.0022877465500146404
0.0025587228616137997
0.002860006413962798
0.003195274248089951
0.003569832448410714
0.003986368538185665
0.004448517969600412
0.0049641265924257475
0.0055376572068482795
0.006172043335074454
0.006878854617846611
0.007665349915710507
0.008532649191539928
0.009497793005884875
0.010571838197412864
0.0117541711197423
0.013068136814694483
0.014529407706237393
0.016140119500826024
0.017927048840879204
0.0199146975700516
0.022110963240142105
0.0245461520864123
0.027258754070461536
0.03026752879581719
0.03360686955308697
0.0373369239406338
0.04149495370160359
0.04612035272544179
0.05130525227169994
0.05711533603900485
0.06359425482330248
0.07087868864374787
0.07907414543581774
0.08822019150082967
0.09851282917083647
0.11009544721834202
0.12301960258288865
0.13751505132991607
0.15377354460752105
0.17184781262443471
0.19196761368081794
0.2143735314051374
0.2390867827827276
0.26625577526544947
0.2961580008608018
0.32872629332583625
0.36385262026273046
0.4018291151371808
0.442424030216237
0.48496935899191174
0.5297661508353373
0.5763665175958219
0.6231554009343703
0.6705364081324314
0.7178140551795158
0.7625490803196661
0.8052186361600986
0.8451215651656686
0.8800259503585948
0.9103446142873647
0.9361155354644364
0.9562602244333352
0.9714562399663833
0.9826859468557716
0.9901598111809723
0.9947172477316094
0.9974648951635615
0.9989175429328307
0.9995598934645891
0.9998489737509428
0.9999588653079894
0.9999886921154276
0.9999975705922737
0.9999996789451197
###
1e-05
1.1768119524349992e-05
1.3848863713938717e-05
1.6297508346206434e-05
1.917910261672489e-05
2.2570197196339216e-05
2.656087782946684e-05
3.1257158496882356e-05
3.678379771828634e-05
4.328761281083062e-05
5.0941380148163754e-05
5.994842503189409e-05
7.054802310718646e-05
8.302175681319735e-05
9.770099572992247e-05
0.00011497569953977356
0.00013530477745798074
0.00015922827933410923
0.0001873817422860383
0.00022051307399030456
0.00025950242113997375
0.0003053855508833416
0.00035938136638046257
0.0004229242874389499
0.0004977023564332109
0.0005857020818056661
0.0006892612104349695
0.0008111308307896872
0.0009545484566618337
0.0011233240329780276
0.0013219411484660286
0.0015556761439304723
0.0018307382802953678
0.002154434690031882
0.0025353644939701114
0.0029836472402833374
0.003511191734215131
0.004132012400115334
0.004862601580065354
0.005722367659350214
0.006734150657750821
0.007924828983539169
0.0093260334688322
0.010974987654930556
0.01291549665014884
0.01519911082952933
0.01788649529057435
0.0210490414451202
0.02477076355991709
0.029150530628251757
0.034304692863149154
0.040370172585965536
0.047508101621027934
0.05590810182512223
0.06579332246575675
0.0774263682681127
0.09111627561154886
0.10722672220103231
0.1261856883066021
0.14849682622544635
0.1747528400007683
0.20565123083486514
0.24201282647943834
0.2848035868435799
0.3351602650938841
0.3944206059437656
0.46415888336127725
0.5462277217684337
0.642807311728432
0.7564633275546291
0.8902150854450375
1.0476157527896641
1.232846739442066
1.4508287784959402
1.7073526474706886
2.009233002565046
2.364489412645407
2.782559402207126
3.274549162877725
3.8535285937105273
4.534878508128582
5.3366992312063015
6.280291441834247
7.390722033525775
8.697490026177835
10.235310218990248
12.045035402587812
14.174741629268048
16.68100537200059
19.630406500402685
23.10129700083158
27.1858824273294
31.992671377973846
37.64935806792464
44.30621457583877
52.14008287999685
61.35907273413163
72.20809018385457
84.97534359086438
100.0
###
5.279789069693996
4.7497441755510685
4.1930244330857525
3.616681643096631
3.0349319504653898
2.4696436116791105
2.071996729486357
1.596485549567333
1.1981599754139207
0.8812290998942233
20.93218446121944
18.543148552613886
16.04718748715996
13.49360599563942
10.973355843032593
8.605994706295142
7.002072050399242
5.163871047781783
3.698767079334798
2.5915881196114317
35.21546564049637
30.97118140878064
26.553883990550137
22.071835522187335
17.7038664110938
13.671144088750303
10.986348543905388
7.963359539929953
5.605740825634561
3.858094851250868
48.797771776732084
42.70305174893863
36.38128708665954
30.007110932841407
23.85212204260513
18.236432935227214
14.54165630094762
10.429403246340627
7.2639160300389225
4.945584445737984
61.90152941782752
53.961136239049495
45.75001526469624
37.512607107979434
29.618009079648164
22.479942605229663
17.824382729830752
12.686970711934682
8.769635850580524
5.92582130125802
74.64119307495704
64.86102751227013
54.772952571294496
44.697755310892745
35.10180873179637
26.48871748697324
20.9104592015308
14.796766915420564
10.16853482724447
6.831233707803361
87.08692371563288
75.4715214696048
63.51899677002422
51.62817214726953
40.363002138684614
30.314472532249468
23.844377569055975
16.79210378965292
11.486281940981609
7.6807938758469705
99.28622264703233
85.83848514554981
72.03448325944119
58.34829638120483
45.44155170345588
33.99128312917843
26.65518297340143
18.69666806905434
12.739043331012626
8.486007118605487
111.27340235063009
95.99947448156416
80.35280262235882
64.88863652711238
50.36590413239803
37.54300344762014
29.363211066149926
20.52661196871132
13.939507805440282
9.254904399754494
123.07442267671703
105.97873572197977
88.49907961785404
71.27337653255745
55.157067209676946
40.98741082565725
31.983435317645213
22.291098486103422
15.094379715769929
9.993258631326793
134.70962198223526
115.7964614805242
96.49305223843285
77.52106302128053
59.83133759543073
44.338173514772315
34.52755776881158
24.000419237479335
16.210491801832607
10.706687567928077
146.1953609174502
125.47416813378857
104.35021689060325
83.6458535003544
64.40164405863203
47.60601329551785
37.003524156419275
25.660948139210447
17.292790566695682
11.394817663222835
157.54507509314055
135.0149996324834
112.08331422629308
89.65967840870316
68.87828617196098
50.799717387162495
39.41993979326549
27.278108577455047
18.344881408904012
12.06403525526039
168.77002041132494
144.43500061233408
119.70352141008254
95.5729349976871
73.27058945071822
53.92630147703365
41.782237307424886
28.85624317339445
19.37019360833163
12.715290661758536
179.87978850441982
153.74347539889033
127.2196569897819
101.39373462717352
77.58536456260428
56.991917444555384
44.09538242684968
30.399226765453648
20.371136848222026
13.350377102127274