# ../data/BKevo/MVge_BKevo/mvge_22.dat
# N(r,Y=0), r, *F2(x,Q^2)
# 1e-05 < r < 100.0
# 1 < Q^2 < 50, n=15, lin grid
# 1e-5 < x < 1e-2, n=10, log grid
###
0.0
0.0
0.0
0.0
0.0
0.0
0.0
0.0
0.0
0.0
0.0
0.0
0.0
0.0
0.0
0.0
0.0
0.0
0.0
7.01945132636899e-17
1.110223024625157e-16
2.5179292802062656e-16
3.9771496281162944e-16
7.469161424702221e-16
1.392376740175929e-15
2.6488893111451157e-15
4.933413017164668e-15
9.33908634406187e-15
1.773359346799242e-14
3.3103285845089006e-14
6.217900346372487e-14
1.1802399132993902e-13
2.2019614156993077e-13
4.105928340183654e-13
7.811714482657406e-13
1.4586585451536453e-12
2.7002883818062245e-12
5.145981876566225e-12
9.619458676430357e-12
1.771507397961591e-11
3.373287536044701e-11
6.311964380913496e-11
1.1629473533312062e-10
2.1993828950866048e-10
4.119312361247636e-10
7.592790313336566e-10
1.4258550494698773e-09
2.6731179368403197e-09
4.92930484090799e-09
9.190456922260027e-09
1.7248965888321806e-08
3.182717487687248e-08
5.8918097239403195e-08
1.1074666714330634e-07
2.0456375012059184e-07
3.76114726985828e-07
7.086073207703228e-07
1.3114212728074078e-06
2.396457152568266e-06
4.531443088586714e-06
8.414020187474904e-06
1.540846393644719e-05
2.908327378864164e-05
5.4274751544329146e-05
9.987429850597177e-05
0.000188237578319238
0.0003536544950956441
0.000654842379833252
0.0012332280856780892
0.0023343826105059213
0.00434987065262077
0.008173325095265659
0.015547324477842092
0.029008370914636684
0.05383110741841404
0.10080619120173907
0.18189769307449632
0.3142864149602497
0.5119831536294452
0.740046285483596
0.9254566402557868
0.9900828896520382
0.9996408778511422
0.9999992408966416
0.9999999999999674
1.0
1.0
1.0
1.0
1.0
1.0
1.0
1.0
1.0
1.0
1.0
1.0
1.0
1.0
1.0
###
1e-05
1.1768119524349992e-05
1.3848863713938717e-05
1.6297508346206434e-05
1.917910261672489e-05
2.2570197196339216e-05
2.656087782946684e-05
3.1257158496882356e-05
3.678379771828634e-05
4.328761281083062e-05
5.0941380148163754e-05
5.994842503189409e-05
7.054802310718646e-05
8.302175681319735e-05
9.770099572992247e-05
0.00011497569953977356
0.00013530477745798074
0.00015922827933410923
0.0001873817422860383
0.00022051307399030456
0.00025950242113997375
0.0003053855508833416
0.00035938136638046257
0.0004229242874389499
0.0004977023564332109
0.0005857020818056661
0.0006892612104349695
0.0008111308307896872
0.0009545484566618337
0.0011233240329780276
0.0013219411484660286
0.0015556761439304723
0.0018307382802953678
0.002154434690031882
0.0025353644939701114
0.0029836472402833374
0.003511191734215131
0.004132012400115334
0.004862601580065354
0.005722367659350214
0.006734150657750821
0.007924828983539169
0.0093260334688322
0.010974987654930556
0.01291549665014884
0.01519911082952933
0.01788649529057435
0.0210490414451202
0.02477076355991709
0.029150530628251757
0.034304692863149154
0.040370172585965536
0.047508101621027934
0.05590810182512223
0.06579332246575675
0.0774263682681127
0.09111627561154886
0.10722672220103231
0.1261856883066021
0.14849682622544635
0.1747528400007683
0.20565123083486514
0.24201282647943834
0.2848035868435799
0.3351602650938841
0.3944206059437656
0.46415888336127725
0.5462277217684337
0.642807311728432
0.7564633275546291
0.8902150854450375
1.0476157527896641
1.232846739442066
1.4508287784959402
1.7073526474706886
2.009233002565046
2.364489412645407
2.782559402207126
3.274549162877725
3.8535285937105273
4.534878508128582
5.3366992312063015
6.280291441834247
7.390722033525775
8.697490026177835
10.235310218990248
12.045035402587812
14.174741629268048
16.68100537200059
19.630406500402685
23.10129700083158
27.1858824273294
31.992671377973846
37.64935806792464
44.30621457583877
52.14008287999685
61.35907273413163
72.20809018385457
84.97534359086438
100.0
###
0.7897965926202277
0.6717317944999964
0.5704887986128375
0.48452831486104225
0.41208145564327187
0.3514127896643785
0.3126230529377367
0.2686586437665261
0.2322782706678665
0.20230084066443527
1.9593184125509195
1.5861557066510092
1.276375474879944
1.021068760372636
0.8117557035978162
0.6406503242203041
0.5332232017164066
0.4131518156888589
0.31485331906947356
0.23414470803840187
2.6760022415358558
2.1243131798812773
1.6733615764789562
1.3074786614893161
1.0120766091577997
0.7744625224147935
0.6275506591502906
0.4658434729673214
0.33617776189380716
0.23225058139288093
3.230098733619196
2.533043464953521
1.9691421309375206
1.516280266531016
1.154584971421729
0.8669238253271087
0.6909645203798033
0.4996311085999585
0.3485883831285588
0.22989663993656426
3.6932921442239888
2.8708011535507922
2.2105129065721902
1.6844364985913025
1.2676275658785758
0.9390160345250507
0.7396917115301512
0.5249620056777002
0.3575876082380107
0.22805060249061868
4.096601519484028
3.162442226397651
2.417205863162951
1.8269397906409561
1.3624045223962369
0.9987342493039287
0.7796417298175857
0.5454134655530117
0.3647091336420516
0.22662960727475717
4.456796163274246
3.42120816823654
2.599182917825596
1.951538297082655
1.4445819218344085
1.0500355903787575
0.8137098685876223
0.5626600569043628
0.37065375209872037
0.22551296959044456
4.784105904243551
3.6550699282408288
2.7627263617209104
2.0627996416231684
1.517475982503139
1.0951948508613578
0.843515502767113
0.577624077031786
0.3757792874020422
0.22461497723582569
5.085326148408749
3.8693062485333125
2.9118269238074186
2.1636962176410326
1.5832077616406037
1.1356725655111037
0.8701008887910113
0.5908759544344397
0.3802986082115102
0.22387756722934485
5.365211272431058
4.067580738542456
3.049256506113565
2.2562653462638322
1.6432157004920198
1.1724458618845308
0.8941383483088331
0.6027835846608027
0.3843404622731086
0.22325335887778686
5.627269431750222
4.252578691668726
3.177026788557893
2.3419902361095657
1.6985425322347574
1.2061707565129665
0.9161093289752258
0.6136155208830104
0.3880084073815941
0.22272342654464203
5.874147201125572
4.4262738494110385
3.2964691990092034
2.4219418757928874
1.749951407138117
1.2373803746336636
0.9366106728285104
0.6235676410923383
0.3913672863860873
0.22226504053391424
6.107937020531256
4.5903210475253475
3.409032273634409
2.49697095390876
1.7980289506755134
1.2664567032268719
0.9554386608356972
0.6327549285380033
0.39446577987891956
0.2218630555085361
6.330228315449503
4.7459167636396185
3.515489983740949
2.567746463741023
1.8432356797775067
1.2937082809994134
0.9730376319421477
0.6413197174326183
0.39734584879273654
0.22150783558040474
6.542378153760107
4.894069011886451
3.616610043751882
2.6347755969507793
1.885927332305465
1.3193631718418437
0.9895584393710813
0.649333466702994
0.4000335896745818
0.2211897445403766