# ../data/BKevo/MVge_BKevo/mvge_44.dat
# N(r,Y=0), r, *F2(x,Q^2)
# 1e-05 < r < 100.0
# 1 < Q^2 < 50, n=15, lin grid
# 1e-5 < x < 1e-2, n=10, log grid
###
0.0
0.0
1.110223024625157e-16
1.110223024625157e-16
2.0946128908612616e-16
3.5521364940579244e-16
5.575746707572391e-16
8.515760248043037e-16
1.4336190284371117e-15
2.408624766907742e-15
3.931034986356058e-15
6.532310608089367e-15
1.1002855545259575e-14
1.8183907668052113e-14
2.999562280131773e-14
5.013517428919537e-14
8.291895571348029e-14
1.3608742328950844e-13
2.27947176124347e-13
3.774218227121237e-13
6.193011529185598e-13
1.034485755092206e-12
1.7143385051629836e-12
2.8143814709640416e-12
4.682985032154638e-12
7.767459998261874e-12
1.275869653388774e-11
2.1146007264168848e-11
3.510605194512067e-11
5.7703170673328314e-11
9.52564491664772e-11
1.5830794997743913e-10
2.6041874677029923e-10
4.2822397808250243e-10
7.12600904238736e-10
1.1735215039024528e-09
1.9225506865436437e-09
3.20487290496895e-09
5.2860834733015474e-09
8.643999835957615e-09
1.4422516610457915e-08
2.3841923923197536e-08
3.9072266673209597e-08
6.507810213646489e-08
1.0791626833284093e-07
1.7738786909037148e-07
2.951398216552509e-07
4.913726478009855e-07
8.107593372765533e-07
1.3481415070918725e-06
2.254893308175593e-06
3.736406161779927e-06
6.2095145309295174e-06
1.0436345525721246e-05
1.7367683666957893e-05
2.8835976296694073e-05
4.868975357829957e-05
8.135014567847652e-05
0.00013484742226504032
0.00022864100924250552
0.000383332601070056
0.0006368299833504427
0.0010785553359479961
0.0018132555689065566
0.0030186312040515135
0.005096480603622867
0.008578728002916869
0.014281077208769359
0.02394807634292915
0.04012950416496518
0.06622340358305526
0.10868797097873518
0.17670708255974374
0.2780569858226523
0.42054513979846103
0.5989144710831409
0.7824745660507039
0.9250596070017106
0.9841861088521572
0.9986462453682748
0.9999913950700128
0.9999999938823767
0.9999999999995823
1.0
1.0
1.0
1.0
1.0
1.0
1.0
1.0
1.0
1.0
1.0
1.0
1.0
1.0
1.0
1.0
1.0
###
1e-05
1.1768119524349992e-05
1.3848863713938717e-05
1.6297508346206434e-05
1.917910261672489e-05
2.2570197196339216e-05
2.656087782946684e-05
3.1257158496882356e-05
3.678379771828634e-05
4.328761281083062e-05
5.0941380148163754e-05
5.994842503189409e-05
7.054802310718646e-05
8.302175681319735e-05
9.770099572992247e-05
0.00011497569953977356
0.00013530477745798074
0.00015922827933410923
0.0001873817422860383
0.00022051307399030456
0.00025950242113997375
0.0003053855508833416
0.00035938136638046257
0.0004229242874389499
0.0004977023564332109
0.0005857020818056661
0.0006892612104349695
0.0008111308307896872
0.0009545484566618337
0.0011233240329780276
0.0013219411484660286
0.0015556761439304723
0.0018307382802953678
0.002154434690031882
0.0025353644939701114
0.0029836472402833374
0.003511191734215131
0.004132012400115334
0.004862601580065354
0.005722367659350214
0.006734150657750821
0.007924828983539169
0.0093260334688322
0.010974987654930556
0.01291549665014884
0.01519911082952933
0.01788649529057435
0.0210490414451202
0.02477076355991709
0.029150530628251757
0.034304692863149154
0.040370172585965536
0.047508101621027934
0.05590810182512223
0.06579332246575675
0.0774263682681127
0.09111627561154886
0.10722672220103231
0.1261856883066021
0.14849682622544635
0.1747528400007683
0.20565123083486514
0.24201282647943834
0.2848035868435799
0.3351602650938841
0.3944206059437656
0.46415888336127725
0.5462277217684337
0.642807311728432
0.7564633275546291
0.8902150854450375
1.0476157527896641
1.232846739442066
1.4508287784959402
1.7073526474706886
2.009233002565046
2.364489412645407
2.782559402207126
3.274549162877725
3.8535285937105273
4.534878508128582
5.3366992312063015
6.280291441834247
7.390722033525775
8.697490026177835
10.235310218990248
12.045035402587812
14.174741629268048
16.68100537200059
19.630406500402685
23.10129700083158
27.1858824273294
31.992671377973846
37.64935806792464
44.30621457583877
52.14008287999685
61.35907273413163
72.20809018385457
84.97534359086438
100.0
###
1.263492447751471
1.1186423935498397
0.991508504347747
0.8813715912460026
0.7871599088654238
0.7075896558216221
0.6566973897946784
0.599469178615077
0.5532515680620866
0.5169502353606188
3.4749639719036947
2.945142146530871
2.4905410148511664
2.104193981531795
1.7784435783866324
1.5053557189379192
1.330566520000034
1.1319219235311224
0.9668458385985317
0.8298146061018316
4.928221349144654
4.097688529156147
3.3942895781609157
2.8035537218684348
2.310642560027416
1.901306344234534
1.6410918051130898
1.3467971499861633
1.1030319654517666
0.900627532949168
6.084734717563525
4.99727660540519
4.084529616256506
3.324603717289854
2.6956365548108376
2.177338738444916
1.8499621882945603
1.4819613825120919
1.1790922617689632
0.9291297871514441
7.069041367929651
5.753285964021869
4.656376956106014
3.7493281338182056
3.003661401584456
2.393072108020162
2.0096001400002352
1.5809522465467696
1.2305223970811965
0.9433666688917923
7.937226194233282
6.413674952542296
5.150849393163771
4.112280910465138
3.263297244866529
2.5719139305141816
2.139854776494578
1.6593521324688802
1.2689925612098765
0.9513592446547233
8.720350431991074
7.0049423352088
5.589948845511946
4.431773027733886
3.4893522512541257
2.725645390927008
2.2504791110953373
1.7244698388856385
1.299602919784354
0.9561793622477627
9.437745555628098
7.54325454321948
5.987015543284387
4.718475121002179
3.6905263136243174
2.861051659147992
2.3469954449865194
1.7802937589343217
1.3249879133072922
0.959222135994893
10.102428535091883
8.039389781730547
6.350907258615077
4.979576765552863
3.872427724270003
2.9824613488339398
2.4328500424666477
1.8292569805405148
1.3466670527179136
0.9611981713128821
10.723608594176298
8.500989164642139
6.687764151460494
5.21998917020217
4.038887783159511
3.092745518273681
2.5103271426458527
1.8729225248695205
1.3655891101157378
0.9624915281319729
11.308193448512007
8.933615680771956
7.002196815245099
5.443246680454289
4.192673191439162
3.1939898857143154
2.5810562858790687
1.9123905952495528
1.3823803410061832
0.9633424106595928
11.861332218688588
9.341514524110137
7.297499731081695
5.652105744902342
4.335848727065521
3.2877213659025086
2.6462138324223528
1.9484296321829813
1.3974854035757445
0.9638909999604771
12.38716286482564
9.728042856018392
7.576358645759988
5.848613811680049
4.469954340894597
3.375094295912263
2.7066744323036445
1.981625315896393
1.4112122317973455
0.9642275229008362
12.888978408237113
10.095847848254808
7.840877232020197
6.03433450048596
4.5962419172518
3.4570064964434954
2.763137531322598
2.0124662999093097
1.4238011200561156
0.9644160413095596
13.369467050989861
10.447077356867268
8.092749010794698
6.210658457370489
4.715690478089676
3.5341669324515954
2.816139080451153
2.04118297866246
1.435424936187684
0.9644910457268425