# ../data/BKevo/MV2g_BKevo/mv2g_56.dat
# N(r,Y=0), r, *F2(x,Q^2)
# 1e-05 < r < 100.0
# 1 < Q^2 < 50, n=15, lin grid
# 1e-5 < x < 1e-2, n=10, log grid
###
4.468255511182803e-09
5.718721180282246e-09
7.332145864451605e-09
9.393759848837872e-09
1.2018845526272504e-08
1.539564090407878e-08
1.9717808049190945e-08
2.5218910086360836e-08
3.227353663917867e-08
4.1318057281554984e-08
5.2824027628393e-08
6.753321399453303e-08
8.642122144543821e-08
1.104365030627999e-07
1.4104002328040973e-07
1.8039681903390152e-07
2.3040666653304314e-07
2.939300933043725e-07
3.757370680274675e-07
4.796156863935758e-07
6.113825055232714e-07
7.807153903451163e-07
9.958861183070229e-07
1.2686028599632765e-06
1.617884940215896e-06
2.0622002206112413e-06
2.6248271442637953e-06
3.342908042130664e-06
4.257215464087526e-06
5.413768991244416e-06
6.884598621821367e-06
8.758734226749327e-06
1.1126574786990102e-05
1.4126735060203152e-05
1.7951465906512526e-05
2.2777082112308305e-05
2.8868079171184994e-05
3.6634847014953756e-05
4.6418554334680834e-05
5.87278141439988e-05
7.440241033815698e-05
9.412251604887356e-05
0.00011888688978739657
0.00015028396839947343
0.00018977166200834447
0.00023925673177653826
0.0003017141037905544
0.0003802188054113674
0.0004783806864923013
0.0006017250010064955
0.0007566531033908831
0.0009499679737358261
0.001191899970315476
0.001495708052120864
0.001874291231449342
0.002346779725546248
0.002941035390259755
0.003682262606187337
0.004607542193466518
0.00577865890744565
0.007248602442316953
0.00909900396308844
0.011471106597406057
0.01450338419354408
0.01839943130775834
0.023529274090734333
0.030317751558486396
0.039351010005645615
0.0517194846155719
0.0688505961350642
0.09250219339622652
0.1257458274849297
0.1726249526543051
0.23645937333883674
0.32073651187631086
0.42451816123208996
0.5378264768531049
0.6435663856591093
0.7187887702392354
0.7718981184407866
0.815929705152443
0.8574267396907886
0.8971526274216782
0.9328298261037081
0.9603859423912625
0.979788380680755
0.9917893194157136
0.9973205938010314
0.9993155942371557
0.9998945094383949
0.9999914887552144
0.9999994242780678
0.999999984104786
0.9999999999678054
0.9999999999998544
0.9999999999999999
1.0
1.0
1.0
1.0
###
1e-05
1.1768119524349992e-05
1.3848863713938717e-05
1.6297508346206434e-05
1.917910261672489e-05
2.2570197196339216e-05
2.656087782946684e-05
3.1257158496882356e-05
3.678379771828634e-05
4.328761281083062e-05
5.0941380148163754e-05
5.994842503189409e-05
7.054802310718646e-05
8.302175681319735e-05
9.770099572992247e-05
0.00011497569953977356
0.00013530477745798074
0.00015922827933410923
0.0001873817422860383
0.00022051307399030456
0.00025950242113997375
0.0003053855508833416
0.00035938136638046257
0.0004229242874389499
0.0004977023564332109
0.0005857020818056661
0.0006892612104349695
0.0008111308307896872
0.0009545484566618337
0.0011233240329780276
0.0013219411484660286
0.0015556761439304723
0.0018307382802953678
0.002154434690031882
0.0025353644939701114
0.0029836472402833374
0.003511191734215131
0.004132012400115334
0.004862601580065354
0.005722367659350214
0.006734150657750821
0.007924828983539169
0.0093260334688322
0.010974987654930556
0.01291549665014884
0.01519911082952933
0.01788649529057435
0.0210490414451202
0.02477076355991709
0.029150530628251757
0.034304692863149154
0.040370172585965536
0.047508101621027934
0.05590810182512223
0.06579332246575675
0.0774263682681127
0.09111627561154886
0.10722672220103231
0.1261856883066021
0.14849682622544635
0.1747528400007683
0.20565123083486514
0.24201282647943834
0.2848035868435799
0.3351602650938841
0.3944206059437656
0.46415888336127725
0.5462277217684337
0.642807311728432
0.7564633275546291
0.8902150854450375
1.0476157527896641
1.232846739442066
1.4508287784959402
1.7073526474706886
2.009233002565046
2.364489412645407
2.782559402207126
3.274549162877725
3.8535285937105273
4.534878508128582
5.3366992312063015
6.280291441834247
7.390722033525775
8.697490026177835
10.235310218990248
12.045035402587812
14.174741629268048
16.68100537200059
19.630406500402685
23.10129700083158
27.1858824273294
31.992671377973846
37.64935806792464
44.30621457583877
52.14008287999685
61.35907273413163
72.20809018385457
84.97534359086438
100.0
###
1.5498225060929312
1.3508342788225642
1.1716055210154062
1.0124678423563755
0.8732888141598123
0.7530967885208681
0.67454754752111
0.5838662924027792
0.5075423163233448
0.44357017581192026
4.617476927628871
3.870017327000022
3.2190160103768073
2.6597724955034656
2.1860461977897763
1.7891065132436013
1.536027279961867
1.2502935048927029
1.0150781275801297
0.8217667569834703
6.797518372272458
5.603440105494074
4.579982959051734
3.7144279985701787
2.992130693441826
2.3957040044723854
2.0200935004713485
1.600950462169676
1.260365883104873
0.9839576847868882
8.604819168770222
7.018376294833609
5.673111742808163
4.547112747657536
3.616878814631649
2.856257003298316
2.381307592395803
1.85572408366963
1.4327237802334283
1.0927280097581367
10.186863844747803
8.244409844029851
6.610350137489844
5.253182239349828
4.140490549859481
3.237389237399901
2.6771424881995327
2.0611441892832083
1.5691876337309794
1.1769327662827218
11.612555177608154
9.340959334974196
7.442135630409828
5.874818396779357
4.597601577970996
3.5671348577267037
2.931267482297972
2.235766951141365
1.6838417529765148
1.2467729641471819
12.921161451516816
10.341421004773029
8.196448013192743
6.4350101197131195
5.00686877633884
3.860284968499597
3.156029862641087
2.3890152510562093
1.7836600034361259
1.3071222467188004
14.137559979479372
11.26682095503258
8.89071177502579
6.9479584659555895
5.3796276136148125
4.12587583635139
3.358677453382763
2.5264173610459135
1.8726295733221123
1.3605839456079172
15.278825313886529
12.131440308824741
9.536594343915635
7.423227169567137
5.723423000588276
4.36976834634976
3.544120891002163
2.651526442037886
1.9532706809791558
1.4089034880450078
16.357261513354523
12.94547194178372
10.142514459659676
7.867367972064621
6.0435291086037175
4.595930734128678
3.7155898975193713
2.766756926504816
2.027265925057535
1.4531334143202141
17.38210280560258
13.716550891140631
10.71470649574524
8.285291356727463
6.3438265445097
4.8074025349106515
3.875507527430424
2.8738584192945713
2.0958361096347047
1.4940433419604064
18.36053832992696
14.45070071124035
11.257866124997769
8.681096979619657
6.627246372728718
5.006297690115521
4.0256621930110175
2.97412452163471
2.159866622167342
1.5321965320952116
19.297942148348717
15.152521113895421
11.775761305272043
9.057398556000637
6.896069838009449
5.1945244044611085
4.167466756176695
3.0685691267317146
2.220034107412268
1.5738502360196376
20.199540318228667
15.825647522906777
12.271372478462462
9.416684783337894
7.152209289828801
5.373389735762119
4.30182217760464
3.157901916611655
2.276831313407364
1.6018297982081238
21.069077138187925
16.473266416639426
12.747155098112515
9.760766907367966
7.396978206097993
5.544014273777374
4.429860029417703
3.2428327665963845
2.3307542727324213
1.6338823024468354