# ../data/BKevo/MVge_BKevo/mvge_28.dat
# N(r,Y=0), r, *F2(x,Q^2)
# 1e-05 < r < 100.0
# 1 < Q^2 < 50, n=15, lin grid
# 1e-5 < x < 1e-2, n=10, log grid
###
0.00016980660815757686
0.00019104627080367544
0.00021479940915761976
0.00024149855020253496
0.0002715560944839245
0.000305193369579106
0.0003429285400499125
0.00038538162327692027
0.00043292183682406253
0.000486143788752627
0.0005459757374497468
0.0006130195785948646
0.0006879126055423426
0.0007720389553382648
0.0008663623600455822
0.0009714849973442312
0.0010894626767651077
0.0012218161828626893
0.001368959295836798
0.0015339337244027142
0.0017188963768603961
0.0019244358906863838
0.0021543940885135103
0.0024119275632939587
0.002698180899088545
0.0030175938611781924
0.003374873015074361
0.003772073871753883
0.00421403207655849
0.004707730832177493
0.005256689250533809
0.005865671708711423
0.006544997509076428
0.007300506693542717
0.008136005417423807
0.00906669925729431
0.010102079557698533
0.011243497523412832
0.012513328467493008
0.013926005681241442
0.015480479467464331
0.017207348403823174
0.019127003766495124
0.02124183221379679
0.023586752897902755
0.026193565864314233
0.029071903633769214
0.032260916096104444
0.035810395958261326
0.03974362015528473
0.04410422463228852
0.04896965952883429
0.05438625651803865
0.06040226657062629
0.06713549957499788
0.07466710017131661
0.08304656143042106
0.09244682945384482
0.10299638455073895
0.11472984684537274
0.1278914679454129
0.1426490116379139
0.15903620414616598
0.1773262396977389
0.1977314500481356
0.22025848948888288
0.24515017874703549
0.272651600449881
0.3026838012719893
0.33533147953430925
0.37084425021391615
0.40897257109561186
0.4494002146360384
0.4923544415817188
0.5373346033706069
0.5832721382131245
0.6304114619262474
0.678020901294003
0.7239870234958856
0.7687990388786045
0.8116314521129829
0.8498817748048858
0.8843556566075718
0.9146098913347319
0.9389704274644846
0.9583895650199895
0.9734225380181483
0.983862626375123
0.9907782057433543
0.995235927677992
0.997742460455374
0.9989977010257329
0.9996188039571814
0.9998771649147359
0.999961809629877
0.9999905692648247
0.9999983591255744
0.9999996901638586
0.9999999576329294
0.9999999972967888
###
1e-05
1.1768119524349992e-05
1.3848863713938717e-05
1.6297508346206434e-05
1.917910261672489e-05
2.2570197196339216e-05
2.656087782946684e-05
3.1257158496882356e-05
3.678379771828634e-05
4.328761281083062e-05
5.0941380148163754e-05
5.994842503189409e-05
7.054802310718646e-05
8.302175681319735e-05
9.770099572992247e-05
0.00011497569953977356
0.00013530477745798074
0.00015922827933410923
0.0001873817422860383
0.00022051307399030456
0.00025950242113997375
0.0003053855508833416
0.00035938136638046257
0.0004229242874389499
0.0004977023564332109
0.0005857020818056661
0.0006892612104349695
0.0008111308307896872
0.0009545484566618337
0.0011233240329780276
0.0013219411484660286
0.0015556761439304723
0.0018307382802953678
0.002154434690031882
0.0025353644939701114
0.0029836472402833374
0.003511191734215131
0.004132012400115334
0.004862601580065354
0.005722367659350214
0.006734150657750821
0.007924828983539169
0.0093260334688322
0.010974987654930556
0.01291549665014884
0.01519911082952933
0.01788649529057435
0.0210490414451202
0.02477076355991709
0.029150530628251757
0.034304692863149154
0.040370172585965536
0.047508101621027934
0.05590810182512223
0.06579332246575675
0.0774263682681127
0.09111627561154886
0.10722672220103231
0.1261856883066021
0.14849682622544635
0.1747528400007683
0.20565123083486514
0.24201282647943834
0.2848035868435799
0.3351602650938841
0.3944206059437656
0.46415888336127725
0.5462277217684337
0.642807311728432
0.7564633275546291
0.8902150854450375
1.0476157527896641
1.232846739442066
1.4508287784959402
1.7073526474706886
2.009233002565046
2.364489412645407
2.782559402207126
3.274549162877725
3.8535285937105273
4.534878508128582
5.3366992312063015
6.280291441834247
7.390722033525775
8.697490026177835
10.235310218990248
12.045035402587812
14.174741629268048
16.68100537200059
19.630406500402685
23.10129700083158
27.1858824273294
31.992671377973846
37.64935806792464
44.30621457583877
52.14008287999685
61.35907273413163
72.20809018385457
84.97534359086438
100.0
###
5.602627156530206
5.083331423227883
4.53610939948729
3.9648362980762637
3.3811111811899477
2.803556035931608
2.3891930199483027
1.8822856881837935
1.4454973083647078
1.0888419350263538
22.38809292045071
20.046248261572106
17.581864153478378
15.03013615766417
12.460865588893926
9.98397077749319
8.26175731551135
6.232556431710622
4.564969843011558
3.2693562371389664
37.80555958444909
33.64034439309473
29.26673133196302
24.762490713601327
20.27122633185477
16.003005712740446
13.0814972656407
9.698219998883564
6.974179851193966
4.900165905812341
52.52188267160303
46.5345757326808
40.26045702449869
33.82542456179861
27.459635590367444
21.469877578957792
17.41382365635174
12.770003761575394
9.079694519176714
6.305826758827254
66.75904657591953
58.95154081885754
50.78521206239244
42.440724011262155
34.235704057662296
26.576946220744137
21.43288572097769
15.593952416672733
10.998260538182784
7.57537007702869
80.63130686312361
71.0057757723649
60.955048575344456
50.71888596710351
40.70529506585838
31.419884134527514
25.224642880827446
18.240296630628702
12.783870247752976
8.75019628432979
94.2086985620703
82.7673753227477
70.8390739781492
58.728164552316045
46.93188770078239
36.05565158256266
28.83945514116214
20.749949756432688
14.469374436798438
9.853547757766686
107.53887070867967
94.2836715487683
80.48632818283825
66.51361652508726
52.95832444233517
40.52201835111458
32.31055270521397
23.149458501865205
16.074429645114037
10.900225993303478
120.65554525840729
105.58963778328979
89.92878820315767
74.10836767510754
58.812429583863704
44.84568787600351
35.661100925098985
25.456413669057326
17.61476464720443
11.900478015556939
133.58520330699062
116.7105676996715
99.19264471342773
81.53670624760267
64.52150467298026
49.04643469284409
38.90838555407222
27.68617388797948
19.095371598744993
12.861558769333971
146.34800059359057
127.66697796442097
108.29804922535692
88.81814604982607
70.10097849626892
53.139804807466014
42.06565028599934
29.848888854898664
20.529177210208516
13.789123577439641
158.9602908744209
138.47515712861258
117.26102200629803
95.96802013222589
75.56578977642971
57.13745716938174
45.14329643935647
31.950798591344416
21.920411676012705
14.68731670363538
171.43551395169646
149.14853352708494
126.09471517502445
102.99874564615483
80.93002062903136
61.049297912282455
48.14981437999866
34.00031724453302
23.273971442271215
15.55961192779247
183.78493133431417
159.69830655580972
134.81014061612714
109.9207916502907
86.19182360602717
64.88327368036377
51.0920567979568
36.00216794836838
24.5937513630774
16.408785432073557
196.01807867899018
170.13403982982064
143.41663074208844
116.7431307976564
91.37070660123011
68.64707948095938
53.97591901270616
37.96080321002871
25.88300303739279
17.2371278476869