# ../data/BKevo/MV2g_BKevo/mv2g_93.dat
# N(r,Y=0), r, *F2(x,Q^2)
# 1e-05 < r < 100.0
# 1 < Q^2 < 50, n=15, lin grid
# 1e-5 < x < 1e-2, n=10, log grid
###
0.00011202668319701873
0.00012603854250431044
0.0001417083563894281
0.00015932140897116694
0.00017914967801748146
0.00020133901144341916
0.00022623108964274716
0.00025423475178177734
0.00028559323250872647
0.0003206984036568917
0.0003601622256257599
0.0004043810614343084
0.0004537743744745463
0.0005092543790819347
0.0005714553673759872
0.0006407722881787715
0.0007185593971234164
0.0008058168502672846
0.0009028121042075378
0.001011547509360835
0.001133439126884344
0.001268863152431361
0.0014203437351031478
0.0015899481941342405
0.0017784055811447268
0.0019886192264867244
0.002223660981021021
0.002484830854611987
0.0027752557461023855
0.0030994698133434365
0.003459674054668847
0.0038588561773180326
0.004303664180932126
0.004797691966701638
0.005343070516806458
0.005949481504662808
0.006622634900646738
0.0073625013048765784
0.008183084072633256
0.009092720946726918
0.010088594995569768
0.011189206535297824
0.012405419681691992
0.0137343770048268
0.01519510795751782
0.016803224544313104
0.01855618969112484
0.020470765905693102
0.022569223477573112
0.024850080371320197
0.027323012479812954
0.030019747420217922
0.03294143826070998
0.03608347502303382
0.039491571166555564
0.04317320321748577
0.047101268284099385
0.051344148839641494
0.055925121611149146
0.060793947029762006
0.0660624216612519
0.07178495609744898
0.07796629565978914
0.0847878371953065
0.09243967955274097
0.10118189531576373
0.1114970886436623
0.12405431723293041
0.1400134748510197
0.16104295266445906
0.1892305888285925
0.2279835268323798
0.2813951006617115
0.3518941686291225
0.43989476865220056
0.537046345227937
0.6275240097452364
0.6937099568577286
0.7265447889096239
0.7462783202612735
0.7636365164368106
0.7814108716222173
0.8000908375357968
0.8195831977174194
0.8392812595725949
0.8591639984425359
0.8790589086431488
0.8981782213289846
0.9162635432447336
0.9332219460273984
0.9483476357424243
0.96130153965462
0.9723309558440112
0.9811641037194998
0.9876749638075313
0.9924885232830751
0.9957907120244625
0.997733025907405
0.9989033813262541
0.9995454968063937
###
1e-05
1.1768119524349992e-05
1.3848863713938717e-05
1.6297508346206434e-05
1.917910261672489e-05
2.2570197196339216e-05
2.656087782946684e-05
3.1257158496882356e-05
3.678379771828634e-05
4.328761281083062e-05
5.0941380148163754e-05
5.994842503189409e-05
7.054802310718646e-05
8.302175681319735e-05
9.770099572992247e-05
0.00011497569953977356
0.00013530477745798074
0.00015922827933410923
0.0001873817422860383
0.00022051307399030456
0.00025950242113997375
0.0003053855508833416
0.00035938136638046257
0.0004229242874389499
0.0004977023564332109
0.0005857020818056661
0.0006892612104349695
0.0008111308307896872
0.0009545484566618337
0.0011233240329780276
0.0013219411484660286
0.0015556761439304723
0.0018307382802953678
0.002154434690031882
0.0025353644939701114
0.0029836472402833374
0.003511191734215131
0.004132012400115334
0.004862601580065354
0.005722367659350214
0.006734150657750821
0.007924828983539169
0.0093260334688322
0.010974987654930556
0.01291549665014884
0.01519911082952933
0.01788649529057435
0.0210490414451202
0.02477076355991709
0.029150530628251757
0.034304692863149154
0.040370172585965536
0.047508101621027934
0.05590810182512223
0.06579332246575675
0.0774263682681127
0.09111627561154886
0.10722672220103231
0.1261856883066021
0.14849682622544635
0.1747528400007683
0.20565123083486514
0.24201282647943834
0.2848035868435799
0.3351602650938841
0.3944206059437656
0.46415888336127725
0.5462277217684337
0.642807311728432
0.7564633275546291
0.8902150854450375
1.0476157527896641
1.232846739442066
1.4508287784959402
1.7073526474706886
2.009233002565046
2.364489412645407
2.782559402207126
3.274549162877725
3.8535285937105273
4.534878508128582
5.3366992312063015
6.280291441834247
7.390722033525775
8.697490026177835
10.235310218990248
12.045035402587812
14.174741629268048
16.68100537200059
19.630406500402685
23.10129700083158
27.1858824273294
31.992671377973846
37.64935806792464
44.30621457583877
52.14008287999685
61.35907273413163
72.20809018385457
84.97534359086438
100.0
###
5.100054816654484
4.552805372474906
3.9738564847186884
3.370774876586278
2.7635024702077255
2.1846028365910337
1.7914218622353901
1.3435792638485513
0.9940379815569144
0.7368178154765687
20.122443969423127
17.661381681080517
15.078374826556763
12.433672666730363
9.841795234603968
7.457077392799568
5.89060334758035
4.167402126463677
2.8705407132736527
1.9464029935060396
33.776973903924734
29.41164658853518
24.857627227040563
20.244895778886278
15.79295306276691
11.770803096015268
9.171698086177322
6.356263140357381
4.2703205689244
2.8038543269900518
46.72815023538487
40.47247999966825
33.97370912230639
27.44471805774246
21.211658789664018
15.650282925799702
12.096289843064758
8.285183166682085
5.490271217076938
3.5427858051988452
59.20535729607379
51.0655982327214
42.644281014064376
34.23934419399623
26.283884058336294
19.25321991004156
14.797716039027485
10.055736720193416
6.604312638455342
4.2151731544477276
71.32015661305343
61.30478408372797
50.98035408614972
40.73042063794525
31.101736872154675
22.655944793559446
17.339435131833618
11.714658091785441
7.645087685786531
4.842662488733983
83.14276571440223
71.25953800025935
59.04887090597457
46.98481599927006
35.72001483149134
25.916736417717363
19.75809147884358
13.28856113007226
8.630640623195264
5.436786976230871
94.72039877729739
80.97679936566676
66.89536017619335
53.04258747134863
40.17494358405493
29.02428879345367
22.07744917273982
14.79437304868169
9.570461864518872
6.004614466140338
106.08740689323953
90.48795933613617
74.55225742493238
58.933085437773904
44.49219170409109
32.0396971521056
24.31405129227082
16.243795566135386
10.475906460075596
6.550963178666815
117.26968661320598
99.82311085596415
82.04407005318086
64.678743230582
48.69078768108333
34.96460228907067
26.480027024868964
17.645273724879672
11.350824323677376
7.079081476686907
128.28752608597318
109.00007714484101
89.3896105494984
70.2968497931681
52.783344568114096
37.81052025264418
28.5846282397668
19.005365084118132
12.199396339916266
7.591550227020489
139.15697173826533
118.0383805122849
96.60449013201111
75.80203579010595
56.78776690221787
40.5865886697404
30.635111982657214
20.328984742422087
13.024877700237347
8.090316011930272
149.891908572134
126.94426811019228
103.7007813247875
81.20410104606387
60.7071131223244
43.300271376877845
32.637333034137555
21.620186500851524
13.829856521208079
8.576954113705796
160.50331682196904
135.72807762131458
110.6891330812303
86.51295912124353
64.55128842611697
45.957554324681205
34.596048378680536
22.88226103341416
14.616432636632801
9.05267312395139
171.0006855088305
144.406921691076
117.5782141942606
91.73644399130774
68.3241827636752
48.56361001076899
36.51523272429729
24.117939369345944
15.386365749732306
9.518519600389626