# ../data/BKevo/MV2g_BKevo/mv2g_88.dat
# N(r,Y=0), r, *F2(x,Q^2)
# 1e-05 < r < 100.0
# 1 < Q^2 < 50, n=15, lin grid
# 1e-5 < x < 1e-2, n=10, log grid
###
3.8341242350870025e-13
5.572477668085728e-13
8.159394819614656e-13
1.1917058869374255e-12
1.7323203889953962e-12
2.5314651684538206e-12
3.69801679672028e-12
5.3764234471407196e-12
7.840344753077623e-12
1.1455753912343384e-11
1.665699895472541e-11
2.423858959474788e-11
3.5421823746719175e-11
5.150852772999192e-11
7.478712143732125e-11
1.0930843159097748e-10
1.589572079915892e-10
2.3027058851215526e-10
3.365975824344505e-10
4.894847801926481e-10
7.086164772733548e-10
1.0341437642509071e-09
1.5038109437521225e-09
2.1767713950029227e-09
3.1695796639240334e-09
4.608733476482312e-09
6.670104427506268e-09
9.689836998768797e-09
1.4088024227365495e-08
2.038543406738992e-08
2.9544709168196743e-08
4.294958246913035e-08
6.213580693677826e-08
8.983949314069104e-08
1.305854231835605e-07
1.8888495397939704e-07
2.72453210738024e-07
3.9599357153432524e-07
5.727133506395931e-07
8.247376079686018e-07
1.1979550510644394e-06
1.7325869374272054e-06
2.4950257919291734e-06
3.6171017595022467e-06
5.232722972911908e-06
7.537565376450654e-06
1.0909761755645755e-05
1.5793261238921476e-05
2.2766444141931744e-05
3.291480957535912e-05
4.771010095145022e-05
6.887331324798089e-05
9.953313355422424e-05
0.0001445921489178791
0.0002092303245835526
0.00030253667754707206
0.000441012137861295
0.0006405145411391086
0.0009277622843642398
0.0013591852072541615
0.001984415766754644
0.0028893379964042014
0.004252293154982145
0.0062509557037787825
0.009164729722316373
0.013558854779169552
0.02008387171956406
0.029650682405929805
0.044025306027574894
0.06547284478965736
0.09668106321235928
0.14225928372477156
0.20772837158168891
0.2965317198987274
0.41062372566419225
0.5428671911597315
0.6765381666057185
0.7916946938870268
0.871978525569834
0.9306338789370052
0.9713062421394661
0.9908957074797813
0.9982059822585285
0.9998692753287369
0.9999960353811246
0.9999999436704456
0.9999999998900986
0.9999999999999998
1.0
1.0
1.0
1.0
1.0
1.0
1.0
1.0
1.0
1.0
1.0
1.0
###
1e-05
1.1768119524349992e-05
1.3848863713938717e-05
1.6297508346206434e-05
1.917910261672489e-05
2.2570197196339216e-05
2.656087782946684e-05
3.1257158496882356e-05
3.678379771828634e-05
4.328761281083062e-05
5.0941380148163754e-05
5.994842503189409e-05
7.054802310718646e-05
8.302175681319735e-05
9.770099572992247e-05
0.00011497569953977356
0.00013530477745798074
0.00015922827933410923
0.0001873817422860383
0.00022051307399030456
0.00025950242113997375
0.0003053855508833416
0.00035938136638046257
0.0004229242874389499
0.0004977023564332109
0.0005857020818056661
0.0006892612104349695
0.0008111308307896872
0.0009545484566618337
0.0011233240329780276
0.0013219411484660286
0.0015556761439304723
0.0018307382802953678
0.002154434690031882
0.0025353644939701114
0.0029836472402833374
0.003511191734215131
0.004132012400115334
0.004862601580065354
0.005722367659350214
0.006734150657750821
0.007924828983539169
0.0093260334688322
0.010974987654930556
0.01291549665014884
0.01519911082952933
0.01788649529057435
0.0210490414451202
0.02477076355991709
0.029150530628251757
0.034304692863149154
0.040370172585965536
0.047508101621027934
0.05590810182512223
0.06579332246575675
0.0774263682681127
0.09111627561154886
0.10722672220103231
0.1261856883066021
0.14849682622544635
0.1747528400007683
0.20565123083486514
0.24201282647943834
0.2848035868435799
0.3351602650938841
0.3944206059437656
0.46415888336127725
0.5462277217684337
0.642807311728432
0.7564633275546291
0.8902150854450375
1.0476157527896641
1.232846739442066
1.4508287784959402
1.7073526474706886
2.009233002565046
2.364489412645407
2.782559402207126
3.274549162877725
3.8535285937105273
4.534878508128582
5.3366992312063015
6.280291441834247
7.390722033525775
8.697490026177835
10.235310218990248
12.045035402587812
14.174741629268048
16.68100537200059
19.630406500402685
23.10129700083158
27.1858824273294
31.992671377973846
37.64935806792464
44.30621457583877
52.14008287999685
61.35907273413163
72.20809018385457
84.97534359086438
100.0
###
1.3702383958315312
1.2119645889577106
1.0711275600507666
0.9473493631712566
0.8397996704855152
0.7473652884712318
0.6871689525192105
0.6179781493492313
0.5601972780202613
0.5125527599421343
3.8799591123397765
3.2943317712112528
2.7871011990778713
2.352317797668357
1.982844950838713
1.6710372068579986
1.4703972119631872
1.2412981573586606
1.0498828380286829
0.8900661358603283
5.572611529100075
4.647776302504189
3.857703805734148
3.189465433878423
2.628675978555371
2.1608575066352924
1.8626597388037087
1.524870912344789
1.2448920942981618
1.0125205754555946
6.9364705009107
5.718708309284255
4.688325776470798
3.824819908289569
3.1065549579049123
2.512433542999788
2.136467441497159
1.7135530873110345
1.3656832072420864
1.0790905928091516
8.106767939786963
6.626648541781018
5.3833316593907075
4.348746567541576
3.494153814495643
2.792041326244387
2.3503359476278414
1.8563927725641112
1.4529384637981828
1.1227490920359053
9.145136149119004
7.424990132481201
5.988648806502728
4.80021004595462
3.8240695167700474
3.026602927923478
2.527420371172958
1.9720094131166948
1.5210911746847087
1.1544313765438026
10.086180606040276
8.143376700782074
6.529089870641865
5.19988802217169
4.113365258137308
3.2299842541757022
2.6794097997064217
2.069526479188249
1.57693879806675
1.1789314014021246
10.951508964104937
8.800117717631977
7.020018042998642
5.560419095585036
4.372364655626038
3.4103489784777707
2.8130867972141136
2.1540866664133036
1.624400087686041
1.198709560565741
11.755865677074224
9.407462204584881
7.471609191842395
5.890122682053609
4.607437720081575
3.5729350844336825
2.932766829066028
2.2289019733912974
1.6656372820883096
1.21518297912895
12.509689736812941
9.974211905884014
7.8910182023722255
6.194771037959761
4.823529108216683
3.7213136188848543
3.0413400480558797
2.2965863697350164
1.7021055876194582
1.2292355313535739
13.220786153132785
10.506759990770513
8.283515146527938
6.478593420887138
5.023875675788908
3.858058980603305
3.140883602023315
2.357565520136218
1.7348157300572418
1.24143780998042
13.895245076543548
11.009947179916427
8.653130523182657
6.744770540058625
5.210897862401441
3.9850728410530802
3.23294859453553
2.4135732563578607
1.764476333312237
1.2522110179820645
14.537506939347859
11.487821147410463
9.002896741320654
6.995770975801361
5.386547985437972
4.103811030965164
3.3186344736912226
2.4653683731507963
1.7916247830723853
1.2618146095590612
15.151686784090556
11.943380358202672
9.335341686134349
7.233557651970982
5.552342757974966
4.215417204896452
3.398879088962624
2.513588938726136
1.816657230026277
1.2704719661715282
15.740646771346727
12.379331059562878
9.652480497475034
7.459732686367387
5.709440718767026
4.320794439209804
3.4743893314606358
2.5587089602635964
1.8398816226072108
1.2783377734168824