# ../data/BKevo/MV2g_BKevo/mv2g_82.dat
# N(r,Y=0), r, *F2(x,Q^2)
# 1e-05 < r < 100.0
# 1 < Q^2 < 50, n=15, lin grid
# 1e-5 < x < 1e-2, n=10, log grid
###
9.985073936542094e-05
0.00011233984872117278
0.00012630678245804683
0.0001420058340668587
0.00015967944353465887
0.0001794576461944921
0.00020164502411215192
0.00022660602625053247
0.00025455752583799715
0.0002858488883523776
0.0003210256514778277
0.0003604412415324369
0.00040446971670186075
0.0004539243202251121
0.000509370675138378
0.0005711611990326199
0.00064050329617626
0.0007182889270874854
0.0008047573092295389
0.000901693815488306
0.0010103615919896532
0.0011310975547000534
0.001266152882171264
0.001417372122098456
0.0015854081224140966
0.0017728516062641565
0.001982444243640986
0.0022153504960648043
0.0024743637133786815
0.002763532387007737
0.0030848292646945773
0.0034409308855591994
0.0038377766952055145
0.004278591247476467
0.004765303562608216
0.005306571124679689
0.0059075254938169815
0.006568207274482129
0.007301156063983051
0.008113891279147486
0.009004054464583404
0.009988265598839991
0.011076405191185497
0.012266265689433143
0.0135751394095925
0.015017396249336248
0.016591560662498468
0.018313447888376213
0.020203994584259064
0.02226374686219636
0.0245037000264323
0.02695477995799193
0.02962248000537759
0.03250915192145148
0.03566195220843181
0.03909804308054667
0.04281048605378064
0.04687519116765113
0.05133640872260522
0.05619251695758882
0.061574977433760655
0.0675827302041446
0.07430480910439244
0.0819650743579963
0.09081288757612262
0.10118444831493217
0.11355451479370199
0.1285145902452442
0.1469399962597555
0.16989137688083167
0.1985311259222127
0.23444501457167835
0.27921156259374885
0.33372073135082375
0.39817524841842206
0.47016169205663944
0.5453892820822211
0.6168476010151952
0.6729240852937945
0.7135301332730044
0.7409867206506229
0.7605046953585212
0.7791351817466936
0.7984475107583727
0.8181931384144954
0.8383908577753766
0.8588954545948988
0.8789673857169863
0.8983431033224066
0.9169059566292747
0.9339082707773043
0.9489262701058396
0.9621257384513402
0.9731084722683625
0.9815926637189999
0.9881644679510053
0.9929275582878656
0.9959356274263463
0.9978751517543604
0.9990269459255775
###
1e-05
1.1768119524349992e-05
1.3848863713938717e-05
1.6297508346206434e-05
1.917910261672489e-05
2.2570197196339216e-05
2.656087782946684e-05
3.1257158496882356e-05
3.678379771828634e-05
4.328761281083062e-05
5.0941380148163754e-05
5.994842503189409e-05
7.054802310718646e-05
8.302175681319735e-05
9.770099572992247e-05
0.00011497569953977356
0.00013530477745798074
0.00015922827933410923
0.0001873817422860383
0.00022051307399030456
0.00025950242113997375
0.0003053855508833416
0.00035938136638046257
0.0004229242874389499
0.0004977023564332109
0.0005857020818056661
0.0006892612104349695
0.0008111308307896872
0.0009545484566618337
0.0011233240329780276
0.0013219411484660286
0.0015556761439304723
0.0018307382802953678
0.002154434690031882
0.0025353644939701114
0.0029836472402833374
0.003511191734215131
0.004132012400115334
0.004862601580065354
0.005722367659350214
0.006734150657750821
0.007924828983539169
0.0093260334688322
0.010974987654930556
0.01291549665014884
0.01519911082952933
0.01788649529057435
0.0210490414451202
0.02477076355991709
0.029150530628251757
0.034304692863149154
0.040370172585965536
0.047508101621027934
0.05590810182512223
0.06579332246575675
0.0774263682681127
0.09111627561154886
0.10722672220103231
0.1261856883066021
0.14849682622544635
0.1747528400007683
0.20565123083486514
0.24201282647943834
0.2848035868435799
0.3351602650938841
0.3944206059437656
0.46415888336127725
0.5462277217684337
0.642807311728432
0.7564633275546291
0.8902150854450375
1.0476157527896641
1.232846739442066
1.4508287784959402
1.7073526474706886
2.009233002565046
2.364489412645407
2.782559402207126
3.274549162877725
3.8535285937105273
4.534878508128582
5.3366992312063015
6.280291441834247
7.390722033525775
8.697490026177835
10.235310218990248
12.045035402587812
14.174741629268048
16.68100537200059
19.630406500402685
23.10129700083158
27.1858824273294
31.992671377973846
37.64935806792464
44.30621457583877
52.14008287999685
61.35907273413163
72.20809018385457
84.97534359086438
100.0
###
4.964397515462875
4.4143610034703995
3.835181663123282
3.2370756367722513
2.642267175677579
2.082704280876912
1.7057027612023792
1.2788520975583055
0.9452997857928507
0.6978786218700465
19.511044810642368
17.03970438002529
14.462412987310268
11.85139971569818
9.329878216641504
7.046142420801734
5.563102961695282
3.943749830517057
2.728790555984043
1.8619584339783068
32.69038533016851
28.310587341048844
23.77421909694807
19.231815613433838
14.914590349698791
11.076947729975506
8.626631725709627
5.99365742247227
4.05081805799052
2.68588259438927
45.17149156392594
38.89550918414294
32.430631272594425
26.01283674883031
19.981513392777728
14.687819996843027
11.345593527649273
7.790914163840387
5.195779467971304
3.3898210822462844
57.176872005511406
49.01592908738579
40.64774410312517
32.39815819682183
24.712940578780945
18.032243217413882
13.849586944539368
9.434495637001541
6.236080933673581
4.025981309706408
68.8209454456422
58.78532162143431
48.535952439462484
38.49004250396147
29.19860922214339
21.184385396116102
16.200160750428296
10.969400136763664
7.204196532354962
4.615898239758089
80.17380622661567
68.27297037500645
56.16150926161552
44.35045448186888
33.49233592963719
24.187657193980584
18.432892191845152
12.42285631402572
8.118094575082672
5.171903088780241
91.28284940624988
77.52566977807892
63.56921469965362
50.01930371339092
37.62911940247041
27.07036857264713
20.57077042841841
13.81083756225047
8.989162600723622
5.701222466483355
102.1822988494254
86.5770249998442
70.79133555964258
55.526616786425464
41.63384860724045
29.852319191086114
22.629504659412376
15.144765457185967
9.82497143063289
6.208822112010071
112.89788313142002
95.45086275827333
77.85195564219856
60.89379791599985
45.524999931071264
32.548091587937094
24.621699948685617
16.432852491198616
10.63104401240994
6.698183158896809
123.43965114319573
104.17146612348357
84.76984226380301
66.13794563743394
49.31666334271293
35.168847967062696
26.555277186688752
17.68137458851939
11.411660818505286
7.171910670714658
133.84367823117458
112.75047959075806
91.56025915730878
71.27262154267659
53.020562712690015
37.72336961564707
28.437602278754515
18.895202375183892
12.170009867810885
7.632002402041657
144.11387952264846
121.20231835359279
98.23496145468458
76.3084020439674
56.64517375363331
40.21872687786091
30.274263652442375
20.078441029748614
12.908597175973108
8.080109399484378
154.2614356221795
129.53787735599914
104.80412962067982
81.25440534249479
60.19825715446099
42.66073634435497
32.06982092091459
21.233631195812173
13.629461519447556
8.517481026362756
164.29581829697705
137.76635558578758
111.2769192686343
86.1182184082542
63.6859333329253
45.05425062234455
33.82805021819883
22.364035770489075
14.334444263605304
8.945182123277457