# datat/BKevo/MVg_BKevo/mvg4.dat
# N(r,Y=0), r, *F2(x,Q^2)
# 1e-05 < r < 100.0
# 1 < Q^2 < 50, n=15, log grid
# 1e-5 < x < 1e-2, n=10, log grid
###
1.6220353852844195e-11
2.2127126758944998e-11
3.0312061872749466e-11
4.1461505850280013e-11
5.6553966415517537e-11
7.736518181151188e-11
1.0581132539586367e-10
1.443070249826089e-10
1.9712435051056307e-10
2.69566425097201e-10
3.6756965107597994e-10
5.01348464373407e-10
6.854609029224946e-10
9.344436247908586e-10
1.2725522435854036e-09
1.739448063729884e-09
2.370571993143583e-09
3.2230761558970525e-09
4.404235732976773e-09
6.000039702212009e-09
8.151738926424756e-09
1.112414390034274e-08
1.5148083372107282e-08
2.0570278592029888e-08
2.8021535736999908e-08
3.813732389913052e-08
5.1758020943028725e-08
7.037554803737106e-08
9.571934070380134e-08
1.2981452167188253e-07
1.7616136948228584e-07
2.394152727491495e-07
3.2442452758090414e-07
4.3932712970373596e-07
5.965205299947484e-07
8.075261241988649e-07
1.0910706429388768e-06
1.4798114412466752e-06
2.0008967687880666e-06
2.6978878269577924e-06
3.6529319600976465e-06
4.9322918392573285e-06
6.6405708873125115e-06
8.96667219512192e-06
1.2086773768578965e-05
1.624442828182426e-05
2.1868677190934298e-05
2.9419524579625365e-05
3.9457203749050894e-05
5.2942561854701194e-05
7.10547420462232e-05
9.506478788696214e-05
0.00012709103213647915
0.00017009921212291534
0.00022692960701829724
0.00030217392494153513
0.00040314934248531365
0.0005361042186127294
0.0007108224292540721
0.0009450291305358097
0.0012522793546322242
0.0016543980383467414
0.0021898086499314005
0.002891543824988538
0.003807122575836924
0.0050182286048340114
0.0066061079211903895
0.008674030866522006
0.011396297232583386
0.014972560319492564
0.019629086291487487
0.025739915205454537
0.033794072166047705
0.04428440688635543
0.057999443279439906
0.07609049462061017
0.09955474391192415
0.12989304065678137
0.1693976974818059
0.21953975469264267
0.282279661455224
0.3595712022435397
0.45114035016081366
0.5554093927792363
0.665456455717423
0.7727613217983066
0.8674782588289438
0.9355692583193045
0.9752375397916818
0.9937074470631329
0.9990663026320147
0.9999024236049219
0.9999959189549823
0.9999999860064003
0.9999999999340425
0.9999999999999444
1.0
1.0
1.0
1.0
###
1e-05
1.1768119524349992e-05
1.3848863713938717e-05
1.6297508346206434e-05
1.917910261672489e-05
2.2570197196339216e-05
2.656087782946684e-05
3.1257158496882356e-05
3.678379771828634e-05
4.328761281083062e-05
5.0941380148163754e-05
5.994842503189409e-05
7.054802310718646e-05
8.302175681319735e-05
9.770099572992247e-05
0.00011497569953977356
0.00013530477745798074
0.00015922827933410923
0.0001873817422860383
0.00022051307399030456
0.00025950242113997375
0.0003053855508833416
0.00035938136638046257
0.0004229242874389499
0.0004977023564332109
0.0005857020818056661
0.0006892612104349695
0.0008111308307896872
0.0009545484566618337
0.0011233240329780276
0.0013219411484660286
0.0015556761439304723
0.0018307382802953678
0.002154434690031882
0.0025353644939701114
0.0029836472402833374
0.003511191734215131
0.004132012400115334
0.004862601580065354
0.005722367659350214
0.006734150657750821
0.007924828983539169
0.0093260334688322
0.010974987654930556
0.01291549665014884
0.01519911082952933
0.01788649529057435
0.0210490414451202
0.02477076355991709
0.029150530628251757
0.034304692863149154
0.040370172585965536
0.047508101621027934
0.05590810182512223
0.06579332246575675
0.0774263682681127
0.09111627561154886
0.10722672220103231
0.1261856883066021
0.14849682622544635
0.1747528400007683
0.20565123083486514
0.24201282647943834
0.2848035868435799
0.3351602650938841
0.3944206059437656
0.46415888336127725
0.5462277217684337
0.642807311728432
0.7564633275546291
0.8902150854450375
1.0476157527896641
1.232846739442066
1.4508287784959402
1.7073526474706886
2.009233002565046
2.364489412645407
2.782559402207126
3.274549162877725
3.8535285937105273
4.534878508128582
5.3366992312063015
6.280291441834247
7.390722033525775
8.697490026177835
10.235310218990248
12.045035402587812
14.174741629268048
16.68100537200059
19.630406500402685
23.10129700083158
27.1858824273294
31.992671377973846
37.64935806792464
44.30621457583877
52.14008287999685
61.35907273413163
72.20809018385457
84.97534359086438
100.0
###
0.7968983514637219
0.6579344031657959
0.5383474990659389
0.43685269585787
0.35161478445427075
0.2807827731177913
0.2359239309841983
0.18561021281177675
0.14451360291835882
0.1110268638305002
2.068777530351064
1.6414769284704482
1.2892595776876543
1.0025232819478065
0.7715272781679646
0.5872352203965339
0.4746598261427472
0.3528443830768975
0.25752825340525376
0.18333915569917694
2.884021408215754
2.253117734469262
1.7418396399379354
1.3324614017398562
1.0080173108334984
0.7533833871795383
0.6001014894904777
0.4366781494440213
0.3111001433113498
0.21527261157238425
3.528148749145455
2.729749402154754
2.089618399602405
1.582303744553819
1.1843757259934116
0.8752489761466065
0.690873653377207
0.49616115810411693
0.34824711361217114
0.23680680038395602
4.0744382629868765
3.1303892425725186
2.379282168735158
1.788417912348813
1.3283971998712973
0.973724998819282
0.7635929564603986
0.5431973928208239
0.3772023764558412
0.25329826601157623
4.555315832372361
3.480722023005256
2.6308542888145476
1.966184317926858
1.4517078752530161
1.057369404299777
0.8249637306047861
0.5825261408029143
0.40114758872228035
0.26675986895838166
4.988537022247318
3.794740739201624
2.855099697673175
2.123784563220055
1.5604433053661964
1.1306283449181462
0.8784414376382076
0.616543226257468
0.42168541737988985
0.2782028781178261
5.385076692434576
4.080882288069088
3.058568051951705
2.266117304240149
1.6581303708378947
1.1961292069200162
0.9260636782367039
0.646650441689456
0.43974231584483436
0.2881655609985817
5.752267629759146
4.344882306032038
3.2455857234390164
2.3964355478739563
1.74721416099496
1.2555952014236738
0.9691453191969283
0.6737464947606121
0.45589044586463245
0.2969945961294018
6.095307782881908
4.590664329554402
3.4191758132740517
2.516987117986381
1.8293310090372
1.3101989869259358
1.0085796233399582
0.6984337975447856
0.47051881271551504
0.30496382384647464
6.418040406020808
4.821302815127342
3.5815635940364383
2.62942421211731
1.9056920303722964
1.3607990877798415
1.0450224246000643
0.7211581316609512
0.4839294316008413
0.31221822993456066
6.723399838719472
5.038971747743715
3.7344250178188574
2.7349831297296525
1.9770853623236235
1.4080281270726565
1.0789551169726301
0.7422399031860503
0.4963180171272509
0.31888985758492144
7.013661188240093
5.245410998078702
3.879063110182644
2.8345914319430388
2.044369052633755
1.452375227692983
1.1107417525381074
0.7619258703328465
0.5078424705641287
0.32506673802771185
7.290667536663989
5.441964695513023
4.016518121946337
2.9290803469897484
2.1080269398988176
1.4942305125589355
1.1406856512748393
0.7804114264623507
0.5186269924019857
0.33082899778285435
7.555803040800849
5.629851570966805
4.147647655899493
3.0190171538406103
2.1684908542317265
1.5339040503454648
1.169001531061843
0.79784661941318
0.5287657192598868
0.33621234778562764