# ../data/BKevo/MV2g_BKevo/mv2g_73.dat
# N(r,Y=0), r, *F2(x,Q^2)
# 1e-05 < r < 100.0
# 1 < Q^2 < 50, n=15, lin grid
# 1e-5 < x < 1e-2, n=10, log grid
###
9.985073865783099e-05
0.00011233984769276514
0.00012630678095223205
0.00014200583186770906
0.00015967944033794663
0.00017945764152329588
0.00020164501728871538
0.00022660601633072032
0.00025455751137304534
0.00028584886721894656
0.00032102562075175475
0.00036044119682570176
0.00040446965137571093
0.00045392422524339737
0.0005093705372506317
0.0005711609975315656
0.000640503003207032
0.000718288502770917
0.0008047566891451058
0.0009016929140062335
0.001010360287334301
0.0011310956514252657
0.0012661501156589312
0.0014173681193900285
0.0015854022973117424
0.001772843141515121
0.001982432001129113
0.0022153327253208043
0.0024743379003579675
0.002763495073069442
0.003084775248617538
0.003440852469066931
0.0038376634184864402
0.004278427743746042
0.0047650663859732725
0.005306228821778707
0.005907032962980748
0.006567493567919541
0.007300127241976809
0.008112415043606176
0.009001919695052528
0.00998519309990394
0.011072004091542631
0.01225992630031764
0.013566034112148883
0.01500438284837784
0.016572899990628803
0.018286718283719267
0.020165904593161414
0.022209411698869266
0.024426151555720577
0.026844703417544916
0.02946642672072601
0.03228751210025672
0.03534899468211698
0.038657710335058805
0.04218925152913095
0.046004325850559386
0.05012274298453029
0.05449631540898609
0.05922166108678351
0.06434098046983759
0.06984266248069848
0.07587181188707562
0.0825699575424967
0.09010728289014196
0.09884058128995016
0.10926183517639967
0.12220029958888595
0.1388958815643269
0.1609604159602198
0.1911235558023953
0.23307905526987832
0.2899415401135411
0.3648022119989976
0.45629715719224134
0.5543247048454406
0.6416259714122633
0.6954635355085099
0.7247729891405559
0.7435294227194167
0.7608493750407065
0.7791570871198678
0.7984477624953821
0.818193138652089
0.8383908577755204
0.8588954545948988
0.8789673857169863
0.8983431033224066
0.9169059566292747
0.9339082707773043
0.9489262701058396
0.9621257384513402
0.9731084722683625
0.9815926637189999
0.9881644679510053
0.9929275582878656
0.9959356274263463
0.9978751517543604
0.9990269459255775
###
1e-05
1.1768119524349992e-05
1.3848863713938717e-05
1.6297508346206434e-05
1.917910261672489e-05
2.2570197196339216e-05
2.656087782946684e-05
3.1257158496882356e-05
3.678379771828634e-05
4.328761281083062e-05
5.0941380148163754e-05
5.994842503189409e-05
7.054802310718646e-05
8.302175681319735e-05
9.770099572992247e-05
0.00011497569953977356
0.00013530477745798074
0.00015922827933410923
0.0001873817422860383
0.00022051307399030456
0.00025950242113997375
0.0003053855508833416
0.00035938136638046257
0.0004229242874389499
0.0004977023564332109
0.0005857020818056661
0.0006892612104349695
0.0008111308307896872
0.0009545484566618337
0.0011233240329780276
0.0013219411484660286
0.0015556761439304723
0.0018307382802953678
0.002154434690031882
0.0025353644939701114
0.0029836472402833374
0.003511191734215131
0.004132012400115334
0.004862601580065354
0.005722367659350214
0.006734150657750821
0.007924828983539169
0.0093260334688322
0.010974987654930556
0.01291549665014884
0.01519911082952933
0.01788649529057435
0.0210490414451202
0.02477076355991709
0.029150530628251757
0.034304692863149154
0.040370172585965536
0.047508101621027934
0.05590810182512223
0.06579332246575675
0.0774263682681127
0.09111627561154886
0.10722672220103231
0.1261856883066021
0.14849682622544635
0.1747528400007683
0.20565123083486514
0.24201282647943834
0.2848035868435799
0.3351602650938841
0.3944206059437656
0.46415888336127725
0.5462277217684337
0.642807311728432
0.7564633275546291
0.8902150854450375
1.0476157527896641
1.232846739442066
1.4508287784959402
1.7073526474706886
2.009233002565046
2.364489412645407
2.782559402207126
3.274549162877725
3.8535285937105273
4.534878508128582
5.3366992312063015
6.280291441834247
7.390722033525775
8.697490026177835
10.235310218990248
12.045035402587812
14.174741629268048
16.68100537200059
19.630406500402685
23.10129700083158
27.1858824273294
31.992671377973846
37.64935806792464
44.30621457583877
52.14008287999685
61.35907273413163
72.20809018385457
84.97534359086438
100.0
###
4.962025787848634
4.409943558440237
3.826369077834754
3.220955564953375
2.616083642091116
2.0451926870027415
1.6612579923732713
1.2296147528486396
0.8965811109608395
0.6542494308802285
19.500878212904652
17.021166002445064
14.427802939488101
11.791253609651669
9.237321774298874
6.9182257248944845
5.414427682034132
3.7822705024980747
2.5672287619639387
1.7114450333582065
32.67287215715809
28.27953421466725
23.717989020777452
19.136974094738942
14.77278013404795
10.884990760103566
8.406663217862265
5.756940022496854
3.817324796399145
2.468914118077983
45.14694430811976
38.85298871129642
32.35515216357771
25.888277774637444
19.799061005004514
14.444517609066779
11.069522605691727
7.499399163150876
4.908029172025999
3.1250803899260395
57.14990404430156
48.962683662861366
40.55474459288625
32.24791620856346
24.495330612187477
17.745389922797752
13.526637332031136
9.094535112800584
5.905677499391815
3.7241747113085344
68.78840044667302
58.72188549305908
48.42620460013088
38.315699207729814
28.949846693933125
20.859434684342684
15.83670281696405
10.590721756950733
6.838235222722723
4.2841149781477945
80.13583559506557
68.19981320563318
56.03655842616994
44.153555224461236
33.21511544630183
23.829208618414395
18.03351137689944
12.009880069235532
7.72163040442106
4.814845032558869
91.23957765393915
77.44311730196745
63.429649121963585
49.801897464986574
37.32570899823272
26.68107459930633
20.13899773543217
13.36736879749912
8.565874391591166
5.32239407887221
102.13385718160654
86.48541040258965
70.63779250068805
55.28962878939266
41.30612817779127
29.43461280137853
22.168469553598506
14.673767775394445
9.377835104236743
5.810855847491049
112.84438067097952
95.35093164914804
77.6849986269518
60.6381591665373
45.174472291357155
32.10382263655636
24.13305686521823
15.936753659755333
10.162494317947255
6.283260120892186
123.39165068630965
104.06279889521515
84.59003012481456
65.86504920676056
48.94471137630131
34.699840517374575
26.04130210114002
17.162168754565627
10.92351757076537
6.741720881768946
133.79181585410439
112.63356974886105
91.36758844384352
70.98269300739362
52.627998895459896
37.23147059807833
27.8998967203229
18.354568453924937
11.663788046374835
7.188012526493688
144.04571899379616
121.07739415981158
98.0302006404439
76.00236030325767
56.23317096765211
39.70499369836979
29.71421293585713
19.517633804509572
12.385753907476381
7.623417687556993
154.1885511396693
129.40515512189702
104.58790896109785
80.93268823154588
59.767658186167665
42.12634388648397
31.488683713371685
20.65422337547753
13.091104863443045
8.049105944850803
164.21832568078153
137.6257157447079
111.04929698730443
85.78485387795699
63.237565762325524
44.50013947154226
33.226956878301344
21.76693427133791
13.781567884868362
8.465984937565286