# ../data/BKevo/MVge_BKevo/mvge_8.dat
# N(r,Y=0), r, *F2(x,Q^2)
# 1e-05 < r < 100.0
# 1 < Q^2 < 50, n=15, lin grid
# 1e-5 < x < 1e-2, n=10, log grid
###
5.132716880471253e-09
6.5691451400694965e-09
8.422515091598971e-09
1.0790736013453701e-08
1.380624013478446e-08
1.7685271921861396e-08
2.2650310347053427e-08
2.8969675955263402e-08
3.707371237098603e-08
4.746375216975141e-08
6.068156427906606e-08
7.75793930141096e-08
9.927820388921187e-08
1.2686780996200644e-07
1.6202701229953554e-07
2.0724389416172465e-07
2.647018580489416e-07
3.3768874770294577e-07
4.316880447684792e-07
5.510550505641679e-07
7.024780823574619e-07
8.970888377192065e-07
1.1444039329085234e-06
1.4578964988149544e-06
1.859463753080876e-06
2.3703772222790173e-06
3.0174600059312627e-06
3.843544214011828e-06
4.895686456104464e-06
6.227036882818911e-06
7.920890968496374e-06
1.0080361127806878e-05
1.2810276829139535e-05
1.6271691243909335e-05
2.068863139447521e-05
2.626699946408345e-05
3.331655528314778e-05
4.232061973784988e-05
5.368244463239681e-05
6.800570428318458e-05
8.629731177260516e-05
0.00010937764607672682
0.00013845964207762258
0.00017550338900297477
0.00022232640451834236
0.00028133121218401564
0.0003563551418899333
0.0004514327273564045
0.0005713688686796623
0.0007237530912061242
0.0009176149584662042
0.0011626937122907047
0.0014741866337842264
0.0018725397984979248
0.0023777511794620763
0.003020547138747854
0.0038476804971541143
0.004900492259477446
0.0062412273137904825
0.007977022882518229
0.01019301649044277
0.013021144260705738
0.01668353566403339
0.02137316636510844
0.027359724633558555
0.03508378532592793
0.0449721306209948
0.05754655845101423
0.0736222476634733
0.09405718625166273
0.11974211249734465
0.15195367529887996
0.1920337215458949
0.24103642989749532
0.3001361917032313
0.36991381790969474
0.45011283184308193
0.5394203634046633
0.6328721958665718
0.7267330609181174
0.8150212659839982
0.88619296878208
0.9395688141602518
0.97436605977801
0.9909703570142184
0.9975830003106602
0.999617488999606
0.9999629058132261
0.9999973276392294
0.9999999274018279
0.9999999997804173
0.9999999999988738
0.9999999999999987
1.0
1.0
1.0
1.0
1.0
1.0
1.0
###
1e-05
1.1768119524349992e-05
1.3848863713938717e-05
1.6297508346206434e-05
1.917910261672489e-05
2.2570197196339216e-05
2.656087782946684e-05
3.1257158496882356e-05
3.678379771828634e-05
4.328761281083062e-05
5.0941380148163754e-05
5.994842503189409e-05
7.054802310718646e-05
8.302175681319735e-05
9.770099572992247e-05
0.00011497569953977356
0.00013530477745798074
0.00015922827933410923
0.0001873817422860383
0.00022051307399030456
0.00025950242113997375
0.0003053855508833416
0.00035938136638046257
0.0004229242874389499
0.0004977023564332109
0.0005857020818056661
0.0006892612104349695
0.0008111308307896872
0.0009545484566618337
0.0011233240329780276
0.0013219411484660286
0.0015556761439304723
0.0018307382802953678
0.002154434690031882
0.0025353644939701114
0.0029836472402833374
0.003511191734215131
0.004132012400115334
0.004862601580065354
0.005722367659350214
0.006734150657750821
0.007924828983539169
0.0093260334688322
0.010974987654930556
0.01291549665014884
0.01519911082952933
0.01788649529057435
0.0210490414451202
0.02477076355991709
0.029150530628251757
0.034304692863149154
0.040370172585965536
0.047508101621027934
0.05590810182512223
0.06579332246575675
0.0774263682681127
0.09111627561154886
0.10722672220103231
0.1261856883066021
0.14849682622544635
0.1747528400007683
0.20565123083486514
0.24201282647943834
0.2848035868435799
0.3351602650938841
0.3944206059437656
0.46415888336127725
0.5462277217684337
0.642807311728432
0.7564633275546291
0.8902150854450375
1.0476157527896641
1.232846739442066
1.4508287784959402
1.7073526474706886
2.009233002565046
2.364489412645407
2.782559402207126
3.274549162877725
3.8535285937105273
4.534878508128582
5.3366992312063015
6.280291441834247
7.390722033525775
8.697490026177835
10.235310218990248
12.045035402587812
14.174741629268048
16.68100537200059
19.630406500402685
23.10129700083158
27.1858824273294
31.992671377973846
37.64935806792464
44.30621457583877
52.14008287999685
61.35907273413163
72.20809018385457
84.97534359086438
100.0
###
1.6670142937602834
1.4573872204007463
1.2656338429453267
1.092651524487418
0.9388586238934111
0.8039697403492552
0.7146399194122756
0.6102766959206294
0.5213091083044656
0.4460254354575021
5.074178148331118
4.2764755992847485
3.572368141352956
2.9601683655885007
2.4354020865809956
1.99109787085733
1.7057157327408692
1.381681895488739
1.1139028570896734
0.8936875457649508
7.5370998735141725
6.253647595705979
5.1394213796962775
4.186767811861969
3.3834735830481786
2.714280218697915
2.2903693514211625
1.8154270740280607
1.428899555656106
1.1158329994559546
9.595230066091833
7.881398185711364
6.409864930761032
5.165438408049444
4.127362908702356
3.2715831198145664
2.7343853649277188
2.1378932133163215
1.6573672632071996
1.272190165189091
11.406039195817531
9.299347808507209
7.505339508726146
6.000506952455044
4.755152165946058
3.736460012923594
3.101321292952964
2.4007376637956797
1.8407087774785353
1.3953526416439486
13.04394659226666
10.572392712381665
8.48142483876269
6.73879326731777
5.305701924583373
4.140671126441069
3.418150176783017
2.6255654654827607
1.9957100410119422
1.4980755408267024
14.55159412485096
11.737255266908628
9.369189651993336
7.40616450991944
5.800199087783778
4.501308157939552
3.6993328141557993
2.823383152221835
2.1310192937697705
1.5868255043469068
15.95626447483083
12.817219705061717
10.188184936718596
8.018706560706782
6.251692166683734
4.828754422130518
3.9535249025880805
3.001135241786693
2.2516587385065536
1.665343682090546
17.27669814841555
13.82799929729966
10.951620424236154
8.587262945963857
6.668928009699038
5.129921769614627
4.186477998391076
3.1630901999229377
2.3609832485516558
1.7360122480783193
18.526796081639112
14.781378461728085
11.668950429842022
9.119479956206483
7.057978543909411
5.409621360994816
4.402096831940889
3.3124110287086888
2.461236058760713
1.8004359663387581
19.716824670224295
15.685835927572477
12.347253208965116
9.621077480502445
7.4233585560446365
5.671423523168605
4.603374290346242
3.451229510897127
2.554032863988592
1.859773431915913
20.853846515839155
16.54783436821311
12.991914307093472
10.096495464134005
7.768661570423058
5.917992694696931
4.792471468700479
3.581189854707391
2.640572637620732
1.9148684805434242
21.944634689009924
17.373065034152468
13.607073314757063
10.548715451074788
8.096424637487084
6.151410926057004
4.9710843163398675
3.7035504452524686
2.7217774635549716
1.9663678155710012
22.99452244530657
18.165120182355974
14.19641606842244
10.981118263718203
8.408755344237814
6.373338987148765
5.140563342573883
3.819327095486368
2.7983740789818747
2.0147740294119365
24.00763247744811
18.927770541962534
14.762643799601397
11.395616543220996
8.707705575048271
6.585145575087451
5.301946505981605
3.9293141598031944
2.8709337922771963
2.0604873486733184