# ../data/BKevo/MV2g_BKevo/mv2g_84.dat
# N(r,Y=0), r, *F2(x,Q^2)
# 1e-05 < r < 100.0
# 1 < Q^2 < 50, n=15, lin grid
# 1e-5 < x < 1e-2, n=10, log grid
###
9.985073865777548e-05
0.00011233984769270953
0.00012630678095212105
0.00014200583186753585
0.00015967944033767534
0.0001794576415228076
0.00020164501728790735
0.0002266060163294057
0.0002545575113708478
0.000285848867215308
0.0003210256207457591
0.0003604411968157426
0.0004044696513590727
0.0004539242252158736
0.0005093705372052954
0.0005711609974557217
0.0006405030030815381
0.0007182885025650003
0.0008047566888002982
0.0009016929134354396
0.0010103602863980481
0.0011310956498620669
0.0012661501130695593
0.0014173681151415883
0.0015854022902474197
0.0017728431298072124
0.0019824319819148847
0.002215332693510656
0.0024743378476163903
0.0027634949865041852
0.0030847751059645085
0.0034408522324921027
0.003837663030228667
0.0042784271070610835
0.004765065330116397
0.005306227089563942
0.005907030137328037
0.006567488883646373
0.007300119562647004
0.008112402570106814
0.009001899064121171
0.00998515931989084
0.011071949309763197
0.012259836252739
0.013565886964029543
0.0150041447801379
0.016572511443106803
0.018286085274655823
0.020164884043245807
0.022207759986223152
0.02442347296044232
0.026840407290437882
0.02945954417251628
0.03227642808445803
0.03533135537036479
0.03862981448494058
0.04214480857774636
0.04593444834373248
0.05001414196751765
0.054326298220801844
0.05895962880265938
0.06394319905707467
0.06924051532311418
0.07497780419218249
0.08127355767505627
0.08827363098117252
0.09635396311118807
0.10609133620674954
0.1186183458871178
0.13586365491809516
0.16063347573808076
0.1982400966521638
0.2563348311573623
0.34040816961568177
0.4511135126225465
0.5670762868817744
0.6538319506921538
0.6953575707753791
0.7118262779363285
0.7271614342534773
0.7435836285328445
0.7608497613661999
0.7791570875455662
0.798447762495391
0.818193138652089
0.8383908577755204
0.8588954545948988
0.8789673857169863
0.8983431033224066
0.9169059566292747
0.9339082707773043
0.9489262701058396
0.9621257384513402
0.9731084722683625
0.9815926637189999
0.9881644679510053
0.9929275582878656
0.9959356274263463
0.9978751517543604
0.9990269459255775
###
1e-05
1.1768119524349992e-05
1.3848863713938717e-05
1.6297508346206434e-05
1.917910261672489e-05
2.2570197196339216e-05
2.656087782946684e-05
3.1257158496882356e-05
3.678379771828634e-05
4.328761281083062e-05
5.0941380148163754e-05
5.994842503189409e-05
7.054802310718646e-05
8.302175681319735e-05
9.770099572992247e-05
0.00011497569953977356
0.00013530477745798074
0.00015922827933410923
0.0001873817422860383
0.00022051307399030456
0.00025950242113997375
0.0003053855508833416
0.00035938136638046257
0.0004229242874389499
0.0004977023564332109
0.0005857020818056661
0.0006892612104349695
0.0008111308307896872
0.0009545484566618337
0.0011233240329780276
0.0013219411484660286
0.0015556761439304723
0.0018307382802953678
0.002154434690031882
0.0025353644939701114
0.0029836472402833374
0.003511191734215131
0.004132012400115334
0.004862601580065354
0.005722367659350214
0.006734150657750821
0.007924828983539169
0.0093260334688322
0.010974987654930556
0.01291549665014884
0.01519911082952933
0.01788649529057435
0.0210490414451202
0.02477076355991709
0.029150530628251757
0.034304692863149154
0.040370172585965536
0.047508101621027934
0.05590810182512223
0.06579332246575675
0.0774263682681127
0.09111627561154886
0.10722672220103231
0.1261856883066021
0.14849682622544635
0.1747528400007683
0.20565123083486514
0.24201282647943834
0.2848035868435799
0.3351602650938841
0.3944206059437656
0.46415888336127725
0.5462277217684337
0.642807311728432
0.7564633275546291
0.8902150854450375
1.0476157527896641
1.232846739442066
1.4508287784959402
1.7073526474706886
2.009233002565046
2.364489412645407
2.782559402207126
3.274549162877725
3.8535285937105273
4.534878508128582
5.3366992312063015
6.280291441834247
7.390722033525775
8.697490026177835
10.235310218990248
12.045035402587812
14.174741629268048
16.68100537200059
19.630406500402685
23.10129700083158
27.1858824273294
31.992671377973846
37.64935806792464
44.30621457583877
52.14008287999685
61.35907273413163
72.20809018385457
84.97534359086438
100.0
###
4.96202847096219
4.410101835716269
3.8271496081244156
3.223536030563107
2.6225087388094788
2.0583958192917606
1.680471690932136
1.2576591554313648
0.9324701783442816
0.6960712296746238
19.500705743387275
17.02123746400943
14.428961977044615
11.79594652237625
9.249498082326742
6.944242813820768
5.451387794383246
3.833543964472082
2.6309800816648745
1.783288604857985
32.67247110357123
28.27923158785985
23.718700957721772
19.14156785715252
14.7853587133524
10.913717125336676
8.446887150803693
5.811948212738196
3.8821492621854796
2.5388558025499135
45.14630199296016
38.85229168704768
32.355218907677376
25.89217271980985
19.810794525980008
14.473704325957517
11.11002035795761
7.551444608874586
4.971403917136177
3.1893033005240365
57.14464209348748
48.961518708376396
40.5540110205142
32.25021457065653
24.505817511175895
17.77432682840748
13.566511223217745
9.14667676013323
5.965579823500152
3.782179749741112
68.78727365792936
58.72030313888922
48.425044287754396
38.31705383733693
28.958954813788914
20.887794441432806
15.875490080141734
10.640690298392013
6.89469689543381
4.336562461486065
80.13446067933405
68.19779977166789
56.03438099779249
44.15383823184777
33.22283066673967
23.85619529526911
18.071162377167436
12.057704409170585
7.7748853180184385
4.862355069940946
91.23798103357763
77.44068682316856
63.42684115717855
49.80112198251606
37.33206997958747
26.7070445269291
20.17557952045785
13.417707483646353
8.614546073515925
5.365636576272597
102.13203247580853
86.48257367613579
70.63438541676928
55.28770306110066
41.31114179532992
29.460479776075815
22.20386241552764
14.717652209491726
9.423720844978773
5.8503938224916165
112.8423327419668
95.34880314884252
77.68094339439465
60.63532451907693
45.17819096263048
32.12906273321971
24.1674179498758
15.978822327584123
10.205852605673783
6.319479475301066
123.38938309764092
104.05918292167492
84.58527821480811
65.86148330241002
48.947201598600756
34.72432110415996
26.074673466962246
17.202648881475653
10.964613681053502
6.775056516807243
133.78933325705674
112.62959216512436
91.36236079086189
70.97809401211855
52.62943943563259
37.25526049007262
27.932340165691905
18.39352350090642
11.702871034156143
7.218735372853909
144.05553954536077
121.07306155561366
98.02438059167787
75.99988539731169
56.2328023389356
39.72802438844492
29.745709866870257
19.55518188051136
12.42297476124341
7.65183468235332
154.18565273873497
129.40021398722797
104.58157763858877
80.9296236460386
59.766203303064806
42.1487358571333
31.519385910675986
20.690435978761872
13.12658733372739
8.07544812802864
164.21522339908063
137.6206364858215
111.04227749323195
85.77779948699096
63.23513188549943
44.52185558184259
33.25684864829108
21.80191616290656
13.815458161975892
8.490444509475116