# ../data/BKevo/MVge_BKevo/mvge_2.dat
# N(r,Y=0), r, *F2(x,Q^2)
# 1e-05 < r < 100.0
# 1 < Q^2 < 50, n=15, lin grid
# 1e-5 < x < 1e-2, n=10, log grid
###
0.00012869121108086807
0.00014478830022321136
0.00016279034315614226
0.00018302514956660518
0.00020580527933784264
0.00023129848988365982
0.0002598974970176462
0.0002920722070860827
0.0003281024517882088
0.0003684388688618292
0.0004137849510264697
0.0004645968231376821
0.0005213573902247281
0.0005851155548005612
0.0006566015034826415
0.000736271204536846
0.0008256823205353843
0.000925986736482748
0.0010374965721538826
0.0011625158721939167
0.0013026772231276172
0.001458422450673665
0.0016326594279367818
0.0018277746172978768
0.0020446241790300014
0.00228656145097012
0.002557138024575266
0.002857883295169733
0.0031924288496653556
0.0035660280487072086
0.003981278807740012
0.004441699247472452
0.004955014231212642
0.005525486621319681
0.006155751155351963
0.006857103096920109
0.007636361865366031
0.008493899855683417
0.00944614642837447
0.010503192298702878
0.01166266029897811
0.012946508801289258
0.014368262432504957
0.015926336434813528
0.017644169092697008
0.01954178113968853
0.02161959846403629
0.023900368080840746
0.026413799225684417
0.029164658385289473
0.03217160507825404
0.035479023345822466
0.0391003164291171
0.043045688048404154
0.047381989461274886
0.052138704747708056
0.05731319827236153
0.06300647315629164
0.06927577395274237
0.07610232696719907
0.08363715678035027
0.09196721456782901
0.10109562497950435
0.11119996561230891
0.12241935663458478
0.1347936557626755
0.14851561975842098
0.1637893491897377
0.18068815095897028
0.19939064654162555
0.220167049434006
0.2431004952403817
0.26827474067320034
0.2960161455788531
0.3263716306270966
0.3591549965927056
0.3947327924394821
0.4330540574415788
0.4733518348954174
0.5160344063268156
0.5608329735791644
0.6062066742095892
0.652466697486354
0.6990616002327892
0.7439643894868018
0.7870837700868931
0.8279524418333832
0.8646207106546921
0.8967984200254794
0.9246865528723549
0.9472737340716151
0.9645802547170582
0.9777378767303099
0.98694033169542
0.9926885753039452
0.9963009039653912
0.9983469502256389
0.9992863545343161
0.9997353077499437
0.9999228798515168
###
1e-05
1.1768119524349992e-05
1.3848863713938717e-05
1.6297508346206434e-05
1.917910261672489e-05
2.2570197196339216e-05
2.656087782946684e-05
3.1257158496882356e-05
3.678379771828634e-05
4.328761281083062e-05
5.0941380148163754e-05
5.994842503189409e-05
7.054802310718646e-05
8.302175681319735e-05
9.770099572992247e-05
0.00011497569953977356
0.00013530477745798074
0.00015922827933410923
0.0001873817422860383
0.00022051307399030456
0.00025950242113997375
0.0003053855508833416
0.00035938136638046257
0.0004229242874389499
0.0004977023564332109
0.0005857020818056661
0.0006892612104349695
0.0008111308307896872
0.0009545484566618337
0.0011233240329780276
0.0013219411484660286
0.0015556761439304723
0.0018307382802953678
0.002154434690031882
0.0025353644939701114
0.0029836472402833374
0.003511191734215131
0.004132012400115334
0.004862601580065354
0.005722367659350214
0.006734150657750821
0.007924828983539169
0.0093260334688322
0.010974987654930556
0.01291549665014884
0.01519911082952933
0.01788649529057435
0.0210490414451202
0.02477076355991709
0.029150530628251757
0.034304692863149154
0.040370172585965536
0.047508101621027934
0.05590810182512223
0.06579332246575675
0.0774263682681127
0.09111627561154886
0.10722672220103231
0.1261856883066021
0.14849682622544635
0.1747528400007683
0.20565123083486514
0.24201282647943834
0.2848035868435799
0.3351602650938841
0.3944206059437656
0.46415888336127725
0.5462277217684337
0.642807311728432
0.7564633275546291
0.8902150854450375
1.0476157527896641
1.232846739442066
1.4508287784959402
1.7073526474706886
2.009233002565046
2.364489412645407
2.782559402207126
3.274549162877725
3.8535285937105273
4.534878508128582
5.3366992312063015
6.280291441834247
7.390722033525775
8.697490026177835
10.235310218990248
12.045035402587812
14.174741629268048
16.68100537200059
19.630406500402685
23.10129700083158
27.1858824273294
31.992671377973846
37.64935806792464
44.30621457583877
52.14008287999685
61.35907273413163
72.20809018385457
84.97534359086438
100.0
###
5.270508756853465
4.733608353068593
4.16346811906394
3.56642164121326
2.9544315483312533
2.352611051620474
1.9279561428711565
1.4232130234197906
1.010031139727626
0.6937579520940713
20.89097725668649
18.472149055337834
15.923270976248903
13.293546319927591
10.673054177397805
8.199269698206587
6.528345480020402
4.632892009529685
3.158368807054186
2.0823653244317146
35.14300090610324
30.84776176703083
26.343450332889752
21.74055057224533
17.222083967700854
13.038530415939361
10.27035292798707
7.180978278122381
4.826772661149059
3.140245003733719
48.697002561308736
42.52920043016948
36.08927284834945
29.55543266713878
23.209147584939632
17.409271170335103
13.619406188392336
9.437061999112547
6.293274220966102
4.0631954614131365
61.771270731870864
53.73834226350549
45.38013547950885
36.94902268403125
28.82761071660648
21.478465391480867
16.719914002620108
11.514156560819066
7.635220943968747
4.904133868356862
74.48180271570612
64.5903506905067
54.32830601838936
44.025974773593845
34.17380087869478
25.327262620399445
19.633047919576008
13.462036292047241
8.890876936954026
5.688089316214353
86.89880724437178
75.15407937091064
63.002044261568805
50.85452292104122
39.305705159758894
29.00438131521714
22.413757194092376
15.31066110477982
10.075861329460375
6.428382116349508
99.06970638491026
85.47707114686405
71.44742300894352
57.477108175828135
44.26165972768853
32.54158561454127
25.08178981010626
17.0794084286857
11.208543386200994
7.133944272735608
111.02878900543827
95.59337398081463
79.69748889312054
63.923453003228076
49.06869747443806
35.96139599639745
27.655538093523194
18.78171761862052
12.297307202440024
7.811134298247061
122.8019869769164
105.52855773006601
87.77718945998176
70.21732032549528
53.747371249523816
39.280277400272816
30.14882025510936
20.427429366971186
13.348114573967237
8.464189378480809
134.40962347416124
115.30297781503158
95.70593564116089
76.37622273332798
58.31424008751879
42.511059656851614
32.572559263369314
22.024025596012564
14.365858482955181
9.097717331686791
145.8680322473648
124.93269366609454
103.49934559927593
82.41535848702812
62.7776162177326
45.663745275260865
34.93388302032084
23.57750895969789
15.35583675870612
9.710506686372712
157.19067213178866
134.43097312397177
111.17022861434677
88.345708836072
67.15323500099495
48.74661659287551
37.239909428468415
25.092554988505036
16.31998530002866
10.308471821738404
168.3887371474947
143.80891038026263
118.72718379928772
94.17727968704385
71.45025083511119
51.76663703881861
39.496081784470434
26.573037050638874
17.26134945181435
10.891985216780354
179.47175493169155
153.0758670516755
126.18500205717079
99.9182606534047
75.66976448232572
54.72879214990159
41.70627932562178
28.022172414514404
18.1820774458939
11.462461832889447