# ../data/BKevo/MVge_BKevo/mvge_109.dat
# N(r,Y=0), r, *F2(x,Q^2)
# 1e-05 < r < 100.0
# 1 < Q^2 < 50, n=15, lin grid
# 1e-5 < x < 1e-2, n=10, log grid
###
1.8600898711006056e-08
2.3806604038327158e-08
3.0523397164457825e-08
3.91061487875627e-08
5.003487004809705e-08
6.409339279446682e-08
8.208818436060058e-08
1.0499192380634597e-07
1.343647517265034e-07
1.7202432019851281e-07
2.199350340774531e-07
2.811874093040391e-07
3.598470703026835e-07
4.5986717193537235e-07
5.873383977615122e-07
7.512901514850903e-07
9.596479713146687e-07
1.2243493477893248e-06
1.5653147211282749e-06
1.998372530018418e-06
2.5478395473063604e-06
3.2542258160475157e-06
4.152189099575354e-06
5.290829744924118e-06
6.750070555745957e-06
8.60765333210131e-06
1.0961727998352211e-05
1.3969402627380618e-05
1.7803696359961436e-05
2.266043742775503e-05
2.884765195534208e-05
3.674831201289713e-05
4.675308056374816e-05
5.9465339399164454e-05
7.573092363148268e-05
9.633119277048355e-05
0.00012244994924547203
0.00015595908085536063
0.00019843080879738509
0.00025223983120314925
0.0003214295918831217
0.00040931919946938464
0.0005208740259863176
0.00066432409522916
0.0008473693016927737
0.001080310081551818
0.0013800483662649704
0.0017645270078378939
0.0022552730942022137
0.002887131077035453
0.0037019523780173914
0.004744767836782747
0.006087161526061268
0.007826224156269879
0.010055458939396923
0.01292014837897044
0.016642140881628634
0.02141181912192975
0.027516716591937853
0.03544716852690482
0.045573888516360586
0.05846688942042698
0.0750446991924635
0.09604398097924555
0.12244489298493694
0.15566577389211772
0.19684753683149384
0.24715367858024928
0.30776418592002036
0.3790866177356444
0.4608335429707146
0.5509718626403258
0.6451106706985359
0.7390131573956337
0.825304988289791
0.8943565879412405
0.9455441234399554
0.9778299148989624
0.9922444753427156
0.998063736249517
0.9997486132693628
0.9999720196740882
0.9999982188140523
0.9999999710235281
0.9999999998675805
0.9999999999994256
0.9999999999999996
1.0
1.0
1.0
1.0
1.0
1.0
1.0
1.0
1.0
1.0
1.0
1.0
1.0
###
1e-05
1.1768119524349992e-05
1.3848863713938717e-05
1.6297508346206434e-05
1.917910261672489e-05
2.2570197196339216e-05
2.656087782946684e-05
3.1257158496882356e-05
3.678379771828634e-05
4.328761281083062e-05
5.0941380148163754e-05
5.994842503189409e-05
7.054802310718646e-05
8.302175681319735e-05
9.770099572992247e-05
0.00011497569953977356
0.00013530477745798074
0.00015922827933410923
0.0001873817422860383
0.00022051307399030456
0.00025950242113997375
0.0003053855508833416
0.00035938136638046257
0.0004229242874389499
0.0004977023564332109
0.0005857020818056661
0.0006892612104349695
0.0008111308307896872
0.0009545484566618337
0.0011233240329780276
0.0013219411484660286
0.0015556761439304723
0.0018307382802953678
0.002154434690031882
0.0025353644939701114
0.0029836472402833374
0.003511191734215131
0.004132012400115334
0.004862601580065354
0.005722367659350214
0.006734150657750821
0.007924828983539169
0.0093260334688322
0.010974987654930556
0.01291549665014884
0.01519911082952933
0.01788649529057435
0.0210490414451202
0.02477076355991709
0.029150530628251757
0.034304692863149154
0.040370172585965536
0.047508101621027934
0.05590810182512223
0.06579332246575675
0.0774263682681127
0.09111627561154886
0.10722672220103231
0.1261856883066021
0.14849682622544635
0.1747528400007683
0.20565123083486514
0.24201282647943834
0.2848035868435799
0.3351602650938841
0.3944206059437656
0.46415888336127725
0.5462277217684337
0.642807311728432
0.7564633275546291
0.8902150854450375
1.0476157527896641
1.232846739442066
1.4508287784959402
1.7073526474706886
2.009233002565046
2.364489412645407
2.782559402207126
3.274549162877725
3.8535285937105273
4.534878508128582
5.3366992312063015
6.280291441834247
7.390722033525775
8.697490026177835
10.235310218990248
12.045035402587812
14.174741629268048
16.68100537200059
19.630406500402685
23.10129700083158
27.1858824273294
31.992671377973846
37.64935806792464
44.30621457583877
52.14008287999685
61.35907273413163
72.20809018385457
84.97534359086438
100.0
###
2.515872661923572
2.2941746884125322
2.08599919766738
1.8929869403690749
1.7163349946377897
1.556775097957468
1.4485223133117957
1.319321751601125
1.2068998492879512
1.1104861352057116
8.5140125883871
7.5563782539728255
6.671654527662131
5.865715475165835
5.1413159648303735
4.498636961187551
4.068935061621834
3.562425105136291
3.126653267627036
2.7550032468210532
13.242768987162833
11.601395475717705
10.100541826330039
8.748579913451133
7.546674964346788
6.491708270053119
5.792751715598876
4.975539897568758
4.278258993058549
3.687444360067361
17.36951602008452
15.082557681194695
13.007965061882476
11.153698276651658
9.5187498573211
8.094973534128206
7.157931635575378
6.068963845125775
5.146056898835532
4.368095567956689
21.10764991037428
18.20512914869179
15.588577308906848
13.264901415133599
11.229150077953811
9.46739051973979
8.314057521214089
6.980387211735858
5.8556932338815315
4.912795727369574
24.563355353286724
21.06910328751043
17.937187347168564
15.169933432440503
12.758449481887931
10.682333266182255
9.329202972837946
7.771041296022501
6.462862164164177
5.370834936869896
27.79698709455904
23.7355377114068
20.10898957478644
16.919415526799995
14.152540934623579
11.780998556352433
10.241211571733148
8.474520367619501
6.997125425454158
5.76820537999108
30.855300789177903
26.24250864829622
22.139737622171772
18.545624111946584
15.440512163832095
12.789321461427333
11.07367031713641
9.111442915722254
7.476283833956593
6.120428442509129
33.76929027564535
28.61723726338264
24.054335464418216
20.07133569878194
16.642547443587173
13.724888603766265
11.842494936959104
9.69554620421339
7.912147092615732
6.438075528131695
36.55364252538331
30.88050653563804
25.870920139191476
21.5129770852899
17.772589668926308
14.600232666038446
12.55886376183984
10.236578463042978
8.313044644919879
6.727549588711595
39.22811334575228
33.04312651668442
27.60329928866727
22.882187555841757
18.8418120673809
15.424699790638625
13.23116148478258
10.741628310213878
8.68496422278679
6.994125676819291
41.80573939024829
35.124036656440914
29.26186288087262
24.188770955889723
19.85815898447948
16.205147364942636
13.865870550032387
11.216104994427505
9.03240814934105
7.2414679035764395
44.29753456466578
37.13252562988835
30.85591918644661
25.44032693386338
20.828633901072536
16.94851559767866
14.467835025312896
11.664212174791153
9.35892396478398
7.472538822114266
46.71206243167812
39.07061335677275
32.39211316146616
26.64300435673578
21.758637490782565
17.657757330345984
15.04095711880671
12.089366574421307
9.667255577727742
7.689492414638044
49.056555124456985
40.947845985338404
33.87308078708796
27.801861909576168
22.652163761871392
18.3371965328732
15.588762664984392
12.494142084371235
9.959627324706036
7.893801639422751