# ../data/BKevo/MVge_BKevo/mvge_114.dat
# N(r,Y=0), r, *F2(x,Q^2)
# 1e-05 < r < 100.0
# 1 < Q^2 < 50, n=15, lin grid
# 1e-5 < x < 1e-2, n=10, log grid
###
1.4152909950314792e-12
2.0570305488551623e-12
3.0119900673823225e-12
4.3988676649561005e-12
6.394385958749318e-12
9.344079436364798e-12
1.3649717682352342e-11
1.9844456836615266e-11
2.8938027615920433e-11
4.2280750312338444e-11
6.147554926091858e-11
8.945328917409843e-11
1.3072045482443428e-10
1.900789859690292e-10
2.759707293174431e-10
4.0333755284338447e-10
5.865080224160775e-10
8.495925729363581e-10
1.2418232808042176e-09
1.8057819310353614e-09
2.6140626924844624e-09
3.814736451660189e-09
5.547008439894592e-09
8.029056732120815e-09
1.1690826615066537e-08
1.6999072440759545e-08
2.460290445550162e-08
3.574342594113425e-08
5.197274369406279e-08
7.521639176488533e-08
1.0903654500511039e-07
1.5856060976357368e-07
2.2948961068155758e-07
3.319951124714144e-07
4.829405645267391e-07
6.992034635710083e-07
1.009712153695621e-06
1.4698357814158387e-06
2.1296680369577776e-06
3.0733877956236445e-06
4.476787626420399e-06
6.495715964838176e-06
9.388625308596537e-06
1.3673701439002794e-05
1.9884809227268492e-05
2.880847643939316e-05
4.198221268191564e-05
6.123966828307512e-05
8.899732893961699e-05
0.00012984308354234045
0.00019009271661177805
0.00027722735029534
0.00040497473313303155
0.0005951165379886762
0.0008709105510739527
0.0012733719257307587
0.0018775026173534887
0.0027555580955996592
0.0040291719414877365
0.005954777329830273
0.00875451512115391
0.01280945327390302
0.018895516414369328
0.027751442513172346
0.04050226545581111
0.05929928660376718
0.0863575478751242
0.1244537739121033
0.17818075640382258
0.251710908514188
0.34776530971756764
0.46747699411771715
0.6045029962950478
0.7452599681115795
0.8677724601425734
0.946663609250217
0.9861449573247496
0.9985350767749883
0.999891040280856
0.9999971779996317
0.9999999964005931
0.9999999999997395
1.0
1.0
1.0
1.0
1.0
1.0
1.0
1.0
1.0
1.0
1.0
1.0
1.0
1.0
1.0
1.0
1.0
1.0
###
1e-05
1.1768119524349992e-05
1.3848863713938717e-05
1.6297508346206434e-05
1.917910261672489e-05
2.2570197196339216e-05
2.656087782946684e-05
3.1257158496882356e-05
3.678379771828634e-05
4.328761281083062e-05
5.0941380148163754e-05
5.994842503189409e-05
7.054802310718646e-05
8.302175681319735e-05
9.770099572992247e-05
0.00011497569953977356
0.00013530477745798074
0.00015922827933410923
0.0001873817422860383
0.00022051307399030456
0.00025950242113997375
0.0003053855508833416
0.00035938136638046257
0.0004229242874389499
0.0004977023564332109
0.0005857020818056661
0.0006892612104349695
0.0008111308307896872
0.0009545484566618337
0.0011233240329780276
0.0013219411484660286
0.0015556761439304723
0.0018307382802953678
0.002154434690031882
0.0025353644939701114
0.0029836472402833374
0.003511191734215131
0.004132012400115334
0.004862601580065354
0.005722367659350214
0.006734150657750821
0.007924828983539169
0.0093260334688322
0.010974987654930556
0.01291549665014884
0.01519911082952933
0.01788649529057435
0.0210490414451202
0.02477076355991709
0.029150530628251757
0.034304692863149154
0.040370172585965536
0.047508101621027934
0.05590810182512223
0.06579332246575675
0.0774263682681127
0.09111627561154886
0.10722672220103231
0.1261856883066021
0.14849682622544635
0.1747528400007683
0.20565123083486514
0.24201282647943834
0.2848035868435799
0.3351602650938841
0.3944206059437656
0.46415888336127725
0.5462277217684337
0.642807311728432
0.7564633275546291
0.8902150854450375
1.0476157527896641
1.232846739442066
1.4508287784959402
1.7073526474706886
2.009233002565046
2.364489412645407
2.782559402207126
3.274549162877725
3.8535285937105273
4.534878508128582
5.3366992312063015
6.280291441834247
7.390722033525775
8.697490026177835
10.235310218990248
12.045035402587812
14.174741629268048
16.68100537200059
19.630406500402685
23.10129700083158
27.1858824273294
31.992671377973846
37.64935806792464
44.30621457583877
52.14008287999685
61.35907273413163
72.20809018385457
84.97534359086438
100.0
###
1.8787167234542543
1.7088349263118752
1.5556601407593562
1.4194847922445522
1.3001208372641904
1.1970706572157954
1.1300170659864308
1.053510359312337
0.9908478533422121
0.941067875648549
5.79728843206184
5.099216749377628
4.479826474769221
3.936796229425629
3.466019135415978
3.0620752839331242
2.7992108380467906
2.4975267366776537
2.2454088648220334
2.0368828498681917
8.625985945356975
7.467400823208596
6.449570869141398
5.565458544856865
4.805177907299061
4.156972361294864
3.736674006357522
3.2546259569863674
2.8508775194366454
2.5142286355037906
10.978241763069335
9.40235512079854
8.028233529029784
6.842955707911529
5.830089801734304
4.971133784546922
4.4164939262822696
3.7815027627715416
3.2504449580247647
2.8070987893246797
13.037993038152395
11.076253079558901
9.37584041989434
7.917432932405463
6.677485467164696
5.631074371984712
4.957651622474361
4.188705466271775
3.5465910766183555
3.011434332650346
14.893017971904136
12.569836713989634
10.566175217375948
8.855868621150886
7.408323746738922
6.191227368198713
5.41093048967171
4.522103304886754
3.7817861076790926
3.16572347556765
16.59367676836984
13.928974473043334
11.640584520049606
9.695273033746941
8.055126077830549
6.681463332302538
5.802937404537871
4.805119046293224
3.9762232841497447
3.2878452275994765
18.172008755714558
15.182812128131827
12.6250289449408
10.458622616793026
8.638402270146948
7.1188775517348155
6.14960352427434
5.051665627794176
4.141733286205759
3.3878920267841544
19.651073936484973
16.351260398905715
13.53711724645121
11.161334259491793
9.17135856587274
7.515074296634708
6.461223481651796
5.270198305464438
4.285741936772456
3.4719880650438384
21.046685646621917
17.448637848532133
14.389383362573112
11.814266519316112
9.663410022383054
7.87811047807171
6.7447757073096035
5.466780485169455
4.413035317155758
3.544089850088256
22.371395421457414
18.485442733184602
15.191207643004935
12.42548175126936
10.121427919427425
8.213794997725838
7.005392346948305
5.645636956555916
4.527124654019273
3.606907514635021
23.633880754813337
19.47036641015969
15.949669561765644
13.001051493513662
10.550599316090816
8.526496873731201
7.246816069179923
5.809795480793672
4.63043095152495
3.662238489108224
24.842180893306175
20.409742829191305
16.67034232628526
13.545916020127715
10.954991418295506
8.819581641629075
7.471992449644727
5.961624985053157
4.724808913358925
3.7122334651364253
26.002301746186237
21.308890517088713
17.358216406072863
14.06376216060442
11.337736369165013
9.095631487453156
7.68316250603666
6.102955578898649
4.812004104271069
3.756371280259022
27.119267658613925
22.172130376270914
18.01635080962142
14.55773610013924
11.701444952473825
9.356806398843863
7.881956311047737
6.235192233980553
4.892430851275138
3.7967716395938753