# ../data/BKevo/MVge_BKevo/mvge_117.dat
# N(r,Y=0), r, *F2(x,Q^2)
# 1e-05 < r < 100.0
# 1 < Q^2 < 50, n=15, lin grid
# 1e-5 < x < 1e-2, n=10, log grid
###
1.110223024625157e-16
2.152140860617445e-16
2.7691194914411485e-16
5.063301254894309e-16
8.504284721834098e-16
1.3541257791971447e-15
2.284578255037884e-15
3.777188519275635e-15
6.195457223412995e-15
1.0394722241234776e-14
1.715853030189131e-14
2.853072448855663e-14
4.755917956010185e-14
7.869328529899227e-14
1.296849726658101e-13
2.1699681003293914e-13
3.5895362962835086e-13
5.892271170670882e-13
9.867581368513521e-13
1.63367690441645e-12
2.679966694393726e-12
4.475733264640458e-12
7.415659620545338e-12
1.2170305074355926e-11
2.024341866670085e-11
3.3562581722613967e-11
5.5103021917828765e-11
9.12703878618868e-11
1.5141251354679303e-10
2.486661983446781e-10
4.100777893423901e-10
6.806501499452098e-10
1.1180874441320062e-09
1.8354360476165572e-09
3.0477629730388337e-09
5.007085855187981e-09
8.180476457619252e-09
1.3588059405969254e-08
2.2323566605432396e-08
3.634443750718674e-08
6.029316577723625e-08
9.904343933966801e-08
1.6119413315513232e-07
2.6615583272522793e-07
4.371212267724727e-07
7.111089986006718e-07
1.168487797491356e-06
1.9185807974387095e-06
3.1197391010642612e-06
5.1014815396062006e-06
8.374902245968606e-06
1.3613844934973367e-05
2.2157298114377847e-05
3.638054080865488e-05
5.914363683017706e-05
9.584993571088349e-05
0.00015751325911837408
0.0002562934853096757
0.00041391220989034507
0.0006815593110173553
0.00111126958253751
0.0017975334554560444
0.002957694266648749
0.004837775357613595
0.007848320029580528
0.012895853400966025
0.021139877005100095
0.034308506279438045
0.05596135932974799
0.090953741121614
0.14513986398574302
0.22817006682683466
0.34944542790203054
0.5088192610235008
0.6922365709204057
0.854071122443214
0.9572968522582115
0.9956971131721865
0.9997755495121988
0.9999974386448169
0.9999999994238241
1.0
1.0
1.0
1.0
1.0
1.0
1.0
1.0
1.0
1.0
1.0
1.0
1.0
1.0
1.0
1.0
1.0
1.0
1.0
###
1e-05
1.1768119524349992e-05
1.3848863713938717e-05
1.6297508346206434e-05
1.917910261672489e-05
2.2570197196339216e-05
2.656087782946684e-05
3.1257158496882356e-05
3.678379771828634e-05
4.328761281083062e-05
5.0941380148163754e-05
5.994842503189409e-05
7.054802310718646e-05
8.302175681319735e-05
9.770099572992247e-05
0.00011497569953977356
0.00013530477745798074
0.00015922827933410923
0.0001873817422860383
0.00022051307399030456
0.00025950242113997375
0.0003053855508833416
0.00035938136638046257
0.0004229242874389499
0.0004977023564332109
0.0005857020818056661
0.0006892612104349695
0.0008111308307896872
0.0009545484566618337
0.0011233240329780276
0.0013219411484660286
0.0015556761439304723
0.0018307382802953678
0.002154434690031882
0.0025353644939701114
0.0029836472402833374
0.003511191734215131
0.004132012400115334
0.004862601580065354
0.005722367659350214
0.006734150657750821
0.007924828983539169
0.0093260334688322
0.010974987654930556
0.01291549665014884
0.01519911082952933
0.01788649529057435
0.0210490414451202
0.02477076355991709
0.029150530628251757
0.034304692863149154
0.040370172585965536
0.047508101621027934
0.05590810182512223
0.06579332246575675
0.0774263682681127
0.09111627561154886
0.10722672220103231
0.1261856883066021
0.14849682622544635
0.1747528400007683
0.20565123083486514
0.24201282647943834
0.2848035868435799
0.3351602650938841
0.3944206059437656
0.46415888336127725
0.5462277217684337
0.642807311728432
0.7564633275546291
0.8902150854450375
1.0476157527896641
1.232846739442066
1.4508287784959402
1.7073526474706886
2.009233002565046
2.364489412645407
2.782559402207126
3.274549162877725
3.8535285937105273
4.534878508128582
5.3366992312063015
6.280291441834247
7.390722033525775
8.697490026177835
10.235310218990248
12.045035402587812
14.174741629268048
16.68100537200059
19.630406500402685
23.10129700083158
27.1858824273294
31.992671377973846
37.64935806792464
44.30621457583877
52.14008287999685
61.35907273413163
72.20809018385457
84.97534359086438
100.0
###
1.4805063919266963
1.328776530037436
1.1947705540553724
1.078108579322847
0.9779840129123647
0.893376200554542
0.8393886966971638
0.7791142060804376
0.7310935044232673
0.6943548804538127
4.245435194417669
3.6600502804331922
3.152392213632822
2.716847076925352
2.3465769229085676
2.034295446845202
1.8337961430331085
1.6059383521259285
1.4172175275716548
1.2621264152095013
6.119708087213209
5.179958787303958
4.373910040774101
3.689330651585546
3.1120030796813305
2.628294113021483
2.3186898597965078
1.9667107835858049
1.6744830887736535
1.4316095695134503
7.631648074721652
6.382284775548861
5.319316702280648
4.423138604468645
3.672628685479327
3.0474501525686826
2.6490227530916526
2.197452122382195
1.8231100158750038
1.512193656010557
8.92956045763546
7.400927009723917
6.108649068283729
5.025717780809817
4.1240796019902755
3.3767243151145245
2.902549925143934
2.367298059896785
1.9248315423077562
1.558256095436567
10.081371191700905
8.296081910160103
6.7949153022630915
5.5431861101507565
4.506092772274733
3.6505203257476926
3.109676951315434
2.5014850355369846
2.000738323718525
1.5875226380253626
11.125292821235169
9.10109261959354
7.406744138336286
6.000164918976301
4.839621232125704
3.8861486317723393
3.285643383024842
2.6126838711631026
2.06086531239886
1.6074626764141653
12.085218748732887
9.83662099033095
7.961837487028783
6.411376363775239
5.137061461508045
4.0939775038702075
3.439152517764345
2.7077747848306406
2.1104439980671263
1.6217470153077873
12.977487147745377
10.516562592192512
8.471909918733788
6.786774964878762
5.406448281200505
4.280378662573399
3.575663873712887
2.7909572163446863
2.152513723801992
1.6323764558040512
13.813659734887954
11.150767905961327
8.945188950674035
7.1331155533610655
5.6533274957384405
4.449847951826924
3.6988223378321994
2.8649649997256623
2.189015034996172
1.6405158869524452
14.602391831485189
11.746471920312386
9.387737578222326
7.4552911318190915
5.881659418324897
4.605542558702479
3.8112163897266864
2.9316988303846334
2.2211978938275205
1.6469053946736545
15.350321769717906
12.309249581688343
9.804132246539458
7.7570737079739445
6.094432893774742
4.749705340257564
3.9147053661540143
2.9925311553631424
2.249978314970567
1.6520188883332327
16.06282735353906
12.84329239130172
10.197939610639402
8.041334756227151
6.29392930537836
4.8841278370042
4.010721052875451
3.048439503731924
2.2759994707334785
1.6561758163323264
16.74383979937133
13.35236034272738
10.572067260309455
8.310360529067825
6.481947166457216
5.010190017407914
4.100353459122508
3.1002400218324477
2.29964351217747
1.6596053320404904
17.396928979086116
13.839409298759826
10.928710565889856
8.56598343059188
6.659917397425156
5.128973554122233
4.184474807247534
3.148482703037953
2.3215815073803183
1.662464256059607