# ../data/BKevo/MVge_BKevo/mvge_85.dat
# N(r,Y=0), r, *F2(x,Q^2)
# 1e-05 < r < 100.0
# 1 < Q^2 < 50, n=15, lin grid
# 1e-5 < x < 1e-2, n=10, log grid
###
1.556015351017501e-08
1.9914934434337636e-08
2.5533841353171752e-08
3.271376425134299e-08
4.1856294374301995e-08
5.3617231462488314e-08
6.86713366892781e-08
8.783246351847223e-08
1.1240607526559356e-07
1.439132067048984e-07
1.8399778724030883e-07
2.3524636504739026e-07
3.0106198313850584e-07
3.847538666069821e-07
4.914212407447862e-07
6.286253225936612e-07
8.030040874522425e-07
1.0245575079737243e-06
1.3099796461290917e-06
1.6725392481368989e-06
2.1326265070033617e-06
2.724233532296999e-06
3.4764568728705575e-06
4.430538431053522e-06
5.653682886139707e-06
7.211320898875671e-06
9.186128243463202e-06
1.1710664017980567e-05
1.4931145828924521e-05
1.9013287844155357e-05
2.421837520168711e-05
3.08721510069912e-05
3.9307544738437614e-05
5.0040410999071225e-05
6.379708804481647e-05
8.125014218671978e-05
0.00010342236868690346
0.00013194191793124645
0.00016817903098581219
0.00021421163639376712
0.0002736085379399332
0.0003493009915709379
0.0004456928081037648
0.0005701435131413075
0.0007295377535142738
0.0009331101952600848
0.001196116088559029
0.0015347446860568379
0.0019684248883462645
0.0025287638502470415
0.0032537343871374873
0.004184124555039238
0.005385024834910733
0.006944837062395365
0.008948491415433189
0.011528377423507456
0.014887177914379688
0.019198541808001086
0.024725530032688778
0.0319187189699703
0.04111905213653937
0.05285286310666147
0.0679748429247435
0.08717536972931118
0.11138011607328467
0.14195373962894528
0.18002265638020568
0.2267699072101736
0.2835098762360711
0.3509040632687529
0.42899960602232867
0.5164185959292383
0.6095885120612875
0.7047242401115497
0.7949106175518899
0.8703380094531664
0.9290720193653089
0.9685708973757552
0.9879767292289553
0.9966211871666774
0.9994661040243532
0.9999282711166086
0.9999943158241481
0.9999998717714766
0.9999999989669798
0.9999999999929788
0.9999999999999915
1.0
1.0
1.0
1.0
1.0
1.0
1.0
1.0
1.0
1.0
1.0
1.0
1.0
###
1e-05
1.1768119524349992e-05
1.3848863713938717e-05
1.6297508346206434e-05
1.917910261672489e-05
2.2570197196339216e-05
2.656087782946684e-05
3.1257158496882356e-05
3.678379771828634e-05
4.328761281083062e-05
5.0941380148163754e-05
5.994842503189409e-05
7.054802310718646e-05
8.302175681319735e-05
9.770099572992247e-05
0.00011497569953977356
0.00013530477745798074
0.00015922827933410923
0.0001873817422860383
0.00022051307399030456
0.00025950242113997375
0.0003053855508833416
0.00035938136638046257
0.0004229242874389499
0.0004977023564332109
0.0005857020818056661
0.0006892612104349695
0.0008111308307896872
0.0009545484566618337
0.0011233240329780276
0.0013219411484660286
0.0015556761439304723
0.0018307382802953678
0.002154434690031882
0.0025353644939701114
0.0029836472402833374
0.003511191734215131
0.004132012400115334
0.004862601580065354
0.005722367659350214
0.006734150657750821
0.007924828983539169
0.0093260334688322
0.010974987654930556
0.01291549665014884
0.01519911082952933
0.01788649529057435
0.0210490414451202
0.02477076355991709
0.029150530628251757
0.034304692863149154
0.040370172585965536
0.047508101621027934
0.05590810182512223
0.06579332246575675
0.0774263682681127
0.09111627561154886
0.10722672220103231
0.1261856883066021
0.14849682622544635
0.1747528400007683
0.20565123083486514
0.24201282647943834
0.2848035868435799
0.3351602650938841
0.3944206059437656
0.46415888336127725
0.5462277217684337
0.642807311728432
0.7564633275546291
0.8902150854450375
1.0476157527896641
1.232846739442066
1.4508287784959402
1.7073526474706886
2.009233002565046
2.364489412645407
2.782559402207126
3.274549162877725
3.8535285937105273
4.534878508128582
5.3366992312063015
6.280291441834247
7.390722033525775
8.697490026177835
10.235310218990248
12.045035402587812
14.174741629268048
16.68100537200059
19.630406500402685
23.10129700083158
27.1858824273294
31.992671377973846
37.64935806792464
44.30621457583877
52.14008287999685
61.35907273413163
72.20809018385457
84.97534359086438
100.0
###
2.450385572060943
2.2304036828919913
2.024155773258427
1.83309204928833
1.6583748009099604
1.5007401881490732
1.3938752816881936
1.266355673219302
1.155413450573861
1.0602379314423165
8.232338947388321
7.287896399984316
6.417643205144879
5.626609187856754
4.917088669135008
4.28915134134766
3.8697034430411117
3.376058594602969
2.951828707762702
2.590255284025847
12.760962540989329
11.148038546960363
9.67792935504661
8.3570988004353
7.1858483639386455
6.160489879897715
5.482435049715733
4.6909681000641
4.016712979094375
3.4461153584074102
16.698989750473217
14.457044405757541
12.43158295485724
10.625801680848154
9.038073545947714
7.659361373089141
6.753910990816641
5.703689855749139
4.815089039031503
4.067368387362887
20.257346123004424
17.418112031465743
14.869176066972722
12.611791241714249
10.640039537467528
8.938769525070661
7.8275742934780945
6.545236721831278
5.466205409492836
4.5628894891418375
23.540563130041107
20.129330582548224
17.083137543179284
14.400175413522394
12.069412721286108
10.069012668490963
8.768328723022833
7.273759010346729
6.021819064240759
4.978602853106273
26.610685800873767
22.648844878922173
19.12678166968864
16.0398812648826
13.370264771800565
11.089361190657572
9.6121313857729
7.920869396994028
6.509947161672446
5.338679114114134
29.50570469157246
25.014506331400437
21.035383959063417
17.56192282602751
14.570535527873947
12.024585096241568
10.381284770407548
8.506033839921544
6.94716828529606
5.6573393016456635
32.26298316475223
27.252752864555404
22.832708369017304
18.988261409318635
15.689285049227705
12.891322277418547
11.09078934690679
9.042050940554534
7.344358371344928
5.944428619630918
34.89064437054269
29.384090583681076
24.53666011958314
20.334262285739683
16.740049542086307
13.70146368845354
11.751278514578715
9.538033543029105
7.709389257928846
6.205803583268622
37.4209406487746
31.421424479071366
26.159838850047564
21.611809029293468
17.733389908150922
14.463859114992333
12.370588660618779
10.000653655202356
8.047762562069844
6.446245425894154
39.853734888985
33.37407794295499
27.71298256901914
22.830320474582482
18.677063054338245
15.185278607518354
12.954763909221054
10.434907454362788
8.363661391215354
6.669295766582385
42.20364429696798
35.261309225291285
29.203925196519627
23.99634078531754
19.577453180551178
15.871075322902879
13.508542856288436
10.844797404038886
8.660339362332792
6.877426771945583
44.479326959333925
37.08049343710724
30.637768289967013
25.11620062734184
20.439367832119004
16.525787178580934
14.035565566453386
11.233369596571068
8.9403124078551
7.07276709951421
46.68749532115397
38.8413574113893
32.02472529314064
26.19449998865336
21.267013830651763
17.152368938119675
14.53864827972484
11.603160652856024
9.205609026852358
7.25695558041378