# ../data/BKevo/MVge_BKevo/mvge_87.dat
# N(r,Y=0), r, *F2(x,Q^2)
# 1e-05 < r < 100.0
# 1 < Q^2 < 50, n=15, lin grid
# 1e-5 < x < 1e-2, n=10, log grid
###
1.082772936918036e-12
1.5737350119745857e-12
2.3043535758876226e-12
3.3653025681584438e-12
4.891867624946541e-12
7.148524573167756e-12
1.0442240554014565e-11
1.5181050803519067e-11
2.2137222282597648e-11
3.234338376937295e-11
4.702552232764367e-11
6.842464484858122e-11
9.998644116787335e-11
1.4538191972320566e-10
2.1106410888402078e-10
3.084525064253498e-10
4.484947257128457e-10
6.496093223084751e-10
9.493942780610136e-10
1.3803512428569621e-09
1.997876754255972e-09
2.914903904034628e-09
4.237510118063201e-09
6.131870933489056e-09
8.925171835948206e-09
1.2972118856754563e-08
1.876547591573388e-08
2.724611788212333e-08
3.958813554787689e-08
5.724497327262684e-08
8.289974613639478e-08
1.2040134002155054e-07
1.740115528143708e-07
2.513101955389867e-07
3.64796555813638e-07
5.268856783215657e-07
7.587643817978291e-07
1.1006490637911827e-06
1.588447441177725e-06
2.2821620540979307e-06
3.3055405058582144e-06
4.766098286995332e-06
6.840670304577004e-06
9.877683926901695e-06
1.4227143779656917e-05
2.0397067830807358e-05
2.9359528555071934e-05
4.22399425234228e-05
6.048820632423762e-05
8.679281585092286e-05
0.0001247361242023033
0.00017843628914171396
0.0002552764906074362
0.0003665831027789765
0.0005240363666947664
0.0007478281333122743
0.0010736912040646776
0.0015348633160853563
0.002186527329404014
0.0031416861418674348
0.00449554495174123
0.006410259101989103
0.009210085555707685
0.013201878431601317
0.018854763329813652
0.027073337075433385
0.03882936147320749
0.05541195437817108
0.0791542176608967
0.1127419226606629
0.15901390013090505
0.22229634956001842
0.3066426799856045
0.4132023954312544
0.5403783023403964
0.6772940069935391
0.8080314328096789
0.9125048786492739
0.9694522323335178
0.9934448837069563
0.9995238197561054
0.9999786107473885
0.9999996574238196
0.9999999994592699
0.9999999999999983
1.0
1.0
1.0
1.0
1.0
1.0
1.0
1.0
1.0
1.0
1.0
1.0
1.0
1.0
1.0
###
1e-05
1.1768119524349992e-05
1.3848863713938717e-05
1.6297508346206434e-05
1.917910261672489e-05
2.2570197196339216e-05
2.656087782946684e-05
3.1257158496882356e-05
3.678379771828634e-05
4.328761281083062e-05
5.0941380148163754e-05
5.994842503189409e-05
7.054802310718646e-05
8.302175681319735e-05
9.770099572992247e-05
0.00011497569953977356
0.00013530477745798074
0.00015922827933410923
0.0001873817422860383
0.00022051307399030456
0.00025950242113997375
0.0003053855508833416
0.00035938136638046257
0.0004229242874389499
0.0004977023564332109
0.0005857020818056661
0.0006892612104349695
0.0008111308307896872
0.0009545484566618337
0.0011233240329780276
0.0013219411484660286
0.0015556761439304723
0.0018307382802953678
0.002154434690031882
0.0025353644939701114
0.0029836472402833374
0.003511191734215131
0.004132012400115334
0.004862601580065354
0.005722367659350214
0.006734150657750821
0.007924828983539169
0.0093260334688322
0.010974987654930556
0.01291549665014884
0.01519911082952933
0.01788649529057435
0.0210490414451202
0.02477076355991709
0.029150530628251757
0.034304692863149154
0.040370172585965536
0.047508101621027934
0.05590810182512223
0.06579332246575675
0.0774263682681127
0.09111627561154886
0.10722672220103231
0.1261856883066021
0.14849682622544635
0.1747528400007683
0.20565123083486514
0.24201282647943834
0.2848035868435799
0.3351602650938841
0.3944206059437656
0.46415888336127725
0.5462277217684337
0.642807311728432
0.7564633275546291
0.8902150854450375
1.0476157527896641
1.232846739442066
1.4508287784959402
1.7073526474706886
2.009233002565046
2.364489412645407
2.782559402207126
3.274549162877725
3.8535285937105273
4.534878508128582
5.3366992312063015
6.280291441834247
7.390722033525775
8.697490026177835
10.235310218990248
12.045035402587812
14.174741629268048
16.68100537200059
19.630406500402685
23.10129700083158
27.1858824273294
31.992671377973846
37.64935806792464
44.30621457583877
52.14008287999685
61.35907273413163
72.20809018385457
84.97534359086438
100.0
###
1.5734429869734339
1.4052059906475263
1.2540588434731355
1.1200477752919722
1.0027492649281664
0.901360273591458
0.8351135406443662
0.7589905797523627
0.6954495006701428
0.6436048724141051
4.629547918762131
3.9800038312182933
3.4104233647496436
2.9165237190549895
2.492540162631571
2.1315628389275494
1.8977886707763882
1.6296551165915676
1.4049234128498274
1.2172265982041788
6.755653861589992
5.709616226393043
4.8042584469286345
4.028935842425196
3.3711730533153488
2.8168741122295584
2.4608621704349214
2.055167375994372
1.7170009942807165
1.43534463095904
8.493741020504402
7.098895492508641
5.902588532949507
4.8871811019115565
4.032795659393493
3.3186324598691956
2.8628614491160342
2.3465402033878164
1.9188133122428754
1.5643880184693149
9.999215130209139
8.287948189950141
6.830702861739109
5.602221684773608
4.575223595768098
3.722376632967477
3.1809821099885043
2.570721251827626
2.068463299629447
1.6539081084736074
11.344288681407885
9.340889892216769
7.644689555609981
6.222737337219525
5.040532792658543
4.063820831408619
3.4466453135313926
2.7542325594739165
2.186865077407365
1.7215498620272338
12.569902153387153
10.293579667867988
8.375489905478297
6.775187277517918
5.450848914171806
4.361692842607312
3.6762922489019423
2.9101653437144495
2.285198599163937
1.7754757954672438
13.701972503191492
11.168272234914872
9.04230479121427
7.2757730189934415
5.819762924349129
4.627103958014772
3.8792036221877186
3.0461776876445272
2.3700418491622943
1.820064892331369
14.75818242576032
11.980246726472851
9.657941995243332
7.735236113127922
6.156072975499056
4.86727058653748
4.061584413053969
3.1670656054026667
2.4432651341569174
1.857923543258288
15.751174077532676
12.740307891362411
10.23152695337236
8.161110700696144
6.466109988566343
5.087160647257343
4.227595601201139
3.276035191884304
2.5084871583833057
1.89071981493373
16.690568955416307
13.456570643104786
10.769788224909712
8.558978690664906
6.75428430554534
5.290370438409463
4.3802286277415865
3.3752532511916185
2.567824035257341
1.919594568970271
17.583664268059543
14.134920526989081
11.277839147610122
8.933003289839144
7.024008577865603
5.479571977929065
4.521698701854966
3.4667546165143737
2.621537801316745
1.9453247639948996
18.436048694818876
14.780977862343699
11.759600787647624
9.286458708315433
7.277809013866442
5.656821173919237
4.653691061830418
3.5514400114943
2.670835084849932
1.968534962228562
19.25288081013303
15.397810743844225
12.218463086864357
9.621987470684411
7.517855146185013
5.823738734943706
4.777529630090517
3.6304142943280837
2.716406008048982
1.989618310808426
20.038025607745137
15.9889273892707
12.656942499216079
9.941601540301964
7.74577795543773
5.981613391817117
4.894260086587398
3.7044341492009902
2.758772288105474
2.0089269442526216