# ../data/BKevo/MVge_BKevo/mvge_72.dat
# N(r,Y=0), r, *F2(x,Q^2)
# 1e-05 < r < 100.0
# 1 < Q^2 < 50, n=15, lin grid
# 1e-5 < x < 1e-2, n=10, log grid
###
0.0
0.0
0.0
0.0
0.0
0.0
0.0
0.0
0.0
0.0
0.0
0.0
0.0
0.0
0.0
4.044758632591294e-17
1.110223024625157e-16
1.123402613883084e-16
2.571262760002783e-16
5.436504471786166e-16
9.862649968182663e-16
1.933069444798092e-15
3.56960803503753e-15
6.6414629545368715e-15
1.264241296404588e-14
2.401016136338854e-14
4.462276175940705e-14
8.438484400394437e-14
1.5988175219477848e-13
2.9788308434109065e-13
5.594586951294642e-13
1.0624043593444902e-12
1.98159757960598e-12
3.695727175363317e-12
7.030449380239264e-12
1.3128037928685267e-11
2.4302283748644614e-11
4.6314207372647514e-11
8.657528168593457e-11
1.5943588428793676e-10
3.035955451771158e-10
5.680765953384901e-10
1.0466524035234968e-09
1.979444636338065e-09
3.7073810876807127e-09
6.833511099913278e-09
1.2832695448894923e-08
2.405806098747367e-08
4.436374257213935e-08
8.271410928761035e-08
1.552406814988978e-07
2.864445364742509e-07
5.302627467817364e-07
9.96719538214102e-07
1.8410721922244114e-06
3.3850273647209156e-06
6.377446797783624e-06
1.180272707297805e-05
2.156790718976673e-05
4.078220807807447e-05
7.572351930299143e-05
0.00013866757437619993
0.00026171741980811727
0.0004883615297363534
0.0008985048397459256
0.001692801174420776
0.003178153330075409
0.00587785273617181
0.011042126909828373
0.02080345585527289
0.03845647409391757
0.07112217774527893
0.13108037600553046
0.2319142956751296
0.39078195589300097
0.6065728756804376
0.8249122014189213
0.9655965170794988
0.9970975143826769
0.9999516807992833
0.9999999887807858
1.0
1.0
1.0
1.0
1.0
1.0
1.0
1.0
1.0
1.0
1.0
1.0
1.0
1.0
1.0
1.0
1.0
1.0
1.0
###
1e-05
1.1768119524349992e-05
1.3848863713938717e-05
1.6297508346206434e-05
1.917910261672489e-05
2.2570197196339216e-05
2.656087782946684e-05
3.1257158496882356e-05
3.678379771828634e-05
4.328761281083062e-05
5.0941380148163754e-05
5.994842503189409e-05
7.054802310718646e-05
8.302175681319735e-05
9.770099572992247e-05
0.00011497569953977356
0.00013530477745798074
0.00015922827933410923
0.0001873817422860383
0.00022051307399030456
0.00025950242113997375
0.0003053855508833416
0.00035938136638046257
0.0004229242874389499
0.0004977023564332109
0.0005857020818056661
0.0006892612104349695
0.0008111308307896872
0.0009545484566618337
0.0011233240329780276
0.0013219411484660286
0.0015556761439304723
0.0018307382802953678
0.002154434690031882
0.0025353644939701114
0.0029836472402833374
0.003511191734215131
0.004132012400115334
0.004862601580065354
0.005722367659350214
0.006734150657750821
0.007924828983539169
0.0093260334688322
0.010974987654930556
0.01291549665014884
0.01519911082952933
0.01788649529057435
0.0210490414451202
0.02477076355991709
0.029150530628251757
0.034304692863149154
0.040370172585965536
0.047508101621027934
0.05590810182512223
0.06579332246575675
0.0774263682681127
0.09111627561154886
0.10722672220103231
0.1261856883066021
0.14849682622544635
0.1747528400007683
0.20565123083486514
0.24201282647943834
0.2848035868435799
0.3351602650938841
0.3944206059437656
0.46415888336127725
0.5462277217684337
0.642807311728432
0.7564633275546291
0.8902150854450375
1.0476157527896641
1.232846739442066
1.4508287784959402
1.7073526474706886
2.009233002565046
2.364489412645407
2.782559402207126
3.274549162877725
3.8535285937105273
4.534878508128582
5.3366992312063015
6.280291441834247
7.390722033525775
8.697490026177835
10.235310218990248
12.045035402587812
14.174741629268048
16.68100537200059
19.630406500402685
23.10129700083158
27.1858824273294
31.992671377973846
37.64935806792464
44.30621457583877
52.14008287999685
61.35907273413163
72.20809018385457
84.97534359086438
100.0
###
1.1849311168656327
1.0470099973927303
0.9268805827552626
0.8236149388161612
0.7360241579691846
0.6627128768853171
0.616264638219845
0.564599146924229
0.523606590408378
0.49225958160127065
3.1931030890875767
2.6952160919648565
2.270583378559161
1.9118406973504753
1.6108198525960595
1.359572125825995
1.1993641990449897
1.017722830443904
0.8672238055726998
0.7426109985114525
4.491163664689479
3.716257486833743
3.0636905985290595
2.5184888424384466
2.0657051985599657
1.6910501438262455
1.45344876339523
1.185288408709887
0.9633378827404554
0.7792664461130722
5.5167606916188925
4.5070658784257285
3.664257535021028
2.9661278051167956
2.390969744363359
1.91866698222189
1.6211027521704904
1.2872654452486245
1.0128727819500427
0.7866750894177286
6.3857659740610195
5.168380634075039
4.15929610028445
3.3290793397682568
2.6496106640655053
2.0953111466784
1.748131520864225
1.3609186660419352
1.0449923642256602
0.7866836008373328
7.1497266203813785
5.744332188091197
4.585929940939968
3.6381424739066635
2.8668310695750607
2.241162725445398
1.851336572908428
1.4189222726452082
1.0689676774661632
0.7844766114730882
7.83714173358616
6.258634385238703
4.963787320325533
3.909549086614077
3.0554721295061125
2.3662376625494
1.9387892668047737
1.4670095510484453
1.0876286394069072
0.7816546397605316
8.465546683134175
6.725930262608182
5.304807307055504
4.15255541690714
3.2230407058550132
2.476228888854636
2.0150034941359287
1.5082395923254641
1.103113097775137
0.7787739215169608
9.046837049309731
7.155903025722536
5.6168511800837235
4.3735212598609134
3.3743414793462336
2.5747401914771437
2.0827622988643015
1.5444370080671042
1.1163956665381876
0.7760360117177573
9.589376206176874
7.5553564834915
5.905296714922634
4.576723012597382
3.512642235664969
2.6641603239675344
2.1438974773132333
1.5767661405657523
1.1276991128347216
0.7734964260875044
10.099214851347785
7.929294515611741
6.174188957260139
4.7652876682620295
3.640294322343574
2.7462073795478354
2.1997061132727103
1.6060361590317542
1.138133373984309
0.7711754093356914
10.581141527270466
8.281502054334402
6.42652592287867
4.941274235922143
3.7590333316840883
2.8221331657373323
2.2511221754468855
1.6328120874619612
1.1479693294752866
0.7690588018923179
11.03882231807015
8.614992036224747
6.664572430365596
5.106854809118283
3.8701887321697708
2.8928810083476866
2.2988442242692635
1.6575159412418439
1.1562462530195188
0.7671282442357882
11.475345531863798
8.932012186076527
6.890196380418081
5.263278308127476
3.9748032806722
2.9591912528030804
2.3434188762805475
1.6804665653828152
1.1642437752123929
0.7652434310700831
11.892879832197455
9.23450955425481
7.104873436663671
5.41165499323076
4.073699413526819
3.0216396327762602
2.3852637964549728
1.7019053862162075
1.1716772681287235
0.7637510780679748