# datat/BKevo/MVg_BKevo/mvg5.dat
# N(r,Y=0), r, *F2(x,Q^2)
# 1e-05 < r < 100.0
# 1 < Q^2 < 50, n=15, log grid
# 1e-5 < x < 1e-2, n=10, log grid
###
8.931945411956005e-14
1.297616394394732e-13
1.9003996035320922e-13
2.7749263223607827e-13
4.0338473854548637e-13
5.894996308194877e-13
8.611881965013068e-13
1.251943649726687e-12
1.825621753688985e-12
2.6673088209130904e-12
3.878085620278301e-12
5.642860912348033e-12
8.245683497396687e-12
1.1989356433655779e-11
1.7405979237668723e-11
2.5437325781571274e-11
3.6986059176548886e-11
5.3571105243419066e-11
7.829291517877736e-11
1.138314641946305e-10
1.6475464502404047e-10
2.40374612536823e-10
3.4943764363317124e-10
5.0564490278126e-10
7.359719047658313e-10
1.069660768897792e-09
1.547333057000239e-09
2.2465452687036877e-09
3.264066626215443e-09
4.719676815136724e-09
6.834468067771726e-09
9.92553295624864e-09
1.4343899115684554e-08
2.071377075292512e-08
3.00641462927606e-08
4.341660984250684e-08
6.25140473302775e-08
9.066296464694349e-08
1.3081290732329744e-07
1.8789053947305792e-07
2.7204680962791243e-07
3.920863813864831e-07
5.624794796581419e-07
8.116907087925596e-07
1.1682369620582893e-06
1.6734347549244132e-06
2.4061275225179363e-06
3.457203230288548e-06
4.943304358199776e-06
7.079780156832781e-06
1.01515970775135e-05
1.4483835852881223e-05
2.0655472561910882e-05
2.9545026205804402e-05
4.204560564293853e-05
5.9686954940107334e-05
8.513134773254576e-05
0.00012079572032654162
0.00017064856632755578
0.00024262510375748706
0.00034317390876530384
0.0004831533100288457
0.0006836555746153501
0.0009639407629610712
0.0013530620558980845
0.00190582232669804
0.0026802444135695168
0.0037537240179598584
0.005268588433243018
0.007399292633895889
0.010353225267666414
0.014501070748285634
0.0203661038254317
0.02850215773267169
0.03986000431646857
0.05595772103483978
0.07817907252948389
0.10873381130660736
0.15136873004904658
0.20854645839837355
0.2836349952100805
0.38027713436178695
0.49691434245437566
0.628645511855737
0.7592480259567793
0.8709108793637276
0.9494369735525668
0.9864606320092069
0.9976884693142116
0.9998428212404935
0.9999982654711038
0.9999999864761445
0.9999999999847157
1.0
1.0
1.0
1.0
1.0
1.0
1.0
###
1e-05
1.1768119524349992e-05
1.3848863713938717e-05
1.6297508346206434e-05
1.917910261672489e-05
2.2570197196339216e-05
2.656087782946684e-05
3.1257158496882356e-05
3.678379771828634e-05
4.328761281083062e-05
5.0941380148163754e-05
5.994842503189409e-05
7.054802310718646e-05
8.302175681319735e-05
9.770099572992247e-05
0.00011497569953977356
0.00013530477745798074
0.00015922827933410923
0.0001873817422860383
0.00022051307399030456
0.00025950242113997375
0.0003053855508833416
0.00035938136638046257
0.0004229242874389499
0.0004977023564332109
0.0005857020818056661
0.0006892612104349695
0.0008111308307896872
0.0009545484566618337
0.0011233240329780276
0.0013219411484660286
0.0015556761439304723
0.0018307382802953678
0.002154434690031882
0.0025353644939701114
0.0029836472402833374
0.003511191734215131
0.004132012400115334
0.004862601580065354
0.005722367659350214
0.006734150657750821
0.007924828983539169
0.0093260334688322
0.010974987654930556
0.01291549665014884
0.01519911082952933
0.01788649529057435
0.0210490414451202
0.02477076355991709
0.029150530628251757
0.034304692863149154
0.040370172585965536
0.047508101621027934
0.05590810182512223
0.06579332246575675
0.0774263682681127
0.09111627561154886
0.10722672220103231
0.1261856883066021
0.14849682622544635
0.1747528400007683
0.20565123083486514
0.24201282647943834
0.2848035868435799
0.3351602650938841
0.3944206059437656
0.46415888336127725
0.5462277217684337
0.642807311728432
0.7564633275546291
0.8902150854450375
1.0476157527896641
1.232846739442066
1.4508287784959402
1.7073526474706886
2.009233002565046
2.364489412645407
2.782559402207126
3.274549162877725
3.8535285937105273
4.534878508128582
5.3366992312063015
6.280291441834247
7.390722033525775
8.697490026177835
10.235310218990248
12.045035402587812
14.174741629268048
16.68100537200059
19.630406500402685
23.10129700083158
27.1858824273294
31.992671377973846
37.64935806792464
44.30621457583877
52.14008287999685
61.35907273413163
72.20809018385457
84.97534359086438
100.0
###
0.6589885739577624
0.5424891080932193
0.4432719064495335
0.3597432693115409
0.2900146962085807
0.23221772470761676
0.19560949829912241
0.1544108341167101
0.12053761969512634
0.09265712891183243
1.6302788265780612
1.286115527555119
1.0049473324137776
0.7776578587240899
0.5954062584972737
0.45030889113708866
0.36167410339086414
0.2655541941175639
0.19003335408913213
0.1308931462906154
2.228833653953887
1.729405509403728
1.3281773789691822
1.0090925492554805
0.7574520652886843
0.5604853351462225
0.4420272642374723
0.3156880737056773
0.21845739656562607
0.14408798065182293
2.6931406900066626
2.068150209746367
1.5713100300063587
1.1802742470439798
0.875091428220617
0.6388138881609319
0.4981331257492308
0.3496779049617109
0.2369681594182193
0.152093566753399
3.08215099209102
2.3492187451012874
1.7709864080985114
1.3192851809539117
0.9695069177129011
0.7008241506515211
0.5420345608887951
0.37578329551829404
0.2508286631720655
0.15781653628910433
3.421492806565434
2.5926237335825517
1.9426048424887175
1.437815867778118
1.0492891089760477
0.7527024058505787
0.5784596134770256
0.39714576476510444
0.2619576361612259
0.16225579116403896
3.724985856066016
2.8090900558293295
2.0943180737171336
1.5419511258178413
1.1188757248445593
0.797595512820823
0.6097506866885174
0.4153027534967675
0.2712750256950874
0.1658732600216412
4.001118170484257
3.005111306551336
2.231033641735815
1.6352682785213002
1.1808908724708025
0.8373425518246416
0.6373107739576862
0.4311612743212321
0.2793167288607014
0.16892022241705654
4.255507177367725
3.184982114166833
2.3559074283691683
1.7201600683614826
1.2370276319248619
0.8731245046987176
0.6620030466251569
0.4452587457081429
0.28637667564944974
0.17155066488334442
4.4921020462728345
3.3516907978844466
2.4712605829709355
1.7982463336836236
1.2884403317363442
0.9057360604428039
0.6844131149632345
0.45795966110694064
0.29270321699661633
0.1738536422048857
4.713816105062691
3.5074352921316825
2.5786794515605127
1.87071657091266
1.3359727417384686
0.9357607003001501
0.7049662231703118
0.4695461619572144
0.2984160318988712
0.17590688612448294
4.9228443443506285
3.6538682859417726
2.6793859807648803
1.9384522706222158
1.3802546797995174
0.9636208199830769
0.7239795031987754
0.4802106365121908
0.303651395633319
0.17775502668114865
5.120942426499726
3.7922808918464366
2.7743242705307916
2.0021382090719313
1.421751137813783
0.9896418886480379
0.74168927604645
0.4900893482225692
0.3084397979272342
0.17943336179157102
5.30941333873963
3.9236880108685614
2.864245400087051
2.062236322690538
1.4608460555794702
1.0140802920590453
0.7582760838300959
0.49930168708225786
0.31289529595087245
0.18097022364957813
5.48938911298666
4.048909179727863
2.949749102291493
2.119302011499995
1.4978402663448176
1.0371353567249464
0.7738824248916721
0.5079313461830112
0.3170450545027813
0.18238490973579088