# ../data/BKevo/MVge_BKevo/mvge_58.dat
# N(r,Y=0), r, *F2(x,Q^2)
# 1e-05 < r < 100.0
# 1 < Q^2 < 50, n=15, lin grid
# 1e-5 < x < 1e-2, n=10, log grid
###
1.2360735501613704e-08
1.5819977266134802e-08
2.0283308718461657e-08
2.5986516598002453e-08
3.324852788854348e-08
4.259010788951089e-08
5.4547035670547736e-08
6.976548723282569e-08
8.928182692614587e-08
1.14303375729556e-07
1.4613483478027604e-07
1.8682859900916004e-07
2.390842044031099e-07
3.055261642665692e-07
3.901974060114413e-07
4.990897883927383e-07
6.37461429179947e-07
8.13230184620073e-07
1.0396014872096137e-06
1.327063856804094e-06
1.6917242212754146e-06
2.160390109383214e-06
2.7559795626687945e-06
3.5109387242506913e-06
4.478000610877395e-06
5.708391333835383e-06
7.2667061782516454e-06
9.256092869958813e-06
1.1789871992994044e-05
1.499603787949955e-05
1.9075178326909062e-05
2.4275600767629292e-05
3.084974507146415e-05
3.918543831548734e-05
4.982214117711115e-05
6.32556591836843e-05
8.02318664277018e-05
0.00010191450077971961
0.000129274467874718
0.00016376517041761593
0.00020781059838134567
0.00026338551125292177
0.0003334093638182271
0.00042259902988161846
0.0005353274735481508
0.0006773741710902573
0.000857966728158352
0.001086803140858958
0.00137542884324381
0.0017420678736906872
0.0022083838168282127
0.0027977241558651057
0.003546475893372515
0.0045035039092909054
0.005716517728011113
0.0072586616029233116
0.009240785449911675
0.011760511313176448
0.014964266844507535
0.019101832576584703
0.024369788521899034
0.031070484932737882
0.03970332723540668
0.05069263586474611
0.06462045001742764
0.08239889318634994
0.1048654358222342
0.13299258177161993
0.1681528152216011
0.21158141415630405
0.2643456139192496
0.3274747491574747
0.40117403680824004
0.48486474731257884
0.5763322533201922
0.6701161613290202
0.7619881541257117
0.8452597269661271
0.9091769836531625
0.9548925230468481
0.9827347080687866
0.9943744118045991
0.9986854458686303
0.9998378434760985
0.9999861999650576
0.999999225930003
0.9999999867699011
0.9999999999730477
0.9999999999999146
1.0
1.0
1.0
1.0
1.0
1.0
1.0
1.0
1.0
1.0
1.0
###
1e-05
1.1768119524349992e-05
1.3848863713938717e-05
1.6297508346206434e-05
1.917910261672489e-05
2.2570197196339216e-05
2.656087782946684e-05
3.1257158496882356e-05
3.678379771828634e-05
4.328761281083062e-05
5.0941380148163754e-05
5.994842503189409e-05
7.054802310718646e-05
8.302175681319735e-05
9.770099572992247e-05
0.00011497569953977356
0.00013530477745798074
0.00015922827933410923
0.0001873817422860383
0.00022051307399030456
0.00025950242113997375
0.0003053855508833416
0.00035938136638046257
0.0004229242874389499
0.0004977023564332109
0.0005857020818056661
0.0006892612104349695
0.0008111308307896872
0.0009545484566618337
0.0011233240329780276
0.0013219411484660286
0.0015556761439304723
0.0018307382802953678
0.002154434690031882
0.0025353644939701114
0.0029836472402833374
0.003511191734215131
0.004132012400115334
0.004862601580065354
0.005722367659350214
0.006734150657750821
0.007924828983539169
0.0093260334688322
0.010974987654930556
0.01291549665014884
0.01519911082952933
0.01788649529057435
0.0210490414451202
0.02477076355991709
0.029150530628251757
0.034304692863149154
0.040370172585965536
0.047508101621027934
0.05590810182512223
0.06579332246575675
0.0774263682681127
0.09111627561154886
0.10722672220103231
0.1261856883066021
0.14849682622544635
0.1747528400007683
0.20565123083486514
0.24201282647943834
0.2848035868435799
0.3351602650938841
0.3944206059437656
0.46415888336127725
0.5462277217684337
0.642807311728432
0.7564633275546291
0.8902150854450375
1.0476157527896641
1.232846739442066
1.4508287784959402
1.7073526474706886
2.009233002565046
2.364489412645407
2.782559402207126
3.274549162877725
3.8535285937105273
4.534878508128582
5.3366992312063015
6.280291441834247
7.390722033525775
8.697490026177835
10.235310218990248
12.045035402587812
14.174741629268048
16.68100537200059
19.630406500402685
23.10129700083158
27.1858824273294
31.992671377973846
37.64935806792464
44.30621457583877
52.14008287999685
61.35907273413163
72.20809018385457
84.97534359086438
100.0
###
2.1621938321932284
1.938510124085204
1.7298091852053654
1.5376811254015914
1.3632832867828963
1.2071563621000572
1.10204963167845
0.9774262523746646
0.869664900424204
0.7775251698196148
7.031957379288935
6.107309507024285
5.266059599475266
4.511062142684606
3.8463052827959183
3.2658828566885947
2.8837528499655063
2.4397189086660824
2.0634911387502273
1.7468393291697175
10.745170818560878
9.197807557215569
7.809551129701661
6.583242925343048
5.515127624802861
4.597038570475674
3.9996353578001904
3.3132671532392015
2.7385410761889974
2.2601971522911533
13.930745256619899
11.810510644355782
9.926893872545083
8.279033991219155
6.85782634852625
5.647923171798637
4.867008770471541
3.9768334344949987
3.2378718847597763
2.6278006484731975
16.782021929398617
14.126476980422401
11.7840062944548
9.750078957117058
8.008992333876252
6.537584091019811
5.593888679728328
4.524381711970852
3.6428498564870617
2.9195824040522598
19.395822137420282
16.232692832657754
13.459510734349458
11.066280093606654
9.030036766854378
7.319250018805852
6.227582522172342
4.99657165741262
3.987254198043871
3.164071130352565
21.8269062532841
18.17959973003428
14.9984084879302
12.267138540141655
9.955114407791964
8.022219640411949
6.794154379746654
5.414939603276213
4.289554529866102
3.3759366648644544
24.113342383328437
19.999726479983973
16.4291809733817
13.377721735674283
10.80569693437603
8.66461692723133
7.309285519997722
5.792642200311993
4.560343896034169
3.5637102630680033
26.27699911498441
21.71561730456926
17.772040286735702
14.415059439626924
11.596291739964666
9.258601164342755
7.78361342823603
6.138321663538384
4.806245395606522
3.7329476058067916
28.337812173532654
23.343687768495016
19.041521306342602
15.39140654771899
12.337276093045967
9.8127754311143
8.224544483120678
6.4579418519339145
5.032290313935422
3.887389197665923
30.30999571211298
24.89636594097952
20.24770500024413
16.315992846474163
13.03625000642869
10.333497871738045
8.63754289179815
6.755930681091881
5.241957245170088
4.029749249074064
32.20449917806001
26.383473584308614
21.399317074096164
17.19560080854626
13.699190505842624
10.825612752977996
9.026810562725872
7.035600972512108
5.437853427920518
4.161981917772226
34.03034060000832
27.812565249820327
22.502898941774127
18.036232949202148
14.330711229718505
11.292914856457442
9.395454618233058
7.299516727992939
5.621557667588374
4.285728647904294
35.794773369199525
29.189817100609893
23.56381583174441
18.84250606602339
14.934614939024772
11.73832383766335
9.746086641745
7.549716417601772
5.795392835143435
4.402055739748636
37.50390663867185
30.520846067892496
24.58651615971389
19.617619176012628
15.513758131413875
12.164501248070303
10.080829915793299
7.787831482776038
5.960250993263148
4.51193485779425