# ../data/BKevo/MVge_BKevo/mvge_52.dat
# N(r,Y=0), r, *F2(x,Q^2)
# 1e-05 < r < 100.0
# 1 < Q^2 < 50, n=15, lin grid
# 1e-5 < x < 1e-2, n=10, log grid
###
0.0001997017815658087
0.00022468010242562847
0.00025261410839985487
0.0002840123966614987
0.00031935986151601626
0.0003589165989627246
0.00040329180000053724
0.0004532143959583011
0.000509118191010632
0.0005717019863891956
0.0006420569351163157
0.0007208900206825272
0.0008089495419649492
0.0009078621654173913
0.0010187594320728618
0.001142346647875465
0.0012810390369612985
0.0014366211807485493
0.001609572720380331
0.001803465357089341
0.002020826931377349
0.0022623340998992863
0.0025324916492301965
0.0028349922756207785
0.0031711480594217847
0.003546146777707875
0.003965480031704425
0.004431491057207131
0.004949782836866833
0.005528471159025025
0.0061715332805079666
0.006884363580076621
0.007678883319666748
0.008561611186416651
0.009536508321196796
0.010620983850289154
0.011825450810045877
0.01315024281884537
0.0146206443551011
0.01625201700155359
0.01804022597292641
0.0200189668924441
0.02220870251756004
0.02460621852549878
0.027247171314488595
0.030161730308091703
0.03334929488628381
0.036843849087898034
0.04068997057798203
0.04489296218707454
0.049479405048562006
0.054515584661561055
0.06001880377460487
0.06600061805680357
0.07256030198747689
0.07973763789492186
0.0875206616910502
0.09605818148147006
0.10542847728902612
0.11558727286926526
0.12675440319129022
0.1390450158899767
0.15243512863051525
0.167171634454936
0.18343299306680047
0.20122628215260502
0.22079331526086707
0.24238130132584484
0.2660034982727289
0.29182591003484026
0.32014556995476995
0.35092021078125096
0.3840807654281856
0.4199388060527928
0.45830880972568894
0.49860078651220924
0.5411217752079923
0.5854770650790057
0.6301769708165508
0.6756026117966015
0.7211048255712811
0.7643754175515103
0.805841718753372
0.8448149967580392
0.8791215385392332
0.9091086980685182
0.9347671291117798
0.9549876917429051
0.9703742300188859
0.9818471208496495
0.98956610231593
0.9943318872566769
0.9972409493995436
0.9988018999836425
0.9995048286804967
0.9998266603138404
0.9999515397403895
0.999986373171758
0.9999969914039536
0.9999995855046692
###
1e-05
1.1768119524349992e-05
1.3848863713938717e-05
1.6297508346206434e-05
1.917910261672489e-05
2.2570197196339216e-05
2.656087782946684e-05
3.1257158496882356e-05
3.678379771828634e-05
4.328761281083062e-05
5.0941380148163754e-05
5.994842503189409e-05
7.054802310718646e-05
8.302175681319735e-05
9.770099572992247e-05
0.00011497569953977356
0.00013530477745798074
0.00015922827933410923
0.0001873817422860383
0.00022051307399030456
0.00025950242113997375
0.0003053855508833416
0.00035938136638046257
0.0004229242874389499
0.0004977023564332109
0.0005857020818056661
0.0006892612104349695
0.0008111308307896872
0.0009545484566618337
0.0011233240329780276
0.0013219411484660286
0.0015556761439304723
0.0018307382802953678
0.002154434690031882
0.0025353644939701114
0.0029836472402833374
0.003511191734215131
0.004132012400115334
0.004862601580065354
0.005722367659350214
0.006734150657750821
0.007924828983539169
0.0093260334688322
0.010974987654930556
0.01291549665014884
0.01519911082952933
0.01788649529057435
0.0210490414451202
0.02477076355991709
0.029150530628251757
0.034304692863149154
0.040370172585965536
0.047508101621027934
0.05590810182512223
0.06579332246575675
0.0774263682681127
0.09111627561154886
0.10722672220103231
0.1261856883066021
0.14849682622544635
0.1747528400007683
0.20565123083486514
0.24201282647943834
0.2848035868435799
0.3351602650938841
0.3944206059437656
0.46415888336127725
0.5462277217684337
0.642807311728432
0.7564633275546291
0.8902150854450375
1.0476157527896641
1.232846739442066
1.4508287784959402
1.7073526474706886
2.009233002565046
2.364489412645407
2.782559402207126
3.274549162877725
3.8535285937105273
4.534878508128582
5.3366992312063015
6.280291441834247
7.390722033525775
8.697490026177835
10.235310218990248
12.045035402587812
14.174741629268048
16.68100537200059
19.630406500402685
23.10129700083158
27.1858824273294
31.992671377973846
37.64935806792464
44.30621457583877
52.14008287999685
61.35907273413163
72.20809018385457
84.97534359086438
100.0
###
5.78283548522304
5.2651619422599065
4.714360170408269
4.131509722833848
3.52299284676406
2.904212293286655
2.449804007700766
1.8838406511403005
1.392493276249106
0.9949816590973839
23.20084436207265
20.866854582848685
18.387384824339733
15.780958060899685
13.103816179137503
10.457900414455425
8.580564016853916
6.337507029131318
4.486902010561841
3.062197159882061
39.25197481120488
35.10029532902973
30.698282701620844
26.094405983952967
21.411856204547277
16.853639088311546
13.674915546293823
9.942488326566147
6.929417097929683
4.654324197763952
54.602492137514666
48.63360513398562
42.316023198937124
35.73608190594683
29.092777855457385
22.695148980752162
18.283777970141863
13.165981405843942
9.088220756791566
6.049065798946859
69.47399764483197
61.68912506096416
53.462724173433415
44.925033881753386
36.35656667437658
28.173836778567075
22.576127558992443
16.147688290141183
11.072829981140488
7.323248596090553
83.98070184776498
74.38124332837388
64.25245511227907
53.773088769411466
43.309162935468905
33.385102225848364
26.653291111465165
18.95512462810215
12.935117715503242
8.512487977609752
98.19253673315367
86.78005071329662
74.75498692536024
62.34839907788247
50.014732692300264
38.38600582771867
30.536904371935304
21.62775938150865
14.700079439521637
9.637389054030438
112.15916315610895
98.93300363963333
85.01746318125747
70.69701960975328
56.51594129808143
43.21431677887398
34.27468898412337
24.19143663356974
16.38301900573257
10.710649485277768
125.91050605607035
110.8743801028229
95.07373990561807
78.85163111194633
62.84434321892289
47.896894981268616
37.89570880711081
26.66401360422858
18.006668166580976
11.741196779340683
139.47454707776947
122.6301088121972
104.94977795339354
86.83697836216746
69.02148195045346
52.45397858447284
41.4117695071731
29.058792054365252
19.57555576006437
12.735897174598515
152.8715486008956
134.2205712070508
114.66550887945945
94.67243229811842
75.0661586570371
56.900600073268855
44.836117427747745
31.385897226121198
21.096760572190117
13.699518221203007
166.11784407981344
145.66195697637045
124.23710941473502
102.37373485522915
80.9921394609518
61.24917182073354
48.17920230935378
33.65312117028109
22.577908470994462
14.635843946213122
179.22685951083776
156.96775677507813
133.67773317843913
109.95345047871353
86.80944637721329
65.5097253708196
51.44951720368041
35.867351640866296
24.02162821722914
15.54805314285223
192.20984368072
168.14913321698225
142.99849297864873
117.42074150645125
92.533132228892
69.69035469559803
54.65399133941559
38.033417178735135
25.432306475967213
16.438602921904412
205.07631848596523
179.21571865103596
152.20875663343847
124.78869829691043
98.16557823893862
73.79798130380946
57.79856871707329
40.15593108579221
26.813004026682243
17.309560344610546