# ../data/BKevo/MVge_BKevo/mvge_70.dat
# N(r,Y=0), r, *F2(x,Q^2)
# 1e-05 < r < 100.0
# 1 < Q^2 < 50, n=15, lin grid
# 1e-5 < x < 1e-2, n=10, log grid
###
0.0
1.0419178359922891e-16
1.3845597457205747e-16
2.220446049250313e-16
3.2048359154864186e-16
5.994049963490691e-16
1.0041270390519623e-15
1.6848508521606961e-15
2.73932385459722e-15
4.595204928890452e-15
7.640025367787084e-15
1.2585525154085505e-14
2.1045169902423e-14
3.473962380133013e-14
5.73664779322542e-14
9.588887649977654e-14
1.586549972932671e-13
2.6045292483308883e-13
4.362710373520488e-13
7.22452375688295e-13
1.1854248349522593e-12
1.9805289960862285e-12
3.282756134482089e-12
5.389914616077591e-12
8.97057073653661e-12
1.4882815002616567e-11
2.4453285840786257e-11
4.0542464629101317e-11
6.73357829762994e-11
1.1073012537833759e-10
1.8289738341732648e-10
3.0417029578555747e-10
5.007474582387283e-10
8.241495359023558e-10
1.3729792104269318e-09
2.2637799634033085e-09
3.713707438215602e-09
6.2012445546032665e-09
1.0246826756459127e-08
1.6788485998358378e-08
2.8079175731225837e-08
4.6534747880315567e-08
7.646067524417869e-08
1.2774216956940544e-07
2.1250012201452142e-07
3.5040359242313454e-07
5.850351569857036e-07
9.774576501557948e-07
1.6182641413259358e-06
2.700265333145872e-06
4.532176344076726e-06
7.533988091200688e-06
1.2559470288622687e-05
2.117298457751507e-05
3.5330210322605945e-05
5.8803986871961096e-05
9.952887474014225e-05
0.00016663315626810971
0.00027670432301258745
0.0004699666193014637
0.0007890310417227946
0.001312293837387229
0.0022246220569291206
0.0037422448572854146
0.006231256410850724
0.010516127344024998
0.017678481238653183
0.02935674806359873
0.04898354726802215
0.0813558028858591
0.1324006880733468
0.21213818186142042
0.33096100782041876
0.4900070743183031
0.6766565010238574
0.8449087534065077
0.9541065226057224
0.9953348452194061
0.9997579803184325
0.9999972998308119
0.9999999994242414
1.0
1.0
1.0
1.0
1.0
1.0
1.0
1.0
1.0
1.0
1.0
1.0
1.0
1.0
1.0
1.0
1.0
1.0
1.0
###
1e-05
1.1768119524349992e-05
1.3848863713938717e-05
1.6297508346206434e-05
1.917910261672489e-05
2.2570197196339216e-05
2.656087782946684e-05
3.1257158496882356e-05
3.678379771828634e-05
4.328761281083062e-05
5.0941380148163754e-05
5.994842503189409e-05
7.054802310718646e-05
8.302175681319735e-05
9.770099572992247e-05
0.00011497569953977356
0.00013530477745798074
0.00015922827933410923
0.0001873817422860383
0.00022051307399030456
0.00025950242113997375
0.0003053855508833416
0.00035938136638046257
0.0004229242874389499
0.0004977023564332109
0.0005857020818056661
0.0006892612104349695
0.0008111308307896872
0.0009545484566618337
0.0011233240329780276
0.0013219411484660286
0.0015556761439304723
0.0018307382802953678
0.002154434690031882
0.0025353644939701114
0.0029836472402833374
0.003511191734215131
0.004132012400115334
0.004862601580065354
0.005722367659350214
0.006734150657750821
0.007924828983539169
0.0093260334688322
0.010974987654930556
0.01291549665014884
0.01519911082952933
0.01788649529057435
0.0210490414451202
0.02477076355991709
0.029150530628251757
0.034304692863149154
0.040370172585965536
0.047508101621027934
0.05590810182512223
0.06579332246575675
0.0774263682681127
0.09111627561154886
0.10722672220103231
0.1261856883066021
0.14849682622544635
0.1747528400007683
0.20565123083486514
0.24201282647943834
0.2848035868435799
0.3351602650938841
0.3944206059437656
0.46415888336127725
0.5462277217684337
0.642807311728432
0.7564633275546291
0.8902150854450375
1.0476157527896641
1.232846739442066
1.4508287784959402
1.7073526474706886
2.009233002565046
2.364489412645407
2.782559402207126
3.274549162877725
3.8535285937105273
4.534878508128582
5.3366992312063015
6.280291441834247
7.390722033525775
8.697490026177835
10.235310218990248
12.045035402587812
14.174741629268048
16.68100537200059
19.630406500402685
23.10129700083158
27.1858824273294
31.992671377973846
37.64935806792464
44.30621457583877
52.14008287999685
61.35907273413163
72.20809018385457
84.97534359086438
100.0
###
1.4495805667914494
1.2997364531925395
1.1676587719402853
1.052880750577628
0.9546004602767604
0.8716967164331642
0.8188906518057946
0.7600467605303642
0.7132921107105034
0.6776614377602845
4.129484841771404
3.554558083244945
3.05687022778867
2.6306744844224066
2.2689415312522327
1.9643210653384684
1.7688538287196904
1.5469280729763553
1.3632303925161333
1.2123119141304972
5.936117456718631
5.015618080637104
4.227601518446393
3.5595512717395006
2.9971332698467585
2.5263963978117614
2.2254464190328087
1.8835991583367107
1.599782613627571
1.3639519295546845
7.3897151543308475
6.168124292293559
5.130947449458289
4.258091117493206
3.5282947558063773
2.9211418013914554
2.53459514707551
2.0970824874390837
1.7340957717594463
1.4328800683603242
8.635317787102455
7.142855798885277
5.883775068058984
4.83049689198882
3.955016915043174
3.230366182704389
2.7710126671615005
2.2526694365590214
1.8249728064197075
1.4706258879516068
9.739498378246365
7.998356635147375
6.537331025273606
5.321336209161415
4.315488556417011
3.486910965294144
2.9636975139662143
2.375829720898968
1.8922416385104661
1.4934242588058995
10.739231204468437
8.766936984989771
7.1194475105254655
5.7543267488054815
4.6298684764968
3.707415682837922
3.127112553697413
2.4774062524394753
1.9452155880827247
1.5082759150044003
11.657843978602646
9.468652871359453
7.6471491365864654
6.143678791800916
4.9099630794995175
3.9017053251547935
3.269500633524853
2.5641163338429482
1.9886794438477564
1.5183891183629987
12.511141088812051
10.11686437777709
8.13173176910366
6.498712239635031
5.163457399794973
4.075819124269267
3.395998194107942
2.639867059174447
2.02545960810503
1.5255194953056501
13.3103460112667
10.721137171108458
8.581097775475595
6.826133181663996
5.395623286247123
4.2340073934671905
3.51004775178423
2.7072062928447127
2.0572694769393496
1.530670650519986
14.063840844375408
11.288452200110163
9.001065303988197
7.130632153124541
5.610234530713043
4.37922651280649
3.6140625707458525
2.7675797261521455
2.0852861910447253
1.534469425837637
14.77816154736251
11.824181854735174
9.396054699351444
7.41567165902481
5.810131915380094
4.513659232302395
3.7098022732495535
2.8231514731938105
2.110307391456014
1.5373087659986935
15.458253964063735
12.332406326638827
9.769475289040486
7.684105930899251
5.997483206696533
4.639003701577989
3.798588490545309
2.8739294159990028
2.1329007186888966
1.5394491775835364
16.10809064841229
12.816672269729985
10.124098999941731
7.938033931954973
6.173993972720431
4.756475260737942
3.8814503005282712
2.9209549504393797
2.1535188007368853
1.5410742016722603
16.730961892741902
13.279603400581212
10.462049779333524
8.179236077514956
6.341020217173695
4.86713328455697
3.95918111476389
2.964772081744984
2.172458961428088
1.5423057193011005