# datat/BKevo/MVg_BKevo/mvg53.dat
# N(r,Y=0), r, *F2(x,Q^2)
# 1e-05 < r < 100.0
# 1 < Q^2 < 50, n=15, log grid
# 1e-5 < x < 1e-2, n=10, log grid
###
0.0
0.0
0.0
0.0
0.0
0.0
0.0
0.0
0.0
5.1277915322807525e-17
1.110223024625157e-16
2.3371355567275316e-16
3.7891317510218224e-16
6.068676929246313e-16
1.1426115308721533e-15
1.9889152275450385e-15
3.5385858726984405e-15
6.145765403212141e-15
1.1085734249850441e-14
1.9638754366774052e-14
3.427567074147366e-14
6.12473137917873e-14
1.0830241865224367e-13
1.8907895521266143e-13
3.364769880169468e-13
5.958399318817963e-13
1.0415684433221676e-12
1.8431749778105272e-12
3.267947088362726e-12
5.716886298587216e-12
1.0060825549629645e-11
1.7857593648812203e-11
3.125976856521888e-11
5.469427198413159e-11
9.717939470373489e-11
1.7020422067042309e-10
2.9599737948697904e-10
5.263958629683796e-10
9.223195394725731e-10
1.5969570982120174e-09
2.8364901725105785e-09
4.971035557855797e-09
8.60571968288401e-09
1.51942087705094e-08
2.662839592832312e-08
4.608000607994756e-08
8.084409439258638e-08
1.4164442397708453e-07
2.4494712801340815e-07
4.26856908195314e-07
7.474437518065126e-07
1.2912646205148504e-06
2.234196856977293e-06
3.908463451731852e-06
6.7429964868331186e-06
1.1579319498460243e-05
2.0230103004310625e-05
3.48425013474619e-05
5.93638339552483e-05
0.00010354838843585434
0.00017800049696034429
0.0003023971299483201
0.0005238875368124566
0.0008988446542653524
0.001523867485904161
0.002620498401188524
0.004488038924870915
0.00759314489545904
0.012954837616739243
0.02211610458591458
0.0372290212299463
0.06262144961989982
0.10519971504838685
0.1724505507307834
0.2756809084918398
0.42528210326740373
0.6120523962497113
0.8048829963347782
0.9344199730055628
0.989210995312692
0.999742003262439
0.9999985701394298
0.9999999992078453
0.9999999999999964
1.0
1.0
1.0
1.0
1.0
1.0
1.0
1.0
1.0
1.0
1.0
1.0
1.0
1.0
1.0
1.0
###
1e-05
1.1768119524349992e-05
1.3848863713938717e-05
1.6297508346206434e-05
1.917910261672489e-05
2.2570197196339216e-05
2.656087782946684e-05
3.1257158496882356e-05
3.678379771828634e-05
4.328761281083062e-05
5.0941380148163754e-05
5.994842503189409e-05
7.054802310718646e-05
8.302175681319735e-05
9.770099572992247e-05
0.00011497569953977356
0.00013530477745798074
0.00015922827933410923
0.0001873817422860383
0.00022051307399030456
0.00025950242113997375
0.0003053855508833416
0.00035938136638046257
0.0004229242874389499
0.0004977023564332109
0.0005857020818056661
0.0006892612104349695
0.0008111308307896872
0.0009545484566618337
0.0011233240329780276
0.0013219411484660286
0.0015556761439304723
0.0018307382802953678
0.002154434690031882
0.0025353644939701114
0.0029836472402833374
0.003511191734215131
0.004132012400115334
0.004862601580065354
0.005722367659350214
0.006734150657750821
0.007924828983539169
0.0093260334688322
0.010974987654930556
0.01291549665014884
0.01519911082952933
0.01788649529057435
0.0210490414451202
0.02477076355991709
0.029150530628251757
0.034304692863149154
0.040370172585965536
0.047508101621027934
0.05590810182512223
0.06579332246575675
0.0774263682681127
0.09111627561154886
0.10722672220103231
0.1261856883066021
0.14849682622544635
0.1747528400007683
0.20565123083486514
0.24201282647943834
0.2848035868435799
0.3351602650938841
0.3944206059437656
0.46415888336127725
0.5462277217684337
0.642807311728432
0.7564633275546291
0.8902150854450375
1.0476157527896641
1.232846739442066
1.4508287784959402
1.7073526474706886
2.009233002565046
2.364489412645407
2.782559402207126
3.274549162877725
3.8535285937105273
4.534878508128582
5.3366992312063015
6.280291441834247
7.390722033525775
8.697490026177835
10.235310218990248
12.045035402587812
14.174741629268048
16.68100537200059
19.630406500402685
23.10129700083158
27.1858824273294
31.992671377973846
37.64935806792464
44.30621457583877
52.14008287999685
61.35907273413163
72.20809018385457
84.97534359086438
100.0
###
1.1292423807761676
0.9901173213982127
0.8686325468250692
0.7638395780518695
0.6744719995788145
0.5990996885567411
0.5508516073197025
0.49644428947858266
0.45216632041071936
0.4168811363489299
3.0218666859061103
2.531488416684153
2.1140357144761555
1.7618767285649708
1.4667805156283071
1.2207013523087091
1.0637717430784701
0.8858048075956547
0.7380264268016685
0.6151470522624762
4.2416863996903595
3.4849839671533385
2.849736595016666
2.320643074067082
1.8826419928001594
1.5214941079581217
1.2931988533916654
1.0364123805574594
0.8248492262364392
0.65004599483666
5.204487336163263
4.2233501735014745
3.4073872349325685
2.7340873279664053
2.1816564480520264
1.7301262066001564
1.4469796746309693
1.1308723037214097
0.8728448281837169
0.6617527895720735
6.019754103903657
4.840743544405729
3.8673687728919512
3.069849825036663
2.42015871542688
1.8929317518139297
1.5644462803654677
1.2002329839375387
0.9054443428080319
0.6665326291620868
6.736195073824085
5.378390459405249
4.263905035925198
3.3560780799030936
2.620843135865875
2.027815904036972
1.6603638358648924
1.2553625477524795
0.9300281435964206
0.6687422105588702
7.380608396002076
5.858438151271897
4.6151861618624315
3.6075457835786664
2.7953353246754533
2.143684168691825
1.7418800373645151
1.3012984812945696
0.9497575519195033
0.6696576250268883
7.969616453877172
6.29456828476433
4.9322658091403655
3.832803375252018
2.950462665722852
2.2457294499714697
1.8130706410904254
1.340798666837319
0.9667139560990652
0.6699543231684443
8.514244533780312
6.695827063008532
5.222413375549692
4.037714740702577
3.0906126560974165
2.3371974421880757
1.8763936321542705
1.3755262612578054
0.980891929997442
0.6699251718647328
9.022413006751957
7.068572242293482
5.4906725050477085
4.226212275600894
3.218774474003007
2.4202746220094764
1.9335855031526914
1.4065608854759841
0.9928929358838882
0.6697048674999374
9.49991954406173
7.417478893953884
5.740738981822479
4.401173662017521
3.337106011619929
2.4965391151030647
1.9858177182279668
1.4346613251373252
1.0040102765582835
0.6693894928715128
9.95121006890222
7.7460835543785
5.9754145272516626
4.5644013857074315
3.4472018837219207
2.567135106975793
2.0339485117205345
1.4603631123350536
1.0140571916924963
0.6690199330360295
10.379601645816187
8.057209156887255
6.196803852188463
4.718057833821988
3.5502838737968188
2.632929034844105
2.0786631571241534
1.4840664341738035
1.0232265628541362
0.6686218385096845
10.788240397553372
8.352943309731353
6.40664158184633
4.863227510654422
3.6473160165545724
2.694606171613196
2.12039786052897
1.506025528189622
1.0316658236430682
0.6682135686480455
11.179044303799666
8.63511191659381
6.606297494405715
5.000944700952514
3.7390532512696812
2.752696855268866
2.1595399318680935
1.526634905421374
1.039486219229279
0.6678015826314989