# ../data/BKevo/MVge_BKevo/mvge_51.dat
# N(r,Y=0), r, *F2(x,Q^2)
# 1e-05 < r < 100.0
# 1 < Q^2 < 50, n=15, lin grid
# 1e-5 < x < 1e-2, n=10, log grid
###
0.00019970147731555098
0.00022467969538541918
0.0002526135619042421
0.0002840116637350717
0.0003193588806753507
0.0003589152830456151
0.00040329003457581476
0.0004532120326588115
0.0005091150227416956
0.000571697734430616
0.0006420512414915182
0.0007208823936314852
0.0008089393027181454
0.0009078484504317471
0.0010187410744104798
0.0011423219949113325
0.0012810060061628895
0.0014365770051295538
0.0016095133775997901
0.0018033858268693475
0.002020720572793359
0.002262191299718838
0.0025323002261291405
0.002834736230264635
0.0031708045804596584
0.0035456862595478547
0.003964863963705879
0.0044306653867870575
0.004948675694788771
0.005526989972181218
0.006169550210375403
0.006881704462034266
0.0076753260549554374
0.008556854203862072
0.009530130640717118
0.010612454142690766
0.011814060207215165
0.013134977638794414
0.014600238885149051
0.016224804698084266
0.01800379728666225
0.0199703170657122
0.022143895720760937
0.024519667026840306
0.027131763674582036
0.030008270676812544
0.033144987464320375
0.03657210423044626
0.04032964597498348
0.044415292734277356
0.04884652043222184
0.053680031539135725
0.058917643435748214
0.06455015130068865
0.07065773707258384
0.07725053265183336
0.08427259847047855
0.09183763915822517
0.0999716457317375
0.10854671660499296
0.11772505766997055
0.12753546825497006
0.13783003530477805
0.148763264447164
0.16039629106245107
0.17259268158660462
0.18547812468573885
0.19917733704301724
0.2135993476782521
0.22883475823345859
0.24510318663299957
0.2623924349478856
0.28074987711768595
0.3005075817898807
0.3217417348498265
0.34441468582204326
0.36895763255497566
0.39550256944702633
0.423794463723897
0.45432335694889253
0.4871672570757722
0.5216995227323996
0.5583141750911325
0.5968955249907818
0.636386277304178
0.6767817155510408
0.7177909091897975
0.7579347714339724
0.7966862066448134
0.8338119132585492
0.8678165415546087
0.8978525402116794
0.9242514769026804
0.9462169445367249
0.9631853274379998
0.9763289359020105
0.985855116575731
0.9918712548526926
0.9957503035087205
0.9980538918511552
###
1e-05
1.1768119524349992e-05
1.3848863713938717e-05
1.6297508346206434e-05
1.917910261672489e-05
2.2570197196339216e-05
2.656087782946684e-05
3.1257158496882356e-05
3.678379771828634e-05
4.328761281083062e-05
5.0941380148163754e-05
5.994842503189409e-05
7.054802310718646e-05
8.302175681319735e-05
9.770099572992247e-05
0.00011497569953977356
0.00013530477745798074
0.00015922827933410923
0.0001873817422860383
0.00022051307399030456
0.00025950242113997375
0.0003053855508833416
0.00035938136638046257
0.0004229242874389499
0.0004977023564332109
0.0005857020818056661
0.0006892612104349695
0.0008111308307896872
0.0009545484566618337
0.0011233240329780276
0.0013219411484660286
0.0015556761439304723
0.0018307382802953678
0.002154434690031882
0.0025353644939701114
0.0029836472402833374
0.003511191734215131
0.004132012400115334
0.004862601580065354
0.005722367659350214
0.006734150657750821
0.007924828983539169
0.0093260334688322
0.010974987654930556
0.01291549665014884
0.01519911082952933
0.01788649529057435
0.0210490414451202
0.02477076355991709
0.029150530628251757
0.034304692863149154
0.040370172585965536
0.047508101621027934
0.05590810182512223
0.06579332246575675
0.0774263682681127
0.09111627561154886
0.10722672220103231
0.1261856883066021
0.14849682622544635
0.1747528400007683
0.20565123083486514
0.24201282647943834
0.2848035868435799
0.3351602650938841
0.3944206059437656
0.46415888336127725
0.5462277217684337
0.642807311728432
0.7564633275546291
0.8902150854450375
1.0476157527896641
1.232846739442066
1.4508287784959402
1.7073526474706886
2.009233002565046
2.364489412645407
2.782559402207126
3.274549162877725
3.8535285937105273
4.534878508128582
5.3366992312063015
6.280291441834247
7.390722033525775
8.697490026177835
10.235310218990248
12.045035402587812
14.174741629268048
16.68100537200059
19.630406500402685
23.10129700083158
27.1858824273294
31.992671377973846
37.64935806792464
44.30621457583877
52.14008287999685
61.35907273413163
72.20809018385457
84.97534359086438
100.0
###
5.780610459880821
5.260548493137285
4.704880471206335
4.111931678165529
3.484770292459356
2.8359242593681606
2.3515250364382956
1.7414373174692137
1.212278242893862
0.7941976122353424
23.19062252130081
20.84653857132569
18.347832524646968
15.705126309297807
12.966407925923342
10.23307577940625
8.278955650242766
5.937631833544906
4.019839513386162
2.578435876942102
39.233936035697894
35.06499349815557
30.631114745172194
25.96867596994612
21.19435643750999
16.511562949846212
13.227787692926325
9.373100840187789
6.2852781781028195
4.006720180244929
54.57675159386472
48.58377619537023
42.2227622853639
35.566689252857245
28.804802617643784
22.25391498868317
17.71785357767596
12.46217435519049
8.30964874398667
5.27940031865028
69.44063703933935
61.6251021959501
53.34448749047909
44.71388098791646
36.0045677654384
27.644804000125102
21.910721046622673
15.329951509546772
10.181529407279882
6.454391769887976
83.93980436734603
74.3033121763417
64.11013624739695
53.52241308541768
42.89800613492091
32.776342447978514
25.88609845737814
18.03734607712646
11.94387066903986
7.559324321517711
98.1441701876523
86.6884640117273
74.58931180755143
62.059972061028624
49.54799878027319
37.70364613888166
29.691276239290897
20.620010373874774
13.621528622163725
8.610310163410771
112.101103525312
98.82799270628834
84.82906161819322
70.37241756197474
55.99679949179192
42.46330424639936
33.357466305549266
23.10114814013399
15.230663980686137
9.61768972104198
125.84483988354613
110.75614018402607
94.86330778827526
78.49194806199809
62.274562467193746
47.08132719165462
36.90665948720746
25.49798939288112
16.782156906414457
10.588365019669828
139.40128015431236
122.49881406912401
104.7176610531736
86.4434570175288
68.40050193426997
51.57672006570341
40.35522333869912
27.82218887667272
18.28519591415225
11.528816637955725
152.79073176052216
134.0763139091323
114.41216184881662
94.24616951443068
74.40226023179012
55.96543400801947
43.71574672621291
30.083002556126218
19.746372172032405
12.44155065688999
166.02952798279972
145.50495724690828
123.96257365925095
101.91547132980098
80.28396736378285
60.25827562781322
46.998179683736375
32.287907714683655
21.17038429598472
13.33095620963861
179.13109165270137
156.79814662895686
133.38284326223686
109.46395935760955
86.05998973907103
64.46485390082721
50.21066216745675
34.44274088508003
22.559060853020636
14.198943662830636
192.10669584577857
167.967096726268
142.68346778041925
116.90214423705183
91.74000803817967
68.59601816422449
53.35970364138739
36.552424441420015
23.918541777649445
15.048041783169603
204.96581219036912
179.02133512036244
151.8738893480275
124.23889790465194
97.33199981219204
72.65461388048963
56.4509584106207
38.62101552766016
25.24975844275972
15.879833839206317