# datat/BKevo/MVg_BKevo/mvg56.dat
# N(r,Y=0), r, *F2(x,Q^2)
# 1e-05 < r < 100.0
# 1 < Q^2 < 50, n=15, log grid
# 1e-5 < x < 1e-2, n=10, log grid
###
1.72297373737922e-06
2.0679868944579505e-06
2.482474587119881e-06
2.979268350071024e-06
3.5741807269492785e-06
4.288058252312965e-06
5.143618459859085e-06
6.167581271222178e-06
7.394849508663176e-06
8.865439804057262e-06
1.062440801804489e-05
1.2730061283580536e-05
1.5252505619507431e-05
1.8267545049163067e-05
2.187236232999866e-05
2.6189051599919327e-05
3.1344844433565434e-05
3.750134046509625e-05
4.48697844274931e-05
5.3663181421944746e-05
6.415303780613864e-05
7.669187248410166e-05
9.164560465714654e-05
0.0001094670982867954
0.0001307363079851099
0.00015608317880850894
0.0001862581428308885
0.00022221142152205805
0.0002650172076369812
0.00031591375845663606
0.00037645105799945813
0.00044844056990765534
0.0005339158343510603
0.0006353930262471215
0.0007558864675413731
0.000898718056681762
0.0010679512640880508
0.0012685203238794222
0.001505819364219669
0.0017863852383872862
0.0021180947222482816
0.0025096813828103543
0.0029715802884605355
0.0035160442229785712
0.0041570841999797
0.004911112776007448
0.00579692832312049
0.0068363683079180225
0.008054912528304993
0.009480951879720366
0.011147223095463753
0.013092714137077124
0.015359583850451936
0.017994309139090756
0.02105567683762872
0.024605293247772896
0.028704089723934206
0.033439641855559726
0.038900998925171584
0.04515864095384317
0.0523424259945557
0.060574437118280394
0.069939627602036
0.08061182915133558
0.09276105187256103
0.10649489340498235
0.12202963396135781
0.13960901548941643
0.1593797223428718
0.1815885137500925
0.2065871116502046
0.23457534511488054
0.26576867339755106
0.30063323879287307
0.3393692833328096
0.38191108860922907
0.42872240225702446
0.4797613811461082
0.5339486930186543
0.5914541765658822
0.6514502463692405
0.7108835826393899
0.7692972492669903
0.82489760015123
0.8734706972247296
0.9144988194730751
0.9473945740300954
0.9703717845362178
0.9850098144636434
0.9936452282498709
0.9977439369035622
0.9993010806348097
0.9998433895072265
0.9999773815092964
0.9999968849333526
0.9999997474803157
0.9999999942849017
0.9999999997972046
0.9999999999966196
0.9999999999999982
###
1e-05
1.1768119524349992e-05
1.3848863713938717e-05
1.6297508346206434e-05
1.917910261672489e-05
2.2570197196339216e-05
2.656087782946684e-05
3.1257158496882356e-05
3.678379771828634e-05
4.328761281083062e-05
5.0941380148163754e-05
5.994842503189409e-05
7.054802310718646e-05
8.302175681319735e-05
9.770099572992247e-05
0.00011497569953977356
0.00013530477745798074
0.00015922827933410923
0.0001873817422860383
0.00022051307399030456
0.00025950242113997375
0.0003053855508833416
0.00035938136638046257
0.0004229242874389499
0.0004977023564332109
0.0005857020818056661
0.0006892612104349695
0.0008111308307896872
0.0009545484566618337
0.0011233240329780276
0.0013219411484660286
0.0015556761439304723
0.0018307382802953678
0.002154434690031882
0.0025353644939701114
0.0029836472402833374
0.003511191734215131
0.004132012400115334
0.004862601580065354
0.005722367659350214
0.006734150657750821
0.007924828983539169
0.0093260334688322
0.010974987654930556
0.01291549665014884
0.01519911082952933
0.01788649529057435
0.0210490414451202
0.02477076355991709
0.029150530628251757
0.034304692863149154
0.040370172585965536
0.047508101621027934
0.05590810182512223
0.06579332246575675
0.0774263682681127
0.09111627561154886
0.10722672220103231
0.1261856883066021
0.14849682622544635
0.1747528400007683
0.20565123083486514
0.24201282647943834
0.2848035868435799
0.3351602650938841
0.3944206059437656
0.46415888336127725
0.5462277217684337
0.642807311728432
0.7564633275546291
0.8902150854450375
1.0476157527896641
1.232846739442066
1.4508287784959402
1.7073526474706886
2.009233002565046
2.364489412645407
2.782559402207126
3.274549162877725
3.8535285937105273
4.534878508128582
5.3366992312063015
6.280291441834247
7.390722033525775
8.697490026177835
10.235310218990248
12.045035402587812
14.174741629268048
16.68100537200059
19.630406500402685
23.10129700083158
27.1858824273294
31.992671377973846
37.64935806792464
44.30621457583877
52.14008287999685
61.35907273413163
72.20809018385457
84.97534359086438
100.0
###
3.071564371005122
2.7246053290157435
2.3819634741661746
2.0486805085920032
1.7310140242329504
1.4351206997969361
1.2313405487937317
0.9876597539411557
0.7782459046581768
0.6033809743246158
11.017829785618172
9.516820822483838
8.07544202119098
6.7223893874212095
5.485935723705595
4.3855926854672855
3.659626908177765
2.8271811384037604
2.144576300338167
1.5994809410623654
17.660494115647527
15.070030408850087
12.61972657339821
10.359756665471659
8.331655400971885
6.5671050003737585
5.421862983640257
4.130595518132733
3.091267904287737
2.275506694450582
23.664135164301907
20.0293612262181
16.627705142537206
13.527394097800835
10.780488883249546
8.42118409774269
6.907054822129137
5.217887895764382
3.8737612975798648
2.8297330967163514
29.245096784094464
24.601231690511096
20.29083247791893
16.398044168628022
12.981500969022855
10.074726390708616
8.22453394492885
6.176044198707996
4.55923877407598
3.3129668837233393
34.51270795499556
28.889002511093896
23.703859562066135
19.055474349026916
15.006603668815043
11.587516983124557
9.425144102474523
7.0452599160904015
5.178468509821
3.7480187654511457
39.53290926913975
32.95385563986535
26.922680970402617
21.54892583443032
16.897468359926556
12.993615369128865
10.53771295121994
7.847694163088768
5.748412353431779
4.1474205820997305
44.349858258891864
36.83686908198239
29.983679920919034
23.910236986876363
18.681105687851883
14.315144092475627
11.58067980538121
8.597692305027078
6.279949210961266
4.518963727208071
48.99466884488538
40.56657190173867
32.91340191698035
26.161927706949665
20.376018409746965
15.567107511025725
12.567180241302967
9.304673154695307
6.779995689763431
4.86801802813345
53.49090724114605
44.16525453057234
35.73064365510501
28.337468987678367
21.996041279568693
16.760484456742155
13.50500465858968
9.976444392234978
7.253916116771851
5.198410852420912
57.857798463936795
47.64914721969205
38.450078048134586
30.398037267204344
23.551461040928114
17.903622574363908
14.402096265265973
10.617399300312707
7.705562505338248
5.512836253954838
62.10779810707359
51.03195628531598
41.08326534822346
32.404818724252614
25.05043772230927
19.002854467321495
15.263700131319737
11.231934866390288
8.137974372488964
5.81348829063768
66.25361865406582
54.324385388995786
43.63906059420242
34.348590851560914
26.499233083039943
20.0632996171271
16.093906646282335
11.823235320478483
8.55350792595913
6.102153446827607
70.30439762438134
57.53372350082741
46.12662422287934
36.23546543221967
27.903210125645103
21.089279430169118
16.896165983381035
12.393500016158766
8.954042265794696
6.380169609838513
74.2695095141481
60.6682257172839
48.55074123824347
38.071531049025836
29.26681812657063
22.08416695720193
17.673313398248254
12.945545868499302
9.341189915495343
6.648661259713511