# ../data/BKevo/MVge_BKevo/mvge_62.dat
# N(r,Y=0), r, *F2(x,Q^2)
# 1e-05 < r < 100.0
# 1 < Q^2 < 50, n=15, lin grid
# 1e-5 < x < 1e-2, n=10, log grid
###
7.667138247149381e-13
1.1142803195310838e-12
1.631602051973787e-12
2.3829054437493614e-12
3.4637903495186087e-12
5.061576211128443e-12
7.393749015185523e-12
1.074916242686718e-11
1.5674605071234295e-11
2.2901275402663317e-11
3.329714846168072e-11
4.844912756106929e-11
7.079700300879863e-11
1.0293996073315869e-10
1.494471956250496e-10
2.1840459123136457e-10
3.1756373080307404e-10
4.5996602833856065e-10
6.72233488307506e-10
9.773793046261223e-10
1.4146277984745038e-09
2.0639432194748943e-09
3.000435264459975e-09
4.341767114889831e-09
6.31960744156218e-09
9.18511159042843e-09
1.328718864611078e-08
1.929203973491714e-08
2.803099842806091e-08
4.053319857150462e-08
5.869846199355524e-08
8.525205261743925e-08
1.2321160351319944e-07
1.77944119380864e-07
2.582999184109433e-07
3.7306967075938776e-07
5.372550423565766e-07
7.793319041866806e-07
1.1247253086550444e-06
1.6159210592861073e-06
2.3405407814950364e-06
3.37471279086183e-06
4.843648407681287e-06
6.994058772459841e-06
1.0073772870936292e-05
1.44425060341866e-05
2.0788563512888243e-05
2.990883949807454e-05
4.283000165847646e-05
6.145579753701351e-05
8.832300117186519e-05
0.00012634793140693548
0.0001807593015395859
0.0002595790467775087
0.0003710808974651581
0.0005295694915370359
0.0007603652103022753
0.0010870311622815298
0.0015486997357135558
0.0022255592871150832
0.0031852673801441036
0.004543153717748947
0.00653029125216381
0.009366229439199037
0.013387652220843965
0.019247496979076247
0.02765518916346707
0.03956309687209932
0.05672570873329353
0.08123759171630592
0.11543284272558635
0.16312580629474388
0.22862822961631604
0.31467454108674214
0.4235195261315274
0.5522386439912963
0.690729431656211
0.8220250065995135
0.9171426286753029
0.9730500099133058
0.9956733603280048
0.9995413476449204
0.9999788985955546
0.999999856390964
0.9999999999691259
0.999999999999995
1.0
1.0
1.0
1.0
1.0
1.0
1.0
1.0
1.0
1.0
1.0
1.0
1.0
1.0
###
1e-05
1.1768119524349992e-05
1.3848863713938717e-05
1.6297508346206434e-05
1.917910261672489e-05
2.2570197196339216e-05
2.656087782946684e-05
3.1257158496882356e-05
3.678379771828634e-05
4.328761281083062e-05
5.0941380148163754e-05
5.994842503189409e-05
7.054802310718646e-05
8.302175681319735e-05
9.770099572992247e-05
0.00011497569953977356
0.00013530477745798074
0.00015922827933410923
0.0001873817422860383
0.00022051307399030456
0.00025950242113997375
0.0003053855508833416
0.00035938136638046257
0.0004229242874389499
0.0004977023564332109
0.0005857020818056661
0.0006892612104349695
0.0008111308307896872
0.0009545484566618337
0.0011233240329780276
0.0013219411484660286
0.0015556761439304723
0.0018307382802953678
0.002154434690031882
0.0025353644939701114
0.0029836472402833374
0.003511191734215131
0.004132012400115334
0.004862601580065354
0.005722367659350214
0.006734150657750821
0.007924828983539169
0.0093260334688322
0.010974987654930556
0.01291549665014884
0.01519911082952933
0.01788649529057435
0.0210490414451202
0.02477076355991709
0.029150530628251757
0.034304692863149154
0.040370172585965536
0.047508101621027934
0.05590810182512223
0.06579332246575675
0.0774263682681127
0.09111627561154886
0.10722672220103231
0.1261856883066021
0.14849682622544635
0.1747528400007683
0.20565123083486514
0.24201282647943834
0.2848035868435799
0.3351602650938841
0.3944206059437656
0.46415888336127725
0.5462277217684337
0.642807311728432
0.7564633275546291
0.8902150854450375
1.0476157527896641
1.232846739442066
1.4508287784959402
1.7073526474706886
2.009233002565046
2.364489412645407
2.782559402207126
3.274549162877725
3.8535285937105273
4.534878508128582
5.3366992312063015
6.280291441834247
7.390722033525775
8.697490026177835
10.235310218990248
12.045035402587812
14.174741629268048
16.68100537200059
19.630406500402685
23.10129700083158
27.1858824273294
31.992671377973846
37.64935806792464
44.30621457583877
52.14008287999685
61.35907273413163
72.20809018385457
84.97534359086438
100.0
###
1.4471330671280125
1.2825384785090275
1.135278750327752
1.0052061490073174
0.8917108894645865
0.7938118170543174
0.7299065268054766
0.6563467539520027
0.5948890056875729
0.5442996329061282
4.165215186778143
3.5487530418481716
3.01096351786678
2.547670349058635
2.1523340979107393
1.8175200180906717
1.6016131199257055
1.3546838538329091
1.1481737918811676
0.975782813785247
6.026779287105548
5.044909655448692
4.201679719481169
3.48503838618578
2.881180649199736
2.3757420649436303
2.052863576755585
1.686663239134452
1.382908313781886
1.1310921139536692
7.536128187400943
6.237549796789483
5.132958744766302
4.202816218266916
3.4261411828736104
2.781577282478751
2.3728232129334788
1.9123963036789537
1.5334111907246304
1.2213247671384895
8.83706554063731
7.253460304254914
5.916244220348953
4.798212149945078
3.8710185401486097
3.106944527758307
2.6251335862789165
2.0855913283674594
1.6448349825788815
1.2836760245081191
9.995276971443896
8.149949363054214
6.600962254950403
5.313359992661384
4.251575061221108
3.3813928765593158
2.8354717542712202
2.2270857246968885
1.7330034211020775
1.330670330977792
11.047673539453662
8.958847084035213
7.214153964010788
5.7708871826304495
4.586468455348044
3.6203924138059653
3.016891625112971
2.347179081430761
1.8057381671405262
1.3680912723591983
12.017494935716089
9.69997371255335
7.77249544191066
6.184691524625826
4.887052355007327
3.8330546329659407
3.1770792531653607
2.451895808500025
1.8688242196512035
1.3990242247418596
12.920632600261765
10.386710550542212
8.287129531071507
6.5639196946725695
5.160773734746984
4.025280311302044
3.3209318651749826
2.5449359704891843
1.9230982109023285
1.425294408590433
13.768369100407174
11.028567654858094
8.765909982391916
6.91497411916765
5.412773115858427
4.201128025725407
3.451782535313175
2.6287700952762676
1.9717838637974807
1.4480715493027796
14.569165210660879
11.632604972544714
9.214618044513012
7.2425871480634445
5.646765454087458
4.363495890994444
3.572020345169477
2.705739013368201
2.01565952879408
1.46813074945247
15.3295246708319
12.204146096538114
9.637736075747371
7.550240234181364
5.86552110245952
4.514568115290127
3.683405484442525
2.7760082848351386
2.055572706907112
1.486021596276171
16.054709705952572
12.747496688610497
10.038615208447592
7.84071787252694
6.071311759853582
4.656011396630996
3.787281923818427
2.841132798339757
2.092220554597798
1.5021498776687112
16.748609431552865
13.265996985003236
10.420046343527144
8.116213621168777
6.265753918169329
4.789138521326181
3.8847032050819625
2.901860850012163
2.126109620981152
1.516813867420559
17.414704623809218
13.76244363515414
10.78420259814753
8.378492101987444
6.45029656460473
4.914990470766031
3.9764982070421424
2.958772672973541
2.1573332206274327
1.530246361648034