# ../data/BKevo/MVge_BKevo/mvge_124.dat
# N(r,Y=0), r, *F2(x,Q^2)
# 1e-05 < r < 100.0
# 1 < Q^2 < 50, n=15, lin grid
# 1e-5 < x < 1e-2, n=10, log grid
###
0.0
0.0
0.0
0.0
0.0
0.0
0.0
0.0
0.0
0.0
0.0
0.0
0.0
0.0
1.110223024625157e-16
1.110223024625157e-16
1.8679714215948338e-16
4.46725127701648e-16
8.064604990760821e-16
1.5313901042072956e-15
2.736750385529767e-15
5.295622478353022e-15
9.97804223491341e-15
1.8541578881132686e-14
3.529118798253012e-14
6.673995368665285e-14
1.243029000181045e-13
2.3516572061258314e-13
4.461542083723907e-13
8.318079247665516e-13
1.5640420602662937e-12
2.9735744168084372e-12
5.554134933923653e-12
1.0376139830898004e-11
1.9781865170687933e-11
3.702727903563291e-11
6.873108452736551e-11
1.3146173248789669e-10
2.467128439839656e-10
4.563162748859661e-10
8.740086999868247e-10
1.6457710141243955e-09
3.0530494219313375e-09
5.825176877282815e-09
1.1016092096900914e-08
2.0514455829802107e-08
3.90128047431037e-08
7.416574728538447e-08
1.3875717818160427e-07
2.630962822015061e-07
5.031569447545511e-07
9.462361308917911e-07
1.7886246705013643e-06
3.4422024299104017e-06
6.507591103404761e-06
1.225604954185062e-05
2.3733093993989365e-05
4.509384747578853e-05
8.454300457782859e-05
0.0001646689652952504
0.0003143073282414591
0.0005907409172727515
0.0011473607619703684
0.0021982398801547337
0.004142169834917567
0.007994489470704684
0.015325324572718733
0.028799512314391415
0.054626013807209904
0.10264650341925396
0.1858026871735123
0.32412634429843606
0.5263336459080903
0.7569564076036981
0.9331800118465452
0.9915564258270052
0.9997463107060104
0.9999999950487274
0.999999999999983
1.0
1.0
1.0
1.0
1.0
1.0
1.0
1.0
1.0
1.0
1.0
1.0
1.0
1.0
1.0
1.0
1.0
1.0
1.0
1.0
1.0
###
1e-05
1.1768119524349992e-05
1.3848863713938717e-05
1.6297508346206434e-05
1.917910261672489e-05
2.2570197196339216e-05
2.656087782946684e-05
3.1257158496882356e-05
3.678379771828634e-05
4.328761281083062e-05
5.0941380148163754e-05
5.994842503189409e-05
7.054802310718646e-05
8.302175681319735e-05
9.770099572992247e-05
0.00011497569953977356
0.00013530477745798074
0.00015922827933410923
0.0001873817422860383
0.00022051307399030456
0.00025950242113997375
0.0003053855508833416
0.00035938136638046257
0.0004229242874389499
0.0004977023564332109
0.0005857020818056661
0.0006892612104349695
0.0008111308307896872
0.0009545484566618337
0.0011233240329780276
0.0013219411484660286
0.0015556761439304723
0.0018307382802953678
0.002154434690031882
0.0025353644939701114
0.0029836472402833374
0.003511191734215131
0.004132012400115334
0.004862601580065354
0.005722367659350214
0.006734150657750821
0.007924828983539169
0.0093260334688322
0.010974987654930556
0.01291549665014884
0.01519911082952933
0.01788649529057435
0.0210490414451202
0.02477076355991709
0.029150530628251757
0.034304692863149154
0.040370172585965536
0.047508101621027934
0.05590810182512223
0.06579332246575675
0.0774263682681127
0.09111627561154886
0.10722672220103231
0.1261856883066021
0.14849682622544635
0.1747528400007683
0.20565123083486514
0.24201282647943834
0.2848035868435799
0.3351602650938841
0.3944206059437656
0.46415888336127725
0.5462277217684337
0.642807311728432
0.7564633275546291
0.8902150854450375
1.0476157527896641
1.232846739442066
1.4508287784959402
1.7073526474706886
2.009233002565046
2.364489412645407
2.782559402207126
3.274549162877725
3.8535285937105273
4.534878508128582
5.3366992312063015
6.280291441834247
7.390722033525775
8.697490026177835
10.235310218990248
12.045035402587812
14.174741629268048
16.68100537200059
19.630406500402685
23.10129700083158
27.1858824273294
31.992671377973846
37.64935806792464
44.30621457583877
52.14008287999685
61.35907273413163
72.20809018385457
84.97534359086438
100.0
###
1.531214261691511
1.385485917558895
1.2579071758235758
1.1480178832642307
1.0549737377394963
0.9777227747320189
0.9294490604279233
0.8770973462430274
0.8375257844890889
0.8098509915144178
4.409598342768067
3.83411554948496
3.3365914262903273
2.91130266228435
2.5516769170570694
2.250534996771728
2.0585876570576174
1.8429899579238465
1.668218515687508
1.5287765737309031
6.360471082533463
5.4276629665195895
4.628307562387056
3.9500630198219615
3.379086226474363
2.901621451540257
2.5968543285928045
2.2522683588243946
1.9677270408225715
1.7345600365499252
7.932784676313526
6.685819692563855
5.624113183096931
4.728794444649496
3.9787576596364294
3.3534731393530097
2.9550690599605227
2.5038918653028492
2.129933150912667
1.8204699770099175
9.281456424364983
7.749522106304014
6.453094051560257
5.365109253629852
4.457668765633402
3.7041344661002125
3.2249813222823285
2.6829796246924333
2.233885628594891
1.8610466517629958
10.477583505493744
8.683366115271413
7.172239431357414
5.909661682581259
4.8608661476300465
3.9928915789027783
3.442556014976947
2.8210931090975104
2.307310166744493
1.8807226090903972
11.561120086103575
9.52233051040378
7.8123698076071095
6.389187897496784
5.211301813840868
4.2398452398872895
3.625452976817232
2.9335265252100857
2.362848154206157
1.8901148008867594
12.557046826148497
10.288296093855566
8.392333067195318
6.819903487929157
5.5227310817468185
4.456407496582179
3.7837207875970718
3.028289643309499
2.4069424954623417
1.8937869133168554
13.482467027653461
10.995864156796287
8.924679758433827
7.212345423463571
5.80411312634121
4.649908523301589
3.9237734592224087
3.110268968163329
2.4432497374662057
1.894209291563669
14.349452860757221
11.655491479371172
9.41818435618586
7.5738118916655335
6.061435036822619
4.825181942958766
4.049478420298999
3.182742565230257
2.473820300391433
1.8927303561017987
15.167038679101266
12.274775904860997
9.879280045577982
7.909786488733852
6.29899859474612
4.98579198909308
4.163769013748705
3.247451263622504
2.5004289133870796
1.890215905800739
15.942156126201306
12.859592119362633
10.31285345575239
8.22415222467103
6.520052496983889
5.134215767472242
4.268702666680885
3.3060385979402
2.523878129873021
1.8870890125520938
16.680413482214604
13.414389498235382
10.722675512562567
8.519979572679741
6.727057605964815
5.272368244897621
4.365831790257185
3.359913523835646
2.5448423286681217
1.883635497803506
17.38591388184773
13.943218593527371
11.111803474862818
8.799767901345945
6.921947494072291
5.401739904740326
4.456317980179864
3.409695737251998
2.5638133256307802
1.8800384201650835
18.062382301627604
14.448663213841975
11.482592282766994
9.065504706574403
7.106255209449186
5.523491085891332
4.541099826438725
3.45585026528822
2.581139874533659
1.8763963038053209