# ../data/BKevo/MVge_BKevo/mvge_122.dat
# N(r,Y=0), r, *F2(x,Q^2)
# 1e-05 < r < 100.0
# 1 < Q^2 < 50, n=15, lin grid
# 1e-5 < x < 1e-2, n=10, log grid
###
0.0
0.0
0.0
0.0
0.0
0.0
0.0
0.0
0.0
0.0
0.0
0.0
0.0
0.0
1.110223024625157e-16
1.110223024625157e-16
1.8679714215948338e-16
4.46725127701648e-16
8.064604990760821e-16
1.5313901042072956e-15
2.736750385529767e-15
5.295622478353022e-15
9.97804223491341e-15
1.8541578881132686e-14
3.5180165680067605e-14
6.656979612357034e-14
1.2389043694142932e-13
2.343653370212469e-13
4.441207032704288e-13
8.274426813330942e-13
1.5542122396415215e-12
2.951116885529477e-12
5.504457127899013e-12
1.0265893572419393e-11
1.95289624473688e-11
3.6466842109328924e-11
6.750648940049431e-11
1.2865065836481006e-10
2.4048685508215585e-10
4.428773938822761e-10
8.433210747859337e-10
1.57799047529632e-09
2.9073678357865198e-09
5.498457414265117e-09
1.0298280729258461e-08
1.8981975223754198e-08
3.5646375828793076e-08
6.682794558306097e-08
1.2323261323842048e-07
2.2976139723200884e-07
4.312240524483112e-07
7.95679059508227e-07
1.4729513600894175e-06
2.768662793053403e-06
5.11408076323414e-06
9.402825023887253e-06
1.7715023944919936e-05
3.278499530660351e-05
5.990970231036665e-05
0.00011327957972711517
0.00021032831922619278
0.00038513992892928056
0.0007268148550201496
0.0013559421297267503
0.002493827056319707
0.0046948099073925945
0.008801968033867206
0.016240459097629233
0.030359720579033217
0.056666363451148824
0.10311402482009532
0.18493309749587628
0.3212013629231519
0.5164637500829691
0.744833840745843
0.9164820863704551
0.9885858618055057
0.9999105519678168
0.9999998248431302
0.9999999999935589
1.0
1.0
1.0
1.0
1.0
1.0
1.0
1.0
1.0
1.0
1.0
1.0
1.0
1.0
1.0
1.0
1.0
1.0
1.0
1.0
###
1e-05
1.1768119524349992e-05
1.3848863713938717e-05
1.6297508346206434e-05
1.917910261672489e-05
2.2570197196339216e-05
2.656087782946684e-05
3.1257158496882356e-05
3.678379771828634e-05
4.328761281083062e-05
5.0941380148163754e-05
5.994842503189409e-05
7.054802310718646e-05
8.302175681319735e-05
9.770099572992247e-05
0.00011497569953977356
0.00013530477745798074
0.00015922827933410923
0.0001873817422860383
0.00022051307399030456
0.00025950242113997375
0.0003053855508833416
0.00035938136638046257
0.0004229242874389499
0.0004977023564332109
0.0005857020818056661
0.0006892612104349695
0.0008111308307896872
0.0009545484566618337
0.0011233240329780276
0.0013219411484660286
0.0015556761439304723
0.0018307382802953678
0.002154434690031882
0.0025353644939701114
0.0029836472402833374
0.003511191734215131
0.004132012400115334
0.004862601580065354
0.005722367659350214
0.006734150657750821
0.007924828983539169
0.0093260334688322
0.010974987654930556
0.01291549665014884
0.01519911082952933
0.01788649529057435
0.0210490414451202
0.02477076355991709
0.029150530628251757
0.034304692863149154
0.040370172585965536
0.047508101621027934
0.05590810182512223
0.06579332246575675
0.0774263682681127
0.09111627561154886
0.10722672220103231
0.1261856883066021
0.14849682622544635
0.1747528400007683
0.20565123083486514
0.24201282647943834
0.2848035868435799
0.3351602650938841
0.3944206059437656
0.46415888336127725
0.5462277217684337
0.642807311728432
0.7564633275546291
0.8902150854450375
1.0476157527896641
1.232846739442066
1.4508287784959402
1.7073526474706886
2.009233002565046
2.364489412645407
2.782559402207126
3.274549162877725
3.8535285937105273
4.534878508128582
5.3366992312063015
6.280291441834247
7.390722033525775
8.697490026177835
10.235310218990248
12.045035402587812
14.174741629268048
16.68100537200059
19.630406500402685
23.10129700083158
27.1858824273294
31.992671377973846
37.64935806792464
44.30621457583877
52.14008287999685
61.35907273413163
72.20809018385457
84.97534359086438
100.0
###
1.3956671229480537
1.251857412470604
1.1261069842711338
1.017754035977608
0.9258253192016996
0.8492210523776564
0.8010031105489696
0.7481170845991413
0.7072685843184006
0.6775411717848046
3.9194219010308244
3.3699364816980517
2.8969118726388206
2.4939789090989994
2.1537952539696708
1.8687272528107697
1.6868676034520922
1.4813077906541705
1.3124579379623234
1.1751064637530495
5.598895824250457
4.721889816581654
3.9747542382491305
3.3440815743136043
2.8152429744901015
2.374132599707635
2.092884012440338
1.7742351963847056
1.5101584726283137
1.2914633014300116
6.941944101795632
5.781022308632388
4.799695607050194
3.9771342890914725
3.291645278892915
2.7228238332212142
2.3613925660540556
1.9528005103858166
1.6141232190214205
1.3329959797673443
8.088396517075635
6.672899753193239
5.483746107817042
4.492737542019685
3.6714361735820304
2.9931955376589925
2.5638665682053388
2.0800532247856633
1.680474504912757
1.3494385648680198
9.101721128309741
7.453214942987913
6.075633091256508
4.933101314723557
3.9907689433401727
3.2161245144523174
2.727588908822598
2.1790247545366785
1.7278147188385666
1.355517705447734
10.017253176334618
8.15266229499901
6.601410970395294
5.320474794249486
4.268289458885949
3.406899351704279
2.865678000550312
2.2601071843665044
1.7641422573318934
1.356839170819009
10.857041992348538
8.790063753294046
7.077123098115897
5.668023998861644
4.514930248684474
3.574502817869154
2.985554961751698
2.3289133792347294
1.7934521735977558
1.3558492688665003
11.635961955170325
9.377972089573621
7.513222024745638
5.984469575648667
4.737714418033844
3.7244005524086083
3.091804132289176
2.3884274495258566
1.8179777404936535
1.3537227775827347
12.364631992545208
9.925284650345747
7.917107699588261
6.275804348742493
4.94143185387272
3.8603490024771037
3.187435684098954
2.441978353433614
1.8390600505312549
1.3510511242567294
13.050919928196457
10.438574693475749
8.294119597252216
6.546380363919666
5.1295272745747535
3.9849961716218423
3.2745518513452008
2.4898241589575774
1.8575720490657188
1.348157896781513
13.700772016054763
10.922809027939547
8.648340208752675
6.799392229386077
5.304546626646594
4.100229269691624
3.3546705176970586
2.5333899069322956
1.874093246669711
1.345214249624745
14.318697338534166
11.381873014850864
8.98292409788535
7.037461072539969
5.468437911429152
4.207591481449018
3.428932748740021
2.5734166205575892
1.8890289184884939
1.3423109471139227
14.909220783025157
11.818894906027639
9.30038099927185
7.262548490526407
5.622731507732356
4.308183563593484
3.4982053817435066
2.610492839652589
1.9026764093685316
1.3395012489900409
15.474727022545471
12.236312011909376
9.602728601933823
7.4761351595936585
5.768637798455062
4.402890171502723
3.563178227231604
2.645050616439654
1.9152522245979258
1.336805718121574