# ../data/BKevo/MVge_BKevo/mvge_125.dat
# N(r,Y=0), r, *F2(x,Q^2)
# 1e-05 < r < 100.0
# 1 < Q^2 < 50, n=15, lin grid
# 1e-5 < x < 1e-2, n=10, log grid
###
0.0
0.0
0.0
0.0
0.0
0.0
0.0
0.0
0.0
0.0
0.0
0.0
0.0
0.0
1.110223024625157e-16
1.110223024625157e-16
1.8679714215948338e-16
4.46725127701648e-16
8.064604990760821e-16
1.5313901042072956e-15
2.736750385529767e-15
5.295622478353022e-15
9.97804223491341e-15
1.8541578881132686e-14
3.5315635327257014e-14
6.685097598911536e-14
1.2450913155644214e-13
2.3566734544095935e-13
4.472533000368733e-13
8.343253461771056e-13
1.5696788712421463e-12
2.986371398991645e-12
5.58243840439032e-12
1.0438338012850411e-11
1.9922623870090477e-11
3.7335839454078e-11
6.939681288668147e-11
1.3296436725061698e-10
2.499844246510927e-10
4.632521065182446e-10
8.894708712384945e-10
1.6791024215285193e-09
3.1229228462162057e-09
5.977018793333028e-09
1.1339067601347863e-08
2.118198761597969e-08
4.042384383846763e-08
7.712078974123174e-08
1.4477012066052103e-07
2.754599241808798e-07
5.286467677308651e-07
9.973305692354265e-07
1.891038685491305e-06
3.650476570501564e-06
6.9198428315154994e-06
1.3064373918191153e-05
2.535996805398801e-05
4.828414832777324e-05
9.068490051923057e-05
0.0001769467123295403
0.00033823739975638806
0.0006364984029912249
0.0012376930186643867
0.002373576917343104
0.004475923427690473
0.008643868232317395
0.01657568670333774
0.031148524084967447
0.05903998754143387
0.1107336480843481
0.19973661266902112
0.3460020282600213
0.554740633155602
0.7836354813604548
0.9467774903048015
0.9942154657858355
0.9998629587546317
0.9999999990375932
0.9999999999999988
1.0
1.0
1.0
1.0
1.0
1.0
1.0
1.0
1.0
1.0
1.0
1.0
1.0
1.0
1.0
1.0
1.0
1.0
1.0
1.0
1.0
###
1e-05
1.1768119524349992e-05
1.3848863713938717e-05
1.6297508346206434e-05
1.917910261672489e-05
2.2570197196339216e-05
2.656087782946684e-05
3.1257158496882356e-05
3.678379771828634e-05
4.328761281083062e-05
5.0941380148163754e-05
5.994842503189409e-05
7.054802310718646e-05
8.302175681319735e-05
9.770099572992247e-05
0.00011497569953977356
0.00013530477745798074
0.00015922827933410923
0.0001873817422860383
0.00022051307399030456
0.00025950242113997375
0.0003053855508833416
0.00035938136638046257
0.0004229242874389499
0.0004977023564332109
0.0005857020818056661
0.0006892612104349695
0.0008111308307896872
0.0009545484566618337
0.0011233240329780276
0.0013219411484660286
0.0015556761439304723
0.0018307382802953678
0.002154434690031882
0.0025353644939701114
0.0029836472402833374
0.003511191734215131
0.004132012400115334
0.004862601580065354
0.005722367659350214
0.006734150657750821
0.007924828983539169
0.0093260334688322
0.010974987654930556
0.01291549665014884
0.01519911082952933
0.01788649529057435
0.0210490414451202
0.02477076355991709
0.029150530628251757
0.034304692863149154
0.040370172585965536
0.047508101621027934
0.05590810182512223
0.06579332246575675
0.0774263682681127
0.09111627561154886
0.10722672220103231
0.1261856883066021
0.14849682622544635
0.1747528400007683
0.20565123083486514
0.24201282647943834
0.2848035868435799
0.3351602650938841
0.3944206059437656
0.46415888336127725
0.5462277217684337
0.642807311728432
0.7564633275546291
0.8902150854450375
1.0476157527896641
1.232846739442066
1.4508287784959402
1.7073526474706886
2.009233002565046
2.364489412645407
2.782559402207126
3.274549162877725
3.8535285937105273
4.534878508128582
5.3366992312063015
6.280291441834247
7.390722033525775
8.697490026177835
10.235310218990248
12.045035402587812
14.174741629268048
16.68100537200059
19.630406500402685
23.10129700083158
27.1858824273294
31.992671377973846
37.64935806792464
44.30621457583877
52.14008287999685
61.35907273413163
72.20809018385457
84.97534359086438
100.0
###
1.5484285113601322
1.4024507368284087
1.2746343515097234
1.164541653531003
1.0713450129878692
0.9940015856727502
0.9457080077471977
0.8933965074346557
0.8539430925356923
0.8264793130134107
4.473363257064774
3.8947872029115116
3.394279436867925
2.966272966546287
2.604311047209604
2.301199856215587
2.108078674454988
1.8915360487233637
1.715907809177684
1.5763238865439322
6.460673107034175
5.521014599973785
4.715212826486337
4.031095529790824
3.4549240252197917
2.973073936357593
2.6654300461618887
2.317554779598609
2.031010208074687
1.796160153808921
8.064038673355276
6.80604784782852
5.734606526382989
4.830225772375462
4.072099412831184
3.4398692179217067
3.036766450584901
2.580508664695224
2.202470174540666
1.8896680268694563
9.440176048153347
7.8936552635325015
6.583719023662664
5.483493762832923
4.565279510657742
3.8021282305893753
3.31677935074491
2.767609742707604
2.312490375717434
1.934598197318255
10.661253044615849
8.848654014465694
7.3206444780815945
6.042764934564018
4.9804292145980265
4.100625975658314
3.5424493746819694
2.9122367190278484
2.390404095804256
1.9573527609328338
11.767775862763965
9.706900674926588
7.976719850061142
6.535351642486462
5.341380828682346
4.355762737809954
3.732145013270302
3.0292749698251136
2.4491716134525747
1.9684133962306058
12.785122626994038
10.49067748481963
8.57128827194108
6.97786700581828
5.662170547900184
4.57963043053497
3.8963205503019385
3.128277151680335
2.495826305052729
1.9732198993435428
13.730675256676124
11.214848086022332
9.117138547540891
7.381109010738433
5.952011299146128
4.779566392390792
4.041248565085609
3.2136854934134855
2.534193652634127
1.9744056915552406
14.616702664714023
11.890081187394976
9.62323420182221
7.752561031384833
6.217073806919711
4.960658645063223
4.171579047848704
3.2890303226214455
2.566628358091355
1.9734532730070482
15.452392915386426
12.524111737183402
10.096156980420691
8.09784479897575
6.461791023634024
5.126569881572835
4.289966677330493
3.3564205791105275
2.594665697205851
1.9712453462951247
16.244795900945775
13.122935316551665
10.54089709608591
8.420944592456179
6.689503897428344
5.279886014146743
4.398638935603258
3.417560509550533
2.6193377885462628
1.96830282412919
16.999645130559017
13.691080119196549
10.961315868820058
8.725009133755965
6.902747379680847
5.422581218074558
4.499209657877411
3.473403830933795
2.6412269536283843
1.9649475056844468
17.721073996551567
14.232708359319577
11.36054109430428
9.012605025207243
7.103512243094918
5.55619758367287
4.592886045720329
3.5251350326777526
2.661229111917203
1.9613852730595527
18.412892001868055
14.750431534926427
11.74098167143674
9.285771443433314
7.293377863751784
5.6819361004571745
4.680644763858896
3.573101021485714
2.6794356144572014
1.957892860476745