# ../data/BKevo/MVge_BKevo/mvge_123.dat
# N(r,Y=0), r, *F2(x,Q^2)
# 1e-05 < r < 100.0
# 1 < Q^2 < 50, n=15, lin grid
# 1e-5 < x < 1e-2, n=10, log grid
###
0.0
0.0
0.0
0.0
0.0
0.0
0.0
0.0
0.0
0.0
0.0
0.0
0.0
0.0
1.110223024625157e-16
1.110223024625157e-16
1.8679714215948338e-16
4.46725127701648e-16
8.064604990760821e-16
1.5313901042072956e-15
2.736750385529767e-15
5.295622478353022e-15
9.97804223491341e-15
1.8541578881132686e-14
3.5204613024794504e-14
6.662168316541288e-14
1.239856461773044e-13
2.3449553786321813e-13
4.445037156489763e-13
8.282663257150421e-13
1.5561837804513457e-12
2.9557010105503706e-12
5.514699045398446e-12
1.0288642668148676e-11
1.958149661956778e-11
3.658399709409778e-11
6.776425186841934e-11
1.2924796857586278e-10
2.418223811891298e-10
4.457891679241984e-10
8.500617404572976e-10
1.5930893790661435e-09
2.9402987831981257e-09
5.573726761068286e-09
1.0466962035302004e-08
1.934945557824733e-08
3.647381388815061e-08
6.867940817171561e-08
1.272529596386651e-07
2.386545334773105e-07
4.5103778422863886e-07
8.384445551839759e-07
1.5656034694275971e-06
2.9735213935062093e-06
5.5522063054078805e-06
1.0329860462061038e-05
1.9742324830641672e-05
3.706859622392201e-05
6.874390730756974e-05
0.00013233656766211752
0.0002500296738278887
0.0004657168599005579
0.0008962547854956895
0.001703632724382303
0.0031888154507834663
0.006116338427533592
0.011667642271657206
0.021854673096956344
0.04141137702070309
0.07803995142871657
0.1424602325729681
0.25345688739918903
0.42790574919003577
0.6524672511792902
0.8660081863266519
0.9727805301778717
0.998277432646194
0.999999242848481
0.9999999999341922
1.0
1.0
1.0
1.0
1.0
1.0
1.0
1.0
1.0
1.0
1.0
1.0
1.0
1.0
1.0
1.0
1.0
1.0
1.0
1.0
1.0
###
1e-05
1.1768119524349992e-05
1.3848863713938717e-05
1.6297508346206434e-05
1.917910261672489e-05
2.2570197196339216e-05
2.656087782946684e-05
3.1257158496882356e-05
3.678379771828634e-05
4.328761281083062e-05
5.0941380148163754e-05
5.994842503189409e-05
7.054802310718646e-05
8.302175681319735e-05
9.770099572992247e-05
0.00011497569953977356
0.00013530477745798074
0.00015922827933410923
0.0001873817422860383
0.00022051307399030456
0.00025950242113997375
0.0003053855508833416
0.00035938136638046257
0.0004229242874389499
0.0004977023564332109
0.0005857020818056661
0.0006892612104349695
0.0008111308307896872
0.0009545484566618337
0.0011233240329780276
0.0013219411484660286
0.0015556761439304723
0.0018307382802953678
0.002154434690031882
0.0025353644939701114
0.0029836472402833374
0.003511191734215131
0.004132012400115334
0.004862601580065354
0.005722367659350214
0.006734150657750821
0.007924828983539169
0.0093260334688322
0.010974987654930556
0.01291549665014884
0.01519911082952933
0.01788649529057435
0.0210490414451202
0.02477076355991709
0.029150530628251757
0.034304692863149154
0.040370172585965536
0.047508101621027934
0.05590810182512223
0.06579332246575675
0.0774263682681127
0.09111627561154886
0.10722672220103231
0.1261856883066021
0.14849682622544635
0.1747528400007683
0.20565123083486514
0.24201282647943834
0.2848035868435799
0.3351602650938841
0.3944206059437656
0.46415888336127725
0.5462277217684337
0.642807311728432
0.7564633275546291
0.8902150854450375
1.0476157527896641
1.232846739442066
1.4508287784959402
1.7073526474706886
2.009233002565046
2.364489412645407
2.782559402207126
3.274549162877725
3.8535285937105273
4.534878508128582
5.3366992312063015
6.280291441834247
7.390722033525775
8.697490026177835
10.235310218990248
12.045035402587812
14.174741629268048
16.68100537200059
19.630406500402685
23.10129700083158
27.1858824273294
31.992671377973846
37.64935806792464
44.30621457583877
52.14008287999685
61.35907273413163
72.20809018385457
84.97534359086438
100.0
###
1.4696694209462864
1.324887344077505
1.1981984230361082
1.0890634575905445
0.996578459178051
0.9196288382583918
0.8714056765442519
0.8188453198685502
0.7787548466106857
0.750276919228324
4.183970145627601
3.620139879682307
3.1336188736554877
2.7184035607921913
2.3674870118665488
2.0734716595008282
1.8859616275040862
1.6748312649066217
1.5024410069242053
1.3637564803943352
6.0079536721963684
5.100293263114975
4.3244690894753575
3.667702257651243
3.115674059838934
2.654455180643604
2.360197005084236
2.0266624782461995
1.7513537573873432
1.5242681747204097
7.472650840335014
6.264424700331647
5.2392508548226076
4.376935824462925
3.656067864196465
3.0562679129997217
2.674459148964226
2.242209236122015
1.8838878283488147
1.5866472416459072
8.726068080211853
7.24699898259674
5.999328598681012
4.955433849450571
4.087184534535182
3.3677240880414328
2.9111747487650743
2.3953016684606974
1.9682868133506217
1.613891454645666
9.83604371336249
8.108128332856069
6.657871961548064
5.450012352510111
4.449789508479882
3.6243425158890097
3.102077819472383
2.5137203737728484
2.0280126907492324
1.6257950432632458
10.840240011252797
8.88090231014299
7.243446112119819
5.885331572870806
4.764958128595374
3.8438289302275765
3.262819179448118
2.6102765398499743
2.0733785347372837
1.630252534938182
11.762371084462679
9.58581397421491
7.773621166660114
6.276072351014306
5.045029088061965
4.036404461085571
3.4021435889096954
2.691890889986803
2.1096010981719515
1.6308641013536542
12.618482242125834
10.236516572445282
8.259979767003147
6.6319681690476955
5.298004527574055
4.208549166856258
3.5253847369633733
2.76268658017969
2.139617484777668
1.629525588312237
13.419965773119454
10.842724136282706
8.710626109791479
6.9597296024750435
5.529324676794804
4.364586090516505
3.6362001359596623
2.8252930550395847
2.165189424364604
1.6268860472996
14.17531578039139
11.411565906622348
9.13150410967316
7.264218571131821
5.742901822825186
4.5075822010746665
3.7370360477703066
2.881502435185326
2.1874687810151223
1.623783421713444
14.890911193081582
11.948491575994879
9.527090256995711
7.549013825995035
5.941631020834224
4.639723082769615
3.8296929526705807
2.932568452437645
2.2072159648557994
1.620384809707872
15.572478108627081
12.4576644527509
9.900897916300599
7.817078072463275
6.127725779574148
4.762798633993814
3.915515437577064
2.97939513628486
2.2249617409167066
1.6169212704031453
16.223319168503163
12.942653180182518
10.255738073826592
8.070475907069255
6.302924474753014
4.878077200957785
3.9955162797986117
3.0227027986368933
2.2410978005252256
1.613487507809008
16.84712231489814
13.406135425400057
10.593743639769032
8.311114703431128
6.468604979289522
4.986593842902295
4.070511918648052
3.0630109682554516
2.2559023626532837
1.6101267233421492