# ../data/BKevo/MVge_BKevo/mvge_121.dat
# N(r,Y=0), r, *F2(x,Q^2)
# 1e-05 < r < 100.0
# 1 < Q^2 < 50, n=15, lin grid
# 1e-5 < x < 1e-2, n=10, log grid
###
0.0
0.0
0.0
0.0
0.0
0.0
0.0
0.0
0.0
0.0
0.0
0.0
0.0
0.0
1.110223024625157e-16
1.110223024625157e-16
1.8679714215948338e-16
4.46725127701648e-16
8.064604990760821e-16
1.5313901042072956e-15
2.736750385529767e-15
5.295622478353022e-15
9.97804223491341e-15
1.8541578881132686e-14
3.5180165680067605e-14
6.656979612357034e-14
1.2389043694142932e-13
2.3425431471878436e-13
4.440096809679663e-13
8.271526371175413e-13
1.55361530299269e-12
2.9499394480450805e-12
5.5018966485241546e-12
1.0260095276184611e-11
1.951567508519909e-11
3.643711621919285e-11
6.744090560074046e-11
1.2849833304991012e-10
2.4014496037062275e-10
4.421293576358305e-10
8.4158009047041e-10
1.5740694742524204e-09
2.8987654507390256e-09
5.478637695267737e-09
1.0253477047629808e-08
1.8883463256800626e-08
3.542189323443672e-08
6.631886538815692e-08
1.2211150814256824e-07
2.272381689497747e-07
4.2548866279604193e-07
7.830417400404972e-07
1.4449092843554363e-06
2.704868227390351e-06
4.9736681457227e-06
9.096318047803418e-06
1.701868501416815e-05
3.125752923979244e-05
5.663820329779067e-05
0.00010587983661071974
0.00019419993534826346
0.0003509298591792581
0.0006509953414503319
0.001192343937200998
0.0021508242876614363
0.0039545803757404675
0.007229801536637323
0.013005335370481949
0.023637344095983417
0.04289255160273167
0.07616376484316201
0.13408775835644213
0.23191978519703854
0.3803087574414829
0.5804852903952665
0.7897378879415056
0.938706268829332
0.9952125721037317
0.9998580921487599
0.9999995115580622
0.9999999999899168
1.0
1.0
1.0
1.0
1.0
1.0
1.0
1.0
1.0
1.0
1.0
1.0
1.0
1.0
1.0
1.0
1.0
1.0
1.0
###
1e-05
1.1768119524349992e-05
1.3848863713938717e-05
1.6297508346206434e-05
1.917910261672489e-05
2.2570197196339216e-05
2.656087782946684e-05
3.1257158496882356e-05
3.678379771828634e-05
4.328761281083062e-05
5.0941380148163754e-05
5.994842503189409e-05
7.054802310718646e-05
8.302175681319735e-05
9.770099572992247e-05
0.00011497569953977356
0.00013530477745798074
0.00015922827933410923
0.0001873817422860383
0.00022051307399030456
0.00025950242113997375
0.0003053855508833416
0.00035938136638046257
0.0004229242874389499
0.0004977023564332109
0.0005857020818056661
0.0006892612104349695
0.0008111308307896872
0.0009545484566618337
0.0011233240329780276
0.0013219411484660286
0.0015556761439304723
0.0018307382802953678
0.002154434690031882
0.0025353644939701114
0.0029836472402833374
0.003511191734215131
0.004132012400115334
0.004862601580065354
0.005722367659350214
0.006734150657750821
0.007924828983539169
0.0093260334688322
0.010974987654930556
0.01291549665014884
0.01519911082952933
0.01788649529057435
0.0210490414451202
0.02477076355991709
0.029150530628251757
0.034304692863149154
0.040370172585965536
0.047508101621027934
0.05590810182512223
0.06579332246575675
0.0774263682681127
0.09111627561154886
0.10722672220103231
0.1261856883066021
0.14849682622544635
0.1747528400007683
0.20565123083486514
0.24201282647943834
0.2848035868435799
0.3351602650938841
0.3944206059437656
0.46415888336127725
0.5462277217684337
0.642807311728432
0.7564633275546291
0.8902150854450375
1.0476157527896641
1.232846739442066
1.4508287784959402
1.7073526474706886
2.009233002565046
2.364489412645407
2.782559402207126
3.274549162877725
3.8535285937105273
4.534878508128582
5.3366992312063015
6.280291441834247
7.390722033525775
8.697490026177835
10.235310218990248
12.045035402587812
14.174741629268048
16.68100537200059
19.630406500402685
23.10129700083158
27.1858824273294
31.992671377973846
37.64935806792464
44.30621457583877
52.14008287999685
61.35907273413163
72.20809018385457
84.97534359086438
100.0
###
1.319125234876767
1.176085148123904
1.0509557860803913
0.9430386514455102
0.851304731867608
0.7744964111497028
0.7258996360451868
0.6720895076908557
0.6297638452409087
0.5978866990154134
3.6544475577856868
3.119668623853712
2.6604474478403337
2.2700275398595435
1.940791248765984
1.6649987395620918
1.4887464734637936
1.2890070512379164
1.1239200892933954
0.9881693594268894
5.19413118577611
4.34865746198587
3.6311377033961842
3.027144392741946
2.522219532556273
2.1019209015563454
1.8343083479935185
1.5312210688971317
1.2798278547332824
1.0710357752903226
6.420705613612517
5.308207588120269
4.371807011180406
3.5898621756806794
2.9406219433699907
2.403710270888553
2.0634512952111703
1.6796323169365837
1.3623389356195381
1.0992710739126486
7.465262158177373
6.1146640532211185
4.985056690920862
4.047738518583269
3.274230706152967
2.638104425649436
2.2369293831708656
1.7864011891618286
1.415823578582471
1.1100776903115486
8.386990997901641
6.819161883914324
5.515132004020157
4.438600490535156
3.554797011034915
2.8317001101335344
2.3776077601513403
1.8699629217377673
1.4546221524261345
1.113926760951611
9.218681297053749
7.449945935312629
5.985615527365904
4.7822648917507715
3.798696674433155
2.997576917690698
2.496589453846642
1.9388070450782993
1.484838016672052
1.114648680369254
9.98076031610816
8.024267686427292
6.410995334864743
5.090513540142456
4.015491261339809
3.1434144324132505
2.600084741579862
1.9975123777948942
1.5095204909422715
1.1138842017238257
10.687014535585147
8.55361570337499
6.800763390887413
5.3711025092464775
4.21134207972645
3.2739715631623247
2.6919458759430714
2.0488066192815055
1.5303812873004492
1.112400750209375
11.347160860956023
9.046136276106017
7.161550344594961
5.629362899716923
4.3904452536577345
3.3924498904049156
2.7747279018220756
2.0944314698566733
1.548458611050658
1.110576432235646
11.968521546533871
9.50775729078427
7.498237393419916
5.869168222853755
4.555821099126376
3.501125185672026
2.8502016819113427
2.1355909621259634
1.5644398343240626
1.10862039843118
12.556553283747343
9.943031156826024
7.814433807866563
6.09336078376074
4.709703635473948
3.601662741516825
2.9196681007257923
2.1731286878436524
1.5787710001660868
1.1066391161204094
13.115631995933441
10.355509400875698
8.11300407814414
6.304272288496444
4.85380143014007
3.695329816687161
2.9840956314149136
2.207363393322128
1.5917724686750019
1.1046889136473232
13.649239204998329
10.748023781037173
8.396203606585024
6.503647033469791
4.989457852208434
3.7831217154773236
3.044221228088296
2.2397006234220904
1.6036973823775296
1.1028009115130881
14.160226542990756
11.122862311258606
8.66585080265722
6.692837032644519
5.1177360850602565
3.865779732717556
3.1006363596746263
2.269567881367465
1.6147061092988901
1.1009936715896989