# ../data/BKevo/MVge_BKevo/mvge_76.dat
# N(r,Y=0), r, *F2(x,Q^2)
# 1e-05 < r < 100.0
# 1 < Q^2 < 50, n=15, lin grid
# 1e-5 < x < 1e-2, n=10, log grid
###
0.00022405336639392645
0.0002520770850084057
0.0002834167127785794
0.00031864281794182755
0.0003582993560341124
0.00040267802288548415
0.00045246217928320974
0.0005084695035597776
0.0005711864650112575
0.0006413968073033887
0.0007203244512343612
0.0008087621228400862
0.0009075487489015334
0.0010185087580851758
0.001142910734622289
0.0012815445761405462
0.0014371187938878797
0.0016116336999453433
0.0018056242074284282
0.0020230950170880345
0.0022668782510889347
0.0025377263003872694
0.0028406874627912087
0.003179896376099347
0.003556811142048302
0.00397723841941527
0.004447321906947697
0.0049696616179708015
0.005550511340826545
0.006198939378087805
0.006919347699392818
0.007717711674252433
0.00860732724430012
0.009595382098995443
0.0106861379879192
0.01189895800631307
0.013245261628757277
0.014724989037732884
0.016366145853353647
0.018185405610402484
0.02017712982202421
0.02237831427256213
0.02481067864592212
0.02746848881018338
0.030389780689678934
0.03360574166644964
0.03711121823214453
0.04093962779808187
0.045135355558246985
0.04969511515205495
0.054637761068916275
0.060026096836013634
0.06586114030460277
0.07213140492116264
0.07892561916498485
0.08625367767981272
0.09405119417473211
0.10244391655999362
0.11145892710299621
0.12095071063857082
0.13109854965458614
0.14193188913432048
0.15328232366783553
0.16531931199091415
0.17810731259116752
0.1914898202259176
0.20560223144308185
0.22057781588111677
0.23630847175141784
0.25288702279599534
0.2705480973383704
0.2892660133390626
0.309078539098474
0.3303372117623424
0.3531044921350601
0.37731053160605843
0.403403987621099
0.4314936181079948
0.46124817516968925
0.4931655419066719
0.527276327817232
0.562821745367228
0.600181675071755
0.6391663954348389
0.6785625191451898
0.7183279968850717
0.7581178172862979
0.7963564426579692
0.8325270864894672
0.8664438920547967
0.8966952714848484
0.9226030793092399
0.9446619116880224
0.9623282074389996
0.9753499276150626
0.9849770465661503
0.991581424048925
0.9954660518148101
0.9978067626525082
0.9990909936127872
###
1e-05
1.1768119524349992e-05
1.3848863713938717e-05
1.6297508346206434e-05
1.917910261672489e-05
2.2570197196339216e-05
2.656087782946684e-05
3.1257158496882356e-05
3.678379771828634e-05
4.328761281083062e-05
5.0941380148163754e-05
5.994842503189409e-05
7.054802310718646e-05
8.302175681319735e-05
9.770099572992247e-05
0.00011497569953977356
0.00013530477745798074
0.00015922827933410923
0.0001873817422860383
0.00022051307399030456
0.00025950242113997375
0.0003053855508833416
0.00035938136638046257
0.0004229242874389499
0.0004977023564332109
0.0005857020818056661
0.0006892612104349695
0.0008111308307896872
0.0009545484566618337
0.0011233240329780276
0.0013219411484660286
0.0015556761439304723
0.0018307382802953678
0.002154434690031882
0.0025353644939701114
0.0029836472402833374
0.003511191734215131
0.004132012400115334
0.004862601580065354
0.005722367659350214
0.006734150657750821
0.007924828983539169
0.0093260334688322
0.010974987654930556
0.01291549665014884
0.01519911082952933
0.01788649529057435
0.0210490414451202
0.02477076355991709
0.029150530628251757
0.034304692863149154
0.040370172585965536
0.047508101621027934
0.05590810182512223
0.06579332246575675
0.0774263682681127
0.09111627561154886
0.10722672220103231
0.1261856883066021
0.14849682622544635
0.1747528400007683
0.20565123083486514
0.24201282647943834
0.2848035868435799
0.3351602650938841
0.3944206059437656
0.46415888336127725
0.5462277217684337
0.642807311728432
0.7564633275546291
0.8902150854450375
1.0476157527896641
1.232846739442066
1.4508287784959402
1.7073526474706886
2.009233002565046
2.364489412645407
2.782559402207126
3.274549162877725
3.8535285937105273
4.534878508128582
5.3366992312063015
6.280291441834247
7.390722033525775
8.697490026177835
10.235310218990248
12.045035402587812
14.174741629268048
16.68100537200059
19.630406500402685
23.10129700083158
27.1858824273294
31.992671377973846
37.64935806792464
44.30621457583877
52.14008287999685
61.35907273413163
72.20809018385457
84.97534359086438
100.0
###
5.912776707597756
5.398288815590206
4.848424860439197
4.261582630380497
3.638812218147905
2.9900855677507265
2.500691142819913
1.8754617890398373
1.3228063054907078
0.876918878328273
23.78679483506203
21.467150460680124
18.992281229601943
16.369030543208098
13.632448522512242
10.873321957300305
8.874429780177529
6.442274723755021
4.413276671164321
2.858532104680471
40.29468504240021
36.168667461846155
31.773185334560203
27.137583590918528
22.35026390226313
17.601503742803427
14.224202532237614
10.198319726116907
6.914118536837167
4.447878601450325
56.10294530976093
50.169755058178445
43.85951285965805
37.230899987838825
30.436410796584273
23.772384962103665
19.090842987364457
13.582824901869918
9.152841374116884
5.8652297738868535
71.43195678828496
63.69270725200468
55.47326304537801
46.86813917064775
38.10105008098667
29.57650676502107
23.643258133845528
16.729208122356106
11.225101994457104
7.1744591560807685
86.39628276056659
76.8518317951087
66.72851507690663
56.16188316590227
45.44981055664335
35.10940033713757
27.96507887377834
19.70259127660147
13.1770067720539
8.406080687653203
101.06573708058905
89.71718575323484
77.69529140766296
65.17969396912251
52.548180692505554
40.42810837132181
32.10613602300565
22.54142338825152
15.040831941368799
9.577910177255287
115.48768376878357
102.33619265617853
88.42042076858556
73.96784383813046
59.438458446208415
45.57088426968449
36.09928067953033
25.27080946634917
16.825095577237988
10.701377195261077
129.69633384824368
114.74312429612057
98.9381301320969
82.55952418452489
66.15183170582632
50.56463196028894
39.96779070264494
27.908414225804066
18.542380334578645
11.784114510380183
143.71759082235434
126.96389452441814
109.27412434596886
90.97968856762824
72.71146564128543
55.429444248337624
43.72911738013401
30.467327881266776
20.210181335537143
12.833326309366932
157.5717109333664
139.0188164168229
119.44855073180274
99.24708905503572
79.1355764452013
60.180883575439736
47.39635642077918
32.95753032353151
21.831189026104322
13.851701641255236
171.2750097878028
150.92426343559842
129.47712465279005
107.37876043814765
85.43822048941213
64.83217742139378
50.98015531652872
35.38596815590824
23.410940454155984
14.84473207742569
184.8409496262929
162.69357624276805
139.37397474772297
115.38676502278985
91.63139819329336
69.392629784363
54.48912775594133
37.761344471546344
24.953746716459374
15.813015889044749
198.28074880619297
174.33803142977328
149.14981102380085
123.2818107304854
97.72455747738319
73.87045463482549
57.929890048790554
40.087399302684084
26.462774314770463
16.760770487429177
211.60393202990636
185.86807103977566
158.81402839151318
131.07291516524836
103.72625555115825
78.2729996444646
61.309381895314594
42.369014097127184
27.943304595057782
17.689296088054256