# ../data/BKevo/MVge_BKevo/mvge_107.dat
# N(r,Y=0), r, *F2(x,Q^2)
# 1e-05 < r < 100.0
# 1 < Q^2 < 50, n=15, lin grid
# 1e-5 < x < 1e-2, n=10, log grid
###
1.8600330338309843e-08
2.3805741034529598e-08
3.052207319390494e-08
3.910412457198143e-08
5.003179404817602e-08
6.408868360261627e-08
8.208097722133068e-08
1.0498096259157072e-07
1.3434800628007446e-07
1.7199866648376165e-07
2.1989598512373169e-07
2.8112788743484627e-07
3.5975579291331526e-07
4.5972811910136894e-07
5.87126934580159e-07
7.509655564131892e-07
9.591530960780856e-07
1.223598622061609e-06
1.564161322678295e-06
1.9966128544337164e-06
2.545170889000716e-06
3.25013220772492e-06
4.145940377845581e-06
5.281350033910669e-06
6.735567756985798e-06
8.585509502142677e-06
1.0928133506403348e-05
1.3918165332544318e-05
1.772547736784615e-05
2.2541826618907428e-05
2.8667418255670016e-05
3.647340768641864e-05
4.633673718890663e-05
5.883558962874864e-05
7.477227037122596e-05
9.488283624105091e-05
0.0001202719962630958
0.00015265540811144361
0.00019346013623137545
0.00024481509435714455
0.0003102412048904325
0.0003925926769174146
0.0004960651993399418
0.0006273486167201185
0.0007925921415385916
0.0009998511822788
0.0012617396584130212
0.0015913270494131808
0.0020039859302874545
0.002523355013699095
0.0031769124326600793
0.0039938904990359705
0.005018443731444389
0.006307958631124537
0.00791803163296887
0.009931159555517993
0.01246696211831456
0.01563147531065999
0.019579061926125692
0.024558883779113267
0.030772733390242654
0.038520886291602746
0.04827564959185355
0.06045026181644131
0.07559977887216299
0.09455831303411172
0.11810828020108559
0.1471543266068595
0.18292127339534878
0.22652230001059306
0.2789383169221056
0.34104719316605775
0.4129733650509221
0.49421772443636985
0.5827101559164811
0.6733754631772861
0.7624095209366608
0.8435932927237565
0.906692508318711
0.9525705718266751
0.9811810646832723
0.9936170074068563
0.9984275640264546
0.9997887219441712
0.9999800481790666
0.9999987538214312
0.9999999753617889
0.9999999999308097
0.999999999999722
0.9999999999999998
1.0
1.0
1.0
1.0
1.0
1.0
1.0
1.0
1.0
1.0
###
1e-05
1.1768119524349992e-05
1.3848863713938717e-05
1.6297508346206434e-05
1.917910261672489e-05
2.2570197196339216e-05
2.656087782946684e-05
3.1257158496882356e-05
3.678379771828634e-05
4.328761281083062e-05
5.0941380148163754e-05
5.994842503189409e-05
7.054802310718646e-05
8.302175681319735e-05
9.770099572992247e-05
0.00011497569953977356
0.00013530477745798074
0.00015922827933410923
0.0001873817422860383
0.00022051307399030456
0.00025950242113997375
0.0003053855508833416
0.00035938136638046257
0.0004229242874389499
0.0004977023564332109
0.0005857020818056661
0.0006892612104349695
0.0008111308307896872
0.0009545484566618337
0.0011233240329780276
0.0013219411484660286
0.0015556761439304723
0.0018307382802953678
0.002154434690031882
0.0025353644939701114
0.0029836472402833374
0.003511191734215131
0.004132012400115334
0.004862601580065354
0.005722367659350214
0.006734150657750821
0.007924828983539169
0.0093260334688322
0.010974987654930556
0.01291549665014884
0.01519911082952933
0.01788649529057435
0.0210490414451202
0.02477076355991709
0.029150530628251757
0.034304692863149154
0.040370172585965536
0.047508101621027934
0.05590810182512223
0.06579332246575675
0.0774263682681127
0.09111627561154886
0.10722672220103231
0.1261856883066021
0.14849682622544635
0.1747528400007683
0.20565123083486514
0.24201282647943834
0.2848035868435799
0.3351602650938841
0.3944206059437656
0.46415888336127725
0.5462277217684337
0.642807311728432
0.7564633275546291
0.8902150854450375
1.0476157527896641
1.232846739442066
1.4508287784959402
1.7073526474706886
2.009233002565046
2.364489412645407
2.782559402207126
3.274549162877725
3.8535285937105273
4.534878508128582
5.3366992312063015
6.280291441834247
7.390722033525775
8.697490026177835
10.235310218990248
12.045035402587812
14.174741629268048
16.68100537200059
19.630406500402685
23.10129700083158
27.1858824273294
31.992671377973846
37.64935806792464
44.30621457583877
52.14008287999685
61.35907273413163
72.20809018385457
84.97534359086438
100.0
###
2.299513847191388
2.0641216342991546
1.8425695210850026
1.6368182401668472
1.448490386912223
1.2786939721445927
1.1637575993529665
1.0269298747742084
0.9081925823790213
0.8063894386052047
7.6150736560684145
6.630109696665742
5.725858266199209
4.908239025771483
4.180419957388147
3.5420389299602992
3.1199729652308705
2.628355119429105
2.2110353032620327
1.8598880061347696
11.735959481152678
10.076121237321034
8.572997491511371
7.233655708363752
6.058285800101734
5.0421520822977834
4.378555192603633
3.614306725582782
2.973924236392718
2.4411578666694074
15.303388029908808
13.01732584319305
10.96727030570352
9.158692238940462
7.587297205512604
6.2420540687742045
5.3708872279453095
4.375722384478831
3.549134774841548
2.8673411701533538
18.51805104458816
15.641975426935034
13.082238310817852
10.841281196538699
8.908980342105599
7.267113768718942
6.210700789265637
5.011261976855208
4.021948259724189
3.211431232121134
21.478572643483922
18.04120797568227
15.00076052518357
12.355495132978426
10.088585136596393
8.174016389725631
6.948543516914656
5.564116833058973
4.428592135560998
3.503597314265633
24.243097085079565
20.268212665775803
16.770590664940993
13.743488327134784
11.16276752970044
8.994193744290898
7.6121816529477595
6.057470408052512
4.788347212848607
3.7592853550386547
26.849787017963184
22.357507382956918
18.422500984088863
15.032196576571446
12.154677839404789
9.747250595060104
8.218763592626216
6.505537394216352
5.112752095292235
3.988106909496814
29.325303834779998
24.3331832079434
19.978074664972965
16.23972502579349
13.08001248657691
10.446372964259018
8.77977427590808
6.917704529049929
5.409407357239245
4.196047316207757
31.689259919497683
26.21269130804151
21.452642899914853
17.379837513034957
13.95004706178222
11.100948477582405
9.30331579127899
7.300532801163718
5.683586367697973
4.38699846401104
33.956749717485835
28.00943792998224
22.856893274409053
18.462343901901104
14.773134119864297
11.717951689962716
9.795386961722595
7.658896099948634
5.9390659794706515
4.564078887163896
36.13953913366953
29.733861014979873
24.200550421021614
19.49485473481994
15.555795148773147
12.302782138605396
10.260549757172162
7.996430420350036
6.178761208534663
4.729501050975824
38.24711560026203
31.39431533041255
25.490800339236532
20.484020430957735
16.302925817207317
12.859213001353925
10.702373585635248
8.315996598602176
6.404898567809911
4.884968835212538
40.28727188150436
32.99759921406868
26.73326487305068
21.43385643742011
17.01897001318785
13.391237820674803
11.123612746464465
8.619858454004488
6.6192441903988515
5.031860173811764
42.26650722014127
34.54943906094816
27.933271232112546
22.34902702413012
17.70715112424203
13.90158419477
11.52676324335749
8.909885372168802
6.823210491589233
5.171163645129247