# ../data/BKevo/MVge_BKevo/mvge_104.dat
# N(r,Y=0), r, *F2(x,Q^2)
# 1e-05 < r < 100.0
# 1 < Q^2 < 50, n=15, lin grid
# 1e-5 < x < 1e-2, n=10, log grid
###
0.0002449767220644636
0.0002756187623559505
0.0003098870519516813
0.00034840565304737847
0.0003917696249336289
0.00044029847144269764
0.0004947399666492399
0.0005559888964189626
0.000624578493992651
0.0007013673273387175
0.0007876954180030732
0.0008844326280274738
0.0009925006079670163
0.001113898467231111
0.0012500204192485115
0.0014017417021558035
0.0015720339444005504
0.0017631006007433339
0.0019755567784997753
0.0022138050255905936
0.0024809809230525244
0.002777978986037778
0.003110380667690095
0.0034827986264701215
0.0038969913192914486
0.004359470423280352
0.0048771661046041245
0.005453291472425396
0.006095105222808589
0.006813007697740452
0.007612632488572237
0.008501576450506322
0.009495460602393993
0.01060391836968791
0.011834217396596071
0.013209875307685385
0.014747088380276486
0.01645193344603363
0.018359895655932382
0.02049677322934382
0.022869634048364517
0.02552889427195705
0.028513388955853702
0.0318414735771805
0.035575756423096606
0.039777613475454936
0.04448362511823706
0.049770758123625254
0.0557328815675297
0.06243264970042877
0.06996071454779454
0.07845524737005805
0.08801276155294896
0.09872801335917597
0.11079732219442902
0.1243581833906071
0.13947877994595934
0.15642973658144288
0.17539495038695266
0.19634119459934948
0.21963105244430686
0.24545061574752317
0.2736435595212688
0.3045463564894844
0.33832020709390115
0.37459625906667127
0.41350709125419177
0.4551406361488184
0.4987974104182132
0.5441338782205911
0.5911467946073363
0.6387622268583938
0.6858699863889236
0.7325149058335907
0.7774526675273538
0.8187918417068211
0.8570353169065309
0.8913172717134344
0.9195904466311906
0.9432653823755837
0.9622969506689242
0.9757747133426485
0.9854686746996418
0.992064515279636
0.995880443641318
0.9980432462848956
0.9991980443706278
0.9996993991029227
0.9998974127202775
0.9999721282534793
0.9999937466001885
0.999998655140035
0.9999997930058813
0.9999999798898892
0.9999999977249264
0.9999999998355754
0.9999999999959992
0.9999999999998173
0.9999999999999952
1.0
###
1e-05
1.1768119524349992e-05
1.3848863713938717e-05
1.6297508346206434e-05
1.917910261672489e-05
2.2570197196339216e-05
2.656087782946684e-05
3.1257158496882356e-05
3.678379771828634e-05
4.328761281083062e-05
5.0941380148163754e-05
5.994842503189409e-05
7.054802310718646e-05
8.302175681319735e-05
9.770099572992247e-05
0.00011497569953977356
0.00013530477745798074
0.00015922827933410923
0.0001873817422860383
0.00022051307399030456
0.00025950242113997375
0.0003053855508833416
0.00035938136638046257
0.0004229242874389499
0.0004977023564332109
0.0005857020818056661
0.0006892612104349695
0.0008111308307896872
0.0009545484566618337
0.0011233240329780276
0.0013219411484660286
0.0015556761439304723
0.0018307382802953678
0.002154434690031882
0.0025353644939701114
0.0029836472402833374
0.003511191734215131
0.004132012400115334
0.004862601580065354
0.005722367659350214
0.006734150657750821
0.007924828983539169
0.0093260334688322
0.010974987654930556
0.01291549665014884
0.01519911082952933
0.01788649529057435
0.0210490414451202
0.02477076355991709
0.029150530628251757
0.034304692863149154
0.040370172585965536
0.047508101621027934
0.05590810182512223
0.06579332246575675
0.0774263682681127
0.09111627561154886
0.10722672220103231
0.1261856883066021
0.14849682622544635
0.1747528400007683
0.20565123083486514
0.24201282647943834
0.2848035868435799
0.3351602650938841
0.3944206059437656
0.46415888336127725
0.5462277217684337
0.642807311728432
0.7564633275546291
0.8902150854450375
1.0476157527896641
1.232846739442066
1.4508287784959402
1.7073526474706886
2.009233002565046
2.364489412645407
2.782559402207126
3.274549162877725
3.8535285937105273
4.534878508128582
5.3366992312063015
6.280291441834247
7.390722033525775
8.697490026177835
10.235310218990248
12.045035402587812
14.174741629268048
16.68100537200059
19.630406500402685
23.10129700083158
27.1858824273294
31.992671377973846
37.64935806792464
44.30621457583877
52.14008287999685
61.35907273413163
72.20809018385457
84.97534359086438
100.0
###
6.033605682519453
5.536674801264678
5.015271359418922
4.474451271851046
3.9236233120005233
3.3766300742290714
2.979987915280516
2.4824564030790426
2.036075626327677
1.650803483262153
24.33145847248684
22.090343332216634
19.738082442344382
17.301150665895864
14.831755414818177
12.407270813145832
10.677597050396702
8.557354461792286
6.717204783434614
5.189785393344575
41.264013136408145
37.275202101216536
33.090570023337506
28.76312239827743
24.397545228708605
20.14499627509097
17.142136398794538
13.508007390730913
10.407319254393967
7.881053656095477
57.49609612080376
51.758481171242494
45.74241313190556
39.53189730425869
33.290420024296054
27.24886172531001
23.014212123826592
17.936103690580474
13.656041198748548
10.208643097963552
73.24936504911977
65.76229545643632
57.91651106074092
49.830750790252345
41.73096314009599
33.9319037508434
28.498342423222297
22.028831053189844
16.62513951673834
12.312789973578163
88.6367531027553
79.40101138468745
69.72758438500934
59.773698976417634
49.83200440913139
40.30237500335842
33.69675663846716
25.8779585352884
19.394690530554886
14.259183716807296
103.72992848672939
92.74472841342815
81.24589368335387
69.4309828817777
57.661967307601365
46.425428051406875
38.67079504510051
29.53774620942489
22.00640866269268
16.08401996172773
118.5753974905591
105.84092885944887
92.51900963903626
78.84986329516263
65.2668281190225
52.344360011055656
43.46100419869604
33.04388199249339
24.498849619353255
17.81495628799203
133.20735793216988
118.72393239314994
103.58128343770761
88.06425241333802
72.6802001471797
58.09060740974476
48.09641032016554
36.421574871326364
26.889050126087632
19.468034977266374
147.65168337418686
131.4197128974538
114.45868491592759
97.0987259051323
79.92583116270963
63.68703903467438
52.59805167358499
39.68916434476303
29.192328155004628
21.05429151889227
161.93072505718172
143.94895212322106
125.17156059731835
105.97694906148068
87.024042712553
69.15185757485537
56.982689041871645
42.860892557843314
31.420365795924802
22.582643840692864
176.05690865118405
156.32704533515818
135.73617422149644
114.71146948609729
93.9898589270918
74.49967792168127
61.26344866928069
45.94855994986842
33.582306087966
24.063423459938825
190.04547798898324
168.56837385615776
146.16612552063248
123.31670238491117
100.83609511042226
79.74162534491268
65.45101393208836
48.960010611349084
35.685479834788964
25.497435130894768
203.9076781221093
180.68392678339077
156.4726807181596
131.80369991855855
107.57295499983124
84.88774597725222
69.55411339137245
51.9032823048598
37.73593709961475
26.892442351053504
217.65302875383213
192.68322195972598
166.66515750494514
140.18161044429237
114.20999745839434
89.94595067475096
73.58020707010078
54.78471080634655
39.738652435328845
28.25316120814991