# ../data/BKevo/MVge_BKevo/mvge_119.dat
# N(r,Y=0), r, *F2(x,Q^2)
# 1e-05 < r < 100.0
# 1 < Q^2 < 50, n=15, lin grid
# 1e-5 < x < 1e-2, n=10, log grid
###
1.110223024625157e-16
2.152140860617445e-16
2.7691194914411485e-16
5.063301254894309e-16
8.504284721834098e-16
1.3541257791971447e-15
2.284578255037884e-15
3.777188519275635e-15
6.195457223412995e-15
1.0394722241234776e-14
1.715853030189131e-14
2.853072448855663e-14
4.7605025827816477e-14
7.87229183599175e-14
1.297895172670232e-13
2.17037257619265e-13
3.591404267705103e-13
5.89672524235864e-13
9.874535750479658e-13
1.6351674667314591e-12
2.6828101551732708e-12
4.481369925016119e-12
7.426885629093844e-12
1.2192127064747968e-11
2.0287219995111582e-11
3.364970434277663e-11
5.5272837743044075e-11
9.160795579604388e-11
1.5208507721889444e-10
2.4997898171458815e-10
4.1266577162368286e-10
6.858146464735869e-10
1.128174625118789e-09
1.8551325366552567e-09
3.0870977458406355e-09
5.083877285287138e-09
8.32878784255705e-09
1.3884006965209021e-08
2.2900134026234334e-08
3.7447149054376215e-08
6.248057976484865e-08
1.0328691206176076e-07
1.692671149084919e-07
2.819284115824635e-07
4.675099435705464e-07
7.684715619887924e-07
1.278590886797469e-06
2.128700800332132e-06
3.5123305141613443e-06
5.8403448982272156e-06
9.768509854744775e-06
1.6186588794431262e-05
2.690029769282198e-05
4.521105303265575e-05
7.523727109414973e-05
0.00012491586051215347
0.00021091380640060278
0.0003523723306412764
0.0005840485618869475
0.00099011699558768
0.0016595621534856054
0.002755906843992355
0.004663783667065231
0.00783078534345569
0.013010916062028477
0.021886075756444596
0.03661759854157611
0.06039103354817503
0.0995786868107138
0.16219030755306665
0.2563252403737657
0.39133801904536947
0.5647304719932783
0.7512446547392595
0.903871068772907
0.9769299895205062
0.9976869962952805
0.9999859061031514
0.9999999564600551
0.9999999999925121
1.0
1.0
1.0
1.0
1.0
1.0
1.0
1.0
1.0
1.0
1.0
1.0
1.0
1.0
1.0
1.0
1.0
1.0
1.0
1.0
###
1e-05
1.1768119524349992e-05
1.3848863713938717e-05
1.6297508346206434e-05
1.917910261672489e-05
2.2570197196339216e-05
2.656087782946684e-05
3.1257158496882356e-05
3.678379771828634e-05
4.328761281083062e-05
5.0941380148163754e-05
5.994842503189409e-05
7.054802310718646e-05
8.302175681319735e-05
9.770099572992247e-05
0.00011497569953977356
0.00013530477745798074
0.00015922827933410923
0.0001873817422860383
0.00022051307399030456
0.00025950242113997375
0.0003053855508833416
0.00035938136638046257
0.0004229242874389499
0.0004977023564332109
0.0005857020818056661
0.0006892612104349695
0.0008111308307896872
0.0009545484566618337
0.0011233240329780276
0.0013219411484660286
0.0015556761439304723
0.0018307382802953678
0.002154434690031882
0.0025353644939701114
0.0029836472402833374
0.003511191734215131
0.004132012400115334
0.004862601580065354
0.005722367659350214
0.006734150657750821
0.007924828983539169
0.0093260334688322
0.010974987654930556
0.01291549665014884
0.01519911082952933
0.01788649529057435
0.0210490414451202
0.02477076355991709
0.029150530628251757
0.034304692863149154
0.040370172585965536
0.047508101621027934
0.05590810182512223
0.06579332246575675
0.0774263682681127
0.09111627561154886
0.10722672220103231
0.1261856883066021
0.14849682622544635
0.1747528400007683
0.20565123083486514
0.24201282647943834
0.2848035868435799
0.3351602650938841
0.3944206059437656
0.46415888336127725
0.5462277217684337
0.642807311728432
0.7564633275546291
0.8902150854450375
1.0476157527896641
1.232846739442066
1.4508287784959402
1.7073526474706886
2.009233002565046
2.364489412645407
2.782559402207126
3.274549162877725
3.8535285937105273
4.534878508128582
5.3366992312063015
6.280291441834247
7.390722033525775
8.697490026177835
10.235310218990248
12.045035402587812
14.174741629268048
16.68100537200059
19.630406500402685
23.10129700083158
27.1858824273294
31.992671377973846
37.64935806792464
44.30621457583877
52.14008287999685
61.35907273413163
72.20809018385457
84.97534359086438
100.0
###
1.6460737969457566
1.492753591643239
1.3571944129914575
1.2391740152660589
1.1380722975796653
1.0529860244072489
0.9990394904723517
0.9394110013548521
0.8928463574852705
0.8584647474995755
4.858033891299424
4.243847774348177
3.7082925131482147
3.2468036912510203
2.8532154845500703
2.5209000882048564
2.3081241057711055
2.066903586049525
1.8692764162977882
1.7101260369244167
7.083045075015426
6.078975795444906
5.211531841302362
4.469964808750968
3.8413650240845034
3.3123731180403624
2.9733105657584593
2.5877366907067345
2.268411244921278
2.0056442744424476
8.89502679028865
7.544296281670264
6.38557759068657
5.401122723682087
4.571190946068419
3.8754740482776824
3.430319666357982
2.9243672508335883
2.504362896764506
2.155859523625697
10.45962725371223
8.79274877086367
7.370967438599511
6.169290661180581
5.160808713560706
4.318903621347933
3.781594193214806
3.1720586678535825
2.6657841685961636
2.245279424880988
11.854097148957566
9.894228970507944
8.230694921838664
6.830841424778124
5.6609007393221455
4.68770099996982
4.068291925751047
3.3670120761137987
2.7858587148721816
2.30328741912352
13.122071756707106
10.88774044295199
8.999143355138697
7.416205748062964
6.0980404207401175
5.005109135018762
4.311527295053383
3.528234671048374
2.8804526673505695
2.3432523722278984
14.291180866538104
11.79767389915899
9.697745098624113
7.943833121517114
6.488166746471609
5.285061920383042
4.523350340121426
3.6653515345090155
2.9575501790064007
2.3719448321566534
15.380249028223789
12.640464840879593
10.340752948838578
8.425989996455328
6.841664235741763
5.53599865855964
4.711238679381011
3.7847497975583546
3.0223521112455853
2.3932544637632045
16.40262666000254
13.427869986755944
10.938214280198846
8.871246175266092
7.165742511465337
5.763987421864448
4.880783489212242
3.8905674007474933
3.07779179156351
2.4094482900060035
17.368705641652422
14.168740413609223
11.497534093970087
9.28582966228268
7.465581404379999
5.973240225604762
5.035144019821191
3.9856430077826803
3.1267694321780026
2.4220212393147276
18.286133390414328
14.869407017718391
12.024427802850422
9.674441771821902
7.7451871427541015
6.166992990927051
5.17710646050472
4.0719182440561665
3.169732626716291
2.4322907189414047
19.161065436736305
15.535009755215919
12.523149730993179
10.040725182610453
8.00735031627354
6.347644899037149
5.3086600380747
4.151185111227075
3.208625855698299
2.4402483483267376
19.998558396542208
16.17050621286594
12.99727264875568
10.38749844351006
8.254420323755689
6.516945671108317
5.431347430775068
4.224241625561049
3.243758918424494
2.446688081640891
20.802570237439934
16.778546257592676
13.449637534547241
10.717322553363783
8.488423638645463
6.676425919300679
5.546380453120878
4.292179991913884
3.2759345961558566
2.4519445080828577