# ../data/BKevo/MVge_BKevo/mvge_73.dat
# N(r,Y=0), r, *F2(x,Q^2)
# 1e-05 < r < 100.0
# 1 < Q^2 < 50, n=15, lin grid
# 1e-5 < x < 1e-2, n=10, log grid
###
0.0
0.0
0.0
0.0
0.0
0.0
0.0
0.0
0.0
0.0
0.0
0.0
0.0
0.0
0.0
4.044758632591294e-17
1.110223024625157e-16
1.123402613883084e-16
2.571262760002783e-16
5.436504471786166e-16
9.862649968182663e-16
1.933069444798092e-15
3.56960803503753e-15
6.6414629545368715e-15
1.2728987921781496e-14
2.401016136338854e-14
4.462276175940705e-14
8.44040225434531e-14
1.600464304217818e-13
2.9819463990256085e-13
5.601945375051048e-13
1.0640594932686228e-12
1.9852434291041068e-12
3.7039031776828176e-12
7.049325088062797e-12
1.3170228456479667e-11
2.439512164831813e-11
4.652926284796313e-11
8.705608644425134e-11
1.604841316818846e-10
3.060222608089989e-10
5.735121726780288e-10
1.0585074980631495e-09
2.0065415988866385e-09
3.7681063524518165e-09
6.965804096279474e-09
1.3130573171043676e-08
2.4724587477010388e-08
4.5811067372278713e-08
8.591563890148217e-08
1.6237362704860346e-07
3.018401232729848e-07
5.636175397047864e-07
1.070468779405662e-06
1.9987979483693076e-06
3.7187622761050484e-06
7.107284474923324e-06
1.3344859524521669e-05
2.4748352280969757e-05
4.764329915642073e-05
9.001822385457893e-05
0.00016768322791666478
0.00032274948211610024
0.0006136598004275116
0.0011491636217781996
0.0022064301515179255
0.0042170191521359
0.00792457069369393
0.015119448966559085
0.028871365516569686
0.05389953339320533
0.1001907721247985
0.18393811083642497
0.31998129887733306
0.5186122753144167
0.7466755811779112
0.9226012087808066
0.9938396814836258
0.9998325054240941
0.9999995582395662
0.9999999999951228
1.0
1.0
1.0
1.0
1.0
1.0
1.0
1.0
1.0
1.0
1.0
1.0
1.0
1.0
1.0
1.0
1.0
1.0
1.0
###
1e-05
1.1768119524349992e-05
1.3848863713938717e-05
1.6297508346206434e-05
1.917910261672489e-05
2.2570197196339216e-05
2.656087782946684e-05
3.1257158496882356e-05
3.678379771828634e-05
4.328761281083062e-05
5.0941380148163754e-05
5.994842503189409e-05
7.054802310718646e-05
8.302175681319735e-05
9.770099572992247e-05
0.00011497569953977356
0.00013530477745798074
0.00015922827933410923
0.0001873817422860383
0.00022051307399030456
0.00025950242113997375
0.0003053855508833416
0.00035938136638046257
0.0004229242874389499
0.0004977023564332109
0.0005857020818056661
0.0006892612104349695
0.0008111308307896872
0.0009545484566618337
0.0011233240329780276
0.0013219411484660286
0.0015556761439304723
0.0018307382802953678
0.002154434690031882
0.0025353644939701114
0.0029836472402833374
0.003511191734215131
0.004132012400115334
0.004862601580065354
0.005722367659350214
0.006734150657750821
0.007924828983539169
0.0093260334688322
0.010974987654930556
0.01291549665014884
0.01519911082952933
0.01788649529057435
0.0210490414451202
0.02477076355991709
0.029150530628251757
0.034304692863149154
0.040370172585965536
0.047508101621027934
0.05590810182512223
0.06579332246575675
0.0774263682681127
0.09111627561154886
0.10722672220103231
0.1261856883066021
0.14849682622544635
0.1747528400007683
0.20565123083486514
0.24201282647943834
0.2848035868435799
0.3351602650938841
0.3944206059437656
0.46415888336127725
0.5462277217684337
0.642807311728432
0.7564633275546291
0.8902150854450375
1.0476157527896641
1.232846739442066
1.4508287784959402
1.7073526474706886
2.009233002565046
2.364489412645407
2.782559402207126
3.274549162877725
3.8535285937105273
4.534878508128582
5.3366992312063015
6.280291441834247
7.390722033525775
8.697490026177835
10.235310218990248
12.045035402587812
14.174741629268048
16.68100537200059
19.630406500402685
23.10129700083158
27.1858824273294
31.992671377973846
37.64935806792464
44.30621457583877
52.14008287999685
61.35907273413163
72.20809018385457
84.97534359086438
100.0
###
1.2580849289309828
1.1181106529193636
0.9960973213093116
0.891170564860668
0.8022389190618078
0.7279742660805534
0.6810857153303832
0.6292737757933757
0.5886607251616418
0.5581921196671334
3.4389515234077286
2.922763435322851
2.481142631885781
2.106898164066165
1.7921927801351358
1.529159532291665
1.3612846333671005
1.171175937685932
1.0139811667169902
0.884596571508666
4.862214226645153
4.0514185320372205
3.365939068938637
2.7910003285495377
2.311772342678585
1.9140023455224717
1.6611441644103433
1.3751556177419697
1.1381467080879222
0.9412808270368337
5.9910971460450035
4.928668824183283
4.038000284933419
3.296927292340982
2.6837691911879444
2.1781794517438664
1.8583611606234984
1.498569637016832
1.2015721840044542
0.9556762010040499
6.949856998062832
5.663876871814012
4.592933339059894
3.7076097758171547
2.979606562726787
2.3828826014768727
2.007538335060713
1.5870237709046058
1.242063789829193
0.9582104185109854
7.794240390955533
6.305128593062875
5.071756371829742
4.057629656318902
3.228069862792819
2.5517283088159974
2.1283052716135886
1.656236273584345
1.271306377098742
0.9567221861881899
8.555007396801535
6.878389398976216
5.496205731950797
4.365073740659464
3.4438438855782483
2.696381787211877
2.2304391645992467
1.713330296477142
1.2941084957793334
0.9538203919634077
9.251270888192552
7.399726789648154
5.8795504836262085
4.640564868167474
3.635519777014383
2.823510408921848
2.319321758157409
1.7620943701638672
1.3128245113705481
0.9503527228344096
9.895842124623986
7.879811027199755
6.230513728190445
4.891117997794961
3.808592229397299
2.937306924893673
2.398246408037202
1.8047861525470332
1.3287302076200125
0.9471572668150698
10.497905286656316
8.326106271414353
6.555150196381608
5.121344139051295
3.9668056703926253
3.0405708178233635
2.469398908604974
1.8428303661455023
1.342597261131116
0.9439551002406963
11.064089873698062
8.744132738794402
6.857894668450583
5.3352731486532265
4.112846656584054
3.1352951504481874
2.534311382123143
1.877215786689731
1.3549286612777536
0.9409610833789362
11.599496282175476
9.138118546371496
7.142111468969044
5.535200026873913
4.248701017096546
3.222930072260507
2.594073958326071
1.9086323590788625
1.3660548347363417
0.9381895897676413
12.108290786200397
9.51122672127141
7.410332048837073
5.723121434435258
4.37588879423342
3.3045910198427184
2.649524143405612
1.9375803953251585
1.3762098904261264
0.935631010093211
12.593616210924605
9.866105658612437
7.664638838084475
5.900723236627042
4.495601552306644
3.3811105531124044
2.7012914972128885
1.9644586031051778
1.3855643670320201
0.9332750008561227
13.058410230137069
10.20485663963213
7.906680601690036
6.069249697064242
4.608783180114452
3.453168804517208
2.7498904626680893
1.9895579456106596
1.3942404467714482
0.931100048715379