# ../data/BKevo/MVge_BKevo/mvge_54.dat
# N(r,Y=0), r, *F2(x,Q^2)
# 1e-05 < r < 100.0
# 1 < Q^2 < 50, n=15, lin grid
# 1e-5 < x < 1e-2, n=10, log grid
###
0.00019970786530827743
0.00022468824125109147
0.000252625035172594
0.0002840270502309489
0.0003193794705513081
0.00035894290499527366
0.00040332708902399866
0.00045326163138387747
0.0005091815081464384
0.0005717869491642699
0.000642170687571061
0.000721042372749536
0.0008091540273194404
0.0009081359939520585
0.0010191258457756633
0.001142838533301487
0.0012816978050824424
0.001437501801677707
0.0016107549817659583
0.0018050487240327026
0.0020229427833416674
0.002265172153762065
0.002536291819871634
0.0028400689230393037
0.0031779476929371642
0.0035552468827585127
0.003977628935306834
0.004447733006092864
0.004971497983719477
0.005557426536384516
0.006210147714599873
0.006935898893526826
0.007747459932428161
0.008652751492992302
0.009657789499400707
0.010781831642512413
0.012038206696252973
0.01343205793677414
0.01499247763712422
0.016740736734540594
0.018682985847862064
0.020860656002475386
0.02330588663142391
0.02603440686620862
0.029097986996426618
0.032547625428902036
0.036414672713974056
0.040763505708315086
0.04567259737828959
0.051196088303234875
0.05741152843735846
0.06443548018992927
0.07235268802485866
0.0812484564976101
0.09129057717382541
0.10260285633065577
0.11525818844447398
0.12949200968471103
0.14547605434748984
0.1632187287538532
0.18304256134492827
0.2051396058646953
0.22944440051637593
0.25628197804785907
0.2858507128153402
0.31794497851305364
0.35275707618128366
0.39045347935395147
0.43058190534879054
0.47296689912311374
0.5177046637778845
0.5640060116338158
0.6110063017998876
0.6587789484538366
0.7062522327533354
0.7516561836354199
0.7953117543818529
0.8362255431095423
0.8720104144691025
0.9037202239658831
0.930914224326097
0.9519134576654948
0.968339365686476
0.9806293499783998
0.9886725340393813
0.9938482676579972
0.9970212101624376
0.9986620437042821
0.9994479842780134
0.9998094033392572
0.9999431877008232
0.9999840760813965
0.999996583815168
0.9999994726746716
0.9999999137625175
0.9999999902966054
0.9999999994919606
0.999999999960957
0.9999999999981388
0.9999999999999832
###
1e-05
1.1768119524349992e-05
1.3848863713938717e-05
1.6297508346206434e-05
1.917910261672489e-05
2.2570197196339216e-05
2.656087782946684e-05
3.1257158496882356e-05
3.678379771828634e-05
4.328761281083062e-05
5.0941380148163754e-05
5.994842503189409e-05
7.054802310718646e-05
8.302175681319735e-05
9.770099572992247e-05
0.00011497569953977356
0.00013530477745798074
0.00015922827933410923
0.0001873817422860383
0.00022051307399030456
0.00025950242113997375
0.0003053855508833416
0.00035938136638046257
0.0004229242874389499
0.0004977023564332109
0.0005857020818056661
0.0006892612104349695
0.0008111308307896872
0.0009545484566618337
0.0011233240329780276
0.0013219411484660286
0.0015556761439304723
0.0018307382802953678
0.002154434690031882
0.0025353644939701114
0.0029836472402833374
0.003511191734215131
0.004132012400115334
0.004862601580065354
0.005722367659350214
0.006734150657750821
0.007924828983539169
0.0093260334688322
0.010974987654930556
0.01291549665014884
0.01519911082952933
0.01788649529057435
0.0210490414451202
0.02477076355991709
0.029150530628251757
0.034304692863149154
0.040370172585965536
0.047508101621027934
0.05590810182512223
0.06579332246575675
0.0774263682681127
0.09111627561154886
0.10722672220103231
0.1261856883066021
0.14849682622544635
0.1747528400007683
0.20565123083486514
0.24201282647943834
0.2848035868435799
0.3351602650938841
0.3944206059437656
0.46415888336127725
0.5462277217684337
0.642807311728432
0.7564633275546291
0.8902150854450375
1.0476157527896641
1.232846739442066
1.4508287784959402
1.7073526474706886
2.009233002565046
2.364489412645407
2.782559402207126
3.274549162877725
3.8535285937105273
4.534878508128582
5.3366992312063015
6.280291441834247
7.390722033525775
8.697490026177835
10.235310218990248
12.045035402587812
14.174741629268048
16.68100537200059
19.630406500402685
23.10129700083158
27.1858824273294
31.992671377973846
37.64935806792464
44.30621457583877
52.14008287999685
61.35907273413163
72.20809018385457
84.97534359086438
100.0
###
5.803076797668536
5.299169045846731
4.771861703831063
4.227035691691022
3.6747752306798205
3.130723367553205
2.73967872116469
2.2516210600988633
1.8202095739091992
1.4522080284536154
23.292082140591322
21.019048346251218
18.64082516042613
16.19101455903801
13.728085227526927
11.340056234012529
9.654631653781664
7.6210720048874725
5.887713022530984
4.472294771163453
39.41396781280065
35.36911866394959
31.14097207658626
26.797231831192295
22.46027600254372
18.296555716276593
15.393446123877156
11.941267484649032
9.052920554525182
6.741535005384883
54.83495196463979
49.01757595556191
42.94288106760356
36.71887371844617
30.535967020148153
24.64583041501164
20.574416461665226
15.782141217072935
11.823440477545933
8.694483752614875
69.77660820566425
62.18665111665535
54.269233812836084
46.18001794672342
38.172909698697296
30.595139067845246
25.39340385552089
19.31781169559641
14.345172579916706
10.45464436913989
84.35317051022388
74.9908624024795
65.23578275998703
55.28966609744366
45.481868495759755
36.248983849844336
29.94733353722271
22.633109662877466
16.69387673436283
12.079447666688967
98.63458751655702
87.4997720748439
75.91169111745491
64.1192746057452
52.52992079147699
41.669874819040935
34.2939565793897
25.778192519801454
18.90707007175516
13.600366995502755
112.6682120910115
99.76289785179789
86.34478229561574
72.7156831963456
59.36167607631893
46.899297661565974
38.471428890516215
28.785735783912592
21.010615486925513
15.041799942060853
126.48833187464093
111.81774732519804
96.5692689213336
81.10743368264508
66.00932824718633
51.96751178887082
42.506714756192885
31.678192479066162
23.02685796324946
16.416053402116688
140.12082653139302
123.68237817284029
106.61113137375554
89.3295673971577
72.49756393016997
56.89563105055629
46.41973533362175
34.472550268921275
24.96755402622816
17.733291025652118
153.5860564950366
135.38086199232788
116.4906131824172
97.3973865141428
78.8450418057241
61.701216001631366
50.22600279778567
37.18169851776463
26.842978376377495
19.004041579366053
166.9003483774479
146.92957567134354
126.22398596928079
105.32677415784086
85.0665829283294
66.39781675288205
53.9376560858274
39.815709173906875
28.66117034813395
20.230456951023218
180.07713604305667
158.3419698957999
135.82461262325404
113.13082538535605
91.17453164173014
70.99644689890859
57.564573987771986
42.382650229396766
30.428563387457302
21.41959774022631
193.12767775111186
169.62933408946526
145.30367497846666
120.82026747889529
97.17900303631878
75.5062468658471
61.114891319017225
44.88940316762381
32.150425467591646
22.57721994510838
206.0615165531733
180.80119114586418
154.67062713982955
128.4043166099664
103.08864923532123
79.93489046675239
64.59544101285391
47.3414595325234
33.83113500437829
23.703666206716715