# datat/BKevo/MVg_BKevo/mvg51.dat
# N(r,Y=0), r, *F2(x,Q^2)
# 1e-05 < r < 100.0
# 1 < Q^2 < 50, n=15, log grid
# 1e-5 < x < 1e-2, n=10, log grid
###
6.037116777388213e-15
9.377155040194176e-15
1.4639492556759884e-14
2.2821888161540306e-14
3.5343505821310564e-14
5.525628196657688e-14
8.619226681489475e-14
1.335217146264469e-13
2.0782936941592464e-13
3.2446051115513115e-13
5.029261375343244e-13
7.805212987254366e-13
1.2193995978966843e-12
1.8907452628922507e-12
2.925541739102232e-12
4.573052667538269e-12
7.093132263652555e-12
1.0940090259871281e-11
1.7109461752848723e-11
2.6546514367063645e-11
4.091363649543928e-11
6.384931544059113e-11
9.909121649188817e-11
1.527327219220746e-10
2.376035432766163e-10
3.6881461687795277e-10
5.684688867722176e-10
8.814560214943373e-10
1.3683351863797354e-09
2.108875631445121e-09
3.2587654949334163e-09
5.058630837162835e-09
7.79471457320931e-09
1.2001592749868823e-08
1.8627182897282085e-08
2.8692007806976162e-08
4.4010532982292653e-08
6.828418948614018e-08
1.051246694762018e-07
1.607718405606758e-07
2.4905655667707487e-07
3.831430949218899e-07
5.85425011212846e-07
9.031931840257307e-07
1.388068054025485e-06
2.1184192363003136e-06
3.253985809896992e-06
4.9943588901587794e-06
7.610914360952967e-06
1.1635749836360378e-05
1.782942063383934e-05
2.7120335547655143e-05
4.125306824378641e-05
6.308186791949887e-05
9.574006313230875e-05
0.0001448467914738375
0.0002209447196689607
0.0003344536197273518
0.0005031232549087914
0.0007652701377284518
0.0011550173137699767
0.0017316125449122113
0.0026190812145097534
0.00394041722269067
0.005888376122116161
0.008851225349263706
0.013269009694961182
0.019751740284397946
0.029474115107111225
0.043932035548008314
0.06491781324727094
0.09561725815593158
0.14028232680720099
0.20270378281085663
0.28812643605639315
0.4008099579670256
0.5377191610563439
0.689093293558734
0.8264217666898064
0.9284478803282888
0.9834530836358265
0.9975689467727162
0.9998446177255783
0.9999985067945345
0.9999999995173449
0.9999999999999292
1.0
1.0
1.0
1.0
1.0
1.0
1.0
1.0
1.0
1.0
1.0
1.0
1.0
1.0
###
1e-05
1.1768119524349992e-05
1.3848863713938717e-05
1.6297508346206434e-05
1.917910261672489e-05
2.2570197196339216e-05
2.656087782946684e-05
3.1257158496882356e-05
3.678379771828634e-05
4.328761281083062e-05
5.0941380148163754e-05
5.994842503189409e-05
7.054802310718646e-05
8.302175681319735e-05
9.770099572992247e-05
0.00011497569953977356
0.00013530477745798074
0.00015922827933410923
0.0001873817422860383
0.00022051307399030456
0.00025950242113997375
0.0003053855508833416
0.00035938136638046257
0.0004229242874389499
0.0004977023564332109
0.0005857020818056661
0.0006892612104349695
0.0008111308307896872
0.0009545484566618337
0.0011233240329780276
0.0013219411484660286
0.0015556761439304723
0.0018307382802953678
0.002154434690031882
0.0025353644939701114
0.0029836472402833374
0.003511191734215131
0.004132012400115334
0.004862601580065354
0.005722367659350214
0.006734150657750821
0.007924828983539169
0.0093260334688322
0.010974987654930556
0.01291549665014884
0.01519911082952933
0.01788649529057435
0.0210490414451202
0.02477076355991709
0.029150530628251757
0.034304692863149154
0.040370172585965536
0.047508101621027934
0.05590810182512223
0.06579332246575675
0.0774263682681127
0.09111627561154886
0.10722672220103231
0.1261856883066021
0.14849682622544635
0.1747528400007683
0.20565123083486514
0.24201282647943834
0.2848035868435799
0.3351602650938841
0.3944206059437656
0.46415888336127725
0.5462277217684337
0.642807311728432
0.7564633275546291
0.8902150854450375
1.0476157527896641
1.232846739442066
1.4508287784959402
1.7073526474706886
2.009233002565046
2.364489412645407
2.782559402207126
3.274549162877725
3.8535285937105273
4.534878508128582
5.3366992312063015
6.280291441834247
7.390722033525775
8.697490026177835
10.235310218990248
12.045035402587812
14.174741629268048
16.68100537200059
19.630406500402685
23.10129700083158
27.1858824273294
31.992671377973846
37.64935806792464
44.30621457583877
52.14008287999685
61.35907273413163
72.20809018385457
84.97534359086438
100.0
###
1.2317042502299278
1.0798846512947513
0.9456137928580339
0.8282794667695894
0.7268859942195627
0.6401370638349665
0.5838437115000112
0.5193196142420253
0.4655483757993852
0.42126081784887587
3.395725289201611
2.853123921561725
2.3870896689049643
1.9907509508531347
1.6563918853864563
1.3760921698284725
1.1966478249833008
0.992628236790012
0.8231192318255869
0.6815576943928183
4.826303712713923
3.9821489480671706
3.267663104449869
2.6684935167742347
2.1697828974014968
1.7569936261956463
1.4955591304090698
1.20126132907024
0.9590637672521795
0.7593397052145124
5.968707904609606
4.867669562985
3.944926298514676
3.1785034430395616
2.5466083483913278
2.0283420452867587
1.7027721144029628
1.3391996759026266
1.0427289892033311
0.8007891287276883
6.943263921431922
5.614148914394447
4.508516944006853
3.5969283265779457
2.8507828329949145
2.2432146279570007
1.863997916613782
1.4433290447106328
1.103018768725261
0.8280635184039816
7.804348797498692
6.267899041921798
4.997436943975725
3.956181646079853
3.1088042701883003
2.4229427084529185
1.9971605631738356
1.527450834779313
1.1500757555375964
0.8470984097060487
8.582145205562508
6.854284171737266
5.43267616083409
4.273267190207594
3.3344763297944384
2.5784217084496976
2.1112300662465153
1.5982925252543843
1.1886498811846617
0.8619769775979044
9.295468424602412
7.388948072522732
5.827068000864497
4.558664133116098
3.5360634471405943
2.7160417092542324
2.2113824211747364
1.6596177396581937
1.2213375453416333
0.8739030924294118
9.95700407899307
7.882353390032012
6.1891091033492325
4.819168077151498
3.718825644349551
2.8398949316197046
2.300908810759864
1.7138197752106203
1.249695388315266
0.8837654737688277
10.575795566751866
8.34181237153243
6.524754515696862
5.059478043021926
3.886474059347953
2.952762873452894
2.382021251432703
1.7624650353779765
1.2747351190819973
0.8921065583738799
11.158550513646368
8.772994695115749
6.838369813943721
5.283005467263657
4.041673243006185
3.0566506114537133
2.456299122742675
1.806598706811091
1.2971623749840167
0.8992991205409022
11.710318621844712
9.179827781367425
7.133260329296654
5.492371400344411
4.186406970465535
3.153034625277134
2.524905318418134
1.8470037593566746
1.3174703560469367
0.9055930794430402
12.234921489644952
9.5656222974687
7.412022312929852
5.689568398642677
4.3222031053773815
3.243045123523683
2.58868099737427
1.8844404060290287
1.3360222645131548
0.9111704306122382
12.736277257971633
9.93291163145121
7.676653234905045
5.876183303488728
4.450298124198592
3.327569011007684
2.6483795312339957
1.9191072278589603
1.3531080016370414
0.916155745938319
13.21634828860283
10.283917607743035
7.928825020754015
6.053485374720877
4.571342991581349
3.4073043863582093
2.704538418444566
1.951662511261803
1.3689685947768704
0.9206529474141858