# ../data/BKevo/MVge_BKevo/mvge_68.dat
# N(r,Y=0), r, *F2(x,Q^2)
# 1e-05 < r < 100.0
# 1 < Q^2 < 50, n=15, lin grid
# 1e-5 < x < 1e-2, n=10, log grid
###
0.0
1.0419178359922891e-16
1.3845597457205747e-16
2.220446049250313e-16
3.2048359154864186e-16
5.994049963490691e-16
1.0041270390519623e-15
1.6848508521606961e-15
2.73932385459722e-15
4.595204928890452e-15
7.640025367787084e-15
1.2585525154085505e-14
2.1045169902423e-14
3.473962380133013e-14
5.725545562979169e-14
9.577785419731398e-14
1.5854397499080455e-13
2.60229562269238e-13
4.3583272543143556e-13
7.215756583337289e-13
1.18378537186601e-12
1.9770256724271157e-12
3.2758670634555917e-12
5.376540827849233e-12
8.9436735077658e-12
1.48294316672985e-11
2.4349365921075946e-11
4.033642724107982e-11
6.692603837180516e-11
1.0993223411104985e-10
1.8132905115757388e-10
3.010513041089289e-10
4.94678294967764e-10
8.123498231803204e-10
1.3495420520529069e-09
2.218285897009404e-09
3.6263958934799773e-09
6.0284319055472194e-09
9.912990774294705e-09
1.6155692230564834e-08
2.6838387455199787e-08
4.415624410519085e-08
7.199130477610575e-08
1.1914208145268583e-07
1.9619109491935898e-07
3.2010896582050025e-07
5.279662193465653e-07
8.706733500680833e-07
1.4226081160888114e-06
2.3398988089699283e-06
3.867900058889616e-06
6.334706172759777e-06
1.0399588543318705e-05
1.7251662297114146e-05
2.835280230730887e-05
4.649966928305857e-05
7.750316377751817e-05
0.00012795322009911855
0.00020976293455654365
0.00035157391624354186
0.0005833983254688467
0.0009602966643892181
0.0016114038143969793
0.002686896637662835
0.0044406674314864635
0.007443842432508495
0.012446745081533473
0.020591833645620596
0.034297582023638154
0.057029279005315556
0.09326712953912987
0.1511590446597975
0.2411228586300649
0.3695048776868512
0.537565354970198
0.7225032206216614
0.8812056504009932
0.9739251296894836
0.9967992176209997
0.9998749709070618
0.9999998139665591
0.9999999999966747
1.0
1.0
1.0
1.0
1.0
1.0
1.0
1.0
1.0
1.0
1.0
1.0
1.0
1.0
1.0
1.0
1.0
1.0
###
1e-05
1.1768119524349992e-05
1.3848863713938717e-05
1.6297508346206434e-05
1.917910261672489e-05
2.2570197196339216e-05
2.656087782946684e-05
3.1257158496882356e-05
3.678379771828634e-05
4.328761281083062e-05
5.0941380148163754e-05
5.994842503189409e-05
7.054802310718646e-05
8.302175681319735e-05
9.770099572992247e-05
0.00011497569953977356
0.00013530477745798074
0.00015922827933410923
0.0001873817422860383
0.00022051307399030456
0.00025950242113997375
0.0003053855508833416
0.00035938136638046257
0.0004229242874389499
0.0004977023564332109
0.0005857020818056661
0.0006892612104349695
0.0008111308307896872
0.0009545484566618337
0.0011233240329780276
0.0013219411484660286
0.0015556761439304723
0.0018307382802953678
0.002154434690031882
0.0025353644939701114
0.0029836472402833374
0.003511191734215131
0.004132012400115334
0.004862601580065354
0.005722367659350214
0.006734150657750821
0.007924828983539169
0.0093260334688322
0.010974987654930556
0.01291549665014884
0.01519911082952933
0.01788649529057435
0.0210490414451202
0.02477076355991709
0.029150530628251757
0.034304692863149154
0.040370172585965536
0.047508101621027934
0.05590810182512223
0.06579332246575675
0.0774263682681127
0.09111627561154886
0.10722672220103231
0.1261856883066021
0.14849682622544635
0.1747528400007683
0.20565123083486514
0.24201282647943834
0.2848035868435799
0.3351602650938841
0.3944206059437656
0.46415888336127725
0.5462277217684337
0.642807311728432
0.7564633275546291
0.8902150854450375
1.0476157527896641
1.232846739442066
1.4508287784959402
1.7073526474706886
2.009233002565046
2.364489412645407
2.782559402207126
3.274549162877725
3.8535285937105273
4.534878508128582
5.3366992312063015
6.280291441834247
7.390722033525775
8.697490026177835
10.235310218990248
12.045035402587812
14.174741629268048
16.68100537200059
19.630406500402685
23.10129700083158
27.1858824273294
31.992671377973846
37.64935806792464
44.30621457583877
52.14008287999685
61.35907273413163
72.20809018385457
84.97534359086438
100.0
###
1.3537857086900926
1.206169165560471
1.0761434953080145
0.9633150289329381
0.8667016911491165
0.7850695796036424
0.7330135082088104
0.6746310899569267
0.6278212926770308
0.5915307908498003
3.7889272201133384
3.235964794767059
2.75892313580996
2.3518645026138123
2.007389920640246
1.7178664597036992
1.5321727015624158
1.321267872359128
1.1461135566020084
1.0012709069256998
5.409482780286543
4.533738056637393
3.787325134434395
3.157298723131819
2.629251925342606
2.188937073985074
1.9081355799202306
1.58977837399674
1.3254728077101954
1.1057862141408834
6.706236009619108
5.552021453182537
4.576696610040251
3.760342582294354
3.0810706040360074
2.518571011497256
2.161803883912824
1.7592529780458177
1.42652965563227
1.150851950705716
7.813651386636182
6.410405714704004
5.2326566278701945
4.253060597807577
3.44325498056055
2.7765055415195614
2.355756292561745
1.883247035788217
1.494805504980322
1.1746528941040748
8.792805707097148
7.162084662112176
5.801020787803432
4.674987932502712
3.748947449947829
2.990459741878193
2.513976461976171
1.981276230377095
1.5456899848309729
1.1887346132817949
9.677793305662261
7.836225011142501
6.306465015446321
5.046685136659867
4.015337811416214
3.17441057720377
2.648292818087773
2.0625388499716935
1.586001292959025
1.1976985740234558
10.489695484217808
8.450836138296115
6.764142521109004
5.380655443119733
4.252567579433472
3.3364707080645246
2.765427904044884
2.1320848162657744
1.619058573177921
1.2037002487703963
11.242988028053
9.017959715108677
7.183994036578938
5.685054979449054
4.467186650827983
3.481776532695632
2.86958619398304
2.1929860437476734
1.647587061390823
1.2078686072219713
11.947698140870367
9.546024872305649
7.573018782691794
5.965482905577834
4.663693244547053
3.613825756780678
2.9635558604014194
2.247229979013907
1.672199438481461
1.2108300829509535
12.611356562001033
10.04152687015261
7.936341654986171
6.226148997346383
4.845294013253503
3.7350384619651686
3.049312888757206
2.2961906253787796
1.6939936283391115
1.2129907615403714
13.240041266740091
10.509020216586578
8.277841536119356
6.47011836965111
5.014407280681003
3.8472629636109397
3.12829017496554
2.3408680327830145
1.7135266904631767
1.2145842422334217
13.837865369336948
10.952305853823836
8.600507511071147
6.69967339769613
5.172873204007937
3.951872357851755
3.2015670120433204
2.3819803729903626
1.7312364273949616
1.215764446496166
14.409232850543077
11.374306076505984
8.906743550431644
6.916805382594235
5.322142832598383
4.04995729255466
3.2699827975481646
2.4200872060083256
1.7474354141647899
1.2166490862322479
14.956639662933062
11.777572531449506
9.198478831023737
7.123025514056626
5.4633657020787085
4.142359472451911
3.3341928901900566
2.4556174463976723
1.7623660324379926
1.217302546912406