# ../data/BKevo/MVge_BKevo/mvge_65.dat
# N(r,Y=0), r, *F2(x,Q^2)
# 1e-05 < r < 100.0
# 1 < Q^2 < 50, n=15, lin grid
# 1e-5 < x < 1e-2, n=10, log grid
###
7.667138247149381e-13
1.1143845113146834e-12
1.63171307427625e-12
2.3830787069674635e-12
3.464110833110157e-12
5.06219776286681e-12
7.394864164527038e-12
1.0750958300021801e-11
1.5677728137695724e-11
2.29067931309836e-11
3.3306618997863624e-11
4.846552251681862e-11
7.082578554120718e-11
1.0298979776327882e-10
1.495333411553949e-10
2.1855596999902318e-10
3.178261220055508e-10
4.6041688733687925e-10
6.730273915103956e-10
9.78757778604874e-10
1.4169947449293873e-09
2.0680999758591114e-09
3.007662381969887e-09
4.354185904627467e-09
6.341311448017983e-09
9.222880016985556e-09
1.335211281297516e-08
1.9404880562784452e-08
2.822741169138721e-08
4.087072514074363e-08
5.9281316993033086e-08
8.626585663057931e-08
1.2495134794830816e-07
1.8092521290026573e-07
2.634738232299692e-07
3.8192216533100093e-07
5.522820219459121e-07
8.053020233782946e-07
1.1689357640839292e-06
1.6902430379104207e-06
2.467899617612079e-06
3.589887225126888e-06
5.202399086531289e-06
7.599780094019163e-06
1.1086818753494775e-05
1.6113670609929156e-05
2.356339627974747e-05
3.4493221348996054e-05
5.029974585189997e-05
7.36411418094608e-05
0.0001081865656253126
0.00015829036917366766
0.00023195572813055045
0.00034190584358424574
0.0005017462383703876
0.0007354985609125003
0.0010871684268015955
0.0015992280853160102
0.002343269736360507
0.0034706329850940332
0.0051130166171839755
0.007496984562695501
0.011086852133512456
0.016330478279934037
0.023917146109796387
0.0351911362933856
0.05159511903456311
0.0750236068200134
0.10884845983534738
0.15674039106354826
0.22219740527510817
0.30977984289453836
0.42157552055779757
0.554006144828503
0.6964954053559224
0.8251737545977516
0.9228570895520403
0.9785912031949318
0.9957740072030675
0.9995940417008919
0.9999943973000537
0.9999999655736858
0.9999999999427344
0.9999999999999958
1.0
1.0
1.0
1.0
1.0
1.0
1.0
1.0
1.0
1.0
1.0
1.0
1.0
1.0
1.0
1.0
###
1e-05
1.1768119524349992e-05
1.3848863713938717e-05
1.6297508346206434e-05
1.917910261672489e-05
2.2570197196339216e-05
2.656087782946684e-05
3.1257158496882356e-05
3.678379771828634e-05
4.328761281083062e-05
5.0941380148163754e-05
5.994842503189409e-05
7.054802310718646e-05
8.302175681319735e-05
9.770099572992247e-05
0.00011497569953977356
0.00013530477745798074
0.00015922827933410923
0.0001873817422860383
0.00022051307399030456
0.00025950242113997375
0.0003053855508833416
0.00035938136638046257
0.0004229242874389499
0.0004977023564332109
0.0005857020818056661
0.0006892612104349695
0.0008111308307896872
0.0009545484566618337
0.0011233240329780276
0.0013219411484660286
0.0015556761439304723
0.0018307382802953678
0.002154434690031882
0.0025353644939701114
0.0029836472402833374
0.003511191734215131
0.004132012400115334
0.004862601580065354
0.005722367659350214
0.006734150657750821
0.007924828983539169
0.0093260334688322
0.010974987654930556
0.01291549665014884
0.01519911082952933
0.01788649529057435
0.0210490414451202
0.02477076355991709
0.029150530628251757
0.034304692863149154
0.040370172585965536
0.047508101621027934
0.05590810182512223
0.06579332246575675
0.0774263682681127
0.09111627561154886
0.10722672220103231
0.1261856883066021
0.14849682622544635
0.1747528400007683
0.20565123083486514
0.24201282647943834
0.2848035868435799
0.3351602650938841
0.3944206059437656
0.46415888336127725
0.5462277217684337
0.642807311728432
0.7564633275546291
0.8902150854450375
1.0476157527896641
1.232846739442066
1.4508287784959402
1.7073526474706886
2.009233002565046
2.364489412645407
2.782559402207126
3.274549162877725
3.8535285937105273
4.534878508128582
5.3366992312063015
6.280291441834247
7.390722033525775
8.697490026177835
10.235310218990248
12.045035402587812
14.174741629268048
16.68100537200059
19.630406500402685
23.10129700083158
27.1858824273294
31.992671377973846
37.64935806792464
44.30621457583877
52.14008287999685
61.35907273413163
72.20809018385457
84.97534359086438
100.0
###
1.683258795360891
1.516290450802923
1.3662623706661687
1.2332858462422212
1.1170032018212117
1.0166470123356717
0.951333675087549
0.8765368369650828
0.8149581168042558
0.7653276790943968
5.034463154585025
4.372318567679487
3.789344088703009
3.281865292905269
2.8446395209993116
2.471276566723954
2.2289619492455506
1.950796797535148
1.7179902115022405
1.524203236815261
7.392723691377637
6.313422528227095
5.374151908514537
4.565490472079334
3.875590546549717
3.291304909934957
2.9144642909975578
2.4833402805438545
2.122767647834465
1.8219201040477164
9.3301252846331
7.879676921633751
6.6280708156778845
5.558935095874866
4.653591646316324
3.892145049578515
3.403441489253184
2.8469099593407465
2.383054094866095
1.996901056827581
11.01326250999986
9.223909209023336
7.6899495564456375
6.387976995030347
5.291905833041729
4.375211598292213
3.789565666835389
3.125276071839675
2.5738928563731553
2.1164023246845294
12.520145282158367
10.4163879093185
8.622566277524912
7.107987976017983
5.839424406276838
4.783278205205026
4.111421233051409
3.3519725158523546
2.724301210479237
2.205206803175917
13.895487771607876
11.496720917525325
9.46070310118389
7.7493340291198
6.32211690315424
5.138868944275868
4.388610050677086
3.543761432676685
2.848047107626198
2.274763471017559
15.1675052435614
12.489722997028995
10.225987410657545
8.330643546279523
6.755979028307633
5.455306314820642
4.633351006479954
3.7103814619224265
2.9531326131068085
2.3313597688661503
16.355531664798615
13.412198808577617
10.932970362884795
8.864310173100272
7.15136982182396
5.741344178526317
4.852799778736841
3.8579254628077364
3.044419364091137
2.3787725378084343
17.473504470800542
14.276378768096551
11.591965870577708
9.359045596320364
7.5157562694915185
6.002981542136647
5.052219289206949
3.990513488546065
3.1251531609589107
2.4194846151462275
18.531596342218386
15.091187251125145
12.210671488525128
9.821260893353315
7.854337224419833
6.244546127731538
5.235288982893512
4.111413242642409
3.197329900241964
2.454725283148254
19.53845516555791
15.863539665444854
12.794770908057247
10.255811016153265
8.171101609878242
6.469272886929909
5.404729603473927
4.221624941181821
3.262774895034104
2.4857789756291724
20.50021387226576
16.59887599912911
13.348809367027888
10.666510434276995
8.469152958670223
6.679641815544996
5.562560984057274
4.323878953218438
3.3225360319292023
2.5134493491704437
21.422361620164338
17.30177213813641
13.876642018854419
11.056301749982783
8.750937974426712
6.8776080735532155
5.710516215697585
4.41900575174967
3.3776225759307703
2.538348236892301
22.30865169194896
17.975443362927916
14.38113350093494
11.42769053171008
9.018368453264067
7.064728138149775
5.849828697326613
4.50774781218617
3.428539115454622
2.5609207551002044