# datat/BKevo/MVg_BKevo/mvg55.dat
# N(r,Y=0), r, *F2(x,Q^2)
# 1e-05 < r < 100.0
# 1 < Q^2 < 50, n=15, log grid
# 1e-5 < x < 1e-2, n=10, log grid
###
0.0002124013291621154
0.00023896782879900504
0.0002686778621123934
0.00030207234111000045
0.00033966695580464005
0.0003817382720458709
0.0004289341506819528
0.0004820297923734264
0.0005414864433413169
0.0006080471743690526
0.000682872346238324
0.0007667136029853128
0.0008603664288670431
0.0009655605482253517
0.001083498843083585
0.001214930526297688
0.0013624235898672269
0.0015278748245032602
0.0017117921447414714
0.0019179726280710067
0.0021491020848618514
0.002405895339242439
0.002693139476942709
0.0030147559560963558
0.0033721299210046087
0.0037707688181699605
0.004216500270294302
0.0047117943007477245
0.005262585107183697
0.005877475696165519
0.006560648502412174
0.007317779401742429
0.00816148431436577
0.009098593782534262
0.01013316988363063
0.011283589176641472
0.012560706338664825
0.013964506418152292
0.015521574534418747
0.017247767655249283
0.019137815680214543
0.02122685426084828
0.023535561288620454
0.026058625141114913
0.02883222092455249
0.03188606005053479
0.03521545645467762
0.03885229518977938
0.04283888867851944
0.04717243050129728
0.05187113474050284
0.05699490646963644
0.0625451717873054
0.06851156467449025
0.07497875514673352
0.08195678749733436
0.08938535548188555
0.09738448931953204
0.10598079861893843
0.11503723953407297
0.12472498881840165
0.13507324777787638
0.14592346353985258
0.15743802935773843
0.16967990379851822
0.18250224564471237
0.19603592624217692
0.2104102630223792
0.22552545382201186
0.24147342876815972
0.25848187226278524
0.2765317555471616
0.2956656982021643
0.3162263173755996
0.338282996928037
0.36178164751572944
0.3871631411443159
0.4145478404889791
0.4436412283957212
0.47493803663593975
0.5084918807987221
0.5436066461287421
0.5806690584540394
0.6195241516444226
0.6590304576247158
0.6991620337708013
0.7395970885881953
0.778800049751023
0.8162446722561425
0.8517186929929821
0.8837634624443554
0.9116157763627326
0.9356931519275776
0.9553316095794231
0.9701355482908044
0.9813269145923554
0.9892088686135341
0.9940053691170159
0.9969905465180685
0.99869155515658
###
1e-05
1.1768119524349992e-05
1.3848863713938717e-05
1.6297508346206434e-05
1.917910261672489e-05
2.2570197196339216e-05
2.656087782946684e-05
3.1257158496882356e-05
3.678379771828634e-05
4.328761281083062e-05
5.0941380148163754e-05
5.994842503189409e-05
7.054802310718646e-05
8.302175681319735e-05
9.770099572992247e-05
0.00011497569953977356
0.00013530477745798074
0.00015922827933410923
0.0001873817422860383
0.00022051307399030456
0.00025950242113997375
0.0003053855508833416
0.00035938136638046257
0.0004229242874389499
0.0004977023564332109
0.0005857020818056661
0.0006892612104349695
0.0008111308307896872
0.0009545484566618337
0.0011233240329780276
0.0013219411484660286
0.0015556761439304723
0.0018307382802953678
0.002154434690031882
0.0025353644939701114
0.0029836472402833374
0.003511191734215131
0.004132012400115334
0.004862601580065354
0.005722367659350214
0.006734150657750821
0.007924828983539169
0.0093260334688322
0.010974987654930556
0.01291549665014884
0.01519911082952933
0.01788649529057435
0.0210490414451202
0.02477076355991709
0.029150530628251757
0.034304692863149154
0.040370172585965536
0.047508101621027934
0.05590810182512223
0.06579332246575675
0.0774263682681127
0.09111627561154886
0.10722672220103231
0.1261856883066021
0.14849682622544635
0.1747528400007683
0.20565123083486514
0.24201282647943834
0.2848035868435799
0.3351602650938841
0.3944206059437656
0.46415888336127725
0.5462277217684337
0.642807311728432
0.7564633275546291
0.8902150854450375
1.0476157527896641
1.232846739442066
1.4508287784959402
1.7073526474706886
2.009233002565046
2.364489412645407
2.782559402207126
3.274549162877725
3.8535285937105273
4.534878508128582
5.3366992312063015
6.280291441834247
7.390722033525775
8.697490026177835
10.235310218990248
12.045035402587812
14.174741629268048
16.68100537200059
19.630406500402685
23.10129700083158
27.1858824273294
31.992671377973846
37.64935806792464
44.30621457583877
52.14008287999685
61.35907273413163
72.20809018385457
84.97534359086438
100.0
###
5.851497960858536
5.334536569526431
4.781845720690712
4.192178890142405
3.5671031158016113
2.918191174754594
2.430868131318632
1.8123848149334851
1.2704063425789005
0.8376671575018194
23.510548334680543
21.18000767056441
18.69391225526907
16.0606999783941
13.322075187821904
10.57387388076792
8.594712600184744
6.203948381131954
4.225971324530487
2.725342903758096
39.803183262702646
35.65777187949635
31.244253730801887
26.594899403563055
21.810942762115424
17.091084912929666
13.755625193183477
9.808082428342091
6.6150177560651
4.237955922129955
55.395388913317376
49.435526891244116
43.10129981020488
36.457223509912595
29.674698556262335
23.06069696892177
18.444613934930768
13.052090630618018
8.751325717247445
5.586352932516091
70.50877920979724
62.73542513282543
54.48638483274244
45.86630680793296
37.12165040480942
28.670599326174933
22.82727801279675
16.06612760920922
10.728009750590601
6.831583432222493
85.2574145632105
75.67179381920594
65.5154127003288
54.93380633862042
44.257261933053236
34.01469551041891
26.98544708609981
18.913480026881512
12.5896036534973
8.002793261271671
99.71121106754389
88.3147062166385
76.25591875823494
63.72776602718699
51.145400745518366
39.14925793131322
30.967802849901272
21.630256838344796
14.362165442923247
9.11699015598338
113.9175215640833
100.71157045295696
86.75583259688281
72.29406294602875
57.82870941737662
44.11170445062518
34.806404202246355
24.241814139118432
16.06232654595456
10.185084283171742
127.91057104028084
112.89665612726029
97.04924721888815
80.66615847029797
64.33782061994171
48.928565984538096
38.52395016591373
26.76495624121536
17.70273150750044
11.214365386254329
141.71624990184452
124.89587449897945
107.16170316271393
88.8728847988869
70.69555337249533
53.619660809319306
42.13732005093195
29.21226944633142
19.29172303061745
12.211691004708376
155.3548586912432
136.72953203314427
117.11335329679173
96.91890067198909
76.92021332837648
58.20016377514962
45.65945045129335
31.59354734976423
20.836128110339043
13.179689373852598
168.842725436281
148.41396625687133
126.92032609487184
104.83359941180454
83.02546326487811
62.682402328871255
49.10073297886747
33.91629443656047
22.34100997912216
14.123013500450174
182.19343653581757
159.96256723099683
136.5958693958405
112.62776532356415
89.0228933870068
67.07617298612011
52.46935744960013
36.186561069925055
23.810675567338922
15.043675519577077
195.41773447418203
171.3865786584952
146.15105421110113
120.3095595153512
94.92205382564514
71.38907630762642
55.7722237065703
38.40974560701675
25.248622724834924
15.944351465089904
208.5256444380124
182.69551041576753
155.59553282654315
127.88857028863696
100.73137441588227
75.62915108799322
59.01506729521205
40.5899015676487
26.65824248371225
16.826713786701337