# ../data/BKevo/MVge_BKevo/mvge_66.dat
# N(r,Y=0), r, *F2(x,Q^2)
# 1e-05 < r < 100.0
# 1 < Q^2 < 50, n=15, lin grid
# 1e-5 < x < 1e-2, n=10, log grid
###
0.0
1.0419178359922891e-16
1.3845597457205747e-16
2.220446049250313e-16
3.2048359154864186e-16
5.994049963490691e-16
1.0041270390519623e-15
1.6848508521606961e-15
2.73932385459722e-15
4.595204928890452e-15
7.640025367787084e-15
1.2585525154085505e-14
2.1045169902423e-14
3.473962380133013e-14
5.725545562979169e-14
9.577785419731398e-14
1.584682001511076e-13
2.602282443103122e-13
4.35721703128973e-13
7.213944415180027e-13
1.1834566168670703e-12
1.976462589924883e-12
3.274590996703347e-12
5.3740780348168964e-12
8.938819029309326e-12
1.4819724288473616e-11
2.4330425238191114e-11
4.0298595481150447e-11
6.685057634712869e-11
1.0978459155461221e-10
1.810370960604703e-10
3.004663505609163e-10
4.935309908448437e-10
8.1009858664886e-10
1.345018397455708e-09
2.2093961361662933e-09
3.609099502599993e-09
5.993582741995012e-09
9.844402002023296e-09
1.602307293715604e-08
2.6571473250130175e-08
4.3630512395177384e-08
7.097494838099258e-08
1.1711558331057438e-07
1.9220126641630243e-07
3.12407000727078e-07
5.127793305828053e-07
8.408377820780754e-07
1.3652027303386493e-06
2.2282023791622673e-06
3.6494515477202174e-06
5.916757540810745e-06
9.599058459502414e-06
1.569735582566628e-05
2.540340480875659e-05
4.095130805103258e-05
6.683771012616165e-05
0.00010792946675981468
0.00017282925066332624
0.0002814402411986022
0.0004533582871410419
0.0007237049871907531
0.0011712856148710393
0.0018819697434478597
0.0029963473316885207
0.004817131934909486
0.00771929835414805
0.012253974553461245
0.01955314841165407
0.031191144492573368
0.04920337868391857
0.07744110312107078
0.12153278479332535
0.18700506114822185
0.28183287650568
0.41292691300598505
0.5747209237752399
0.7489018424298489
0.8880656856794117
0.9691993250702563
0.9971517322069487
0.9998762335177972
0.9999986443017124
0.9999999991958137
1.0
1.0
1.0
1.0
1.0
1.0
1.0
1.0
1.0
1.0
1.0
1.0
1.0
1.0
1.0
1.0
###
1e-05
1.1768119524349992e-05
1.3848863713938717e-05
1.6297508346206434e-05
1.917910261672489e-05
2.2570197196339216e-05
2.656087782946684e-05
3.1257158496882356e-05
3.678379771828634e-05
4.328761281083062e-05
5.0941380148163754e-05
5.994842503189409e-05
7.054802310718646e-05
8.302175681319735e-05
9.770099572992247e-05
0.00011497569953977356
0.00013530477745798074
0.00015922827933410923
0.0001873817422860383
0.00022051307399030456
0.00025950242113997375
0.0003053855508833416
0.00035938136638046257
0.0004229242874389499
0.0004977023564332109
0.0005857020818056661
0.0006892612104349695
0.0008111308307896872
0.0009545484566618337
0.0011233240329780276
0.0013219411484660286
0.0015556761439304723
0.0018307382802953678
0.002154434690031882
0.0025353644939701114
0.0029836472402833374
0.003511191734215131
0.004132012400115334
0.004862601580065354
0.005722367659350214
0.006734150657750821
0.007924828983539169
0.0093260334688322
0.010974987654930556
0.01291549665014884
0.01519911082952933
0.01788649529057435
0.0210490414451202
0.02477076355991709
0.029150530628251757
0.034304692863149154
0.040370172585965536
0.047508101621027934
0.05590810182512223
0.06579332246575675
0.0774263682681127
0.09111627561154886
0.10722672220103231
0.1261856883066021
0.14849682622544635
0.1747528400007683
0.20565123083486514
0.24201282647943834
0.2848035868435799
0.3351602650938841
0.3944206059437656
0.46415888336127725
0.5462277217684337
0.642807311728432
0.7564633275546291
0.8902150854450375
1.0476157527896641
1.232846739442066
1.4508287784959402
1.7073526474706886
2.009233002565046
2.364489412645407
2.782559402207126
3.274549162877725
3.8535285937105273
4.534878508128582
5.3366992312063015
6.280291441834247
7.390722033525775
8.697490026177835
10.235310218990248
12.045035402587812
14.174741629268048
16.68100537200059
19.630406500402685
23.10129700083158
27.1858824273294
31.992671377973846
37.64935806792464
44.30621457583877
52.14008287999685
61.35907273413163
72.20809018385457
84.97534359086438
100.0
###
1.1687502906474712
1.0247246418886333
0.8982949745643728
0.7886429533950451
0.6946001314960882
0.6147936968383756
0.5634081303883068
0.5050100230290362
0.456955157852756
0.41806865243945246
3.1651230951143465
2.6548891776842747
2.2189432053326206
1.8499657577816004
1.5399306683419638
1.2808433724127328
1.1153466470299886
0.9275311552403229
0.7713069305794411
0.6413707635165645
4.46475938698365
3.67494788295675
3.0096483661441997
2.4540701679190464
1.9930755439304984
1.6123992057859942
1.371604585731229
1.1006551458327762
0.8774949851983974
0.6932836934173903
5.495215498611984
4.468764702450056
3.6124232723042873
2.903938980807156
2.3215496174782437
1.8448675164067445
1.5457025604130519
1.2117159073960424
0.9395474253693425
0.716409572465548
6.370245697453581
5.134679346645363
4.1113348393580464
3.270772693258137
2.5847226710028837
2.0272370774632877
1.6796600834997464
1.2941434576256503
0.9821497273911389
0.7294609309211826
7.140806795788618
5.715724334535064
4.542381166577502
3.584282046631839
2.806817860964522
2.1788369130570917
1.7894308121244074
1.3600219675014222
1.0149928734224503
0.7378335901777401
7.834998385384525
6.235430244333926
4.924955222632053
3.860117045735096
3.0003285807525133
2.30939402823307
1.8829718562460502
1.4150918515474828
1.0415337547142849
0.7436591752386671
8.470283843924744
6.70822847083154
5.270770154016635
4.107702267762842
3.172636941306857
2.424551884876771
1.9647757923438725
1.4625224359538125
1.06379566919389
0.7479455135006963
9.058391091717708
7.143709766939845
5.5875735078698
4.333140213106653
3.328502929596208
2.5279082125351096
2.0377018105496476
1.5042088504788587
1.0829673590028288
0.7512334629681258
9.607603523820226
7.548628110807585
5.880765742160414
4.540732323064147
3.471194152440788
2.6218795207365617
2.103545589371824
1.541589327663861
1.099800146851687
0.7538281503266275
10.124170152712983
7.927997236423344
6.154326541738694
4.733537544222819
3.6030657410874327
2.708205969081525
2.163745359930103
1.575388092123579
1.114812092818515
0.7559340168223305
10.612597121743505
8.285531661867475
6.411193896691449
4.913865504842602
3.725829785319459
2.7881621833664836
2.2192467900943527
1.606304254859242
1.1283603568340037
0.757647489748996
11.076716611238822
8.624190530453765
6.653701830645662
5.083519488561206
3.840849688061975
2.8627255640580893
2.2707867945333664
1.6348666622707708
1.1407058071349787
0.7591359654133174
11.519422297796133
8.946337704756788
6.88369087400995
5.243866626736386
3.9491822466310986
2.932657182379397
2.318957392435619
1.661329447213628
1.152051768587144
0.7608362457719892
11.943297554200566
9.253870180446276
7.102638340338654
5.396058609991039
4.051667257926208
2.9985504966260854
2.3641810602423905
1.6860041813921296
1.1625432124954733
0.7619103764603162