# ../data/BKevo/MVge_BKevo/mvge_61.dat
# N(r,Y=0), r, *F2(x,Q^2)
# 1e-05 < r < 100.0
# 1 < Q^2 < 50, n=15, lin grid
# 1e-5 < x < 1e-2, n=10, log grid
###
7.667138247149381e-13
1.1142803195310838e-12
1.631602051973787e-12
2.3829054437493614e-12
3.4637903495186087e-12
5.061576211128443e-12
7.393749015185523e-12
1.0749069705762167e-11
1.5674494048931836e-11
2.2901113102445536e-11
3.329683937914894e-11
4.84486484650072e-11
7.079608831387825e-11
1.0293836217468484e-10
1.4944455790197663e-10
2.1839986637192207e-10
3.175554623535502e-10
4.599519512252023e-10
6.722085177543521e-10
9.77335924308669e-10
1.4145532012731038e-09
2.0638120767784255e-09
3.0002068012690197e-09
4.341373655776859e-09
6.318918176503603e-09
9.18390877359399e-09
1.328511451030155e-08
1.928842082537992e-08
2.8024670229650374e-08
4.05222690665589e-08
5.8679473460934836e-08
8.521878130525539e-08
1.2315404974137468e-07
1.7784457844989487e-07
2.5812515265149273e-07
3.727668954122498e-07
5.36733885272561e-07
7.784151227967898e-07
1.123134788418219e-06
1.613192164584885e-06
2.335740986803516e-06
3.366375841343343e-06
4.829334121990633e-06
6.969004048781683e-06
1.003022058911592e-05
1.4367708576347524e-05
2.0658373406146116e-05
2.9682509173509025e-05
4.244149138462206e-05
6.078402856527393e-05
8.71563111932622e-05
0.0001243486220737389
0.00017733005029126433
0.0002536391729307536
0.0003609374810408211
0.0005123445999353169
0.0007306818822559254
0.001036647962988813
0.0014642084494264202
0.0020811869935551345
0.00294253786559162
0.004140652932230945
0.00585431865822151
0.008245549007858679
0.011557412930318332
0.01624373915272927
0.022775797594885433
0.03177054622711545
0.04433213410452819
0.061746807046391926
0.08544904610590404
0.11781752712384617
0.1617450809384289
0.21961231430155245
0.2945624061590435
0.38895222346964736
0.5014323013420633
0.6274630921665914
0.7521156484901093
0.8618766592581353
0.942615779222543
0.9817914170823558
0.9964119645172185
0.9997385506574739
0.999992070762249
0.9999998873408911
0.999999999780197
0.9999999999999998
1.0
1.0
1.0
1.0
1.0
1.0
1.0
1.0
1.0
1.0
1.0
1.0
###
1e-05
1.1768119524349992e-05
1.3848863713938717e-05
1.6297508346206434e-05
1.917910261672489e-05
2.2570197196339216e-05
2.656087782946684e-05
3.1257158496882356e-05
3.678379771828634e-05
4.328761281083062e-05
5.0941380148163754e-05
5.994842503189409e-05
7.054802310718646e-05
8.302175681319735e-05
9.770099572992247e-05
0.00011497569953977356
0.00013530477745798074
0.00015922827933410923
0.0001873817422860383
0.00022051307399030456
0.00025950242113997375
0.0003053855508833416
0.00035938136638046257
0.0004229242874389499
0.0004977023564332109
0.0005857020818056661
0.0006892612104349695
0.0008111308307896872
0.0009545484566618337
0.0011233240329780276
0.0013219411484660286
0.0015556761439304723
0.0018307382802953678
0.002154434690031882
0.0025353644939701114
0.0029836472402833374
0.003511191734215131
0.004132012400115334
0.004862601580065354
0.005722367659350214
0.006734150657750821
0.007924828983539169
0.0093260334688322
0.010974987654930556
0.01291549665014884
0.01519911082952933
0.01788649529057435
0.0210490414451202
0.02477076355991709
0.029150530628251757
0.034304692863149154
0.040370172585965536
0.047508101621027934
0.05590810182512223
0.06579332246575675
0.0774263682681127
0.09111627561154886
0.10722672220103231
0.1261856883066021
0.14849682622544635
0.1747528400007683
0.20565123083486514
0.24201282647943834
0.2848035868435799
0.3351602650938841
0.3944206059437656
0.46415888336127725
0.5462277217684337
0.642807311728432
0.7564633275546291
0.8902150854450375
1.0476157527896641
1.232846739442066
1.4508287784959402
1.7073526474706886
2.009233002565046
2.364489412645407
2.782559402207126
3.274549162877725
3.8535285937105273
4.534878508128582
5.3366992312063015
6.280291441834247
7.390722033525775
8.697490026177835
10.235310218990248
12.045035402587812
14.174741629268048
16.68100537200059
19.630406500402685
23.10129700083158
27.1858824273294
31.992671377973846
37.64935806792464
44.30621457583877
52.14008287999685
61.35907273413163
72.20809018385457
84.97534359086438
100.0
###
1.338918204399826
1.1738845314374804
1.0262814418058324
0.8958871275278497
0.7819879425590687
0.68351549708442
0.6190069821524788
0.5443227691639779
0.48126528336459223
0.42845483710517457
3.7940995356901426
3.196182804852669
2.6772023083725265
2.2324895392602135
1.8550369650519996
1.5370733871215625
1.3329532005200377
1.1004802651472976
0.9070928651618055
0.7458332840725529
5.459306657989119
4.51922152101145
3.7171604779848986
3.040136053947762
2.4737736836046618
2.0032601998155077
1.7047927008931112
1.3686657157761073
1.092272304810226
0.8653301949050745
6.80388384725041
5.570288997102963
4.5285816842410735
3.6580296421508596
2.936808329618997
2.343491950421127
1.970233660137529
1.5533709747139643
1.2139070408327588
0.9377153190481383
7.959860077049978
6.4638139301840365
5.210149674448171
4.170368365984737
3.3152754010499965
2.617026576751999
2.18057385795786
1.6963614270784286
1.3051206928184833
0.9894475060867188
8.98719143956074
7.251229143621844
5.805451107233243
4.613535222577509
3.6392317291132956
2.848287076350615
2.3565621967400827
1.8139222870671936
1.3784489672812787
1.0294276779234808
9.919374269859066
7.960965349497287
6.338241901692739
5.007143528869977
3.9245045453788348
3.0500046369273806
2.5087732608081823
1.914222477667552
1.439745229761023
1.0618977280685722
10.777542256807473
8.610722041169561
6.82316408315562
5.363128202789848
4.180726781158237
3.2297412865621777
2.643476300676932
2.0020221417767003
1.4926336473215347
1.089363362641521
11.575959039710757
9.212397684125545
7.269941919392545
5.689365959414408
4.414110062442415
3.3923915050693254
2.7646662300718585
2.0807046762955
1.5395859639778349
1.1126384266303488
12.324823858147855
9.774438712951264
7.685463034161817
5.991373709776453
4.629031694395542
3.5413141315497696
2.8750675464163686
2.1513704472785076
1.5807302789775308
1.1332001299484822
13.031799415490905
10.303084740122857
8.074794783486414
6.273204629472767
4.828719573787907
3.6789682036432265
2.9766461094686765
2.2160161058317986
1.6183338436911356
1.1514843176476515
13.702705891813695
10.80308829811892
8.44181808510094
6.537873707923368
5.015513600229865
3.8071205750777364
3.0708510824470587
2.275540266107956
1.6526891071321277
1.1679234741506015
14.342085401913291
11.27822510994021
8.789485518120875
6.7877699999226
5.191250477529472
3.9271847703723313
3.158791263294677
2.330382058598169
1.6842947345388117
1.1828560882547288
14.953687601470698
11.731506141982317
9.120233416176916
7.024781178864149
5.357334049774051
4.040263930344111
3.2413379153946384
2.381960371423454
1.713636872220477
1.1965160578159304
15.540547454769621
12.16537639390664
9.435994551287388
7.250421855011951
5.514979845822255
4.1472475114576115
3.3191775805321684
2.4303624068117204
1.7409297986030818
1.2090762213711952