# ../data/BKevo/MVge_BKevo/mvge_115.dat
# N(r,Y=0), r, *F2(x,Q^2)
# 1e-05 < r < 100.0
# 1 < Q^2 < 50, n=15, lin grid
# 1e-5 < x < 1e-2, n=10, log grid
###
1.4152909950314792e-12
2.0570305488551623e-12
3.0121010896847846e-12
4.399040928174202e-12
6.394608003354243e-12
9.344567819058684e-12
1.3650497301628021e-11
1.984562317835001e-11
2.894019493636291e-11
4.228457682762191e-11
6.148212703201295e-11
8.946465345392543e-11
1.307404162878128e-10
1.9011340713910168e-10
2.7603021637176216e-10
4.0344203589019856e-10
5.866891688452696e-10
8.499036810891586e-10
1.2423707802581962e-09
1.806732025454864e-09
2.615692863441498e-09
3.817596615085136e-09
5.551975905683471e-09
8.037582898867803e-09
1.1705705111395847e-08
1.702491910783005e-08
2.4647251121746953e-08
3.5820320702743084e-08
5.2106217895417716e-08
7.544506476991443e-08
1.0942998303916667e-07
1.592419263730974e-07
2.306531667945645e-07
3.33977768274111e-07
4.863578429499294e-07
7.050067779015534e-07
1.0194813935434524e-06
1.4865418459453488e-06
2.1577887650929777e-06
3.120091601799994e-06
4.55559941497964e-06
6.626720200745144e-06
9.603315670106162e-06
1.40287218778454e-05
2.0465547678494825e-05
2.9744727912687407e-05
4.34962676032471e-05
6.367160378641234e-05
9.284851459034037e-05
0.00013593312845113076
0.00019969699954368384
0.0002921753369465307
0.0004281348504961775
0.0006310457753635897
0.0009259959437154058
0.0013572643499614294
0.002005909440442408
0.002950054635974141
0.004321253818236989
0.0063969949259393
0.009417544816985675
0.013794985453267327
0.020367855186946077
0.029932612109127316
0.04369986126101917
0.06397602213958717
0.09311541566287354
0.13403982766593675
0.1915029956238849
0.26962735814481253
0.37076602049195184
0.4950194649662711
0.6341264427632659
0.772927686380861
0.888625973688314
0.9581818926737837
0.9902256413784386
0.9991617165876793
0.999948857509214
0.9999989825680068
0.9999999991305253
0.9999999999999779
1.0
1.0
1.0
1.0
1.0
1.0
1.0
1.0
1.0
1.0
1.0
1.0
1.0
1.0
1.0
1.0
1.0
1.0
###
1e-05
1.1768119524349992e-05
1.3848863713938717e-05
1.6297508346206434e-05
1.917910261672489e-05
2.2570197196339216e-05
2.656087782946684e-05
3.1257158496882356e-05
3.678379771828634e-05
4.328761281083062e-05
5.0941380148163754e-05
5.994842503189409e-05
7.054802310718646e-05
8.302175681319735e-05
9.770099572992247e-05
0.00011497569953977356
0.00013530477745798074
0.00015922827933410923
0.0001873817422860383
0.00022051307399030456
0.00025950242113997375
0.0003053855508833416
0.00035938136638046257
0.0004229242874389499
0.0004977023564332109
0.0005857020818056661
0.0006892612104349695
0.0008111308307896872
0.0009545484566618337
0.0011233240329780276
0.0013219411484660286
0.0015556761439304723
0.0018307382802953678
0.002154434690031882
0.0025353644939701114
0.0029836472402833374
0.003511191734215131
0.004132012400115334
0.004862601580065354
0.005722367659350214
0.006734150657750821
0.007924828983539169
0.0093260334688322
0.010974987654930556
0.01291549665014884
0.01519911082952933
0.01788649529057435
0.0210490414451202
0.02477076355991709
0.029150530628251757
0.034304692863149154
0.040370172585965536
0.047508101621027934
0.05590810182512223
0.06579332246575675
0.0774263682681127
0.09111627561154886
0.10722672220103231
0.1261856883066021
0.14849682622544635
0.1747528400007683
0.20565123083486514
0.24201282647943834
0.2848035868435799
0.3351602650938841
0.3944206059437656
0.46415888336127725
0.5462277217684337
0.642807311728432
0.7564633275546291
0.8902150854450375
1.0476157527896641
1.232846739442066
1.4508287784959402
1.7073526474706886
2.009233002565046
2.364489412645407
2.782559402207126
3.274549162877725
3.8535285937105273
4.534878508128582
5.3366992312063015
6.280291441834247
7.390722033525775
8.697490026177835
10.235310218990248
12.045035402587812
14.174741629268048
16.68100537200059
19.630406500402685
23.10129700083158
27.1858824273294
31.992671377973846
37.64935806792464
44.30621457583877
52.14008287999685
61.35907273413163
72.20809018385457
84.97534359086438
100.0
###
1.9071231227764474
1.7370991209259596
1.5837366779409996
1.4475373159969214
1.328011260637769
1.2248097645067713
1.1576752868461275
1.0811213896718805
1.018496262578838
0.9688546731587327
5.910391563176457
5.208349206315074
4.584813424027151
4.038418769727203
3.56381955040921
3.156370681610287
2.8913320434511744
2.5868169671224304
2.332525057576328
2.123022319580665
8.810582828141817
7.6424158859652005
6.614907072008906
5.722501710459157
4.953409089071098
4.297143686251356
3.8713674021996316
3.382916405613332
2.973833836755912
2.633328701503542
11.22645656322541
9.63478673957016
8.244923945146576
7.045999293164261
6.0191163591836645
5.147307885440218
4.5839295759116405
3.9385746260387307
3.398662622691238
2.9479846912481578
13.344205453463928
11.360323379643573
9.638020600089488
8.160437362698872
6.901219455977523
5.83724865995746
5.151865718934274
4.36863157949821
3.7141428980761777
3.168534546445633
15.253058919758873
12.901232040047338
10.869539247133416
9.134531739096671
7.662478420498819
6.423287763849997
5.627903581390629
4.721020671553915
3.965397819183805
3.335410413841625
17.004272119774946
14.304342963860368
11.98181856989644
10.006357386028931
8.33677517973947
6.936454562044032
6.039792982482011
5.020288592600766
4.17241812712752
3.467655460827844
18.630317174903052
15.599421990470466
13.001469371626923
10.79955840443532
8.944999676017295
7.394486770097691
6.404169008816441
5.281058953006058
4.349058925610192
3.576073826168313
20.15477018262731
16.806821709115457
13.946577208499017
11.529993631568146
9.500931918307154
7.809475337000858
6.731754779341071
5.512228633168683
4.502712620174934
3.667243247789812
21.59409988728928
17.941198790641533
14.830205348468185
12.208908527572286
10.014340304333736
8.189814622770387
7.029893666177006
5.720192445257097
4.638638700948512
3.74542379892467
22.96012385216968
19.01354146272712
15.661455943483402
12.844589331618877
10.49234002948886
8.541585147538976
7.30391926777185
5.909407347365298
4.7603854754772374
3.813536602200912
24.262788880523118
20.032332149141986
16.448070308681377
13.44334949290584
10.940303879087727
8.869283328371866
7.557840197224021
6.0830744646824995
4.870642829461447
3.8736240543706573
25.509650069645815
21.004256898776326
17.196057379515853
14.010309233328709
11.362484651263651
9.176429940285583
7.794661388256476
6.243704090365839
4.97132514301642
3.9277498701632014
26.707189388472276
21.93430823226052
17.909534135395585
14.549220562337945
11.762119790896216
9.465292303520073
8.01676245557275
6.393197585246649
5.063974379034905
3.9756057246977625
27.86043263947389
22.827792609652356
18.592550600571407
15.063323217991924
12.141926594027877
9.738978967084051
8.226035888606928
6.533076176283093
5.150138853426614
4.01938194554698