# ../data/BKevo/MVge_BKevo/mvge_106.dat
# N(r,Y=0), r, *F2(x,Q^2)
# 1e-05 < r < 100.0
# 1 < Q^2 < 50, n=15, lin grid
# 1e-5 < x < 1e-2, n=10, log grid
###
1.8600301891629637e-08
2.380569781422438e-08
3.0522007007979976e-08
3.9104023344549016e-08
5.0031640133087635e-08
6.408844798985048e-08
8.208061662789058e-08
1.049804141864805e-07
1.3434716833233513e-07
1.7199738264665892e-07
2.1989403062993126e-07
2.811249076575144e-07
3.597512223139003e-07
4.597211544441453e-07
5.871163400636316e-07
7.509492878333345e-07
9.591282827051502e-07
1.2235609625706616e-06
1.564103428050601e-06
1.996524467520244e-06
2.545036742143085e-06
3.249926229531431e-06
4.1456256099986525e-06
5.280871914085385e-06
6.73483514186008e-06
8.584388862354814e-06
1.0926429921005844e-05
1.3915560581357682e-05
1.772148920473776e-05
2.253575907089701e-05
2.8658162010275234e-05
3.645922223476648e-05
4.631513960283464e-05
5.880272043337229e-05
7.4721854527218e-05
9.480602747364655e-05
0.00012015540145343249
0.00015247644382822588
0.00019318735161941015
0.000244401780123989
0.000309607113151044
0.0003916259784356627
0.0004946005556128181
0.0006251085713572516
0.0007891780739401892
0.000994681585424958
0.001253863218734373
0.0015793354304512945
0.001985854976845538
0.0024958646103205185
0.0031351573076577096
0.0039309400049262165
0.004923610787865065
0.00616453864765883
0.00770289964142885
0.009609890983665078
0.01198462102423877
0.014913900174800205
0.018520188701877594
0.02298734016990488
0.028464399261963955
0.03516335348328643
0.043387174695508485
0.05340458115590068
0.06556162853686037
0.08032661043127252
0.09815457204422864
0.11957286027907854
0.14523999225440712
0.17581904861755104
0.21200274300198416
0.25450830222781423
0.30391721097550023
0.36076219256944025
0.4251380187269763
0.49612633844111276
0.5730583386718369
0.6538420334939506
0.73292603915672
0.8080877958548556
0.8750415981172616
0.9257886671908363
0.9619910635097082
0.9844937310418803
0.9947082826769494
0.9986192521784498
0.99978626017633
0.9999795015579193
0.9999985161876356
0.9999999588552604
0.9999999998649511
0.9999999999992493
0.999999999999999
1.0
1.0
1.0
1.0
1.0
1.0
1.0
###
1e-05
1.1768119524349992e-05
1.3848863713938717e-05
1.6297508346206434e-05
1.917910261672489e-05
2.2570197196339216e-05
2.656087782946684e-05
3.1257158496882356e-05
3.678379771828634e-05
4.328761281083062e-05
5.0941380148163754e-05
5.994842503189409e-05
7.054802310718646e-05
8.302175681319735e-05
9.770099572992247e-05
0.00011497569953977356
0.00013530477745798074
0.00015922827933410923
0.0001873817422860383
0.00022051307399030456
0.00025950242113997375
0.0003053855508833416
0.00035938136638046257
0.0004229242874389499
0.0004977023564332109
0.0005857020818056661
0.0006892612104349695
0.0008111308307896872
0.0009545484566618337
0.0011233240329780276
0.0013219411484660286
0.0015556761439304723
0.0018307382802953678
0.002154434690031882
0.0025353644939701114
0.0029836472402833374
0.003511191734215131
0.004132012400115334
0.004862601580065354
0.005722367659350214
0.006734150657750821
0.007924828983539169
0.0093260334688322
0.010974987654930556
0.01291549665014884
0.01519911082952933
0.01788649529057435
0.0210490414451202
0.02477076355991709
0.029150530628251757
0.034304692863149154
0.040370172585965536
0.047508101621027934
0.05590810182512223
0.06579332246575675
0.0774263682681127
0.09111627561154886
0.10722672220103231
0.1261856883066021
0.14849682622544635
0.1747528400007683
0.20565123083486514
0.24201282647943834
0.2848035868435799
0.3351602650938841
0.3944206059437656
0.46415888336127725
0.5462277217684337
0.642807311728432
0.7564633275546291
0.8902150854450375
1.0476157527896641
1.232846739442066
1.4508287784959402
1.7073526474706886
2.009233002565046
2.364489412645407
2.782559402207126
3.274549162877725
3.8535285937105273
4.534878508128582
5.3366992312063015
6.280291441834247
7.390722033525775
8.697490026177835
10.235310218990248
12.045035402587812
14.174741629268048
16.68100537200059
19.630406500402685
23.10129700083158
27.1858824273294
31.992671377973846
37.64935806792464
44.30621457583877
52.14008287999685
61.35907273413163
72.20809018385457
84.97534359086438
100.0
###
2.224450491132206
1.9795213974293355
1.7474454543670297
1.530508622903526
1.3309073317846936
1.1497210102759217
1.0264754946090655
0.8791345871802182
0.7506851205836036
0.6400579209191191
7.321006777373441
6.314887933702865
5.390551233287285
4.555169398767969
3.813612834506306
3.1645550393438895
2.736960538699425
2.2413850645021527
1.8239317855969173
1.4759507249033224
11.257146410278352
9.575293265573611
8.054373517660094
6.702723283485877
5.522725394786094
4.5071828177032724
3.8478458189546036
3.0943616270464482
2.4697013674414734
1.956975351762115
14.659251514707934
12.354919493280667
10.293760304509107
8.48171149929597
6.91748809437613
5.5861447280056415
4.729973091290141
3.7604922516944814
2.965169647216488
2.3189615443710756
17.72210686107789
14.833895014734699
12.271688533401024
10.037829071608842
8.125527475128926
6.511221860747715
5.48041524394675
4.321137130895893
3.3774187021285482
2.616487283081193
20.54110043698584
17.099220122918016
14.066084433167077
11.439284617781492
9.205444604159638
7.332014588549747
6.142446310669282
4.811863312681605
3.735249823723409
2.8724341714874924
23.172342446928965
19.201507437152877
15.72172289414618
12.724870049671482
10.190259396083164
8.076090052662074
6.7398897605749335
5.251934978722186
4.054092343326778
3.0989384317935538
25.652497853202057
21.17356903750771
17.26732340685838
13.919208486788119
11.100747147515763
8.760650560624276
7.28749046385924
5.6532381596724965
4.34331055574293
3.303240762820176
28.007229150881628
23.038188632330144
18.722702934128876
15.03920765806538
11.951066268737682
9.397302376001104
7.79516535733651
6.023678619947304
4.609081197097193
3.4901053599986938
30.255403604048574
24.81201520124293
20.10224589725851
16.097051518094787
12.751291197903752
9.994334453613863
8.269903948247237
6.368806912221632
4.855733923402296
3.662829609055399
32.41143392492617
26.507701200560263
21.416822529464977
17.10190680585282
13.509023749568659
10.55787720502265
8.716964303412919
6.692725410033651
5.086446073047972
3.8238147922578443
34.48652895040569
28.135126277835294
22.674830078628098
18.060832036090964
14.230063963182099
11.092611200770717
9.140041744365424
6.998585533170319
5.3036043322254365
3.974869744599906
36.48997252755555
29.702232949697105
23.883114204275
18.979439633106917
14.919066833598839
11.602260866996101
9.542680704320826
7.288736816504872
5.5090779887624475
4.117389296791979
38.42912901031294
31.215369154074793
25.047102068220866
19.862333193159643
15.579715363773593
12.089818338777917
9.927297038462866
7.565150754218704
5.7043445921943094
4.252481796883794
40.3101311243929
32.67998720304614
26.171434448920074
20.713222542540223
16.215079347594344
12.557687447221578
10.295688234213443
7.829304580183429
5.890587844996597
4.381035754750694