# ../data/BKevo/MVge_BKevo/mvge_112.dat
# N(r,Y=0), r, *F2(x,Q^2)
# 1e-05 < r < 100.0
# 1 < Q^2 < 50, n=15, lin grid
# 1e-5 < x < 1e-2, n=10, log grid
###
1.4152909950314792e-12
2.0569263570715635e-12
3.01185161140775e-12
4.3986456203511754e-12
6.393967036171146e-12
9.343457884626431e-12
1.3648545790280371e-11
1.9842364498948147e-11
2.893442667644953e-11
4.227441261645742e-11
6.146464433437921e-11
8.943432336923669e-11
1.3068722916949333e-10
1.9002131892502298e-10
2.758712055156347e-10
4.0316272105507533e-10
5.862048599172362e-10
8.490715570056476e-10
1.2409053370733468e-09
1.8041873032587356e-09
2.6113236395771826e-09
3.809923432517468e-09
5.538635235809977e-09
8.01465854453298e-09
1.1665640854416402e-08
1.6955200766317675e-08
2.452740472911095e-08
3.561202296898038e-08
5.174365006868503e-08
7.482200963764422e-08
1.0835406540151022e-07
1.573705011902779e-07
2.2744169668969294e-07
3.2847483780461565e-07
4.7680710706883485e-07
6.886655747204583e-07
9.917424449579896e-07
1.4386024956385183e-06
2.076178825311264e-06
2.9828975903513084e-06
4.3205026383110474e-06
6.229521463955463e-06
8.941084869657068e-06
1.2910601360568955e-05
1.859553897005625e-05
2.665989207315084e-05
3.837418000546082e-05
5.520932856536307e-05
7.906033550893811e-05
0.00011344097269200115
0.00016303310053120322
0.0002332185921466716
0.00033364580912802525
0.00047911476928437453
0.000684885616617991
0.0009773355764575863
0.0014031319024558223
0.0020056624542517864
0.0028569389301644193
0.0041043226090827665
0.0058717747075717535
0.008370246849522603
0.012020701116825676
0.01721981766545743
0.02457207773550297
0.0352359946792551
0.05044098122954891
0.07179701313176448
0.1021615275485656
0.14469016106308707
0.20251223645669586
0.2799802214869745
0.38004263336097616
0.5013999811802866
0.6377053239700174
0.7708189713256057
0.8832124054607504
0.9585092003460891
0.9891600940465636
0.9984557013169416
0.9999511116103522
0.9999991371570187
0.9999999953740127
0.9999999999983284
1.0
1.0
1.0
1.0
1.0
1.0
1.0
1.0
1.0
1.0
1.0
1.0
1.0
1.0
1.0
1.0
###
1e-05
1.1768119524349992e-05
1.3848863713938717e-05
1.6297508346206434e-05
1.917910261672489e-05
2.2570197196339216e-05
2.656087782946684e-05
3.1257158496882356e-05
3.678379771828634e-05
4.328761281083062e-05
5.0941380148163754e-05
5.994842503189409e-05
7.054802310718646e-05
8.302175681319735e-05
9.770099572992247e-05
0.00011497569953977356
0.00013530477745798074
0.00015922827933410923
0.0001873817422860383
0.00022051307399030456
0.00025950242113997375
0.0003053855508833416
0.00035938136638046257
0.0004229242874389499
0.0004977023564332109
0.0005857020818056661
0.0006892612104349695
0.0008111308307896872
0.0009545484566618337
0.0011233240329780276
0.0013219411484660286
0.0015556761439304723
0.0018307382802953678
0.002154434690031882
0.0025353644939701114
0.0029836472402833374
0.003511191734215131
0.004132012400115334
0.004862601580065354
0.005722367659350214
0.006734150657750821
0.007924828983539169
0.0093260334688322
0.010974987654930556
0.01291549665014884
0.01519911082952933
0.01788649529057435
0.0210490414451202
0.02477076355991709
0.029150530628251757
0.034304692863149154
0.040370172585965536
0.047508101621027934
0.05590810182512223
0.06579332246575675
0.0774263682681127
0.09111627561154886
0.10722672220103231
0.1261856883066021
0.14849682622544635
0.1747528400007683
0.20565123083486514
0.24201282647943834
0.2848035868435799
0.3351602650938841
0.3944206059437656
0.46415888336127725
0.5462277217684337
0.642807311728432
0.7564633275546291
0.8902150854450375
1.0476157527896641
1.232846739442066
1.4508287784959402
1.7073526474706886
2.009233002565046
2.364489412645407
2.782559402207126
3.274549162877725
3.8535285937105273
4.534878508128582
5.3366992312063015
6.280291441834247
7.390722033525775
8.697490026177835
10.235310218990248
12.045035402587812
14.174741629268048
16.68100537200059
19.630406500402685
23.10129700083158
27.1858824273294
31.992671377973846
37.64935806792464
44.30621457583877
52.14008287999685
61.35907273413163
72.20809018385457
84.97534359086438
100.0
###
1.6738757732717842
1.5032812702134606
1.349666635726414
1.2130730956702809
1.0932707604300733
0.9895528921769786
0.921791636316333
0.8438855387317111
0.7791242343878673
0.7264873517091005
5.008014305669788
4.33555874736876
3.74299468855539
3.226695268429869
2.781580728715025
2.4012072527868145
2.154216513307874
1.8704408858440014
1.632247132995786
1.4335877395997711
7.358160059336755
6.2645302731735075
5.31267648426053
4.4929402896290505
3.7938492701077604
3.202062978368365
2.8205400816661106
2.384297686399944
2.019559445418371
1.7153102435493452
9.291260144436182
7.82354948182743
6.557283492703296
5.4759066531924345
4.560948497682132
3.792031969525324
3.2992156965436457
2.7386401026248066
2.272295790251513
1.8845452521513273
10.972227314321728
9.163267528238297
7.61295868341326
6.297968228825926
5.192046759326579
4.268346602017958
3.6792906587304537
3.0122077031748624
2.459851287399731
2.0025990352328535
12.478377494281776
10.352901397410376
8.541481922028467
7.013187013774232
5.734651401067781
4.672163981664161
3.9973233146947487
3.236401742108741
2.6093384299256934
2.0921209620106684
13.853926714489504
11.43154403346507
9.376768038878666
7.651202474062068
6.214067275051195
5.024987023980192
4.272597323759471
3.427160165346157
2.733293427082131
2.1637103092843613
15.12685472738826
12.423728192617196
10.140198936759345
8.230224118362667
6.645765490704281
5.339707880326426
4.5160906435767325
3.593670198038244
2.8395024342791055
2.222817263833474
16.316317127456294
13.346025840877287
10.846067209986852
8.762372487931152
7.039810004786824
5.624776210374831
4.735119242167824
3.7417123695411356
2.932958732620913
2.273131035369058
17.43613574030115
14.210527516718956
11.504459424349662
9.256174436266408
7.403309921323035
5.885988776304979
4.934617952918498
3.8752339727279286
3.014970176677751
2.31669261014251
18.49639022723892
15.026053221789686
12.123028855666984
9.717913339262136
7.741481139899257
6.127548328481641
5.118165876764335
3.996976837931949
3.0893469308756885
2.3548779362891876
19.505677936482865
15.799437330621688
12.707356768579707
10.152389114133975
8.058199221316
6.3525896119399325
5.288340597114939
4.108833782279965
3.157040192920698
2.3892017464704898
20.47007710067899
16.536067805541368
13.261870811081877
10.563225140612705
8.35645840593628
6.563523348263663
5.447148011976775
4.212819162008431
3.2191221540141837
2.419972086852051
21.395051802332574
17.240482810724394
13.790618206598824
10.953473394233896
8.638729152282862
6.762286637691742
5.596223489667258
4.3096545518755285
3.2765046485070526
2.4478468469224732
22.28430225609566
17.915840595265106
14.296096264859703
11.3254763235785
8.906860654143227
6.950331803928867
5.736787251630186
4.400427185802806
3.3298594123036427
2.473473862880921