# ../data/BKevo/MVge_BKevo/mvge_88.dat
# N(r,Y=0), r, *F2(x,Q^2)
# 1e-05 < r < 100.0
# 1 < Q^2 < 50, n=15, lin grid
# 1e-5 < x < 1e-2, n=10, log grid
###
1.082772936918036e-12
1.5737350119745857e-12
2.3043535758876226e-12
3.365364809074083e-12
4.891978647249004e-12
7.148568866651793e-12
1.0442462598619492e-11
1.5181365569229003e-11
2.2137717047506942e-11
3.234436603715148e-11
4.702717876260506e-11
6.84274727491508e-11
9.999157694072121e-11
1.453907193047531e-10
2.1107932828933577e-10
3.084793313969003e-10
4.4854123135349783e-10
6.496893071936765e-10
9.495352187598685e-10
1.3805961062829312e-09
1.9982975121363047e-09
2.9156438730675374e-09
4.238798636068672e-09
6.134088715700701e-09
8.92905593004708e-09
1.2978894029939962e-08
1.877715319337662e-08
2.726648032756482e-08
3.962371608983549e-08
5.730637611819386e-08
8.300632123833506e-08
1.2058785802463392e-07
1.7433377713415762e-07
2.5186663663555504e-07
3.657716214049359e-07
5.285713627879829e-07
7.616589144846915e-07
1.1057249374820725e-06
1.5972233834387825e-06
2.2971622719424866e-06
3.331792032204274e-06
4.811445760446318e-06
6.918062724989098e-06
1.0012101411016395e-05
1.4458786051027409e-05
2.079116362718937e-05
3.003751234616236e-05
4.3403002897230515e-05
6.245625548056612e-05
9.013815929438816e-05
0.00013043238052496745
0.0001879950472915495
0.0002712851910118841
0.0003935467655281295
0.0005687587614592331
0.0008214144029603591
0.0011958614230108762
0.0017345022463558183
0.002508502276037897
0.0036669861434152694
0.005338973390244534
0.007745819396790423
0.011338566926590517
0.016550950420955803
0.024049312703696393
0.03512922277455055
0.05118011841229646
0.07402727321419174
0.10692106155648066
0.15341907348777267
0.21695135659635062
0.30207442489212966
0.41115788092366373
0.5412302436342855
0.6827594809144145
0.8130995823740378
0.9146449821008138
0.9748630056223081
0.9947005398752353
0.99944220281099
0.9999906829316596
0.9999999260791513
0.999999999838207
0.9999999999999827
1.0
1.0
1.0
1.0
1.0
1.0
1.0
1.0
1.0
1.0
1.0
1.0
1.0
1.0
1.0
1.0
###
1e-05
1.1768119524349992e-05
1.3848863713938717e-05
1.6297508346206434e-05
1.917910261672489e-05
2.2570197196339216e-05
2.656087782946684e-05
3.1257158496882356e-05
3.678379771828634e-05
4.328761281083062e-05
5.0941380148163754e-05
5.994842503189409e-05
7.054802310718646e-05
8.302175681319735e-05
9.770099572992247e-05
0.00011497569953977356
0.00013530477745798074
0.00015922827933410923
0.0001873817422860383
0.00022051307399030456
0.00025950242113997375
0.0003053855508833416
0.00035938136638046257
0.0004229242874389499
0.0004977023564332109
0.0005857020818056661
0.0006892612104349695
0.0008111308307896872
0.0009545484566618337
0.0011233240329780276
0.0013219411484660286
0.0015556761439304723
0.0018307382802953678
0.002154434690031882
0.0025353644939701114
0.0029836472402833374
0.003511191734215131
0.004132012400115334
0.004862601580065354
0.005722367659350214
0.006734150657750821
0.007924828983539169
0.0093260334688322
0.010974987654930556
0.01291549665014884
0.01519911082952933
0.01788649529057435
0.0210490414451202
0.02477076355991709
0.029150530628251757
0.034304692863149154
0.040370172585965536
0.047508101621027934
0.05590810182512223
0.06579332246575675
0.0774263682681127
0.09111627561154886
0.10722672220103231
0.1261856883066021
0.14849682622544635
0.1747528400007683
0.20565123083486514
0.24201282647943834
0.2848035868435799
0.3351602650938841
0.3944206059437656
0.46415888336127725
0.5462277217684337
0.642807311728432
0.7564633275546291
0.8902150854450375
1.0476157527896641
1.232846739442066
1.4508287784959402
1.7073526474706886
2.009233002565046
2.364489412645407
2.782559402207126
3.274549162877725
3.8535285937105273
4.534878508128582
5.3366992312063015
6.280291441834247
7.390722033525775
8.697490026177835
10.235310218990248
12.045035402587812
14.174741629268048
16.68100537200059
19.630406500402685
23.10129700083158
27.1858824273294
31.992671377973846
37.64935806792464
44.30621457583877
52.14008287999685
61.35907273413163
72.20809018385457
84.97534359086438
100.0
###
1.6819787251235743
1.513912610603269
1.362809028616847
1.2287943344879548
1.1115314443269446
1.0102639312018302
0.9443405975741463
0.868796470782804
0.8063728910543142
0.7560143051399199
5.032184387651001
4.366557346293902
3.7803894542003476
3.2700533665994898
2.8303278760406587
2.4548077636819206
2.2110922130399016
1.9312853435751682
1.6970062907725099
1.5019012151295628
7.391329756320845
6.306887758756593
5.36308261422278
4.550526564891721
3.8574501880493823
3.2705385132207816
2.892080732387177
2.4592554014806876
2.0972963300373286
1.7953745747820165
9.330357806666536
7.873405888035722
6.61621454545589
5.542456653501804
4.633431768389354
3.8691208989083568
3.3788062558611918
2.8206262191391236
2.355461775002402
1.9687842835147782
11.015490762162637
9.218461781851076
7.678006635922362
6.370800639839585
5.270695655566941
4.350945326630358
3.7637732208190857
3.097962329083707
2.5458043460342625
2.0878685635621204
12.524623731321382
10.412086772504752
8.61095995961373
7.090615622836837
5.817699330950601
4.758458708072453
4.0850014246488655
3.324225788645117
2.6963660264867135
2.1768411140011894
13.902343020094087
11.493753705694441
9.449713164256643
7.73209171582374
6.300251646720902
5.113821954930045
4.361996057355563
3.5159587417662173
2.81989966859924
2.2469121995851404
15.176828100593282
12.488257758173475
10.215810437419366
8.313758428785187
6.734120468576792
5.430287106361736
4.6067879299074335
3.6827638028839527
2.925399809082467
2.3042673887970357
16.36737900762415
13.412337726819226
10.92373892190167
8.847945917274943
7.129923072109552
5.716538189394723
4.826468982138532
3.830656310000352
3.017809547982442
2.352491452555969
17.487913260752062
14.278195597146542
11.583782615236311
9.343323229609638
7.494728407851598
5.978509444052576
5.026245572139298
3.9637025143275735
3.0985675825242254
2.3939415917555666
18.54858747715518
15.094735095728627
12.203600185823653
9.806271577270666
7.833798910985551
6.220510690296143
5.209717541174385
4.085255314139204
3.1714364369741017
2.430063516708125
19.558042085849316
15.868856373850727
12.788897524085119
10.24162466038956
8.151157493652653
6.44574717628942
5.379670149645306
4.196372967915447
3.237613740216954
2.462013500403086
20.522401305847595
16.60598923143414
13.34415422669647
10.653179962120173
8.449857681024355
6.656682162038409
5.538175603197722
4.299040642017803
3.29812592386617
2.490585109507292
21.44715240418605
17.310708762411576
13.873403186075866
11.043865699142394
8.732337019847938
6.855257867594255
5.686680008205032
4.3950267065135
3.353931193810604
2.516382450869709
22.336037580861124
17.986206343265067
14.379228393040577
11.416205447363899
9.000506240206496
7.043021090893665
5.8267257639825685
4.484716301553102
3.4056599231747393
2.5398449934719154