# ../data/BKevo/MVge_BKevo/mvge_110.dat
# N(r,Y=0), r, *F2(x,Q^2)
# 1e-05 < r < 100.0
# 1 < Q^2 < 50, n=15, lin grid
# 1e-5 < x < 1e-2, n=10, log grid
###
1.860123964580594e-08
2.380712160591936e-08
3.052419123095542e-08
3.9107362663895044e-08
5.003671445493314e-08
6.40962163294703e-08
8.209250507469936e-08
1.0499849407641622e-07
1.343747873714473e-07
1.720396912241175e-07
2.1995842571500732e-07
2.8122305511665294e-07
3.599017145292958e-07
4.599503852953359e-07
5.874648867539526e-07
7.514842018065916e-07
9.599436321254365e-07
1.2247975448040629e-06
1.5660026844985616e-06
1.9994210344308998e-06
2.5494278319666657e-06
3.256658562451252e-06
4.1558963528507444e-06
5.296443331245866e-06
6.758638443364528e-06
8.620699835031767e-06
1.0981460992725545e-05
1.3999387401862467e-05
1.7849272033823386e-05
2.2729214268961598e-05
2.8951560771711863e-05
3.6905711206050534e-05
4.698965432018575e-05
5.982004682750221e-05
7.626515137337517e-05
9.712894451681174e-05
0.0001236340499193821
0.00015772667877211232
0.00020104471768749336
0.0002560719292805799
0.0003270739492789351
0.0004175542286848072
0.0005327760375979788
0.0006815344721637333
0.0008720563568273489
0.0011153757677389914
0.0014297175382649175
0.0018344184268222756
0.0023526801598495873
0.003022235635079259
0.0038883970926737407
0.004999813358807208
0.006434071874559264
0.008296443295946556
0.010687949768151746
0.013765882250637452
0.017770506455066185
0.022907103201788244
0.029485987297185295
0.038035846462654475
0.04895398003433848
0.06285094042340339
0.08070564013186825
0.10329562990238772
0.13164934048464422
0.16723100252045703
0.21118651017656517
0.26464932742532615
0.3286546467617719
0.4033511993414626
0.48812287111462466
0.5803188030675225
0.6748221864205122
0.7670651382705311
0.8494118656881934
0.9126427923841626
0.9574106628142496
0.9840011299571703
0.9948517012399842
0.9988487659205298
0.9998760175102117
0.9999884508764111
0.9999994005808381
0.999999992748638
0.9999999999809701
0.999999999999946
1.0
1.0
1.0
1.0
1.0
1.0
1.0
1.0
1.0
1.0
1.0
1.0
1.0
1.0
###
1e-05
1.1768119524349992e-05
1.3848863713938717e-05
1.6297508346206434e-05
1.917910261672489e-05
2.2570197196339216e-05
2.656087782946684e-05
3.1257158496882356e-05
3.678379771828634e-05
4.328761281083062e-05
5.0941380148163754e-05
5.994842503189409e-05
7.054802310718646e-05
8.302175681319735e-05
9.770099572992247e-05
0.00011497569953977356
0.00013530477745798074
0.00015922827933410923
0.0001873817422860383
0.00022051307399030456
0.00025950242113997375
0.0003053855508833416
0.00035938136638046257
0.0004229242874389499
0.0004977023564332109
0.0005857020818056661
0.0006892612104349695
0.0008111308307896872
0.0009545484566618337
0.0011233240329780276
0.0013219411484660286
0.0015556761439304723
0.0018307382802953678
0.002154434690031882
0.0025353644939701114
0.0029836472402833374
0.003511191734215131
0.004132012400115334
0.004862601580065354
0.005722367659350214
0.006734150657750821
0.007924828983539169
0.0093260334688322
0.010974987654930556
0.01291549665014884
0.01519911082952933
0.01788649529057435
0.0210490414451202
0.02477076355991709
0.029150530628251757
0.034304692863149154
0.040370172585965536
0.047508101621027934
0.05590810182512223
0.06579332246575675
0.0774263682681127
0.09111627561154886
0.10722672220103231
0.1261856883066021
0.14849682622544635
0.1747528400007683
0.20565123083486514
0.24201282647943834
0.2848035868435799
0.3351602650938841
0.3944206059437656
0.46415888336127725
0.5462277217684337
0.642807311728432
0.7564633275546291
0.8902150854450375
1.0476157527896641
1.232846739442066
1.4508287784959402
1.7073526474706886
2.009233002565046
2.364489412645407
2.782559402207126
3.274549162877725
3.8535285937105273
4.534878508128582
5.3366992312063015
6.280291441834247
7.390722033525775
8.697490026177835
10.235310218990248
12.045035402587812
14.174741629268048
16.68100537200059
19.630406500402685
23.10129700083158
27.1858824273294
31.992671377973846
37.64935806792464
44.30621457583877
52.14008287999685
61.35907273413163
72.20809018385457
84.97534359086438
100.0
###
2.552363601731643
2.3317893384371358
2.124605698585909
1.9324463235214917
1.7563785519929918
1.5972663882865563
1.4892381774159817
1.360210927866479
1.2478630896483618
1.1514965423114347
8.670131536737689
7.713727706682837
6.828966262401816
6.021837967192497
5.294934564140551
4.648994479445666
4.216419669596597
3.705752257279652
3.265698724986085
2.8898884584768068
13.508696510637229
11.86568907931974
10.36065089470606
9.002458822946194
7.792128002812978
6.727608583798424
6.020940743244614
5.193131859102889
4.485395563145353
3.8845797952953736
17.7382761621002
15.445314924244368
13.361055021567672
11.494105048017111
9.843778010811155
8.40335814329771
7.453296242997021
6.34685351400423
5.406979141408847
4.612926666131826
21.573840255078352
18.659963451089848
16.026841757366697
13.683988542198716
11.625467982735083
9.839621823168201
8.667867353076483
7.309779632739998
6.161700616337018
5.196592343593856
25.122525289546694
21.610881079977467
18.455528681376137
15.661854219087767
13.219906908896704
11.112241636649008
9.735221536901339
8.145811719755324
6.807766758375138
5.687804889024705
28.448448965635635
24.36024035931936
20.70328871983545
17.479379166395006
14.674324601620544
12.263740675756331
10.694687818494021
8.889991479582902
7.376419655696964
6.114089744433421
31.59349505134056
26.946383809591826
22.805967272674735
19.169969519396773
16.018701318428224
13.32103978958143
11.57083846070101
9.563992919113858
7.886687953311068
6.492027252751914
34.587614599087374
29.3975368928824
24.789234144877774
20.75662169474553
17.273916742915542
14.302399037678914
12.38022665215814
10.182315560407236
8.350958277943198
6.832901707540603
37.45280113938785
31.735054889028103
26.67225137826404
22.256034119412377
18.454515544592194
15.220858807447545
13.134654386758655
10.755087798729491
8.778076041601594
7.143546554415179
40.20600284271333
33.96888019911841
28.468147798053096
23.68077400845246
19.571282765373972
16.086146367671887
13.84279003677403
11.28986322319875
9.174266785255757
7.42953662596998
42.86036622801983
36.12179183809322
30.188302495050667
25.040796942219462
20.633687551888002
16.905505121926854
14.511445395240152
11.792294873451207
9.544371193262412
7.694946473143644
45.427045327902206
38.19449883860175
31.83874918938095
26.34382893316894
21.648415457649737
17.68583929232814
15.14563406578298
12.26691164660435
9.892184153903843
7.942758178308035
47.91476764239813
40.19805159625322
33.43250163697582
27.596224338960408
22.620484232676823
18.430562647079956
15.749526897828332
12.717097966901957
10.220613351698361
8.175444401191811
50.33089726839311
42.139137305723196
34.975384818275764
28.801109754394542
23.554777107067537
19.144078850691674
16.32679012183662
13.145776693078133
10.53202322620606
8.394533362106753