# ../data/BKevo/MVge_BKevo/mvge_60.dat
# N(r,Y=0), r, *F2(x,Q^2)
# 1e-05 < r < 100.0
# 1 < Q^2 < 50, n=15, lin grid
# 1e-5 < x < 1e-2, n=10, log grid
###
1.2361264179598365e-08
1.582078002386027e-08
2.0284540189122494e-08
2.59883994060408e-08
3.3251388777266604e-08
4.2594487649918875e-08
5.455373809792392e-08
6.977568008339944e-08
8.929739717595378e-08
1.1432722637652032e-07
1.4617113501547654e-07
1.8688392333397004e-07
2.3916903007996543e-07
3.05655363545208e-07
3.9039384037144364e-07
4.993912291139588e-07
6.379208584103787e-07
8.139268900779871e-07
1.0406713955944415e-06
1.3286953151722862e-06
1.6941970019985905e-06
2.164180439886217e-06
2.7617604964396557e-06
3.5197005579128903e-06
4.491389404129565e-06
5.728806547980605e-06
7.29763144767271e-06
9.303172151574226e-06
1.1861587586277229e-05
1.5104525495405175e-05
1.923955840338605e-05
2.452546726545521e-05
3.122674327662933e-05
3.975320232588625e-05
5.068188261011901e-05
6.454710837042496e-05
8.21614535288998e-05
0.00010481845187291983
0.00013360675591746478
0.0001701773033008565
0.0002173656750697942
0.00027750099675107547
0.0003540825903058221
0.0004529589379211313
0.0005796016768847362
0.0007413507800235284
0.0009503336210900356
0.0012194227939296616
0.0015640700112142705
0.0020094206458901188
0.002585698366536699
0.003325383544973968
0.004280342327543034
0.005521088897201132
0.007115448674288391
0.009169276824896383
0.011845013710866175
0.015282231964805403
0.019692842228234617
0.025441817047042972
0.03280729986672214
0.04222068404072075
0.054391565698302835
0.06990286432767238
0.08954676831358097
0.11453027252365766
0.14589885388560037
0.18480744710792055
0.23272195211281058
0.2906995835402805
0.3593755592063622
0.4386242846018505
0.5266361704735583
0.6208918927874514
0.7161026388820803
0.8032740213061471
0.8783957995743473
0.9360387618937863
0.9705165461513756
0.989386042449387
0.9975053860172526
0.9995062560933514
0.9999378723666217
0.9999971290580831
0.9999999307929668
0.9999999988152665
0.9999999999955252
0.9999999999999998
1.0
1.0
1.0
1.0
1.0
1.0
1.0
1.0
1.0
1.0
1.0
1.0
###
1e-05
1.1768119524349992e-05
1.3848863713938717e-05
1.6297508346206434e-05
1.917910261672489e-05
2.2570197196339216e-05
2.656087782946684e-05
3.1257158496882356e-05
3.678379771828634e-05
4.328761281083062e-05
5.0941380148163754e-05
5.994842503189409e-05
7.054802310718646e-05
8.302175681319735e-05
9.770099572992247e-05
0.00011497569953977356
0.00013530477745798074
0.00015922827933410923
0.0001873817422860383
0.00022051307399030456
0.00025950242113997375
0.0003053855508833416
0.00035938136638046257
0.0004229242874389499
0.0004977023564332109
0.0005857020818056661
0.0006892612104349695
0.0008111308307896872
0.0009545484566618337
0.0011233240329780276
0.0013219411484660286
0.0015556761439304723
0.0018307382802953678
0.002154434690031882
0.0025353644939701114
0.0029836472402833374
0.003511191734215131
0.004132012400115334
0.004862601580065354
0.005722367659350214
0.006734150657750821
0.007924828983539169
0.0093260334688322
0.010974987654930556
0.01291549665014884
0.01519911082952933
0.01788649529057435
0.0210490414451202
0.02477076355991709
0.029150530628251757
0.034304692863149154
0.040370172585965536
0.047508101621027934
0.05590810182512223
0.06579332246575675
0.0774263682681127
0.09111627561154886
0.10722672220103231
0.1261856883066021
0.14849682622544635
0.1747528400007683
0.20565123083486514
0.24201282647943834
0.2848035868435799
0.3351602650938841
0.3944206059437656
0.46415888336127725
0.5462277217684337
0.642807311728432
0.7564633275546291
0.8902150854450375
1.0476157527896641
1.232846739442066
1.4508287784959402
1.7073526474706886
2.009233002565046
2.364489412645407
2.782559402207126
3.274549162877725
3.8535285937105273
4.534878508128582
5.3366992312063015
6.280291441834247
7.390722033525775
8.697490026177835
10.235310218990248
12.045035402587812
14.174741629268048
16.68100537200059
19.630406500402685
23.10129700083158
27.1858824273294
31.992671377973846
37.64935806792464
44.30621457583877
52.14008287999685
61.35907273413163
72.20809018385457
84.97534359086438
100.0
###
2.31945695301307
2.1006318439047997
1.8958470648983343
1.7066276796729893
1.5342225394378
1.3789832190200142
1.2739972536039614
1.1488991568434472
1.0402141579359248
0.9469933768396857
7.6774551396323725
6.751423963982511
5.902439112526255
5.134897420809593
4.450742871999957
3.848099980628858
3.44779020280343
2.9781920362129903
2.5762347294964
2.234775082875711
11.820154104031811
10.251822726783862
8.83108878026578
7.562973921096684
6.446472319426525
5.475009984852024
4.836216648663965
4.094202956438964
3.465229554173697
2.9353780670872123
15.398236744674245
13.231165489522775
11.28623547615866
9.564999954720486
8.062984485297026
6.767500255112815
5.921890591850077
4.9464421721615475
4.125734195001489
3.438951853653233
18.616205300532837
15.884171853883236
13.448913689944737
11.308797983521153
9.454094297844927
7.865181593843405
6.834065540421034
5.650983209797237
4.6616644457191185
3.8385169616604427
21.574829743543564
18.304536123660544
15.405973716679071
12.873336414275657
10.69077303091281
8.831497531051888
7.630607806856586
6.258871740616417
5.117565760258423
4.172663962429051
24.333601129974884
20.547261538953816
17.207523250825123
14.303651300984482
11.813122820976576
9.701441512492522
8.34308915576891
6.797485608882457
5.51726646600082
4.4613944362753495
26.93153369086074
22.647979004822336
18.88578359687567
15.628355823668697
12.846312791487287
10.497060769304685
8.991167813230504
7.28351393314575
5.874201296897828
4.716645621470398
29.395665068705988
24.631472802770904
20.462999437544607
16.86724309857569
13.807387025140642
11.233102135662236
9.587933296774192
7.728094135703529
6.1987050935851915
4.946028082296318
31.74607804951916
26.516835003831773
21.95535799780498
18.034135088728515
14.70880113573943
11.91994831717405
10.142676857166899
8.138891578614379
6.496206492820094
5.154842072226035
33.99835010995449
28.316339658419395
23.374978657260463
19.14022502905548
15.559632830643665
12.565493689272413
10.66220366516425
8.521601351050002
6.771252889144972
5.346786066127465
36.16444885872238
30.038680445118302
24.731519364302123
20.1934909982288
16.366924093036875
13.175634597879565
11.151732092820478
8.880541325341566
7.028214805647833
5.524667098535253
38.25405328595737
31.6980983605646
26.032471820645128
21.200767823955758
17.136208370354723
13.754992361581781
11.615212547395952
9.219011110658222
7.269347356257715
5.690613131707768
40.27513111377678
33.30139699499222
27.283842042929844
22.16686513548588
17.87219394252813
14.307356075501975
12.056080447493688
9.53963434657547
7.496793454437724
5.846363955064991
42.23414846370815
34.849258292343634
28.490998749684266
23.0962070085805
18.578119675769322
14.835712918768644
12.476731271474575
9.844577831942088
7.712213812897564
5.993106546698817