# ../data/BKevo/MVge_BKevo/mvge_53.dat
# N(r,Y=0), r, *F2(x,Q^2)
# 1e-05 < r < 100.0
# 1 < Q^2 < 50, n=15, lin grid
# 1e-5 < x < 1e-2, n=10, log grid
###
0.00019970299850683923
0.00022468173049228421
0.0002526162942327825
0.0002840153281311559
0.0003193637845081762
0.00035892186204477026
0.0004032988607716517
0.0004532238476998112
0.000509130861787138
0.0005717189905820583
0.0006420797038930385
0.000720920519877509
0.000808990484664933
0.0009079170028836533
0.001018832827433497
0.0011424452036979354
0.001281171071910978
0.0014367977450775067
0.0016098098718635822
0.0018037831317245416
0.0020212518237517985
0.002262904440368008
0.002533255984217734
0.002836014330789362
0.003172518609679737
0.0035479835352619023
0.003967935973233191
0.004434780592918215
0.004954190631369272
0.00553436333549435
0.00617941433672153
0.006894919081777829
0.007692985430042086
0.008580440243954063
0.009561704767541623
0.010654610269618123
0.011870245408431077
0.01321009158116259
0.014700370439823408
0.016357923747467557
0.018181313165433588
0.020206350555350784
0.022456772715819962
0.024935021061179483
0.027681813523234254
0.030734100592780658
0.0341025451648933
0.03783248215966303
0.04198163256030624
0.04657613033184242
0.051665828707927235
0.05734020824884744
0.06365138779057168
0.07065300583692226
0.07848048526040688
0.08722467462638009
0.09693709701421316
0.10781504728849733
0.1200008211249125
0.13352085157101756
0.14865073973947623
0.1655705259799637
0.18429264616842245
0.205114731417594
0.22825467608236577
0.2536721260720371
0.2816070094019402
0.31229355090166677
0.34556173843155835
0.38143314411997153
0.4201210640777869
0.4612277314731689
0.504276446515651
0.54944111778286
0.5960336268670324
0.6427319432780317
0.6897646869496471
0.7362571205357186
0.7798860790497714
0.8212634227107354
0.8595958597834623
0.892419921201913
0.920813463047344
0.9446082637176573
0.9626511278772841
0.9761673875468547
0.9859455335912174
0.9921790241059039
0.9959373061924757
0.9981324468211291
0.9992252331801518
0.9996996287081169
0.9999033959812358
0.9999747298736336
0.9999935040328665
0.9999987301779093
0.9999998422242051
0.9999999771584804
0.9999999977225966
0.9999999999162058
###
1e-05
1.1768119524349992e-05
1.3848863713938717e-05
1.6297508346206434e-05
1.917910261672489e-05
2.2570197196339216e-05
2.656087782946684e-05
3.1257158496882356e-05
3.678379771828634e-05
4.328761281083062e-05
5.0941380148163754e-05
5.994842503189409e-05
7.054802310718646e-05
8.302175681319735e-05
9.770099572992247e-05
0.00011497569953977356
0.00013530477745798074
0.00015922827933410923
0.0001873817422860383
0.00022051307399030456
0.00025950242113997375
0.0003053855508833416
0.00035938136638046257
0.0004229242874389499
0.0004977023564332109
0.0005857020818056661
0.0006892612104349695
0.0008111308307896872
0.0009545484566618337
0.0011233240329780276
0.0013219411484660286
0.0015556761439304723
0.0018307382802953678
0.002154434690031882
0.0025353644939701114
0.0029836472402833374
0.003511191734215131
0.004132012400115334
0.004862601580065354
0.005722367659350214
0.006734150657750821
0.007924828983539169
0.0093260334688322
0.010974987654930556
0.01291549665014884
0.01519911082952933
0.01788649529057435
0.0210490414451202
0.02477076355991709
0.029150530628251757
0.034304692863149154
0.040370172585965536
0.047508101621027934
0.05590810182512223
0.06579332246575675
0.0774263682681127
0.09111627561154886
0.10722672220103231
0.1261856883066021
0.14849682622544635
0.1747528400007683
0.20565123083486514
0.24201282647943834
0.2848035868435799
0.3351602650938841
0.3944206059437656
0.46415888336127725
0.5462277217684337
0.642807311728432
0.7564633275546291
0.8902150854450375
1.0476157527896641
1.232846739442066
1.4508287784959402
1.7073526474706886
2.009233002565046
2.364489412645407
2.782559402207126
3.274549162877725
3.8535285937105273
4.534878508128582
5.3366992312063015
6.280291441834247
7.390722033525775
8.697490026177835
10.235310218990248
12.045035402587812
14.174741629268048
16.68100537200059
19.630406500402685
23.10129700083158
27.1858824273294
31.992671377973846
37.64935806792464
44.30621457583877
52.14008287999685
61.35907273413163
72.20809018385457
84.97534359086438
100.0
###
5.789141253214736
5.2762668335155105
4.734729777302448
4.168243571479718
3.585741606170559
3.0040463724272564
2.5825596268084556
2.0603880688772866
1.6037459417264928
1.224828651103532
23.229190463398055
20.916229356581187
18.475863844406128
15.934601431352815
13.35319925139337
10.8292944319981
9.04979072158802
6.919520351289651
5.13783677591623
3.72783988073608
39.30221410455237
35.186768201414
30.851481048579085
26.35464532604172
21.82322509958806
17.44775747935964
14.406740149018608
10.82572039930741
7.889714529083776
5.612619955332669
54.67447763863862
48.756635759947926
42.53154072971385
36.09640660887984
29.652303497205406
23.48609295163444
19.243365796759843
14.302190735388423
10.30214811500749
7.24148864430084
69.56757337634826
61.84812785088025
53.73869647701083
45.38052969014893
37.05364178629888
29.144381153382334
23.743929499181334
17.506709427465793
12.505907890132626
8.715035803992395
84.09573246969451
74.5756986651178
64.58731437319625
54.31976474034321
44.13638550392166
34.522136788587275
27.999085105114478
20.515323178581287
14.56090182697452
10.079858556435433
98.32888845487774
87.00950960410297
75.1473991870698
62.98375550962681
50.96587842362154
39.68034358207419
32.06263576268751
23.372984706294528
16.50243408975437
11.362821346303523
112.31442668469619
99.1971625420363
85.46628603984226
71.4176331372896
57.58593697694667
44.65672199169611
35.97008669592692
26.108310252761722
18.353038522228587
12.580602294879599
126.08659560360266
111.17277900997668
95.57793836626418
79.65516896143802
64.02462554864175
49.48036229444379
39.746480947036716
28.74223908084758
20.128454808098287
13.744990086274017
139.67131085734238
122.96228527591737
105.50834564137243
87.72143706254124
70.31556794353102
54.17233940943353
43.410080165746145
31.28914441371756
21.840090015577672
14.864257347848351
153.08889219147804
134.5862329933168
115.27759804410195
95.63600618062819
76.46702028349956
58.74855506183321
46.97555140917441
33.7603084172343
23.502842628750866
15.944906506891439
166.35563815412237
146.06079275798044
124.90190812666982
103.41460634845377
82.49669834304885
63.22202889220585
50.45396017610314
36.1655965807356
25.111681796890096
16.9916966305523
179.48506453390667
157.39954390498323
134.39453087686013
111.06985098723855
88.41184842042848
67.60304039714062
53.854422148253704
38.51139323579572
26.677648370162906
18.008561570754143
192.48836215749824
168.61368068858556
143.7666151451338
118.6127143256491
94.23106614184279
71.90075998962025
57.184468246599586
40.80327840189995
28.205257740167127
18.998710771554816
205.37514232573594
179.7127084154315
153.0273128246552
126.05213192151278
99.95913365563906
76.12150533874166
60.45035310984568
43.04795773501243
29.697922122209256
19.964798507476598