# ../data/BKevo/MVge_BKevo/mvge_108.dat
# N(r,Y=0), r, *F2(x,Q^2)
# 1e-05 < r < 100.0
# 1 < Q^2 < 50, n=15, lin grid
# 1e-5 < x < 1e-2, n=10, log grid
###
1.8600444057258008e-08
2.380591359634461e-08
3.052233810478208e-08
3.910452948171106e-08
5.003240941321259e-08
6.408962578734133e-08
8.208241920774459e-08
1.0498315587886445e-07
1.3435135735422244e-07
1.7200380073041586e-07
2.199038011813846e-07
2.811398030034638e-07
3.597740687899018e-07
4.5975596617765427e-07
5.871692922430064e-07
7.510305936696071e-07
9.592522828565601e-07
1.223749142451026e-06
1.5643926863639622e-06
1.996966016294035e-06
2.545706792870975e-06
3.250954876553259e-06
4.147197211668641e-06
5.283258540783058e-06
6.738491023427304e-06
8.589979095282724e-06
1.093492479603756e-05
1.3928542798538165e-05
1.7741355008753275e-05
2.2565963272811148e-05
2.870420391933617e-05
3.652971661053844e-05
4.642235610870093e-05
5.896569222696807e-05
7.497144509930786e-05
9.518563416017246e-05
0.00012073052507583166
0.00015335704204854416
0.0001945259249390858
0.0002464237607759186
0.00031269702468684194
0.00039631617074880465
0.0005016723643953545
0.0006358590659534471
0.0008054514867382486
0.0010191383557037557
0.0012907877959975752
0.0016349699123557927
0.002069024750814121
0.0026203067976639663
0.0033213095978250513
0.004207028081039662
0.0053319435870220235
0.006769104298657237
0.008589721963633296
0.010902764674596235
0.013872795596551569
0.01764422881244051
0.022432956976148503
0.028604335257294146
0.03644345571460472
0.04638585522284128
0.059138473684427095
0.07528985236464651
0.0956333004561624
0.12136207020249162
0.1535136771098477
0.193228153950368
0.24192190901466265
0.30059678784989424
0.3698312096175632
0.4493819901485487
0.5373070943625798
0.6310241875007858
0.7251625978391041
0.8107365393985955
0.8839383413658148
0.9396031205167408
0.9724762188011393
0.9902374209333367
0.9977569524165019
0.9995656998417672
0.999946766933273
0.9999976383465642
0.9999999462105502
0.9999999991235394
0.999999999996884
0.9999999999999998
1.0
1.0
1.0
1.0
1.0
1.0
1.0
1.0
1.0
1.0
1.0
1.0
###
1e-05
1.1768119524349992e-05
1.3848863713938717e-05
1.6297508346206434e-05
1.917910261672489e-05
2.2570197196339216e-05
2.656087782946684e-05
3.1257158496882356e-05
3.678379771828634e-05
4.328761281083062e-05
5.0941380148163754e-05
5.994842503189409e-05
7.054802310718646e-05
8.302175681319735e-05
9.770099572992247e-05
0.00011497569953977356
0.00013530477745798074
0.00015922827933410923
0.0001873817422860383
0.00022051307399030456
0.00025950242113997375
0.0003053855508833416
0.00035938136638046257
0.0004229242874389499
0.0004977023564332109
0.0005857020818056661
0.0006892612104349695
0.0008111308307896872
0.0009545484566618337
0.0011233240329780276
0.0013219411484660286
0.0015556761439304723
0.0018307382802953678
0.002154434690031882
0.0025353644939701114
0.0029836472402833374
0.003511191734215131
0.004132012400115334
0.004862601580065354
0.005722367659350214
0.006734150657750821
0.007924828983539169
0.0093260334688322
0.010974987654930556
0.01291549665014884
0.01519911082952933
0.01788649529057435
0.0210490414451202
0.02477076355991709
0.029150530628251757
0.034304692863149154
0.040370172585965536
0.047508101621027934
0.05590810182512223
0.06579332246575675
0.0774263682681127
0.09111627561154886
0.10722672220103231
0.1261856883066021
0.14849682622544635
0.1747528400007683
0.20565123083486514
0.24201282647943834
0.2848035868435799
0.3351602650938841
0.3944206059437656
0.46415888336127725
0.5462277217684337
0.642807311728432
0.7564633275546291
0.8902150854450375
1.0476157527896641
1.232846739442066
1.4508287784959402
1.7073526474706886
2.009233002565046
2.364489412645407
2.782559402207126
3.274549162877725
3.8535285937105273
4.534878508128582
5.3366992312063015
6.280291441834247
7.390722033525775
8.697490026177835
10.235310218990248
12.045035402587812
14.174741629268048
16.68100537200059
19.630406500402685
23.10129700083158
27.1858824273294
31.992671377973846
37.64935806792464
44.30621457583877
52.14008287999685
61.35907273413163
72.20809018385457
84.97534359086438
100.0
###
2.401905771319487
2.1748846366324224
1.9617159444210805
1.7641776164850969
1.583651940754972
1.420973892074404
1.3108776218895697
1.179683999502889
1.065820853896316
0.9682636305920822
8.033585448180153
7.066897087745291
6.177080791248952
5.369999432960395
4.648585304071471
4.012510210408976
3.589659712477704
3.0939311418576976
2.670131680633153
2.310742878222471
12.43140703137606
10.787775117134094
9.292558608594444
7.953699537063881
6.771645306161528
5.7421690322551155
5.06481104243507
4.278425133645987
3.6128666656473896
3.0531730243798294
16.251191218625912
13.973990460862089
11.920712453497172
10.09782032162406
8.503057732687475
7.126221929652514
6.2270640218203
5.190396626788577
4.31968576740147
3.5922677419417868
19.700429521178368
16.821692892912694
14.245590277769656
11.973995405947985
10.000247250855947
8.307805424468835
7.208925471602892
5.948948967708653
4.8969311704225555
4.023284159954316
22.881709389762282
19.428990139188745
16.356876058841863
13.663371569387458
11.33639572205828
9.35214476436516
8.069998909010303
6.6065579717775424
5.390647990796622
4.386100605942689
25.85578214631894
21.85308315786592
18.305897475379005
15.212452336088546
12.552789924760567
10.295604868980528
8.843045525473364
7.191536762993499
5.825341586738096
4.701238814149385
28.662421710259192
24.127689813839254
20.12590740275144
16.65083481921149
13.67555068163562
11.160940003502072
9.548416016914098
7.7212925809867485
6.215432906186251
4.981182505573793
31.329881574933932
26.279628274191808
21.83985975587376
17.998609803359248
14.72254537849868
11.963513432158022
10.199744860274116
8.207232423257858
6.570773637462053
5.233876905628332
33.878737585353754
28.3280987423811
23.46463893249384
19.271135426046786
15.706512055138178
12.714203688104945
10.806663480580358
8.657553373835762
6.897917142250586
5.464752051898865
36.3249804425617
30.287022835714005
25.013588192284686
20.479215183334865
16.637006405752448
13.421153481664893
11.376311880297079
9.078155442929928
7.201753166213633
5.677800662375329
38.68047670193497
32.16771288832543
26.495426813542554
21.631437429370656
17.521471367310262
14.090399289937192
11.914110627532013
9.473503546250464
7.485928354668595
5.8758343867553045
40.9562087211422
33.979011102825055
27.91806525779105
22.735177286894938
18.36556435039582
14.727474273014312
12.424307761975552
9.84709829398888
7.753260865414001
6.061131709734541
43.15974499725741
35.72852250305949
29.28626094950974
23.79491877028407
19.17404407526979
15.335567508066173
12.91029822346519
10.201704892743091
8.005977536589693
6.235540249346385
45.298090108352184
37.4221732533505
30.609957904225435
24.815740035831084
19.95091510215706
15.918106297130494
13.374726818123653
10.53961668540387
8.245863122072981
6.400315949514561