# ../data/BKevo/MVge_BKevo/mvge_79.dat
# N(r,Y=0), r, *F2(x,Q^2)
# 1e-05 < r < 100.0
# 1 < Q^2 < 50, n=15, lin grid
# 1e-5 < x < 1e-2, n=10, log grid
###
0.00022406053325982605
0.0002520866728232317
0.00028342958487295684
0.00031866008029916425
0.00035832245604997264
0.00040270901211268375
0.00045250375065688023
0.0005085251480206014
0.0005712610540073332
0.000641496895217475
0.0007204584538486966
0.0008089415964153625
0.0009077896363793784
0.0010188313331527385
0.0011433423771012511
0.0012821240278743523
0.0014378948394088214
0.0016126710981878632
0.0018070169566792426
0.0020249603005242506
0.0022693708559593274
0.002541069757027691
0.0028451644600315305
0.003185877342404931
0.0035648222760148607
0.003987960336516464
0.004461636669929862
0.004988800303514374
0.00557610133046201
0.0062330646397590955
0.006964861722706969
0.007778463774095241
0.008688181611994332
0.00970286105157716
0.010829196473742937
0.01208874201141554
0.013496376005292724
0.015057754450212596
0.016805417827826644
0.01876308584050313
0.020937423993697662
0.023374715183558013
0.026110727226250137
0.02916264398599033
0.032588106065227704
0.03644374704374658
0.04076381361973529
0.04561954342788006
0.05109779650066137
0.057257456336194834
0.06418331379272078
0.07200376179509138
0.08081019042669996
0.09069340061834853
0.10183692331133812
0.11437251299953478
0.12837136977254682
0.14408856912151188
0.16170341030083996
0.18120348132097058
0.20293403039839317
0.22708559476480744
0.253546189331916
0.2826488397505205
0.3145741777319985
0.3490313276259887
0.38618240869992937
0.4261534326395313
0.46835965285836983
0.5125344218296927
0.5587190436318137
0.6059650135372326
0.653265491664309
0.7006708282289661
0.7469998291883354
0.7903914882310187
0.8312549630692873
0.8686461373784415
0.9003319053519492
0.9275664425278148
0.9501235028613706
0.9667492408662092
0.9791792072963216
0.9880157077655181
0.9934272873318866
0.996679390135824
0.998529977319354
0.9994009063692041
0.9997769207034467
0.9999323105143767
0.9999826709069847
0.9999957917726446
0.999999245767082
0.9999999090523274
0.9999999878163295
0.9999999989222892
0.9999999999624914
0.9999999999978239
0.9999999999999247
0.9999999999999997
###
1e-05
1.1768119524349992e-05
1.3848863713938717e-05
1.6297508346206434e-05
1.917910261672489e-05
2.2570197196339216e-05
2.656087782946684e-05
3.1257158496882356e-05
3.678379771828634e-05
4.328761281083062e-05
5.0941380148163754e-05
5.994842503189409e-05
7.054802310718646e-05
8.302175681319735e-05
9.770099572992247e-05
0.00011497569953977356
0.00013530477745798074
0.00015922827933410923
0.0001873817422860383
0.00022051307399030456
0.00025950242113997375
0.0003053855508833416
0.00035938136638046257
0.0004229242874389499
0.0004977023564332109
0.0005857020818056661
0.0006892612104349695
0.0008111308307896872
0.0009545484566618337
0.0011233240329780276
0.0013219411484660286
0.0015556761439304723
0.0018307382802953678
0.002154434690031882
0.0025353644939701114
0.0029836472402833374
0.003511191734215131
0.004132012400115334
0.004862601580065354
0.005722367659350214
0.006734150657750821
0.007924828983539169
0.0093260334688322
0.010974987654930556
0.01291549665014884
0.01519911082952933
0.01788649529057435
0.0210490414451202
0.02477076355991709
0.029150530628251757
0.034304692863149154
0.040370172585965536
0.047508101621027934
0.05590810182512223
0.06579332246575675
0.0774263682681127
0.09111627561154886
0.10722672220103231
0.1261856883066021
0.14849682622544635
0.1747528400007683
0.20565123083486514
0.24201282647943834
0.2848035868435799
0.3351602650938841
0.3944206059437656
0.46415888336127725
0.5462277217684337
0.642807311728432
0.7564633275546291
0.8902150854450375
1.0476157527896641
1.232846739442066
1.4508287784959402
1.7073526474706886
2.009233002565046
2.364489412645407
2.782559402207126
3.274549162877725
3.8535285937105273
4.534878508128582
5.3366992312063015
6.280291441834247
7.390722033525775
8.697490026177835
10.235310218990248
12.045035402587812
14.174741629268048
16.68100537200059
19.630406500402685
23.10129700083158
27.1858824273294
31.992671377973846
37.64935806792464
44.30621457583877
52.14008287999685
61.35907273413163
72.20809018385457
84.97534359086438
100.0
###
5.933052395765478
5.4337353099919525
4.909278681978031
4.366761619949225
3.815084208446194
3.2692175634039184
2.8741411995316555
2.380992538204512
1.9407355266714696
1.5624805920743141
23.878151327990622
21.625999399212063
19.260115536652787
16.81658543582065
14.349287997600644
11.939234591807887
10.226979300798938
8.142873625873486
6.347360672727093
4.867510069687842
40.45693952524431
36.44890051810722
32.241033285349246
27.90496498652608
23.54943146001782
19.33279805342492
16.36994233775794
12.811383952858863
9.801377941902897
7.367315412546786
56.335177312538576
50.57014101858525
44.52213053677267
38.303129875241055
32.0832564183357
26.10314102584525
21.93504526100326
16.976607062261017
12.833190392193176
9.524490064735389
71.7342656396842
64.21197912494273
56.32640046748604
48.234006064759285
40.16818852948232
32.46157223654106
27.12273457745752
20.819042186651338
15.60015797980489
11.471917012395489
86.76842475402744
77.48029727903554
67.76856693217783
57.81157635472898
47.92004673676937
38.51455680964051
32.03482595988502
24.428362144531366
18.178282367113958
13.27162755494641
101.50748457962514
90.46075630115934
78.91897133293986
67.10558077337201
55.40771902970904
44.326200089502336
36.7286169283867
27.859486194826708
20.61164061068589
14.957755437503042
115.99878867862674
103.1939262015781
89.82507013989597
76.16336948013024
62.671713316945876
49.93923569473646
41.24524911548864
31.14106180982019
22.928758487480525
16.55668461934361
130.27655935885664
115.71414138863892
100.52097674543083
85.01862076012216
69.74697712905007
55.384105287052435
45.61240406032001
34.3004195510711
25.148827592231843
18.082033491572457
144.3666878859325
128.04740877770175
111.03302325007958
93.69699049229095
76.65819774525636
60.68355646638407
49.85089544686789
37.35496612659455
27.287627576297567
19.544901029710203
158.2894605739681
140.21403141513028
121.38136919388714
102.21847008595739
83.42417169841724
65.85521269911635
53.97680766085262
40.31833346540894
29.35563341956266
20.95522062393381
172.06123881090912
152.2304150939863
131.5823577232102
110.59908592559323
90.06140474140982
70.91310179297285
58.00287124793655
43.20125145400435
31.361497379159314
22.318619680719973
185.69543038468993
164.1100132641019
141.64936383534624
118.85198157105927
96.58105130265676
75.86860525429245
61.93913111528377
46.01238060325018
33.31218006232326
23.641469127654265
199.20328320316264
175.86487252874514
151.59362428084543
126.98813634740658
102.99403383947045
80.7317794628728
65.79461688339443
48.758811206367795
35.2133331365593
24.928709829515952
212.59432442506238
187.5258501187557
161.42463240858427
135.01670373425398
109.30905580351008
85.50947351548753
69.57617653215847
51.446510655206026
37.06968931234948
26.18194389052577