# ../data/BKevo/MVge_BKevo/mvge_103.dat
# N(r,Y=0), r, *F2(x,Q^2)
# 1e-05 < r < 100.0
# 1 < Q^2 < 50, n=15, lin grid
# 1e-5 < x < 1e-2, n=10, log grid
###
0.00024497075221509556
0.0002756107759946366
0.0003098763300293646
0.00034839127444048957
0.0003917503842101808
0.00044027266009580583
0.0004947053421435913
0.0005559425518275
0.0006245163731342341
0.0007012839731891732
0.000787583824334085
0.0008842831752081689
0.0009923000266550885
0.0011136298857000032
0.0012496610558776031
0.0014012593290945216
0.0015713879876730497
0.0017622372138748593
0.0019743978345056245
0.0022122531576802586
0.0024789075697339057
0.002775198609517779
0.003106658750072775
0.003477828053195966
0.0038903362622366394
0.004350567668573657
0.004865286464412986
0.005437418777730705
0.006073898281797427
0.006784751735698132
0.007574984948070149
0.008451385765584518
0.009428754225196283
0.010515388041648073
0.01171660881151612
0.013054194552804306
0.014541611057206572
0.016180476515246154
0.018002784353183983
0.02002894894614919
0.022256830092610827
0.024730036499376367
0.02747723482857118
0.030500747868091253
0.03384988124039388
0.03756913754853309
0.04167037700438598
0.04620791452912938
0.05125102088387936
0.05682948958586893
0.06300180544801502
0.06987480939155799
0.07750813618924803
0.0859619665507791
0.09539676796670933
0.10591574108892858
0.11757014285618664
0.13059109314076284
0.14513749984382274
0.16121668793417057
0.17914627293230545
0.19911704394767438
0.22109758175883606
0.2454126287488694
0.27227577023197863
0.3015581557896392
0.3334798866888454
0.36824177174137884
0.40551663209873745
0.44521463492790475
0.4874803070836978
0.5316857289674234
0.5771194212150595
0.6238835830552902
0.6710462213250004
0.7169909970173687
0.7619757982164321
0.8050215246005996
0.8437154535453513
0.8789169497490196
0.9100212137112704
0.9350180916906708
0.9553432419018726
0.9712292633742361
0.9822313208326362
0.9897361991840188
0.9946385108567355
0.9973853179402624
0.9988223077452768
0.999546250588713
0.999846348365603
0.9999512948542602
0.9999878119200667
0.9999976907495733
0.9999995518569593
0.9999999379115196
0.9999999954450985
0.9999999995549579
0.9999999999720061
0.9999999999995647
###
1e-05
1.1768119524349992e-05
1.3848863713938717e-05
1.6297508346206434e-05
1.917910261672489e-05
2.2570197196339216e-05
2.656087782946684e-05
3.1257158496882356e-05
3.678379771828634e-05
4.328761281083062e-05
5.0941380148163754e-05
5.994842503189409e-05
7.054802310718646e-05
8.302175681319735e-05
9.770099572992247e-05
0.00011497569953977356
0.00013530477745798074
0.00015922827933410923
0.0001873817422860383
0.00022051307399030456
0.00025950242113997375
0.0003053855508833416
0.00035938136638046257
0.0004229242874389499
0.0004977023564332109
0.0005857020818056661
0.0006892612104349695
0.0008111308307896872
0.0009545484566618337
0.0011233240329780276
0.0013219411484660286
0.0015556761439304723
0.0018307382802953678
0.002154434690031882
0.0025353644939701114
0.0029836472402833374
0.003511191734215131
0.004132012400115334
0.004862601580065354
0.005722367659350214
0.006734150657750821
0.007924828983539169
0.0093260334688322
0.010974987654930556
0.01291549665014884
0.01519911082952933
0.01788649529057435
0.0210490414451202
0.02477076355991709
0.029150530628251757
0.034304692863149154
0.040370172585965536
0.047508101621027934
0.05590810182512223
0.06579332246575675
0.0774263682681127
0.09111627561154886
0.10722672220103231
0.1261856883066021
0.14849682622544635
0.1747528400007683
0.20565123083486514
0.24201282647943834
0.2848035868435799
0.3351602650938841
0.3944206059437656
0.46415888336127725
0.5462277217684337
0.642807311728432
0.7564633275546291
0.8902150854450375
1.0476157527896641
1.232846739442066
1.4508287784959402
1.7073526474706886
2.009233002565046
2.364489412645407
2.782559402207126
3.274549162877725
3.8535285937105273
4.534878508128582
5.3366992312063015
6.280291441834247
7.390722033525775
8.697490026177835
10.235310218990248
12.045035402587812
14.174741629268048
16.68100537200059
19.630406500402685
23.10129700083158
27.1858824273294
31.992671377973846
37.64935806792464
44.30621457583877
52.14008287999685
61.35907273413163
72.20809018385457
84.97534359086438
100.0
###
6.020607499345726
5.516467341418969
4.982469635322193
4.422975191175516
3.8439984726641314
3.260203429215819
2.831950762556099
2.29398266363839
1.8154276667864415
1.4109521973311436
24.272769173315442
21.99924065610021
19.591411096911205
17.074566755442653
14.490529844443477
11.926480257214882
10.08658288904785
7.842278332857045
5.9238200666793475
4.374141781267999
41.15916525984121
37.11354865608163
32.83189181245999
28.36804768516089
23.81109563096417
19.336855735067243
16.16573527134935
12.355098496487223
9.158589170873121
6.627124358658407
57.34535705478588
51.52669053473886
45.37342853025199
38.973402060783485
32.4713529215091
26.13628532483438
21.686114582025958
16.393408051703343
12.009422559039741
8.581675841787177
73.05276475288301
65.46076919775575
57.43870852109822
49.11006485750107
40.68884822643477
32.53208171786802
26.842409584801302
20.128866060227256
14.620483719170522
10.353868307175173
88.39535995085448
79.03012618798346
69.14227742374366
58.896626858769096
48.5740908481635
38.62866639845254
31.731470490250274
23.64518459951591
17.060528847926825
11.99807830436021
103.44301194010137
92.3048979327613
80.5542908480612
68.4007493085894
56.19458654501527
44.48884667261107
36.41102747506789
26.991606878124674
19.36962009778071
13.545102647193705
118.24303475820476
105.33242284844059
91.72293632070077
77.66799943009849
63.59546670364049
50.15467834701021
40.919275580196604
30.200366455094358
21.573527599973872
15.015219687871031
132.82962600315003
118.14711158010415
102.68112990082354
86.7346799608422
70.80992407135346
55.65561636623548
45.2832183366817
33.2939755556276
23.696300583225806
16.421841028571023
147.22865912284024
130.77521585213518
113.45539270909455
95.62431073450954
77.86122415996789
61.013184035757156
49.52294493731576
36.28929859916719
25.738615406070775
17.774843533649808
161.46042103441744
143.23646463099308
124.06601046998418
104.35736118123192
84.76868815714496
66.24654717191585
53.65393892270338
39.19890692895349
27.7179175591828
19.081747239619652
175.5412469374405
155.5470803416979
134.52928166477088
112.94987671023547
91.54758907310634
71.36909410302924
57.68843199671606
42.03288848077871
29.640690085395942
20.348360732998298
189.4845138077121
167.7214123230428
144.8585922475282
121.41484833544992
98.21014564463043
76.39022196386578
61.636788398461675
44.79937914625597
31.51341146578194
21.579944879109387
203.30146735702496
179.7701214748055
155.0651332895595
129.76295758367255
104.76673358386425
81.32053451595348
65.50655526012994
47.50384811786619
33.34122030941828
22.778368200052313
217.0016518899441
191.70285239485736
165.15826481302187
138.00393122393737
111.22606433480074
86.16727886703447
69.30442512109731
50.154135509813855
35.12820397919515
23.9486015586352