# ../data/BKevo/MVge_BKevo/mvge_120.dat
# N(r,Y=0), r, *F2(x,Q^2)
# 1e-05 < r < 100.0
# 1 < Q^2 < 50, n=15, lin grid
# 1e-5 < x < 1e-2, n=10, log grid
###
1.110223024625157e-16
2.152140860617445e-16
2.7691194914411485e-16
5.063301254894309e-16
8.504284721834098e-16
1.3541257791971447e-15
2.284578255037884e-15
3.777188519275635e-15
6.195457223412995e-15
1.0394722241234776e-14
1.715853030189131e-14
2.853072448855663e-14
4.7605025827816477e-14
7.87229183599175e-14
1.297959949682726e-13
2.171482799217276e-13
3.5925144907297286e-13
5.898958867997149e-13
9.878568052975037e-13
1.6360033562968258e-12
2.684449618259519e-12
4.4847919746958656e-12
7.43358075595407e-12
1.220506684375806e-11
2.0313106808739056e-11
3.370105303555648e-11
5.537258559278787e-11
9.180546556198298e-11
1.5247688844803598e-10
2.5074019618891475e-10
4.1415755146131406e-10
6.88770862518304e-10
1.1339052878456223e-09
1.8662249451594025e-09
3.1090087533706586e-09
5.126160574720932e-09
8.409413132880281e-09
1.4042255000345271e-08
2.3203173617327298e-08
3.801627198937651e-08
6.358319479055698e-08
1.0537445739434772e-07
1.731394794729433e-07
2.892625771072765e-07
4.811905867087943e-07
7.934625835294693e-07
1.324767909269613e-06
2.2133784195001798e-06
3.664434460368561e-06
6.1145384536686225e-06
1.026274427634436e-05
1.7060070318051836e-05
2.8439752313031e-05
4.794397541565026e-05
8.000079046692566e-05
0.00013315223164221497
0.00022536097285854128
0.00037728743803561724
0.0006264665135541109
0.0010638762244954691
0.0017857819962368857
0.002969114590746671
0.0050301556523629
0.008453294319320286
0.014054107336432014
0.0236497681434698
0.03956862692976515
0.06522772263203726
0.10741093918732128
0.17448841600717996
0.2745921752459794
0.4162384017601989
0.5938931645559994
0.7784538961021327
0.9211237875319593
0.9829902828286272
0.998546347975651
0.9999945809169678
0.9999999894843863
0.9999999999990937
1.0
1.0
1.0
1.0
1.0
1.0
1.0
1.0
1.0
1.0
1.0
1.0
1.0
1.0
1.0
1.0
1.0
1.0
1.0
1.0
###
1e-05
1.1768119524349992e-05
1.3848863713938717e-05
1.6297508346206434e-05
1.917910261672489e-05
2.2570197196339216e-05
2.656087782946684e-05
3.1257158496882356e-05
3.678379771828634e-05
4.328761281083062e-05
5.0941380148163754e-05
5.994842503189409e-05
7.054802310718646e-05
8.302175681319735e-05
9.770099572992247e-05
0.00011497569953977356
0.00013530477745798074
0.00015922827933410923
0.0001873817422860383
0.00022051307399030456
0.00025950242113997375
0.0003053855508833416
0.00035938136638046257
0.0004229242874389499
0.0004977023564332109
0.0005857020818056661
0.0006892612104349695
0.0008111308307896872
0.0009545484566618337
0.0011233240329780276
0.0013219411484660286
0.0015556761439304723
0.0018307382802953678
0.002154434690031882
0.0025353644939701114
0.0029836472402833374
0.003511191734215131
0.004132012400115334
0.004862601580065354
0.005722367659350214
0.006734150657750821
0.007924828983539169
0.0093260334688322
0.010974987654930556
0.01291549665014884
0.01519911082952933
0.01788649529057435
0.0210490414451202
0.02477076355991709
0.029150530628251757
0.034304692863149154
0.040370172585965536
0.047508101621027934
0.05590810182512223
0.06579332246575675
0.0774263682681127
0.09111627561154886
0.10722672220103231
0.1261856883066021
0.14849682622544635
0.1747528400007683
0.20565123083486514
0.24201282647943834
0.2848035868435799
0.3351602650938841
0.3944206059437656
0.46415888336127725
0.5462277217684337
0.642807311728432
0.7564633275546291
0.8902150854450375
1.0476157527896641
1.232846739442066
1.4508287784959402
1.7073526474706886
2.009233002565046
2.364489412645407
2.782559402207126
3.274549162877725
3.8535285937105273
4.534878508128582
5.3366992312063015
6.280291441834247
7.390722033525775
8.697490026177835
10.235310218990248
12.045035402587812
14.174741629268048
16.68100537200059
19.630406500402685
23.10129700083158
27.1858824273294
31.992671377973846
37.64935806792464
44.30621457583877
52.14008287999685
61.35907273413163
72.20809018385457
84.97534359086438
100.0
###
1.667760445780234
1.5142033738916474
1.3784025304174918
1.2601604558165702
1.1588590632687643
1.073632069916934
1.0196223265064683
0.9599847039226493
0.9135069899062553
0.879305803887096
4.940498746922919
4.322664849760556
3.783552858204752
3.3187518543381374
2.9221622070466924
2.587512788788157
2.372923640249866
2.130019428278114
1.9315918948711208
1.7717324398319554
7.214356397751618
6.202070146477284
5.326744098678907
4.577858691331843
3.942655195396505
3.4078693677879826
3.065050875292212
2.6752324790336184
2.3529708631035517
2.087635021044967
9.06858009158028
7.704792715264178
6.533671294779877
5.537767951459596
4.697510369927324
3.992666498127561
3.5413932167407793
3.028744436956974
2.6032319109970072
2.2503877149443707
10.671017695987821
8.986185522718635
7.547487944906496
6.330276131179911
5.307928163728647
4.453536672637792
3.9079520955236475
3.288740261243731
2.7748598713075574
2.347744495480993
12.100080173508777
10.11739164655289
8.432513530948441
7.013139426281602
5.825670902008141
4.83697146454344
4.2072419616265195
3.4940817183534696
2.9026328594449624
2.411370767269474
13.400117338222982
11.138170891905414
9.223913220271774
7.617583676252291
6.278478769349389
5.167038957048788
4.461112520577131
3.6633336629727133
3.0027964850918103
2.4554209042901474
14.599247137028618
12.073410925608544
9.943599778587075
8.162530742667599
6.682671099760815
5.458188025658224
4.682220034059791
3.8073743091055956
3.084872630293653
2.487219291758717
15.716634516493325
12.939902942869576
10.606188518719229
8.660656862732084
7.048963253020686
5.719169566238418
4.878473557970517
3.9328128127501154
3.153783035227499
2.5106580192809242
16.765879538690584
13.749646230153438
11.221946011840206
9.120726466366998
7.384807045611093
5.956294276779121
5.055255696458428
4.043945122056548
3.212971695481569
2.5287255204980905
17.75757979579385
14.511696334455241
11.798524968145859
9.549166325201556
7.695562901280684
6.173925825477082
5.216331262756031
4.143841674339888
3.2647176675287706
2.542837545744183
18.699539764114647
15.232533520314885
12.341770238556991
9.950817924549154
7.985386236248294
6.375433371259695
5.364453825792239
4.234458576513957
3.310594250019942
2.5539804933157915
19.59814062315079
15.917421266315609
12.8560430412244
10.329433842115376
8.257145001398115
6.56331690983217
5.5017021819561
4.317520624166641
3.352713615273346
2.5629297730206027
20.458225266777966
16.571414142087512
13.345013149378547
10.68791918449901
8.51324840737687
6.739392189116164
5.629688235251959
4.394249028474851
3.39005756947229
2.5709979796298863
21.28414653337524
17.19715031728373
13.811598681056651
11.028956738639536
8.755304726700572
6.905251721730242
5.749678900455404
4.465540836402205
3.423420024939831
2.576139748905434