# ../data/BKevo/MVge_BKevo/mvge_67.dat
# N(r,Y=0), r, *F2(x,Q^2)
# 1e-05 < r < 100.0
# 1 < Q^2 < 50, n=15, lin grid
# 1e-5 < x < 1e-2, n=10, log grid
###
0.0
1.0419178359922891e-16
1.3845597457205747e-16
2.220446049250313e-16
3.2048359154864186e-16
5.994049963490691e-16
1.0041270390519623e-15
1.6848508521606961e-15
2.73932385459722e-15
4.595204928890452e-15
7.640025367787084e-15
1.2585525154085505e-14
2.1045169902423e-14
3.473962380133013e-14
5.725545562979169e-14
9.577785419731398e-14
1.584682001511076e-13
2.602282443103122e-13
4.35721703128973e-13
7.214646360312664e-13
1.1834609287755183e-12
1.9765736122273454e-12
3.2748313151166575e-12
5.374512044035157e-12
8.939742869494924e-12
1.482169979575121e-11
2.4334200658147543e-11
4.030617334026002e-11
6.686576755900017e-11
1.0981427119485407e-10
1.8109577862849887e-10
3.005840196875033e-10
4.937621275476796e-10
8.105526400322213e-10
1.34593220320438e-09
2.211194952717559e-09
3.612606040194668e-09
6.00066581557031e-09
9.858380703708843e-09
1.6050181876380984e-08
2.6626255554434126e-08
4.373888688697848e-08
7.118545270014339e-08
1.1753792565571102e-07
1.9303850779872994e-07
3.140351505513668e-07
5.160197541887932e-07
8.472709858375462e-07
1.377719041557005e-06
2.2528846318439937e-06
3.6984759409465456e-06
6.012076287487521e-06
9.78501583242504e-06
1.6066294239864758e-05
2.6119049112080822e-05
4.232973600959473e-05
6.956309158114956e-05
0.00011319088469954132
0.00018281022932111496
0.0003010447590893629
0.0004909080133188481
0.0007942148947145101
0.001307271059245846
0.002139409386582838
0.003473616664220077
0.005716221605008463
0.009393254551571258
0.015300914353572982
0.025121158399240607
0.04127625618010329
0.06696207966934217
0.1082223557912182
0.17363315338935567
0.270568200096907
0.4068843676135697
0.5794975320445028
0.7617511911272845
0.9104779138490146
0.9787653879873394
0.9978250705366064
0.9999794011047927
0.9999999678240827
0.9999999999946769
1.0
1.0
1.0
1.0
1.0
1.0
1.0
1.0
1.0
1.0
1.0
1.0
1.0
1.0
1.0
1.0
1.0
###
1e-05
1.1768119524349992e-05
1.3848863713938717e-05
1.6297508346206434e-05
1.917910261672489e-05
2.2570197196339216e-05
2.656087782946684e-05
3.1257158496882356e-05
3.678379771828634e-05
4.328761281083062e-05
5.0941380148163754e-05
5.994842503189409e-05
7.054802310718646e-05
8.302175681319735e-05
9.770099572992247e-05
0.00011497569953977356
0.00013530477745798074
0.00015922827933410923
0.0001873817422860383
0.00022051307399030456
0.00025950242113997375
0.0003053855508833416
0.00035938136638046257
0.0004229242874389499
0.0004977023564332109
0.0005857020818056661
0.0006892612104349695
0.0008111308307896872
0.0009545484566618337
0.0011233240329780276
0.0013219411484660286
0.0015556761439304723
0.0018307382802953678
0.002154434690031882
0.0025353644939701114
0.0029836472402833374
0.003511191734215131
0.004132012400115334
0.004862601580065354
0.005722367659350214
0.006734150657750821
0.007924828983539169
0.0093260334688322
0.010974987654930556
0.01291549665014884
0.01519911082952933
0.01788649529057435
0.0210490414451202
0.02477076355991709
0.029150530628251757
0.034304692863149154
0.040370172585965536
0.047508101621027934
0.05590810182512223
0.06579332246575675
0.0774263682681127
0.09111627561154886
0.10722672220103231
0.1261856883066021
0.14849682622544635
0.1747528400007683
0.20565123083486514
0.24201282647943834
0.2848035868435799
0.3351602650938841
0.3944206059437656
0.46415888336127725
0.5462277217684337
0.642807311728432
0.7564633275546291
0.8902150854450375
1.0476157527896641
1.232846739442066
1.4508287784959402
1.7073526474706886
2.009233002565046
2.364489412645407
2.782559402207126
3.274549162877725
3.8535285937105273
4.534878508128582
5.3366992312063015
6.280291441834247
7.390722033525775
8.697490026177835
10.235310218990248
12.045035402587812
14.174741629268048
16.68100537200059
19.630406500402685
23.10129700083158
27.1858824273294
31.992671377973846
37.64935806792464
44.30621457583877
52.14008287999685
61.35907273413163
72.20809018385457
84.97534359086438
100.0
###
1.264501950438599
1.118700781786234
0.9906006596094743
0.8795062418447404
0.7843590696527067
0.7038800056140759
0.6523250944020639
0.5942317100242585
0.5471467127474086
0.5099778617002522
3.4816962385995516
2.949084150970012
2.491895325678387
2.103208722012566
1.775368483455298
1.5004691184503465
1.3244715375493106
1.1243926077882758
0.9580401428966377
0.8198741987388043
4.940686022697647
4.106025870537954
3.3990001923843187
2.805114301098713
2.3095515907566813
1.8980394092666872
1.636466414658336
1.3407314957014227
1.0958415610531727
0.8925893769458233
6.102565606618453
5.009928468552001
4.09257103924503
3.3288460872774994
2.6967564371066786
2.176033246095394
1.8472012997539549
1.4777415689741662
1.1738740669859447
0.9233020900400352
7.091892729768792
5.7698018734162755
4.6676365920812986
3.756123017960359
3.0069449943913527
2.393655198750911
2.0086478912585006
1.5785154351329242
1.2271538118527325
0.9396273662959502
7.964800705260908
6.433984576264823
5.165074462747335
4.121519514935676
3.268626172699463
2.574309584008012
2.140599769069231
1.658554010516916
1.2672786577258803
0.9492466227720251
8.752394732631743
7.02880587844504
5.6069845567480465
4.4433058589452825
3.4966113376859975
2.7297227254132874
2.2527971857235634
1.7251633030190383
1.2993626148021507
0.9555611166711871
9.47403768096043
7.570478548317655
6.006735983413931
4.732186455250914
3.699604182620507
2.8667203325339985
2.3507697744635827
1.782347461182463
1.3260628469309244
0.9599041712911264
10.142788257198129
8.069852417954989
6.373159140195476
4.995354076756648
3.883222657972157
2.9895940005892085
2.437974197529887
1.8325557486624209
1.348925527608285
0.9630214201692759
10.767856903955508
8.53449578637216
6.712522327108295
5.237695336589554
4.05132468070298
3.101261224760756
2.51671872377509
1.8773700204483605
1.3689103856769864
0.96532615829001
11.356182175660999
8.970065066014794
7.02924820025289
5.462871581098674
4.206656003052006
3.2038205150058396
2.5886318390366867
1.9178948640226925
1.3866767581178232
0.9670796375288747
11.912925748764138
9.380808974009554
7.326794419387074
5.673526836686563
4.351288996059386
3.298794626146422
2.6549011391563675
1.9549242846048556
1.4026711734558783
0.9684404433084771
12.44225970152999
9.77007591417648
7.60781382677826
5.871763155238231
4.486839686695439
3.387343354507808
2.716412269932182
1.9890948655412959
1.4172208789312986
0.9695119055909278
12.947456860450112
10.14052877346076
7.8744172366195455
6.059158412125843
4.614487933633709
3.470377707884998
2.773872290415294
2.020739008745472
1.430568155856854
0.9703681185127844
13.431227165586781
10.494323243683574
8.128302104874926
6.237062112960945
4.735256259311937
3.548608227113888
2.827814890553143
2.050275793659679
1.4428990621837048
0.9710574189740637