# ../data/BKevo/MVge_BKevo/mvge_118.dat
# N(r,Y=0), r, *F2(x,Q^2)
# 1e-05 < r < 100.0
# 1 < Q^2 < 50, n=15, lin grid
# 1e-5 < x < 1e-2, n=10, log grid
###
1.110223024625157e-16
2.152140860617445e-16
2.7691194914411485e-16
5.063301254894309e-16
8.504284721834098e-16
1.3541257791971447e-15
2.284578255037884e-15
3.777188519275635e-15
6.195457223412995e-15
1.0394722241234776e-14
1.715853030189131e-14
2.853072448855663e-14
4.755917956010185e-14
7.869328529899227e-14
1.296849726658101e-13
2.1699681003293914e-13
3.5895362962835086e-13
5.893381393695507e-13
9.8690424082489e-13
1.633969143534639e-12
2.6805131820891427e-12
4.476881206978099e-12
7.417860413334056e-12
1.217468562889987e-11
2.025225267811765e-11
3.3580183882330435e-11
5.513733409518034e-11
9.133875310285943e-11
1.515490697754095e-10
2.4893336159511903e-10
4.106060016518128e-10
6.817081304725377e-10
1.1201620434487906e-09
1.8395055583130868e-09
3.055937188271842e-09
5.023142801689319e-09
8.211702501555553e-09
1.3650933609830561e-08
2.2447227015877453e-08
3.658335795863109e-08
6.077352261467292e-08
9.99885137039541e-08
1.6301892481124192e-07
2.69788323194161e-07
4.442600229367165e-07
7.248626939783681e-07
1.1955396569618128e-06
1.9715736429976703e-06
3.22138687370155e-06
5.298518053980395e-06
8.75854858513414e-06
1.4344410366670202e-05
2.35489339421854e-05
3.906465906901654e-05
6.420162481225492e-05
0.00010529190087475644
0.00017549121240945803
0.0002897164277954884
0.000474929426300902
0.0007959295903238434
0.0013205596763628848
0.002173193954213211
0.0036450598518453278
0.006073595115671071
0.010027067218200274
0.016774282952866523
0.02795525562530591
0.04601403414898209
0.07594175607496946
0.12434151269384824
0.19863011215787713
0.3094803452203856
0.46236572105251994
0.6453300567214673
0.8240253095830209
0.9406954920777415
0.9899934715665922
0.9997346255721061
0.9999965591649653
0.9999999950140298
0.9999999999999489
1.0
1.0
1.0
1.0
1.0
1.0
1.0
1.0
1.0
1.0
1.0
1.0
1.0
1.0
1.0
1.0
1.0
1.0
1.0
###
1e-05
1.1768119524349992e-05
1.3848863713938717e-05
1.6297508346206434e-05
1.917910261672489e-05
2.2570197196339216e-05
2.656087782946684e-05
3.1257158496882356e-05
3.678379771828634e-05
4.328761281083062e-05
5.0941380148163754e-05
5.994842503189409e-05
7.054802310718646e-05
8.302175681319735e-05
9.770099572992247e-05
0.00011497569953977356
0.00013530477745798074
0.00015922827933410923
0.0001873817422860383
0.00022051307399030456
0.00025950242113997375
0.0003053855508833416
0.00035938136638046257
0.0004229242874389499
0.0004977023564332109
0.0005857020818056661
0.0006892612104349695
0.0008111308307896872
0.0009545484566618337
0.0011233240329780276
0.0013219411484660286
0.0015556761439304723
0.0018307382802953678
0.002154434690031882
0.0025353644939701114
0.0029836472402833374
0.003511191734215131
0.004132012400115334
0.004862601580065354
0.005722367659350214
0.006734150657750821
0.007924828983539169
0.0093260334688322
0.010974987654930556
0.01291549665014884
0.01519911082952933
0.01788649529057435
0.0210490414451202
0.02477076355991709
0.029150530628251757
0.034304692863149154
0.040370172585965536
0.047508101621027934
0.05590810182512223
0.06579332246575675
0.0774263682681127
0.09111627561154886
0.10722672220103231
0.1261856883066021
0.14849682622544635
0.1747528400007683
0.20565123083486514
0.24201282647943834
0.2848035868435799
0.3351602650938841
0.3944206059437656
0.46415888336127725
0.5462277217684337
0.642807311728432
0.7564633275546291
0.8902150854450375
1.0476157527896641
1.232846739442066
1.4508287784959402
1.7073526474706886
2.009233002565046
2.364489412645407
2.782559402207126
3.274549162877725
3.8535285937105273
4.534878508128582
5.3366992312063015
6.280291441834247
7.390722033525775
8.697490026177835
10.235310218990248
12.045035402587812
14.174741629268048
16.68100537200059
19.630406500402685
23.10129700083158
27.1858824273294
31.992671377973846
37.64935806792464
44.30621457583877
52.14008287999685
61.35907273413163
72.20809018385457
84.97534359086438
100.0
###
1.569484817709029
1.4170149298558175
1.2823058709512316
1.165059673984963
1.0645467986561952
0.9798977748846207
0.9260700602749271
0.8663410020499335
0.8193381069416344
0.7841231401930472
4.5704969137254965
3.969586486600485
3.446921377042057
2.9974406309863344
2.6147049432544938
2.291663060558982
2.084501772288268
1.8495478853192293
1.6560123584093485
1.4985117950399451
6.627991221544006
5.6535845476742415
4.814480993527963
4.099218682508304
3.4943469662998305
2.9862632104748172
2.6604902079567156
2.290549161041795
1.9833518567414694
1.7290742849956435
8.295923506109137
6.992036404426952
5.877665731174422
4.934170847341424
4.141007076606273
3.4778626565742226
3.0542176747021452
2.573171053271368
2.174005075909199
1.8421501325958702
9.732001158728306
8.12920796073435
6.7675833423367635
5.621111250812208
4.662373835954714
3.8642927088354635
3.3561732867993013
2.780630561061594
2.3035465907836654
1.9075733718835008
11.009282587045586
9.130534145670568
7.542624723194319
6.211888001825948
5.103843232096118
4.185389603730458
3.6025545673973527
2.944460831011519
2.400283940602171
1.9489400585020575
12.168830944805173
10.032353039685757
8.234460463541328
6.733947124219308
5.489534357915309
4.461833012137318
3.8115840099261113
3.07960584080177
2.476186139105639
1.9772541726311568
13.236588019993178
10.857320342070407
8.862754338161853
7.204180122628269
5.83351774713934
4.705402896388705
3.9935831375478883
3.194808555081661
2.537892579176201
1.9976659625527426
14.230071740740087
11.620716143628925
9.440553747038589
7.633614237375889
6.145114274579509
4.923828166135234
4.155461017747592
3.295302044278262
2.5902996631262165
2.0126365002417477
15.162068900702987
12.33336109071062
9.977045662882295
8.029938726222579
6.430686461848375
5.122251547003132
4.301254037564942
3.384497183257555
2.6359840769153675
2.023631334059484
16.041932805740085
13.003306107158833
10.478988547745002
8.398802434686381
6.69483767328003
5.304470204913834
4.434178931473826
3.464756982300548
2.675550747046473
2.032255126816609
16.876896780106346
13.636372427099007
10.951500437041334
8.744421585339804
6.941006040168889
5.473176623836209
4.556478523093315
3.5377557203209133
2.7109486953172306
2.0390287497325583
17.672681159628837
14.237982855808772
11.398674536426832
9.070069440489132
7.171828037111905
5.630490484603983
4.669867203797601
3.6047242281079828
2.7427330556674647
2.044422447900564
18.43411613723047
14.811476456159863
11.823523459198169
9.37834415029236
7.3893817539984905
5.777937221970089
4.775658081158628
3.6665217610492395
2.7716306725735675
2.0487714975997453
19.16453325399775
15.360163489177557
12.228760602206163
9.67133168331399
7.595321730585359
5.916844888217925
4.8748851390470875
3.7243916545225653
2.798118946848012
2.0523088910761396