# ../data/BKevo/MVge_BKevo/mvge_102.dat
# N(r,Y=0), r, *F2(x,Q^2)
# 1e-05 < r < 100.0
# 1 < Q^2 < 50, n=15, lin grid
# 1e-5 < x < 1e-2, n=10, log grid
###
0.0002449692594576551
0.0002756087789418627
0.00030987364881525446
0.00034838767862993775
0.00039174557221213795
0.0004402662043834323
0.000494696681469015
0.0005559309585403354
0.0006245008316514888
0.0007012631168086419
0.0007875558978816383
0.0008842457678769058
0.0009922498113722244
0.001113562630303752
0.0012495710423818074
0.0014011384618219306
0.0015712260672265858
0.0017620206924499277
0.001974107026713974
0.00221186350269929
0.0024783865920409913
0.0027744993316650415
0.003105721679231306
0.0034765751027842386
0.0038886562185323917
0.004348316334912276
0.004862276472042895
0.005433387568166446
0.006068497336280253
0.006777532891154838
0.007565330829208524
0.008438457669318269
0.009411485448228004
0.010492335474013204
0.011685767706976973
0.01301304515848262
0.01448680974740312
0.016107281257995324
0.017905312260789803
0.01989951619592892
0.02208447631636915
0.024501232912835746
0.027174481981207668
0.03009969936645323
0.03332007342408047
0.03687192144461109
0.040753541133034504
0.04500561421164821
0.049681657662901495
0.05478658546840634
0.06035120388149519
0.06645485981396228
0.07311614564327645
0.08034603307244138
0.08826294521186566
0.09691123562903248
0.10627042974544332
0.11651718127762185
0.1277397607422426
0.1398729416214026
0.15317577800275484
0.16777527020063135
0.18362171319286472
0.2009976067067895
0.22009565231381575
0.24088727841328833
0.2636301765141187
0.2885809687752431
0.3156911407232131
0.3450939440299714
0.3770773348785846
0.4114886273583992
0.4481320262054155
0.4872821220991229
0.528582708581419
0.5711836476526877
0.6153484539400712
0.6604871085980369
0.7047607461092108
0.7485847727438522
0.7911953057813056
0.8301232919321617
0.8659895247440631
0.8982460882463471
0.9250530466574237
0.9471276432089645
0.9648272615779785
0.97767410768128
0.9866045484587203
0.992658847185521
0.9962809178586989
0.9982307975466087
0.999267651751914
0.9997383214165613
0.9999103776185707
0.9999750791965937
0.9999948869824223
0.9999988951898224
0.9999998224517135
0.999999985188778
###
1e-05
1.1768119524349992e-05
1.3848863713938717e-05
1.6297508346206434e-05
1.917910261672489e-05
2.2570197196339216e-05
2.656087782946684e-05
3.1257158496882356e-05
3.678379771828634e-05
4.328761281083062e-05
5.0941380148163754e-05
5.994842503189409e-05
7.054802310718646e-05
8.302175681319735e-05
9.770099572992247e-05
0.00011497569953977356
0.00013530477745798074
0.00015922827933410923
0.0001873817422860383
0.00022051307399030456
0.00025950242113997375
0.0003053855508833416
0.00035938136638046257
0.0004229242874389499
0.0004977023564332109
0.0005857020818056661
0.0006892612104349695
0.0008111308307896872
0.0009545484566618337
0.0011233240329780276
0.0013219411484660286
0.0015556761439304723
0.0018307382802953678
0.002154434690031882
0.0025353644939701114
0.0029836472402833374
0.003511191734215131
0.004132012400115334
0.004862601580065354
0.005722367659350214
0.006734150657750821
0.007924828983539169
0.0093260334688322
0.010974987654930556
0.01291549665014884
0.01519911082952933
0.01788649529057435
0.0210490414451202
0.02477076355991709
0.029150530628251757
0.034304692863149154
0.040370172585965536
0.047508101621027934
0.05590810182512223
0.06579332246575675
0.0774263682681127
0.09111627561154886
0.10722672220103231
0.1261856883066021
0.14849682622544635
0.1747528400007683
0.20565123083486514
0.24201282647943834
0.2848035868435799
0.3351602650938841
0.3944206059437656
0.46415888336127725
0.5462277217684337
0.642807311728432
0.7564633275546291
0.8902150854450375
1.0476157527896641
1.232846739442066
1.4508287784959402
1.7073526474706886
2.009233002565046
2.364489412645407
2.782559402207126
3.274549162877725
3.8535285937105273
4.534878508128582
5.3366992312063015
6.280291441834247
7.390722033525775
8.697490026177835
10.235310218990248
12.045035402587812
14.174741629268048
16.68100537200059
19.630406500402685
23.10129700083158
27.1858824273294
31.992671377973846
37.64935806792464
44.30621457583877
52.14008287999685
61.35907273413163
72.20809018385457
84.97534359086438
100.0
###
6.016133959232326
5.508029477016393
4.966255300106597
4.392731119621884
3.7897360315503827
3.1699815946292933
2.7076332370077543
2.121006459029872
1.5983524112182574
1.1652111164290844
24.252622429870886
21.961594266236446
19.52009558173727
16.945996248118252
14.270104853259149
11.580471065892118
9.632365448031148
7.251838494417145
5.230940296514608
3.6368786336131103
41.123411646398864
37.04717576300471
32.707433411140066
28.148316312042212
23.444476542138972
18.776494614312472
15.445942088279043
11.447229213545716
8.123087130016946
5.5528391325318145
57.294077037519045
51.4320077686023
45.19783195088134
38.665150399104206
31.969302987901088
25.383911245992273
20.734060737952774
15.216082859170792
10.69088348651363
7.235687965915869
72.98603728302164
65.33815120293012
57.21299674921597
48.72110992700909
40.0594001499613
31.603226673151426
25.68033085137131
18.712723657619406
13.05601404901267
8.775270089210773
88.31326040273565
78.87990699198542
68.86742368234125
58.4278207534838
47.82386649659792
37.53503908098542
30.37560379303994
22.012220514550222
15.275327012824667
10.213748114585298
103.34561168023656
92.1273405584565
80.23291048732783
67.85477106653194
55.32871021333103
43.23982377755985
34.874261936292214
25.158689548201572
17.383741314765693
11.57539230711638
118.13040182219851
105.12789344713761
91.35346304748164
77.04709173845089
62.61897725518903
48.757735234957636
39.21201141533044
28.180995851620832
19.40423785181594
12.87536098302112
132.70181875355044
117.91563790614131
102.2646075196553
86.03894769988598
69.72572144096445
54.117841787807926
43.414427818148205
31.09940290305292
21.34806863720432
14.124217467892366
147.08574539791258
130.51731056651835
112.99397260128514
94.85777586413218
76.67323847359485
59.340490668154956
47.49997829694107
33.92885494844855
23.228233078562344
15.330156947323992
161.30246111511985
142.95222654872254
123.5594989111254
103.52064315457072
83.47973406177857
64.44351177218151
51.48335073639429
36.67970342182957
25.053208017282156
16.49884563641329
175.36828972049403
155.23655664373229
133.97826340482874
112.04436466917475
90.16049741960754
69.4388056846432
55.376028127099985
39.36296877151885
26.82608794475876
17.6347934474855
189.29661612553974
167.38480854231128
144.26159633907676
120.44157973716325
96.72740180672197
74.33828746469923
59.18730297187025
41.985019721908486
28.55882531046702
18.74179903076953
203.09870602832385
179.40772795934643
154.42448885365775
128.723549403052
103.1904816855083
79.14993520834139
62.92487597234451
44.55339853597239
30.25277205054891
19.822798246182685
216.7840640453972
191.31484203506113
164.47457656837432
136.89924544056822
109.55829923245746
83.88144302358126
66.5950065937332
47.0701087126766
31.911417161630748
20.88025319851983