# ../data/BKevo/MVge_BKevo/mvge_83.dat
# N(r,Y=0), r, *F2(x,Q^2)
# 1e-05 < r < 100.0
# 1 < Q^2 < 50, n=15, lin grid
# 1e-5 < x < 1e-2, n=10, log grid
###
1.555948801302189e-08
1.9913923973531952e-08
2.5532291179896874e-08
3.271139425905576e-08
4.1852693126704584e-08
5.361171841645218e-08
6.866289975806423e-08
8.781963291046754e-08
1.123864757680176e-07
1.4388318382131644e-07
1.8395209311588496e-07
2.3517672369268805e-07
3.009552059773309e-07
3.845912327319236e-07
4.911739724296008e-07
6.282458741046536e-07
8.024257657278798e-07
1.0236805070746848e-06
1.3086328636119357e-06
1.6704855962268327e-06
2.1295138131202902e-06
2.719462329974125e-06
3.4691799350059728e-06
4.419509190655845e-06
5.636829315981344e-06
7.185622605704404e-06
9.147200103025677e-06
1.1651401545885095e-05
1.4840871714587572e-05
1.887672597575629e-05
2.4011457332230433e-05
3.055762523504996e-05
3.88329895226258e-05
4.932572645417085e-05
6.271487411715019e-05
7.9624514622468e-05
0.0001009934877256133
0.0001282865717408752
0.00016272580657960623
0.00020614049931961512
0.00026158143636626657
0.00033153391225174464
0.0004196720164606417
0.0005319313434609712
0.0006738142653020833
0.0008525923601439317
0.0010798736421050877
0.0013678557300279893
0.0017310574404349125
0.0021923892637596854
0.0027790755542054994
0.003520446358203454
0.004462187510598859
0.005665601683588513
0.007190495131172956
0.009128468471395363
0.011618093723898357
0.014781186428544283
0.018800152565406063
0.023984885675757812
0.030578215076240086
0.03895234589146135
0.04971665817397179
0.06338360910430922
0.08064998519851935
0.10258573579195074
0.13014727413792326
0.1644159020792953
0.20683031510631228
0.25855833411399565
0.3204708257243184
0.39302350569248984
0.4753782709531565
0.5659054959548246
0.6606495788434099
0.7519645910848003
0.8353890092483474
0.9044771746729555
0.9508142196920453
0.979475756043091
0.9939408155220846
0.998491471532762
0.9997483932427651
0.9999818044219719
0.9999991990220951
0.9999999762907497
0.9999999998224773
0.9999999999999477
0.9999999999999999
1.0
1.0
1.0
1.0
1.0
1.0
1.0
1.0
1.0
1.0
1.0
###
1e-05
1.1768119524349992e-05
1.3848863713938717e-05
1.6297508346206434e-05
1.917910261672489e-05
2.2570197196339216e-05
2.656087782946684e-05
3.1257158496882356e-05
3.678379771828634e-05
4.328761281083062e-05
5.0941380148163754e-05
5.994842503189409e-05
7.054802310718646e-05
8.302175681319735e-05
9.770099572992247e-05
0.00011497569953977356
0.00013530477745798074
0.00015922827933410923
0.0001873817422860383
0.00022051307399030456
0.00025950242113997375
0.0003053855508833416
0.00035938136638046257
0.0004229242874389499
0.0004977023564332109
0.0005857020818056661
0.0006892612104349695
0.0008111308307896872
0.0009545484566618337
0.0011233240329780276
0.0013219411484660286
0.0015556761439304723
0.0018307382802953678
0.002154434690031882
0.0025353644939701114
0.0029836472402833374
0.003511191734215131
0.004132012400115334
0.004862601580065354
0.005722367659350214
0.006734150657750821
0.007924828983539169
0.0093260334688322
0.010974987654930556
0.01291549665014884
0.01519911082952933
0.01788649529057435
0.0210490414451202
0.02477076355991709
0.029150530628251757
0.034304692863149154
0.040370172585965536
0.047508101621027934
0.05590810182512223
0.06579332246575675
0.0774263682681127
0.09111627561154886
0.10722672220103231
0.1261856883066021
0.14849682622544635
0.1747528400007683
0.20565123083486514
0.24201282647943834
0.2848035868435799
0.3351602650938841
0.3944206059437656
0.46415888336127725
0.5462277217684337
0.642807311728432
0.7564633275546291
0.8902150854450375
1.0476157527896641
1.232846739442066
1.4508287784959402
1.7073526474706886
2.009233002565046
2.364489412645407
2.782559402207126
3.274549162877725
3.8535285937105273
4.534878508128582
5.3366992312063015
6.280291441834247
7.390722033525775
8.697490026177835
10.235310218990248
12.045035402587812
14.174741629268048
16.68100537200059
19.630406500402685
23.10129700083158
27.1858824273294
31.992671377973846
37.64935806792464
44.30621457583877
52.14008287999685
61.35907273413163
72.20809018385457
84.97534359086438
100.0
###
2.296701992098237
2.0709235012609155
1.8594439884351628
1.6640400933673098
1.4859475523237506
1.325879628349902
1.2177645901246903
1.089222226214413
0.9778094941720143
0.882422123671243
7.590249542297432
6.640496002998782
5.770408096339925
4.985454273929391
4.287262339004477
3.6745981746934158
3.2689440665341833
2.7951743216859315
2.3916190618490796
2.0504546337617633
11.681711508226437
10.077671999624211
8.626877401910582
7.335548144270926
6.201979486706176
5.2202076609864685
4.5772172584612045
3.8341036465107914
3.2080181041466815
2.6836814198028316
15.216339310151724
13.00392184426508
11.022402670089646
9.274244504974442
7.754132542105345
6.449517412160139
5.60173637802252
4.629133530184313
3.8162522867586155
3.140463988278317
18.39631827089946
15.6108645715741
13.133731466608612
10.964123165004297
9.091140023036218
7.495010133542861
6.46403768103977
5.288011534446969
4.311306799625638
3.5044503722755276
21.32125550391177
17.990250159979613
15.045411985956342
12.481447586269411
10.281086021884372
8.41659078986582
7.218382193285766
5.857769467522145
4.733707370413738
3.810065131762443
24.04947603018398
20.19595948237798
16.805592563839866
13.869667213874102
11.361966883983218
9.247433609056637
7.894297590361205
6.363673809257468
5.105013643808877
4.0752693274881135
26.619285208858276
22.262932781768626
18.447031316297835
15.156347106815742
12.357955549344968
10.00822819057148
8.509827888432481
6.821165584172383
5.437791164825239
4.310599762555189
29.05763553667053
24.21531998798413
19.990184761411406
16.360457604292776
13.285369334805855
10.712878086991758
9.077598654277198
7.240431908872734
5.7406342592546515
4.522828259204461
31.384402810843927
26.07103798966125
21.450943142805592
17.49537772536168
14.155861594286057
11.371126924537368
9.606118580564715
7.628522557948078
6.019230946935699
4.716592045158771
33.61459752838052
27.844681232240802
22.841885683643508
18.57169296429507
14.978160913536389
11.99047528920239
10.10167786495031
7.990700778395113
6.277784760715713
4.895314224388856
35.76007773427787
29.542156966302553
24.171072294301734
19.597274114169302
15.759016731644893
12.5764143132371
10.569150347381507
8.33089720103312
6.519484910981927
5.061464561946631
37.8303734149649
31.177843669892596
25.446471434333667
20.57863651961294
16.50359104759126
13.133258801610086
11.012304098404726
8.65213927933317
6.746752350612474
5.216844893402321
39.83330930507607
32.759142445829774
26.673728777923454
21.520358063092782
17.216244033046635
13.664634595074633
11.434151636073858
8.956908775183779
6.9614991855364625
5.362991056084262
41.775374346086124
34.28600159987854
27.855456589143433
22.42670664879047
17.900381492533196
14.173593390985012
11.8371488433321
9.247133268907573
7.165265110926653
5.501142474654606