# datat/BKevo/MVg_BKevo/mvg57.dat
# N(r,Y=0), r, *F2(x,Q^2)
# 1e-05 < r < 100.0
# 1 < Q^2 < 50, n=15, log grid
# 1e-5 < x < 1e-2, n=10, log grid
###
1.3982937804279075e-08
1.789613927074087e-08
2.2945182755553852e-08
2.9396787770636326e-08
3.76117183584514e-08
4.817904527990976e-08
6.170481387446369e-08
7.89199351243588e-08
1.009966471442798e-07
1.2930052240158845e-07
1.653072433674747e-07
2.1133808749547466e-07
2.7044610422412724e-07
3.455993727404481e-07
4.4136981744754205e-07
5.645326733329497e-07
7.210330661872137e-07
9.198226730385411e-07
1.1758285063716112e-06
1.500904906441438e-06
1.913253981966864e-06
2.443161136706632e-06
3.1165115145183136e-06
3.969943731720108e-06
5.062974811204581e-06
6.453395486506682e-06
8.21404935022428e-06
1.0461161156263973e-05
1.3322312290495534e-05
1.694149934941315e-05
2.1544098043369524e-05
2.7408660629800548e-05
3.481800793916585e-05
4.4205777076381785e-05
5.617332542451784e-05
7.127209489839953e-05
9.032921079242783e-05
0.00011462767110121065
0.00014523376863523343
0.00018373672796403176
0.00023275883272378252
0.0002944226329931213
0.0003718431144949364
0.00046996747291341905
0.0005933300101115984
0.0007478531042356323
0.0009427500716755298
0.001187513725400679
0.0014932533431934194
0.0018768721163430362
0.0023578068251499914
0.0029565690453047435
0.0037036403852212553
0.004637825767445364
0.0057963049641175
0.007232984469056648
0.009023102453166594
0.011232656928798969
0.013954972006206783
0.017331020669280304
0.021475328027322386
0.026551566636822063
0.03279655066560888
0.04042124165995014
0.04969977237166145
0.06101223488127507
0.07473215148553217
0.09129920981816676
0.11129125365098076
0.1353114454880353
0.16400627367136472
0.1981420176586584
0.23847334330071787
0.2857208723229379
0.34048366900557964
0.4028345496549117
0.47281474038896665
0.5495870756681774
0.6297373269547101
0.7113779474840314
0.790653306891849
0.8589991040027999
0.9150704753383299
0.9565695667340225
0.980791968946281
0.9931455539626146
0.9983252260032304
0.9997090795156526
0.9999622494433242
0.9999977311647281
0.9999999632064489
0.9999999993320512
0.9999999999963458
0.9999999999999999
1.0
1.0
1.0
1.0
1.0
1.0
###
1e-05
1.1768119524349992e-05
1.3848863713938717e-05
1.6297508346206434e-05
1.917910261672489e-05
2.2570197196339216e-05
2.656087782946684e-05
3.1257158496882356e-05
3.678379771828634e-05
4.328761281083062e-05
5.0941380148163754e-05
5.994842503189409e-05
7.054802310718646e-05
8.302175681319735e-05
9.770099572992247e-05
0.00011497569953977356
0.00013530477745798074
0.00015922827933410923
0.0001873817422860383
0.00022051307399030456
0.00025950242113997375
0.0003053855508833416
0.00035938136638046257
0.0004229242874389499
0.0004977023564332109
0.0005857020818056661
0.0006892612104349695
0.0008111308307896872
0.0009545484566618337
0.0011233240329780276
0.0013219411484660286
0.0015556761439304723
0.0018307382802953678
0.002154434690031882
0.0025353644939701114
0.0029836472402833374
0.003511191734215131
0.004132012400115334
0.004862601580065354
0.005722367659350214
0.006734150657750821
0.007924828983539169
0.0093260334688322
0.010974987654930556
0.01291549665014884
0.01519911082952933
0.01788649529057435
0.0210490414451202
0.02477076355991709
0.029150530628251757
0.034304692863149154
0.040370172585965536
0.047508101621027934
0.05590810182512223
0.06579332246575675
0.0774263682681127
0.09111627561154886
0.10722672220103231
0.1261856883066021
0.14849682622544635
0.1747528400007683
0.20565123083486514
0.24201282647943834
0.2848035868435799
0.3351602650938841
0.3944206059437656
0.46415888336127725
0.5462277217684337
0.642807311728432
0.7564633275546291
0.8902150854450375
1.0476157527896641
1.232846739442066
1.4508287784959402
1.7073526474706886
2.009233002565046
2.364489412645407
2.782559402207126
3.274549162877725
3.8535285937105273
4.534878508128582
5.3366992312063015
6.280291441834247
7.390722033525775
8.697490026177835
10.235310218990248
12.045035402587812
14.174741629268048
16.68100537200059
19.630406500402685
23.10129700083158
27.1858824273294
31.992671377973846
37.64935806792464
44.30621457583877
52.14008287999685
61.35907273413163
72.20809018385457
84.97534359086438
100.0
###
2.0394816025425264
1.7979258352802252
1.5707926077696062
1.3603442162111532
1.1684907192695757
0.9962896412947502
0.880281492803352
0.7429156499902599
0.6244486287382703
0.5234279851749991
6.569305210495
5.603556545030784
4.726753981400103
3.9443412093168457
3.2582553886222536
2.6662164699396644
2.2808135075962013
1.8392064111278725
1.4720911846448546
1.1698763267733818
10.00696470404518
8.413733100324478
6.991616544361225
5.744484333621387
4.669924491905575
3.7585353455739554
3.1740458122424298
2.5139427393750156
1.974025950270357
1.5366085491491235
12.951984198370475
10.787701173574348
8.87843398600295
7.222803974142526
5.812446745845202
4.629537937120098
3.878201979563678
3.0374739765340917
2.3570460108683546
1.811493571886465
15.587623252688891
12.89259253760928
10.535252551432027
8.50876440510477
6.796799284840994
5.372720469078068
4.474563153023285
3.476405053522691
2.6746936172921156
2.0369538558798252
18.002531110005314
14.808435945669535
12.032080415658534
9.662221069908071
7.67349622887572
6.029871807318786
4.999029471622959
3.8595526464747487
2.9499070015366495
2.230658138672872
20.248538321081476
16.57851639083545
13.408515634537242
10.716939911729263
8.4706351240469
6.6240263449975805
5.471188856627015
4.202491120030943
3.1947579946159284
2.401924042201467
22.359213984510053
18.23622879734646
14.690271372825645
11.694285203297941
9.205872441937448
7.169516044652291
5.903137955407647
4.514725544926101
3.4166031196022653
2.556307364058108
24.35816969794779
19.798783725361655
15.894100410022624
12.608817218225699
9.891146271469566
7.67591468213129
6.302956558361645
4.802566035266489
3.620260005369232
2.6974416244794814
26.26256301798422
21.281929436265838
17.032880491529
13.470806766292132
10.534977900279044
8.150084447197765
6.676405023978047
5.070443339033599
3.8091256908097835
2.8278403855929697
28.08522348008043
22.697357772106823
18.115707750333
14.288425683842373
11.143698409934174
8.59708141182531
7.027608616822102
5.321627666032052
3.985662185251434
2.9493460897280364
29.836533375888248
24.053460843933422
19.151281222294557
15.067812679098664
11.722279920999242
9.02079663520665
7.359816914523067
5.558580526621296
4.151735219328826
3.0633195508949087
31.52463978329498
25.35731725215806
20.144113768101438
15.81327119817664
12.274450134482812
9.423940737574796
7.67555456494785
5.783267450869117
4.308791449028968
3.17082610850623
33.156249970242214
26.61453192135848
21.099262427807155
16.52882983085544
12.803325830924644
9.809497097334997
7.976816191659391
5.997148562858249
4.457977477516429
3.2727104246897634
34.73689604446145
27.829976349501237
22.02045201379994
17.217816326187922
13.31145860809635
10.179155175527402
8.265233258858705
6.201490035946705
4.60020905949277
3.369646262144429