# ../data/BKevo/MVge_BKevo/mvge_55.dat
# N(r,Y=0), r, *F2(x,Q^2)
# 1e-05 < r < 100.0
# 1 < Q^2 < 50, n=15, lin grid
# 1e-5 < x < 1e-2, n=10, log grid
###
0.0001997115143992671
0.00022469312273787025
0.00025263158836739426
0.00028403583784073795
0.00031939122886644953
0.0003589586773712573
0.00040334824465728026
0.00045328994473308506
0.0005092194543916378
0.0005718378571139216
0.0006422388295353226
0.0007211336116806222
0.0008092764454709278
0.0009082998618321521
0.0010193450206931079
0.0011431325966759838
0.001282091386390832
0.0014380275486828593
0.0016114601721951172
0.0018059921900318776
0.002024202059772621
0.002266858790085969
0.0025385464541376325
0.0028430751714152275
0.0031819648744995832
0.003560608639579141
0.003984765157004477
0.004457238388203725
0.004984151557541069
0.005574216868058928
0.00623241056935992
0.00696540875321745
0.007786428060143883
0.00870408620846577
0.009725383317424098
0.010870430350494998
0.012153863086151242
0.013582852549949828
0.015188011630482336
0.016992888662808518
0.01900721938584365
0.021274964296794308
0.023831887651258977
0.026698786542501546
0.029931490738461356
0.033585912318918346
0.037699472052677846
0.042342050175805376
0.04759812806509804
0.05352812134441399
0.06021566905495129
0.06778460380970934
0.07632567715376312
0.08592882444805532
0.0967712267391059
0.10898240381931876
0.12263413359005251
0.137974367039073
0.15517990831503647
0.1742435521921037
0.19550369426795072
0.21915116052623818
0.24508602460919304
0.27363965434325405
0.3049980511037429
0.3388934333176329
0.3754972745385579
0.41494785542133905
0.4566967229947824
0.5005028943512657
0.5464238212124667
0.5935535925969474
0.6409224104451812
0.6885864908801571
0.7353904635744111
0.779490389272188
0.8212690345052065
0.8597617833972564
0.8926796835146231
0.9212231393185139
0.9451033270150198
0.9629430148504582
0.9764561168001846
0.9862059435465649
0.9922927987005931
0.9960238986248805
0.9981933555027078
0.9992426256575068
0.9997094919711289
0.9999084854670418
0.9999755091272184
0.9999938009851623
0.9999988297072051
0.9999998483088901
0.9999999784731866
0.9999999979591928
0.9999999999199465
0.9999999999949618
0.9999999999998089
0.9999999999999989
###
1e-05
1.1768119524349992e-05
1.3848863713938717e-05
1.6297508346206434e-05
1.917910261672489e-05
2.2570197196339216e-05
2.656087782946684e-05
3.1257158496882356e-05
3.678379771828634e-05
4.328761281083062e-05
5.0941380148163754e-05
5.994842503189409e-05
7.054802310718646e-05
8.302175681319735e-05
9.770099572992247e-05
0.00011497569953977356
0.00013530477745798074
0.00015922827933410923
0.0001873817422860383
0.00022051307399030456
0.00025950242113997375
0.0003053855508833416
0.00035938136638046257
0.0004229242874389499
0.0004977023564332109
0.0005857020818056661
0.0006892612104349695
0.0008111308307896872
0.0009545484566618337
0.0011233240329780276
0.0013219411484660286
0.0015556761439304723
0.0018307382802953678
0.002154434690031882
0.0025353644939701114
0.0029836472402833374
0.003511191734215131
0.004132012400115334
0.004862601580065354
0.005722367659350214
0.006734150657750821
0.007924828983539169
0.0093260334688322
0.010974987654930556
0.01291549665014884
0.01519911082952933
0.01788649529057435
0.0210490414451202
0.02477076355991709
0.029150530628251757
0.034304692863149154
0.040370172585965536
0.047508101621027934
0.05590810182512223
0.06579332246575675
0.0774263682681127
0.09111627561154886
0.10722672220103231
0.1261856883066021
0.14849682622544635
0.1747528400007683
0.20565123083486514
0.24201282647943834
0.2848035868435799
0.3351602650938841
0.3944206059437656
0.46415888336127725
0.5462277217684337
0.642807311728432
0.7564633275546291
0.8902150854450375
1.0476157527896641
1.232846739442066
1.4508287784959402
1.7073526474706886
2.009233002565046
2.364489412645407
2.782559402207126
3.274549162877725
3.8535285937105273
4.534878508128582
5.3366992312063015
6.280291441834247
7.390722033525775
8.697490026177835
10.235310218990248
12.045035402587812
14.174741629268048
16.68100537200059
19.630406500402685
23.10129700083158
27.1858824273294
31.992671377973846
37.64935806792464
44.30621457583877
52.14008287999685
61.35907273413163
72.20809018385457
84.97534359086438
100.0
###
5.810264031605455
5.309024698841345
4.787139844835238
4.249911426714947
3.7075194002811953
3.1747291546094076
2.7905385349836505
2.3132570618074926
1.887756505385226
1.521907084515722
23.3245324866729
21.06329469185477
18.709248630757724
16.291975957709578
13.869166254464796
11.52363315272819
9.865191370080817
7.858546625436756
6.134471219494309
4.713623749891384
39.47170747807183
35.44769032122026
31.26166563816068
26.97489218382799
22.703168124990345
18.60677929203745
15.756299325926202
12.327556927723261
9.445457686707417
7.116365171491307
54.91797296492126
49.13018561092086
43.11505751660982
36.97030789111838
30.875988291713323
25.07436731156385
21.053101086160442
16.302250873618913
12.343031013970569
9.183980866329026
69.88482049366748
62.33318876622918
54.4925451686607
46.49832026517434
38.607258002051026
31.13616566242593
25.992616782341106
19.961721475252055
14.98236916746761
11.047289259538392
84.4693921412845
75.17151815512048
65.50890918857682
55.67723780157868
46.00360097735368
36.897620001905636
30.66088851618829
23.39323183950606
17.437674798848253
12.76686114318764
98.77267482457704
87.7152711412058
76.23433905178162
64.57482668716914
53.14181311785034
42.422309874913616
35.11683708018891
26.648254002247025
19.751957804885507
14.377648049020081
112.8281392632762
100.0120007957216
86.71646397521988
73.23803366890729
60.059547642802094
47.75207136724858
39.39954638487974
29.760511033245642
21.953354844949146
15.901915977533537
126.67003688484765
112.09604407032855
96.9895538789465
81.70065503897942
66.78782112025164
52.91715938526293
43.53609079524173
32.753497419360485
24.06114879756786
17.355224751870256
140.32428381063235
123.99341526861436
107.07954826222642
89.98816279548937
73.3578622014643
57.939923047928964
47.54730188558296
35.64464791696793
26.08974777031341
18.74846341620818
153.81120198075277
135.724483890141
117.00655246651993
98.12045619433415
79.78527807069068
62.837408134700446
51.44890030854476
38.4465356249668
28.04950417933072
20.090167554461093
167.14713614148343
147.30562192783492
126.78718381002493
106.1134836584158
86.08550517480894
67.62451410081493
55.253330615627156
41.171059343188105
29.949031486924106
21.38667073334342
180.34552109456595
158.750303402935
136.4346818408076
113.9800615381131
92.27081615771795
72.31142298693996
58.970705280131256
43.82598207085529
31.795109306744575
22.64414901492919
193.4176099120407
170.06980692796384
145.9600888130516
121.73155811682274
98.35238190572413
76.90783420205403
62.60938131156725
46.41866626626271
33.593264500376065
23.865351667742946
206.37294974554197
181.27366719595182
155.37317453223707
129.37701502604597
104.33713949233281
81.42117186988477
66.17632663988077
48.95407073953057
35.34811789822575
25.055313468818046