# ../data/BKevo/MVge_BKevo/mvge_97.dat
# N(r,Y=0), r, *F2(x,Q^2)
# 1e-05 < r < 100.0
# 1 < Q^2 < 50, n=15, lin grid
# 1e-5 < x < 1e-2, n=10, log grid
###
0.0
0.0
0.0
0.0
0.0
0.0
0.0
0.0
0.0
0.0
0.0
0.0
0.0
0.0
6.47770124939929e-18
1.110223024625157e-16
1.110223024625157e-16
2.246805227766167e-16
5.142525520005566e-16
9.469118678298536e-16
1.7504853887115008e-15
3.3625530335549303e-15
6.3437861444518004e-15
1.1789093624133295e-14
2.2562200060748618e-14
4.261152180202433e-14
7.926767518202224e-14
1.4998049301730247e-13
2.842389510756504e-13
5.295595969920034e-13
9.94656463921768e-13
1.8887125261849865e-12
3.522859548293033e-12
6.5701663970560775e-12
1.2498513067129542e-11
2.333872596270222e-11
4.3204098192763233e-11
8.233645099216256e-11
1.539115733962213e-10
2.8344150959433927e-10
5.3972545065564e-10
1.0099139470194212e-09
1.8607154398330387e-09
3.5190126936588093e-09
6.590899641577749e-09
1.2148464221544895e-08
2.281368068782778e-08
4.276988576608338e-08
7.886887426341732e-08
1.4704730052664515e-07
2.759834161883701e-07
5.092346730990505e-07
9.42689127554403e-07
1.7719451201937085e-06
3.2730148058903854e-06
6.017818371421972e-06
1.1337653502311908e-05
2.098252575835311e-05
3.834262383425204e-05
7.250049038329598e-05
0.0001346154485733291
0.0002465067538515205
0.0004652255743789301
0.0008680252953571186
0.001596776242289993
0.0030073466507295806
0.005642695813491418
0.010425131855206327
0.019542493521197548
0.03666760925119587
0.06731426967116726
0.12281073057065024
0.2204057912800763
0.37333245653599645
0.5842848000840739
0.8032000104425088
0.9497938722126158
0.9974583454321028
0.9999589373254406
0.999999952721796
0.9999999999998618
1.0
1.0
1.0
1.0
1.0
1.0
1.0
1.0
1.0
1.0
1.0
1.0
1.0
1.0
1.0
1.0
1.0
1.0
1.0
###
1e-05
1.1768119524349992e-05
1.3848863713938717e-05
1.6297508346206434e-05
1.917910261672489e-05
2.2570197196339216e-05
2.656087782946684e-05
3.1257158496882356e-05
3.678379771828634e-05
4.328761281083062e-05
5.0941380148163754e-05
5.994842503189409e-05
7.054802310718646e-05
8.302175681319735e-05
9.770099572992247e-05
0.00011497569953977356
0.00013530477745798074
0.00015922827933410923
0.0001873817422860383
0.00022051307399030456
0.00025950242113997375
0.0003053855508833416
0.00035938136638046257
0.0004229242874389499
0.0004977023564332109
0.0005857020818056661
0.0006892612104349695
0.0008111308307896872
0.0009545484566618337
0.0011233240329780276
0.0013219411484660286
0.0015556761439304723
0.0018307382802953678
0.002154434690031882
0.0025353644939701114
0.0029836472402833374
0.003511191734215131
0.004132012400115334
0.004862601580065354
0.005722367659350214
0.006734150657750821
0.007924828983539169
0.0093260334688322
0.010974987654930556
0.01291549665014884
0.01519911082952933
0.01788649529057435
0.0210490414451202
0.02477076355991709
0.029150530628251757
0.034304692863149154
0.040370172585965536
0.047508101621027934
0.05590810182512223
0.06579332246575675
0.0774263682681127
0.09111627561154886
0.10722672220103231
0.1261856883066021
0.14849682622544635
0.1747528400007683
0.20565123083486514
0.24201282647943834
0.2848035868435799
0.3351602650938841
0.3944206059437656
0.46415888336127725
0.5462277217684337
0.642807311728432
0.7564633275546291
0.8902150854450375
1.0476157527896641
1.232846739442066
1.4508287784959402
1.7073526474706886
2.009233002565046
2.364489412645407
2.782559402207126
3.274549162877725
3.8535285937105273
4.534878508128582
5.3366992312063015
6.280291441834247
7.390722033525775
8.697490026177835
10.235310218990248
12.045035402587812
14.174741629268048
16.68100537200059
19.630406500402685
23.10129700083158
27.1858824273294
31.992671377973846
37.64935806792464
44.30621457583877
52.14008287999685
61.35907273413163
72.20809018385457
84.97534359086438
100.0
###
1.301834801235642
1.1603211927649373
1.0367627002381588
0.9304029126553149
0.8401748268855901
0.7648080647926183
0.7172382810256248
0.6647456649081885
0.6237127014450188
0.5930585040430875
3.5903575982003693
3.062503611909868
2.609890823937096
2.225555759784865
1.901930305925059
1.6310987920936821
1.4581873762894129
1.262406049102958
1.1007828417804082
0.9680562052338197
5.093599743598914
4.260263368201333
3.5539349234089324
2.9601653749246
2.464209237268536
2.051773740174208
1.789307094036573
1.4921856207649489
1.2458513583693933
1.0413098335367454
6.289183785417075
5.193726069651228
4.272859379865724
3.5047561479059515
2.8676444433893606
2.341167001988963
2.0076943624914385
1.6318896442883388
1.320906355223205
1.0632780933279555
7.306308478122077
5.977376006031537
4.867390150972401
3.9473483115053414
3.188822691521276
2.5655251176969753
2.1726266258878604
1.7315736778785398
1.3689116049929044
1.0697653565217518
8.203173221818505
6.661512065802806
5.380876602650741
4.324838657913022
3.4587038809599626
2.750589779549673
2.306211079613287
1.8096079527132476
1.4034879129315574
1.0705037390796492
9.011981715429972
7.273690997792757
5.836376036886133
4.656722401022258
3.6931601721333864
2.909122430017801
2.4191196672647894
1.8738567225709413
1.4303287453821578
1.0689109052450625
9.752761345725713
7.83080889108566
6.248022806536472
4.953949876250041
3.9014784154354842
3.0484326395837735
2.517313398391207
1.9286344000856253
1.4522403853726606
1.0663721569124271
10.439025019912505
8.344118643453452
6.625072243498897
5.224569430400461
4.089615638205382
3.173119809207413
2.604462353367178
1.9765135602641772
1.4707849036784881
1.063501175162729
11.080284702287495
8.821573490353613
6.973981169992836
5.473585878585625
4.261626994140451
3.2862554841232505
2.6829968267753395
2.0191271209393404
1.4868747326744736
1.0605707979956156
11.683722168313263
9.268944836670455
7.299475817190704
5.704753349930435
4.420424993200188
3.3900241791137655
2.754614731675464
2.057591637570295
1.5011272238279412
1.0577187327356743
12.254620899690826
9.690695087965416
7.60514308143676
5.920876351591154
4.56816432334909
3.4860196683845097
2.8205299581245478
2.092691984131734
1.5139405069520955
1.0550062736077257
12.797293979093265
10.09027077836479
7.893690772632389
6.124069035617882
4.70649312214528
3.575452162661974
2.8816764840921696
2.125016924264888
1.5255975003511097
1.0524513408886849
13.315154292372318
10.470433236586503
8.167337798255142
6.316136804018418
4.836702985333038
3.659258659375216
2.938745278678599
2.155004517751688
1.536314748108504
1.0500607924519791
13.810974961957017
10.833415094958147
8.42784821764988
6.498423668711021
4.959824390833618
3.73817605501224
2.9923005547320756
2.182648580598768
1.5462314738475393
1.0478249780087552