# ../data/BKevo/MVge_BKevo/mvge_63.dat
# N(r,Y=0), r, *F2(x,Q^2)
# 1e-05 < r < 100.0
# 1 < Q^2 < 50, n=15, lin grid
# 1e-5 < x < 1e-2, n=10, log grid
###
7.667138247149381e-13
1.1142803195310838e-12
1.631602051973787e-12
2.3829054437493614e-12
3.463888788505232e-12
5.061687233430906e-12
7.393916780218438e-12
1.07493844714721e-11
1.567497192194131e-11
2.2901984347921595e-11
3.329829775388101e-11
4.845111996076788e-11
7.080057728267837e-11
1.0294622182163194e-10
1.494580601511447e-10
2.1842361201189364e-10
3.175966830190388e-10
4.6002266458706545e-10
6.723331893344768e-10
9.775526332180545e-10
1.4149258628370142e-09
2.064467248955601e-09
3.001347619112439e-09
4.343337458965594e-09
6.3223576886153595e-09
9.189908851809454e-09
1.3295456904993351e-08
1.9306457766973833e-08
2.805619183482592e-08
4.057667587835168e-08
5.87739241638332e-08
8.538411954680913e-08
1.234397594748902e-07
1.7833811621489413e-07
2.5899032892305727e-07
3.742632460968104e-07
5.393045618422695e-07
7.829259570663287e-07
1.130939254697954e-06
1.6265422051911098e-06
2.3591286035839772e-06
3.406821824385147e-06
4.89844743143709e-06
7.089235456626701e-06
1.0237791507538138e-05
1.4721553417117656e-05
2.126862478695423e-05
3.073237315577505e-05
4.42235349552329e-05
6.382458250612526e-05
9.235647889600756e-05
0.00013311652724430097
0.0001920953944890734
0.0002786732659708859
0.0004027524323457599
0.0005816854249890825
0.0008468991652795557
0.001228457507219974
0.0017768357374972617
0.002597885575523128
0.003783348517819823
0.005490787527814659
0.008042045611148248
0.011748223842605524
0.017089249459860394
0.02500545240628659
0.036521415723699435
0.05300654044131694
0.07696402033254499
0.11129462080986231
0.15906237663274111
0.22492503611352804
0.3131366561251463
0.4245886990519456
0.556823088343081
0.6968478256154765
0.8269938394433366
0.9264849932439987
0.9764913286664698
0.9955694880589583
0.9997539467544267
0.9999918458092223
0.9999999098677673
0.9999999999145233
0.9999999999999999
1.0
1.0
1.0
1.0
1.0
1.0
1.0
1.0
1.0
1.0
1.0
1.0
1.0
1.0
1.0
###
1e-05
1.1768119524349992e-05
1.3848863713938717e-05
1.6297508346206434e-05
1.917910261672489e-05
2.2570197196339216e-05
2.656087782946684e-05
3.1257158496882356e-05
3.678379771828634e-05
4.328761281083062e-05
5.0941380148163754e-05
5.994842503189409e-05
7.054802310718646e-05
8.302175681319735e-05
9.770099572992247e-05
0.00011497569953977356
0.00013530477745798074
0.00015922827933410923
0.0001873817422860383
0.00022051307399030456
0.00025950242113997375
0.0003053855508833416
0.00035938136638046257
0.0004229242874389499
0.0004977023564332109
0.0005857020818056661
0.0006892612104349695
0.0008111308307896872
0.0009545484566618337
0.0011233240329780276
0.0013219411484660286
0.0015556761439304723
0.0018307382802953678
0.002154434690031882
0.0025353644939701114
0.0029836472402833374
0.003511191734215131
0.004132012400115334
0.004862601580065354
0.005722367659350214
0.006734150657750821
0.007924828983539169
0.0093260334688322
0.010974987654930556
0.01291549665014884
0.01519911082952933
0.01788649529057435
0.0210490414451202
0.02477076355991709
0.029150530628251757
0.034304692863149154
0.040370172585965536
0.047508101621027934
0.05590810182512223
0.06579332246575675
0.0774263682681127
0.09111627561154886
0.10722672220103231
0.1261856883066021
0.14849682622544635
0.1747528400007683
0.20565123083486514
0.24201282647943834
0.2848035868435799
0.3351602650938841
0.3944206059437656
0.46415888336127725
0.5462277217684337
0.642807311728432
0.7564633275546291
0.8902150854450375
1.0476157527896641
1.232846739442066
1.4508287784959402
1.7073526474706886
2.009233002565046
2.364489412645407
2.782559402207126
3.274549162877725
3.8535285937105273
4.534878508128582
5.3366992312063015
6.280291441834247
7.390722033525775
8.697490026177835
10.235310218990248
12.045035402587812
14.174741629268048
16.68100537200059
19.630406500402685
23.10129700083158
27.1858824273294
31.992671377973846
37.64935806792464
44.30621457583877
52.14008287999685
61.35907273413163
72.20809018385457
84.97534359086438
100.0
###
1.557267764664172
1.391906653095325
1.2436946946756697
1.1126043818844344
0.9981411626835359
0.8994489363036565
0.8351240552449395
0.7613317404672244
0.7001132554700243
0.6503167139492598
4.562716283395095
3.9246680361053023
3.366089381407699
2.8824430389833102
2.467765877167037
2.115085950068502
1.8868639584084288
1.6252770985180784
1.4061881338433422
1.2234007364225339
6.644651867145117
5.617869095327839
4.73034803453439
3.97125644497112
3.327660990220285
2.7856641996427793
2.437666083689201
2.0410616500191834
1.7104505815314766
1.4349853705163995
8.342854558646822
6.974420575587147
5.8022310981452865
4.808239494535729
3.9724731150714607
3.2739396474995295
2.8282276982134564
2.3231171161932513
1.9044014884533051
1.5571848590494946
9.811461771206464
8.13348844173795
6.706140138648716
5.503910139210524
4.499424148283495
3.665355553437094
3.1358277043652345
2.538685520840151
2.0464241101208187
1.6402891034245377
11.122088572667888
9.158506701888715
7.4977005564567545
6.106573784001995
4.95050468413752
3.9954378913335513
3.391856331333212
2.7142516317806322
2.158333226517092
1.7020458532021154
12.315136515734945
10.08484146486771
8.207520692075677
6.642337528296135
5.34758573186146
4.282765214794364
3.612472330720934
2.862819788379021
2.2506672572524145
1.7505847464661102
13.41627911384177
10.934683611039837
8.854504535154605
7.127221404976566
5.704073670908583
4.538283689984392
3.806992218035489
2.9919847506742103
2.3293863890759723
1.7902232157204978
14.44296462131925
11.722981485913692
9.451336854778624
7.57182743833917
6.028732370096958
4.769152655477819
3.9815218132333814
3.1064567626362467
2.3976322252260203
1.8235052163034373
15.40758847459947
12.460396684377093
10.00696854231641
7.983583143204757
6.327634314378473
4.980228235203687
4.140100603457406
3.2094071965597784
2.4581883747023134
1.8520762084225624
16.31968770782229
13.154915115409178
10.528058882884851
8.36795094465046
6.60515573938503
5.175071705736053
4.285688614394727
3.303541801851181
2.512184802077615
1.877004411383886
17.1864220118737
13.812619599922877
11.019620276402037
8.729030319431056
6.864714321144198
5.356296212330415
4.42045525168158
3.389369736544507
2.561831070479564
1.8990572165001427
18.013492878272984
14.43788298065876
11.485584931771442
9.070083321215952
7.108847323996525
5.525933578558387
4.546050017847026
3.4690617552551
2.6069604742398815
1.9190425749168811
18.80588150321348
15.035420851219955
11.92896435348207
9.393593664166392
7.339490454295073
5.68553196953074
4.663762375044993
3.543157944561467
2.6485838989879387
1.9365960024237312
19.566466956580193
15.607558802434239
12.352785072569231
9.701647548393549
7.558402491488205
5.836368467328245
4.774619099968381
3.6125238990964377
2.6871796198575324
1.9528054620303472