# datat/BKevo/MVg_BKevo/mvg62.dat
# N(r,Y=0), r, *F2(x,Q^2)
# 1e-05 < r < 100.0
# 1 < Q^2 < 50, n=15, log grid
# 1e-5 < x < 1e-2, n=10, log grid
###
0.0
0.0
0.0
0.0
0.0
0.0
0.0
0.0
1.689189981448727e-17
1.110223024625157e-16
1.110223024625157e-16
2.4538250642047506e-16
4.899354775646979e-16
7.992792369244313e-16
1.488633840758499e-15
2.665369498835355e-15
4.654088811489468e-15
8.15734643679535e-15
1.4685502113854335e-14
2.5916164875264573e-14
4.522698419204087e-14
8.08138591879491e-14
1.4288965543014243e-13
2.495886731644102e-13
4.440392119369448e-13
7.863509134500988e-13
1.3746876228531047e-12
2.432654025449269e-12
4.313041581243153e-12
7.54506217728856e-12
1.327821180784891e-11
2.356823578933349e-11
4.1256370067290206e-11
7.218478023934445e-11
1.2825620264502484e-10
2.2463354594656025e-10
3.906538062329357e-10
6.947310084606034e-10
1.2172663400006887e-09
2.107645078774824e-09
3.743566025166161e-09
6.560713733601512e-09
1.135772681252514e-08
2.005313643691153e-08
3.51438409777965e-08
6.081584504863655e-08
1.0669707556538112e-07
1.8694062645282167e-07
3.23278301592351e-07
5.633606453335403e-07
9.864672757445286e-07
1.704195371502764e-06
2.9486654379012923e-06
5.158340342927436e-06
8.89931692683063e-06
1.5282219894884416e-05
2.6699359907732302e-05
4.598445571433691e-05
7.834693917833432e-05
0.00013665957843829498
0.00023491602517800128
0.00039908074920267067
0.0006913604017385327
0.0011861076217704138
0.0020106868589880467
0.003457002664919025
0.0059188389691164755
0.010008964446756755
0.01706107782640456
0.029080656663075993
0.04883347169482075
0.08178865023873444
0.13635334739394966
0.2209044898911058
0.3464540896611065
0.5172761865782237
0.7115710334912876
0.8840594573687003
0.971288550019575
0.9970360358635185
0.9999755755117857
0.9999999785134711
0.9999999999986975
1.0
1.0
1.0
1.0
1.0
1.0
1.0
1.0
1.0
1.0
1.0
1.0
1.0
1.0
1.0
1.0
1.0
###
1e-05
1.1768119524349992e-05
1.3848863713938717e-05
1.6297508346206434e-05
1.917910261672489e-05
2.2570197196339216e-05
2.656087782946684e-05
3.1257158496882356e-05
3.678379771828634e-05
4.328761281083062e-05
5.0941380148163754e-05
5.994842503189409e-05
7.054802310718646e-05
8.302175681319735e-05
9.770099572992247e-05
0.00011497569953977356
0.00013530477745798074
0.00015922827933410923
0.0001873817422860383
0.00022051307399030456
0.00025950242113997375
0.0003053855508833416
0.00035938136638046257
0.0004229242874389499
0.0004977023564332109
0.0005857020818056661
0.0006892612104349695
0.0008111308307896872
0.0009545484566618337
0.0011233240329780276
0.0013219411484660286
0.0015556761439304723
0.0018307382802953678
0.002154434690031882
0.0025353644939701114
0.0029836472402833374
0.003511191734215131
0.004132012400115334
0.004862601580065354
0.005722367659350214
0.006734150657750821
0.007924828983539169
0.0093260334688322
0.010974987654930556
0.01291549665014884
0.01519911082952933
0.01788649529057435
0.0210490414451202
0.02477076355991709
0.029150530628251757
0.034304692863149154
0.040370172585965536
0.047508101621027934
0.05590810182512223
0.06579332246575675
0.0774263682681127
0.09111627561154886
0.10722672220103231
0.1261856883066021
0.14849682622544635
0.1747528400007683
0.20565123083486514
0.24201282647943834
0.2848035868435799
0.3351602650938841
0.3944206059437656
0.46415888336127725
0.5462277217684337
0.642807311728432
0.7564633275546291
0.8902150854450375
1.0476157527896641
1.232846739442066
1.4508287784959402
1.7073526474706886
2.009233002565046
2.364489412645407
2.782559402207126
3.274549162877725
3.8535285937105273
4.534878508128582
5.3366992312063015
6.280291441834247
7.390722033525775
8.697490026177835
10.235310218990248
12.045035402587812
14.174741629268048
16.68100537200059
19.630406500402685
23.10129700083158
27.1858824273294
31.992671377973846
37.64935806792464
44.30621457583877
52.14008287999685
61.35907273413163
72.20809018385457
84.97534359086438
100.0
###
1.1934209975209351
1.0519299558934168
0.9280100049148431
0.8209356287023793
0.7295396570466366
0.6524601995556293
0.6031977270617525
0.5477633414226167
0.5029169243998183
0.46754109104096253
3.2346897859215082
2.726402824550276
2.2916988568565513
1.9236659959856086
1.6143252890508912
1.3557375146675732
1.1905243324875074
1.002966239179935
0.8471391852953457
0.7176758563579075
4.561863449947649
3.771387003280695
3.1043030578021282
2.546443346074168
2.082801774513462
1.6991120908108674
1.4558588073173768
1.1814452388787822
0.9547289404281767
0.7666865604585997
5.61331054287621
4.583363475187086
3.7222203262324065
3.0084603464671327
2.4203126751686628
1.9375468661747957
1.6336507081485192
1.293139570372625
1.0138965099102322
0.7842407944725478
6.505630819285072
5.263773184951084
4.232825728717222
3.3842253215798546
2.689754615218933
2.1235859087761106
1.7693556589661887
1.3748999347409896
1.053866881809518
0.7921337014547674
7.291107421572028
5.857159354628852
4.673572421688834
3.7048628072598535
2.916599300233071
2.277693379750943
1.8800554190228767
1.4397002875174796
1.0838049107253849
0.7959530980050465
7.998517532079733
6.387569458913361
5.064369620309652
3.9866492469683457
3.113917002715251
2.4100864887404914
1.974070033994617
1.4935806159993743
1.107688690011304
0.7978683338462051
8.64574550963712
6.8698841287351815
5.417420246441046
4.239341125405314
3.2893943352322847
2.526661961617077
2.0561046956088758
1.5398331973046189
1.127561769291869
0.7987857864182547
9.244805499344748
7.313988295898893
5.740677851133693
4.4692954001328316
3.447971246853316
2.6311491081984215
2.129081580124199
1.58043574846587
1.144586537401612
0.799150437589795
9.804095162283266
7.726794222253156
6.03971746394413
4.680894039880287
3.5930185783959074
2.7260553506278256
2.1949527958182276
1.6166818633608127
1.1594845727328493
0.7991845887007509
10.330032810227774
8.11341640986945
6.318603162930599
4.877283457504818
3.7269677692616945
2.813168781904225
2.2550908634728843
1.6494737535632102
1.172745567891915
0.7990281831262505
10.827259415264724
8.47778186953656
6.580432367792373
5.060918788098913
3.8516176342721864
2.893803815447601
2.3104956707568585
1.6794360024475432
1.1847006371658477
0.7987549685310958
11.299705862422972
8.82279776889997
6.8275342152449
5.233599131498719
3.968347868217666
2.9689600201078865
2.3619188101248487
1.7070635601721083
1.1955923961392942
0.7984088814191878
11.750318518885274
9.150934214079884
7.061821618010105
5.396799141032649
4.078257074834452
3.0394113151920568
2.409942701234314
1.732683849365768
1.2056014354623033
0.798025123479608
12.181661685178367
9.464133695823884
7.284811398818131
5.551630738331921
4.18215731977685
3.1057685862105417
2.4550209883684464
1.7566135360588016
1.214861002588953
0.7976144152617893