# datat/BKevo/MVg_BKevo/mvg68.dat
# N(r,Y=0), r, *F2(x,Q^2)
# 1e-05 < r < 100.0
# 1 < Q^2 < 50, n=15, log grid
# 1e-5 < x < 1e-2, n=10, log grid
###
1.082772936918036e-12
1.5737350119745857e-12
2.3043535758876226e-12
3.3653025681584438e-12
4.891867624946541e-12
7.1484356976073115e-12
1.0442183811284112e-11
1.51809397812166e-11
2.213711126029518e-11
3.234322146915516e-11
4.702512620718502e-11
6.84238443545625e-11
9.99852127358126e-11
1.4537971429703893e-10
2.1106033502711835e-10
3.084458632253959e-10
4.4848314600196826e-10
6.495893267461543e-10
9.493590633157798e-10
1.3802899363920623e-09
1.9977713737307904e-09
2.9147186099166548e-09
4.237187399014497e-09
6.131315365041933e-09
8.92419846233915e-09
1.2970420206144683e-08
1.876254666583135e-08
2.7241006818204003e-08
3.957919818418969e-08
5.722953747071672e-08
8.287292869762815e-08
1.2035435098872268e-07
1.739302697298222e-07
2.511696141313142e-07
3.645497344572944e-07
5.26458069323032e-07
7.580283526722769e-07
1.099354295338078e-06
1.5862011530167234e-06
2.27830804287189e-06
3.2987617699992327e-06
4.754324042815591e-06
6.820454301587547e-06
9.842299283676199e-06
1.416563522118723e-05
2.0291432129963675e-05
2.9175662873835362e-05
4.192030059188041e-05
5.99395236338315e-05
8.584410190621998e-05
0.00012308847104003276
0.00017561281591682522
0.0002504337265766863
0.00035819514057978795
0.0005097130375804877
0.0007235067099843533
0.0010317827229243263
0.0014637390099431409
0.0020672746297523085
0.002937975109974604
0.004153181564586535
0.005842830238969206
0.008257908355430135
0.011625039022478969
0.016283352266502064
0.02286295366637434
0.03201209019882299
0.04457172570849047
0.06202687667261378
0.08606322410128527
0.11849813782196096
0.1622222008402645
0.22043862557452043
0.29530929592308336
0.3889717392826922
0.5006682466826938
0.6250699138724026
0.75191863576085
0.859290188214959
0.9377401273119802
0.9822458405133756
0.9963356198720302
0.9995918570913921
0.9999886695807105
0.9999999307677397
0.9999999997889037
0.9999999999999469
1.0
1.0
1.0
1.0
1.0
1.0
1.0
1.0
1.0
1.0
1.0
1.0
1.0
###
1e-05
1.1768119524349992e-05
1.3848863713938717e-05
1.6297508346206434e-05
1.917910261672489e-05
2.2570197196339216e-05
2.656087782946684e-05
3.1257158496882356e-05
3.678379771828634e-05
4.328761281083062e-05
5.0941380148163754e-05
5.994842503189409e-05
7.054802310718646e-05
8.302175681319735e-05
9.770099572992247e-05
0.00011497569953977356
0.00013530477745798074
0.00015922827933410923
0.0001873817422860383
0.00022051307399030456
0.00025950242113997375
0.0003053855508833416
0.00035938136638046257
0.0004229242874389499
0.0004977023564332109
0.0005857020818056661
0.0006892612104349695
0.0008111308307896872
0.0009545484566618337
0.0011233240329780276
0.0013219411484660286
0.0015556761439304723
0.0018307382802953678
0.002154434690031882
0.0025353644939701114
0.0029836472402833374
0.003511191734215131
0.004132012400115334
0.004862601580065354
0.005722367659350214
0.006734150657750821
0.007924828983539169
0.0093260334688322
0.010974987654930556
0.01291549665014884
0.01519911082952933
0.01788649529057435
0.0210490414451202
0.02477076355991709
0.029150530628251757
0.034304692863149154
0.040370172585965536
0.047508101621027934
0.05590810182512223
0.06579332246575675
0.0774263682681127
0.09111627561154886
0.10722672220103231
0.1261856883066021
0.14849682622544635
0.1747528400007683
0.20565123083486514
0.24201282647943834
0.2848035868435799
0.3351602650938841
0.3944206059437656
0.46415888336127725
0.5462277217684337
0.642807311728432
0.7564633275546291
0.8902150854450375
1.0476157527896641
1.232846739442066
1.4508287784959402
1.7073526474706886
2.009233002565046
2.364489412645407
2.782559402207126
3.274549162877725
3.8535285937105273
4.534878508128582
5.3366992312063015
6.280291441834247
7.390722033525775
8.697490026177835
10.235310218990248
12.045035402587812
14.174741629268048
16.68100537200059
19.630406500402685
23.10129700083158
27.1858824273294
31.992671377973846
37.64935806792464
44.30621457583877
52.14008287999685
61.35907273413163
72.20809018385457
84.97534359086438
100.0
###
1.471099228567388
1.3012669003355697
1.1484847449082396
1.0127701809823553
0.8936632103055756
0.7902626083278549
0.7223334055501233
0.6435725194563091
0.5770796718279472
0.5215711519615049
4.265912144738061
3.6303018991597718
3.0740621763306577
2.593538945225347
2.1825010865554586
1.833652723619733
1.6083330660343063
1.3503274088818311
1.1343060427729719
0.9539821731699479
6.1938399879579356
5.181092383342594
4.309020719164364
3.5663384593893626
2.9395682509976933
2.41450711984977
2.079002644609397
1.6985990708626415
1.3836558312933207
1.12236413048415
7.763005609789783
6.422581752728397
5.2797821921631485
4.315906517699865
3.510041966872556
2.8411283902756903
2.4170235767790884
1.9397735087287435
1.5476765846695753
1.2257248168467543
9.118858850930806
7.483116242454781
6.099014075056171
4.940108089786618
3.9781764814761846
3.185372673113959
2.685779614128381
2.12693206790846
1.671111389622571
1.2995445634626839
10.328205647857024
8.420974127371895
6.816901753788786
5.481743126313517
4.379987568430497
3.4771303122818185
2.911063248250025
2.2811120815085215
1.770408598213626
1.3566324337137698
11.42869563803892
9.268584801003453
7.4610303915885225
5.963929699961075
4.734580136751817
3.7320564168865924
3.1062197470033683
2.4127902191559643
1.8534694074156086
1.4030002271067148
12.44410249046159
10.046266338735348
8.0484651682454
6.400834692558603
5.053602719457777
3.959520412821586
3.2791188337040094
2.528106035354609
1.925141635078545
1.44212850722742
13.390676853006736
10.767701586108075
8.590629911802749
6.801848721228248
5.344560323943696
4.165594486686202
3.434815622108152
2.630935251069679
1.9880104497792344
1.4754611599043865
14.279983550372494
11.44264117664916
9.095583492891533
7.173560043272693
5.612893494969122
4.354457638656072
3.5767624194578675
2.7244033457633603
2.0445440079912442
1.5047907663636342
15.120715657512012
12.078464812498755
9.569354656939273
7.520821405971486
5.862389889759059
4.5291432333931665
3.7074499728168506
2.809240539153107
2.0954857371892257
1.530867525624681
15.919557101261574
12.680445870200618
10.016413268653718
7.84726278764487
6.095942850123407
4.691909258835135
3.8287349898173115
2.8876282532111617
2.1420240450963908
1.554518032170409
16.68196644365532
13.252921855978654
10.440347528197904
8.155800448965358
6.31584358542731
4.84449387293354
3.9419968953024846
2.9603232556969745
2.184868533324119
1.5756020741243082
17.41187420722121
13.800017282641793
10.843923710636686
8.448636818397574
6.5238510036430375
4.98837003630036
4.0483592250144875
3.0282236905504973
2.2245905284733274
1.595067115396833
18.113039199216715
14.323971112821463
11.229582786824817
8.72763014949546
6.72140680093111
5.124463678516785
4.148696831993345
3.091952039699432
2.2616064803158618
1.6129909928802186