# datat/BKevo/MVg_BKevo/mvg6.dat
# N(r,Y=0), r, *F2(x,Q^2)
# 1e-05 < r < 100.0
# 1 < Q^2 < 50, n=15, log grid
# 1e-5 < x < 1e-2, n=10, log grid
###
5.118618844993287e-16
7.63495079511036e-16
1.2199577130633238e-15
1.8655168126720602e-15
2.896935639776682e-15
4.440026321386761e-15
6.964757067576166e-15
1.0886261230201787e-14
1.6950049844028025e-14
2.641771602079025e-14
4.09455148003863e-14
6.350674426567218e-14
9.924823994417578e-14
1.5388013667869972e-13
2.3809867110218244e-13
3.722248668097451e-13
5.773616013444896e-13
8.904623805583963e-13
1.3926323689914907e-12
2.1607411175864408e-12
3.330112998731763e-12
5.196908664387033e-12
8.065363886399251e-12
1.2431416766437932e-11
1.933935607825603e-11
3.001901812904075e-11
4.626948976479471e-11
7.17445528075649e-11
1.1137317516944464e-10
1.7164817425079862e-10
2.6524138922147146e-10
4.117382814202102e-10
6.344369773091229e-10
9.768483122551616e-10
1.5161264708219042e-09
2.3353350777957427e-09
3.582159255913974e-09
5.557870499386408e-09
8.556436175342188e-09
1.3085739383294573e-08
2.0271518379402332e-08
3.1185257251176685e-08
4.76496417677264e-08
7.351383599775369e-08
1.1297940737768959e-07
1.724251399250168e-07
2.6485279848173493e-07
4.0650792652420635e-07
6.194790461304561e-07
9.470763319331021e-07
1.4512062126880411e-06
2.2074394395679596e-06
3.357784579587527e-06
5.13458915910328e-06
7.79294095913545e-06
1.1790336907520093e-05
1.798527333713223e-05
2.7226521401480788e-05
4.096029738580434e-05
6.231021822734214e-05
9.406153235789788e-05
0.00014105410577523544
0.00021343781557105643
0.0003213180127317903
0.00048058357922456727
0.0007234309670221971
0.0010867983006355591
0.0016225725694602234
0.0024326268514430803
0.00365178193709312
0.0054503877500322985
0.008151531342903412
0.012247547177772303
0.01829818309608209
0.02731735830453474
0.041059164364239294
0.06126561093387344
0.09084713001198672
0.13517322253975667
0.19811561344388112
0.28500334061185106
0.4017686682759414
0.544482238635542
0.7018226385857762
0.8422606427278624
0.939657035300859
0.9873312083875254
0.9987839618861138
0.9999438127929003
0.9999994813129705
0.9999999999893173
0.9999999999999998
1.0
1.0
1.0
1.0
1.0
1.0
1.0
1.0
###
1e-05
1.1768119524349992e-05
1.3848863713938717e-05
1.6297508346206434e-05
1.917910261672489e-05
2.2570197196339216e-05
2.656087782946684e-05
3.1257158496882356e-05
3.678379771828634e-05
4.328761281083062e-05
5.0941380148163754e-05
5.994842503189409e-05
7.054802310718646e-05
8.302175681319735e-05
9.770099572992247e-05
0.00011497569953977356
0.00013530477745798074
0.00015922827933410923
0.0001873817422860383
0.00022051307399030456
0.00025950242113997375
0.0003053855508833416
0.00035938136638046257
0.0004229242874389499
0.0004977023564332109
0.0005857020818056661
0.0006892612104349695
0.0008111308307896872
0.0009545484566618337
0.0011233240329780276
0.0013219411484660286
0.0015556761439304723
0.0018307382802953678
0.002154434690031882
0.0025353644939701114
0.0029836472402833374
0.003511191734215131
0.004132012400115334
0.004862601580065354
0.005722367659350214
0.006734150657750821
0.007924828983539169
0.0093260334688322
0.010974987654930556
0.01291549665014884
0.01519911082952933
0.01788649529057435
0.0210490414451202
0.02477076355991709
0.029150530628251757
0.034304692863149154
0.040370172585965536
0.047508101621027934
0.05590810182512223
0.06579332246575675
0.0774263682681127
0.09111627561154886
0.10722672220103231
0.1261856883066021
0.14849682622544635
0.1747528400007683
0.20565123083486514
0.24201282647943834
0.2848035868435799
0.3351602650938841
0.3944206059437656
0.46415888336127725
0.5462277217684337
0.642807311728432
0.7564633275546291
0.8902150854450375
1.0476157527896641
1.232846739442066
1.4508287784959402
1.7073526474706886
2.009233002565046
2.364489412645407
2.782559402207126
3.274549162877725
3.8535285937105273
4.534878508128582
5.3366992312063015
6.280291441834247
7.390722033525775
8.697490026177835
10.235310218990248
12.045035402587812
14.174741629268048
16.68100537200059
19.630406500402685
23.10129700083158
27.1858824273294
31.992671377973846
37.64935806792464
44.30621457583877
52.14008287999685
61.35907273413163
72.20809018385457
84.97534359086438
100.0
###
0.5905744445827428
0.4848807895398729
0.3955146623191951
0.3206540202842521
0.25838291062136265
0.20686176264323053
0.17422147662628826
0.1374419541755546
0.10709375696093176
0.08194585095682211
1.4219459125488245
1.1164950881350906
0.8684420977713427
0.6687474065062068
0.5091215320821376
0.382251364929564
0.3047785720364844
0.2207526292209821
0.1546187616729047
0.1027438688650603
1.9236198671368445
1.4845584512752166
1.1338060989062018
0.8560851880959457
0.6377980622163408
0.4673279479488295
0.364958240464023
0.2558819836259345
0.17199326269886167
0.10792752199761067
2.3091498802815753
1.7630234426063227
1.33129308243563
0.9929910741013761
0.7299497485717054
0.5268646751195382
0.4062077947009387
0.27913301435689575
0.18289087665168047
0.11069289235881488
2.630226110841354
1.992585482253916
1.492352100229402
1.103363755971365
0.8032889188809185
0.5735411867179963
0.4381354230945488
0.2967488816450096
0.1908761772007604
0.11251178576954678
2.9090528536770157
2.190472907892381
1.6301354154399392
1.1969484938599837
0.8648842068561082
0.6123294925783296
0.46441561470022674
0.31102244688120706
0.19719300551027
0.11383899546822453
3.1575578973979384
2.3658269778385153
1.7513937398016879
1.278797938588731
0.9183551659342261
0.6456991611025072
0.48686375598562437
0.3230702666288069
0.20242773410436937
0.1148695058210757
3.38300964425899
2.524129143457785
1.8603307741066788
1.3519070736148198
0.9658232922228377
0.6751406909902579
0.5065360303558738
0.33354126045074944
0.20689907374757907
0.11570339896533442
3.5902088931845992
2.6690179941848635
1.959609031115269
1.4182092565885778
1.008654077213826
0.70153350384569
0.5240926931110932
0.342771420966909
0.21080789134456374
0.11640035717795343
3.7825097439485043
2.803007361993338
2.0510692495280387
1.4790472890232464
1.0477698611023243
0.7255159239776575
0.5399801819794211
0.351074606851291
0.21427661064982673
0.11698784024860319
3.9623818262847146
2.927942931388402
2.1360652092858583
1.5353791731043356
1.0838490793166904
0.747536940150672
0.5545015692526334
0.35862164323859586
0.21740034345612322
0.11749902852700937
4.131685148305714
3.045206482528611
2.2156334790138383
1.5879247669564047
1.1173824163040431
0.7679217679640091
0.5678901455776988
0.36553061027484984
0.2202815297894383
0.11794717462670916
4.29186586859391
3.1558691025322756
2.290400498962745
1.6372355143484614
1.1487491861780585
0.7869196587103333
0.5803374280184305
0.3719291853653876
0.22284334146269302
0.11834476096129408
4.4440756545447355
3.2607836951942355
2.3611947601414767
1.6837519008984088
1.1782494127934506
0.8047275317284124
0.591969773734942
0.37788126223940877
0.2252475399371797
0.11869927802699828
4.589273730657871
3.360592046629884
2.4284140962819087
1.727814766031949
1.2061096795767785
0.821496653303051
0.602894703553436
0.3834515516288373
0.22748029311218404
0.11901829310792421