# datat/BKevo/MVg_BKevo/mvg67.dat
# N(r,Y=0), r, *F2(x,Q^2)
# 1e-05 < r < 100.0
# 1 < Q^2 < 50, n=15, log grid
# 1e-5 < x < 1e-2, n=10, log grid
###
1.2976276305007888e-10
1.7701669466569031e-10
2.424964662607096e-10
3.3169195764226685e-10
4.524316935741928e-10
6.189213877632766e-10
8.464906007037508e-10
1.1544564597229887e-09
1.5769948982149067e-09
2.156531246943862e-09
2.940556788503005e-09
4.010787849347459e-09
5.483687327215525e-09
7.475548694893022e-09
1.018041783766093e-08
1.3915584237026424e-08
1.896457569313651e-08
2.57846092445405e-08
3.523388557160624e-08
4.800031675243978e-08
6.521390998104385e-08
8.899314736635133e-08
1.211846600779606e-07
1.6456221639203393e-07
2.2417226360473846e-07
3.0509854967609945e-07
4.140640924173293e-07
5.630042445619359e-07
7.65754465614001e-07
1.038515698210648e-06
1.4092900808369012e-06
1.9153205553161273e-06
2.595393247968854e-06
3.514611607929945e-06
4.772154145074772e-06
6.460190552408457e-06
8.728531743395345e-06
1.1838429443557112e-05
1.600706081920932e-05
2.1582898680479416e-05
2.922307768903049e-05
3.9457645560097395e-05
5.312332905901209e-05
7.173110274401202e-05
9.669004974111938e-05
0.0001299480043892993
0.00017493590684478888
0.00023533166242812193
0.0003156137742187797
0.00042346145464106544
0.0005682948412504226
0.0007602634143856774
0.0010162737761692416
0.0013599740809243648
0.0018139832253391062
0.0024148289839651606
0.0032205956822592583
0.004280719237833708
0.005672447252332287
0.007535011277752627
0.009973997511294776
0.01315867728975599
0.017383532612319
0.022897196546796568
0.030052920934345584
0.039442137376930204
0.05163049657741415
0.06731226882871778
0.08759259100116921
0.11362692230196471
0.14659981799305752
0.18821105041018943
0.24017247567080277
0.3036655668526674
0.37975720761828324
0.4680415472823155
0.5666142555910898
0.6712247233421752
0.7710730654915234
0.8597632105785789
0.9293528311190751
0.9701308047539757
0.9906900960368944
0.9983393616054714
0.9998034615361929
0.9999861246891548
0.9999997203015417
0.9999999994640214
0.9999999999988309
0.9999999999999997
1.0
1.0
1.0
1.0
1.0
1.0
1.0
1.0
1.0
1.0
###
1e-05
1.1768119524349992e-05
1.3848863713938717e-05
1.6297508346206434e-05
1.917910261672489e-05
2.2570197196339216e-05
2.656087782946684e-05
3.1257158496882356e-05
3.678379771828634e-05
4.328761281083062e-05
5.0941380148163754e-05
5.994842503189409e-05
7.054802310718646e-05
8.302175681319735e-05
9.770099572992247e-05
0.00011497569953977356
0.00013530477745798074
0.00015922827933410923
0.0001873817422860383
0.00022051307399030456
0.00025950242113997375
0.0003053855508833416
0.00035938136638046257
0.0004229242874389499
0.0004977023564332109
0.0005857020818056661
0.0006892612104349695
0.0008111308307896872
0.0009545484566618337
0.0011233240329780276
0.0013219411484660286
0.0015556761439304723
0.0018307382802953678
0.002154434690031882
0.0025353644939701114
0.0029836472402833374
0.003511191734215131
0.004132012400115334
0.004862601580065354
0.005722367659350214
0.006734150657750821
0.007924828983539169
0.0093260334688322
0.010974987654930556
0.01291549665014884
0.01519911082952933
0.01788649529057435
0.0210490414451202
0.02477076355991709
0.029150530628251757
0.034304692863149154
0.040370172585965536
0.047508101621027934
0.05590810182512223
0.06579332246575675
0.0774263682681127
0.09111627561154886
0.10722672220103231
0.1261856883066021
0.14849682622544635
0.1747528400007683
0.20565123083486514
0.24201282647943834
0.2848035868435799
0.3351602650938841
0.3944206059437656
0.46415888336127725
0.5462277217684337
0.642807311728432
0.7564633275546291
0.8902150854450375
1.0476157527896641
1.232846739442066
1.4508287784959402
1.7073526474706886
2.009233002565046
2.364489412645407
2.782559402207126
3.274549162877725
3.8535285937105273
4.534878508128582
5.3366992312063015
6.280291441834247
7.390722033525775
8.697490026177835
10.235310218990248
12.045035402587812
14.174741629268048
16.68100537200059
19.630406500402685
23.10129700083158
27.1858824273294
31.992671377973846
37.64935806792464
44.30621457583877
52.14008287999685
61.35907273413163
72.20809018385457
84.97534359086438
100.0
###
1.6782440440661688
1.4840725010262072
1.3061675764092529
1.1453481606701283
1.0017558239560462
0.8751025770710116
0.7907833784631929
0.6917114968551663
0.6067329994435335
0.5345891954147021
5.082952004852912
4.335758971352388
3.6726752361999595
3.0923068261470736
2.5902214157790624
2.160537468460233
1.8815242907953194
1.560979663946677
1.2922513072892723
1.0678126662593925
7.523689190716946
6.317620177360542
5.263985458422808
4.355869895688774
3.5822016151687395
2.929788082085537
2.511570847511995
2.0367950696245227
1.6440703387479711
1.320306806878995
9.551802262574341
7.939069489103642
6.544892092551291
5.355623970310886
4.352755127661273
3.5154785109947735
2.9833147460544733
2.384191857852299
1.893311307967292
1.4924849789926218
11.328465496883341
9.344695000829317
7.643260599383368
6.203250686864224
4.99805865923728
3.9994708567708837
3.3687699534977127
2.663501375369865
2.089753366614944
1.6248522323628514
12.929751146301836
10.601605593123255
8.617458726475089
6.948546840268668
5.560381240234127
4.417061597155539
3.6987591422771473
2.899614176447567
2.25347426660833
1.7330534656497605
14.399184841077371
11.747761528341078
9.500028971881697
7.619190299060248
6.062715373066955
4.787171453144558
3.9893369060916894
3.1055503335743793
2.3946005541668116
1.8250899069692428
15.764302006256708
12.80715918464023
10.311423468126149
8.23227428587589
6.519187634717288
5.121323900147679
4.250307494738984
3.2890071859251884
2.519138551457019
1.9052834001835328
17.044672707737302
13.796213301067546
11.06544111603063
8.799277004540928
6.939201650734518
5.427094398538681
4.488010569284542
3.4549938800717177
2.630877710239569
1.9764901870450706
18.25390595037957
14.72667228227644
11.771943285034425
9.328359919671042
7.329399234799357
5.709773773974172
4.70682429226486
3.6069432028236004
2.732478248149523
2.0406717858836565
19.402407970984008
15.607353042761197
12.438362585431182
9.825498452231438
7.694595220603044
5.973242740262936
4.910128294129644
3.747345270407758
2.8257802130553515
2.0991513534820587
20.498612307141332
16.44491933101522
13.070173593478303
10.295208149173714
8.038509581662469
6.220421215573557
5.100270740048176
3.878049221029048
2.9122045359795115
2.1529132817851817
21.54821837342307
17.244996173306852
13.67188281642784
10.741279360116273
8.364030017296766
6.453575682587487
5.27915572148785
4.00047739962452
2.992715328576213
2.2027011369002762
22.556776564996728
18.011798893296117
14.247061321253527
11.166505274135961
8.673452836977972
6.674534956595216
5.448201715527454
4.115760011026034
3.0681777683100133
2.249093391586178
23.52843609497055
18.749150714242518
14.798620970015863
11.573423139979168
8.968635796039935
6.884697192106901
5.60859981235103
4.224770283321553
3.139240239509278
2.2925514664940483