# datat/BKevo/MVg_BKevo/mvg79.dat
# N(r,Y=0), r, *F2(x,Q^2)
# 1e-05 < r < 100.0
# 1 < Q^2 < 50, n=15, log grid
# 1e-5 < x < 1e-2, n=10, log grid
###
1.110223024625157e-16
1.110223024625157e-16
2.494782770345731e-16
3.9530782302691526e-16
6.409671830972836e-16
1.109934432253868e-15
1.9515113476503366e-15
3.165958296844273e-15
5.2397112044549214e-15
8.80606503507055e-15
1.4574847745141445e-14
2.4101835881522038e-14
4.019577392933508e-14
6.644490913803711e-14
1.0960739822870719e-13
1.833478757497121e-13
3.0327723322653466e-13
4.977950730817092e-13
8.336285118181949e-13
1.3801745007590185e-12
2.2640635746502904e-12
3.7812008388595305e-12
6.264785803709897e-12
1.0281309648389328e-11
1.7101081882549654e-11
2.835215022020106e-11
4.6547400665285904e-11
7.709677252847174e-11
1.2789435315672933e-10
2.1003293794671186e-10
3.4634858771713063e-10
5.748331649338627e-10
9.441923453433737e-10
1.54982942318071e-09
2.573204161234673e-09
4.226877005168251e-09
6.904700865699976e-09
1.1466543352791735e-08
1.8833687214303046e-08
3.0654329421494745e-08
5.083486132802526e-08
8.347113506540576e-08
1.3578477769820574e-07
2.2405811426751545e-07
3.677072731093941e-07
5.976772281512063e-07
9.810167465695845e-07
1.6086370240435964e-06
2.611817863006902e-06
4.262851427133747e-06
6.981887843280219e-06
1.1319535135564521e-05
1.8364229719061074e-05
3.0030965718275854e-05
4.859961103231308e-05
7.834397402495281e-05
0.00012786564735377362
0.00020647339804166805
0.0003306198708449095
0.0005383622899788134
0.0008671519385839098
0.0013840872385188848
0.002239596198390392
0.0035972813198164233
0.005724513041541869
0.00919503523684229
0.01471443404931311
0.02331069428089772
0.03706646426777847
0.05879631646701933
0.09198181903423033
0.1428216304467844
0.21919163857164087
0.3265230908342491
0.46864690646104734
0.6361845867894436
0.8018677143269008
0.9285697446298207
0.9832968902940765
0.9982543543776146
0.9999809078895592
0.9999999553230667
0.9999999999864749
1.0
1.0
1.0
1.0
1.0
1.0
1.0
1.0
1.0
1.0
1.0
1.0
1.0
1.0
1.0
1.0
1.0
###
1e-05
1.1768119524349992e-05
1.3848863713938717e-05
1.6297508346206434e-05
1.917910261672489e-05
2.2570197196339216e-05
2.656087782946684e-05
3.1257158496882356e-05
3.678379771828634e-05
4.328761281083062e-05
5.0941380148163754e-05
5.994842503189409e-05
7.054802310718646e-05
8.302175681319735e-05
9.770099572992247e-05
0.00011497569953977356
0.00013530477745798074
0.00015922827933410923
0.0001873817422860383
0.00022051307399030456
0.00025950242113997375
0.0003053855508833416
0.00035938136638046257
0.0004229242874389499
0.0004977023564332109
0.0005857020818056661
0.0006892612104349695
0.0008111308307896872
0.0009545484566618337
0.0011233240329780276
0.0013219411484660286
0.0015556761439304723
0.0018307382802953678
0.002154434690031882
0.0025353644939701114
0.0029836472402833374
0.003511191734215131
0.004132012400115334
0.004862601580065354
0.005722367659350214
0.006734150657750821
0.007924828983539169
0.0093260334688322
0.010974987654930556
0.01291549665014884
0.01519911082952933
0.01788649529057435
0.0210490414451202
0.02477076355991709
0.029150530628251757
0.034304692863149154
0.040370172585965536
0.047508101621027934
0.05590810182512223
0.06579332246575675
0.0774263682681127
0.09111627561154886
0.10722672220103231
0.1261856883066021
0.14849682622544635
0.1747528400007683
0.20565123083486514
0.24201282647943834
0.2848035868435799
0.3351602650938841
0.3944206059437656
0.46415888336127725
0.5462277217684337
0.642807311728432
0.7564633275546291
0.8902150854450375
1.0476157527896641
1.232846739442066
1.4508287784959402
1.7073526474706886
2.009233002565046
2.364489412645407
2.782559402207126
3.274549162877725
3.8535285937105273
4.534878508128582
5.3366992312063015
6.280291441834247
7.390722033525775
8.697490026177835
10.235310218990248
12.045035402587812
14.174741629268048
16.68100537200059
19.630406500402685
23.10129700083158
27.1858824273294
31.992671377973846
37.64935806792464
44.30621457583877
52.14008287999685
61.35907273413163
72.20809018385457
84.97534359086438
100.0
###
1.3447775494312395
1.1945131638463373
1.0618076996225636
0.9462045476395895
0.8467481010116706
0.762267099263821
0.7079573909242324
0.64655495040165
0.5965951016617274
0.5569677540943183
3.766999086062078
3.208296851749373
2.726123451410675
2.314244581944863
1.9652405255410919
1.671577939389895
1.4830513353382624
1.26830817431534
1.08950676422753
0.9409931541001987
5.382256876405609
4.499680064413327
3.7476917731287003
3.11286858386148
2.580730325772335
2.1371066749310716
1.8542427040896758
1.5336597046043894
1.2675929195816371
1.0464889879639874
6.676241795546296
5.51464304881436
4.5337273880833235
3.7127691189847214
3.030200552141814
2.46537154750551
2.10750511981365
1.7042171671190742
1.3715026071555871
1.0964414445295196
7.782144938048388
6.371166355356506
5.187916687641661
4.204186156323735
3.3916595646475174
2.7234874693713604
2.3024581165505054
1.8304849485167314
1.4434752108331022
1.1255190196791018
8.760613879343824
7.12181743418189
5.755337600639506
4.6255858250294235
3.697419844989592
2.9383111977850134
2.4622172199567345
1.9310844583927362
1.4981638746473251
1.1445158670252724
9.645253808660403
7.795448262825914
6.26039940745589
4.99723817886483
3.9642896161828682
3.1234058301686107
2.598270382998185
2.014771903917526
1.5418538557467978
1.1578808963088998
10.457170374440985
8.409897996282
6.718008374749839
5.3314672238662455
4.202236689012959
3.2867817238685606
2.717191546401295
2.0869615711138527
1.5783481235311017
1.167786249841537
11.210621901223881
8.977105422002401
7.1380380343579395
5.636228247122588
4.417724688459291
3.4334420789992532
2.8231202303741614
2.150213586934057
1.6095904907500662
1.1754199768875193
11.915726984393055
9.505512432110443
7.527409139468418
5.917292681232656
4.6151522654413775
3.566829713889156
2.918812372226603
2.2066661310470415
1.6368843078095099
1.1814701326095391
12.580076949805878
10.001328810539551
7.891185271580801
6.178655983445591
4.79773572123683
3.6894025819572978
3.006231488811547
2.2577024871894698
1.6611190983987205
1.1863951132855082
13.209384324856627
10.469318004056442
8.233221114344875
6.42331498415521
4.9679073129467834
3.8029608328210687
3.086804450391597
2.3043217753141656
1.6829024466288847
1.1904730182402263
13.807913189421143
10.91317571668995
8.55652358188642
6.653713956323162
5.1274075008719935
3.9088793034173555
3.161614662897823
2.34725772090041
1.7026860537983466
1.1939051805490275
14.38016668341634
11.335807051920385
8.863433402346743
6.871651867771801
5.277733370800804
4.008234188960066
3.2314997987458196
2.3870858072914642
1.72080878217633
1.1968348696544364
14.928207122519398
11.739747031877277
9.155868222763532
7.078657054849187
5.419860952713142
4.101871488990899
3.297113674643668
2.4242173352144962
1.7375158586522377
1.1993543002241118