# datat/BKevo/MVg_BKevo/mvg7.dat
# N(r,Y=0), r, *F2(x,Q^2)
# 1e-05 < r < 100.0
# 1 < Q^2 < 50, n=15, log grid
# 1e-5 < x < 1e-2, n=10, log grid
###
0.0
0.0
0.0
0.0
0.0
0.0
5.674273045358823e-17
1.110223024625157e-16
1.2791420227700295e-16
2.733225202478388e-16
4.201048342484345e-16
7.011406670182595e-16
1.1825857930211822e-15
1.931625381236409e-15
3.3038568876551447e-15
5.471888429943916e-15
9.005078264191067e-15
1.4847679680913724e-14
2.480669937696278e-14
4.1047420979151406e-14
6.732687156460026e-14
1.1241436791641408e-13
1.862433452809073e-13
3.0566615505942654e-13
5.084189144416489e-13
8.429162498201875e-13
1.383914249909634e-12
2.2921363990925024e-12
3.802432386498201e-12
6.244497153803194e-12
1.029739861504407e-11
1.709049604229481e-11
2.807198595713229e-11
4.607825061264838e-11
7.650436900526935e-11
1.256699964032227e-10
2.0528479534226653e-10
3.409137558717886e-10
5.599475681639303e-10
9.113890784144937e-10
1.5113799139919284e-09
2.4816945447871993e-09
4.037040416610003e-09
6.661510390112897e-09
1.0932369053360407e-08
1.7769647903028915e-08
2.9166788882076256e-08
4.782669769130974e-08
7.765249804522687e-08
1.2673982390022826e-07
2.0758041439163058e-07
3.3654489502347074e-07
5.459949600306494e-07
8.928691695570597e-07
1.4449580780751027e-06
2.3293472822473913e-06
3.801838873019963e-06
6.139325958579697e-06
9.83129399569427e-06
1.6010454633198717e-05
2.5792591080431304e-05
4.1178301529286434e-05
6.666038450245927e-05
0.00010714394516279014
0.00017067494056505008
0.0002746380995066031
0.0004407275864791219
0.000701114430850143
0.0011227969765956888
0.0018016287374145493
0.002866875998143211
0.004577270403567927
0.007357668447781247
0.011729860531041974
0.01868718229031612
0.030082863715876745
0.047938109449469656
0.0757832301215396
0.12065369762403642
0.18822381600506866
0.28638459614555123
0.423989093227834
0.5931308174654417
0.77171314381784
0.9080115630258262
0.9777813867105016
0.9981022233423196
0.9999710805361199
0.9999998550076369
0.9999999999573481
1.0
1.0
1.0
1.0
1.0
1.0
1.0
1.0
1.0
1.0
###
1e-05
1.1768119524349992e-05
1.3848863713938717e-05
1.6297508346206434e-05
1.917910261672489e-05
2.2570197196339216e-05
2.656087782946684e-05
3.1257158496882356e-05
3.678379771828634e-05
4.328761281083062e-05
5.0941380148163754e-05
5.994842503189409e-05
7.054802310718646e-05
8.302175681319735e-05
9.770099572992247e-05
0.00011497569953977356
0.00013530477745798074
0.00015922827933410923
0.0001873817422860383
0.00022051307399030456
0.00025950242113997375
0.0003053855508833416
0.00035938136638046257
0.0004229242874389499
0.0004977023564332109
0.0005857020818056661
0.0006892612104349695
0.0008111308307896872
0.0009545484566618337
0.0011233240329780276
0.0013219411484660286
0.0015556761439304723
0.0018307382802953678
0.002154434690031882
0.0025353644939701114
0.0029836472402833374
0.003511191734215131
0.004132012400115334
0.004862601580065354
0.005722367659350214
0.006734150657750821
0.007924828983539169
0.0093260334688322
0.010974987654930556
0.01291549665014884
0.01519911082952933
0.01788649529057435
0.0210490414451202
0.02477076355991709
0.029150530628251757
0.034304692863149154
0.040370172585965536
0.047508101621027934
0.05590810182512223
0.06579332246575675
0.0774263682681127
0.09111627561154886
0.10722672220103231
0.1261856883066021
0.14849682622544635
0.1747528400007683
0.20565123083486514
0.24201282647943834
0.2848035868435799
0.3351602650938841
0.3944206059437656
0.46415888336127725
0.5462277217684337
0.642807311728432
0.7564633275546291
0.8902150854450375
1.0476157527896641
1.232846739442066
1.4508287784959402
1.7073526474706886
2.009233002565046
2.364489412645407
2.782559402207126
3.274549162877725
3.8535285937105273
4.534878508128582
5.3366992312063015
6.280291441834247
7.390722033525775
8.697490026177835
10.235310218990248
12.045035402587812
14.174741629268048
16.68100537200059
19.630406500402685
23.10129700083158
27.1858824273294
31.992671377973846
37.64935806792464
44.30621457583877
52.14008287999685
61.35907273413163
72.20809018385457
84.97534359086438
100.0
###
0.552470520061506
0.4527468204724488
0.3687647754547673
0.2986210405476054
0.24040375303404435
0.1922917083061889
0.16181509309776562
0.12744292401200288
0.0989769287530718
0.07540877100806875
1.3091003892556907
1.0244536265121484
0.7941098194995168
0.6091321376225284
0.4615650513916827
0.3444358055513512
0.27295345874340315
0.1954253100011054
0.13437612652844882
0.08643495664013044
1.7603895668097873
1.3534594226469598
1.0294795274339348
0.7736559741025804
0.5730365229042267
0.41665726026513067
0.32286779186181236
0.22306137130040982
0.146422149559173
0.08805549163794155
2.105486712734719
1.6010945742464995
1.2036782621557012
0.8931839952908737
0.6523636013627319
0.4668509437635248
0.35684243451568376
0.24121087151135936
0.15389248231747724
0.08869781427465528
2.3919721767731525
1.804579518399455
1.3452858554867628
0.9892011359214578
0.7152642510269803
0.5060582980158788
0.383036461158326
0.25491426329793854
0.1593487557216142
0.08904727573535766
2.640208272385362
1.979568625287554
1.4660641361225173
1.0704057877166508
0.7679479453520328
0.53854520216592
0.4045410151530843
0.2659974932406127
0.1636627201647292
0.08928881728472886
2.861056319018504
2.1343075193733987
1.572257811629059
1.1412890361596923
0.8135913491523878
0.5664488227451103
0.4228804216062678
0.2753451406493385
0.16723833906839766
0.08942775492962073
3.061122012806296
2.2738234442270215
1.667459866100663
1.2045054833061786
0.8540467144345494
0.5910230161195262
0.4389276561665125
0.28343513387338826
0.17029618799954124
0.08954070417268337
3.244766476926677
2.4013619962526205
1.7541085778717505
1.2617685050720429
0.89050204979533
0.6130184681815299
0.45323746544262644
0.2905983944867994
0.1729722745690528
0.0896285357493736
3.415025539090865
2.51917498214407
1.8338472471428924
1.314238162405351
0.9237573608527835
0.6329888751187385
0.4661570351294358
0.2970247671358259
0.17534530300511364
0.08969116498465089
3.5741349358552412
2.6289240648386865
1.9078820863633204
1.3627804923073052
0.9544002427633874
0.6513132183584563
0.47797726789055645
0.3028600975219025
0.17748508417599745
0.08974289879124872
3.7237754118944286
2.7318474812885802
1.977106975201266
1.408025896721504
0.98285655911531
0.6682585296118151
0.4888676419297895
0.30821391648050606
0.17943534102745334
0.08978328149124253
3.865245835435506
2.8289041911992956
2.042217502558161
1.450446748322882
1.0094536726731678
0.6840396260783665
0.4989738618158922
0.31315613133952774
0.18121363101142587
0.08981493444525335
3.9995842464692086
2.920857180559132
2.103685573319044
1.4904312776745863
1.0344504386786295
0.6988229621882827
0.5084166522591196
0.3177565732670756
0.18286778421531416
0.08985278715086467
4.127641821188658
3.0083158577011044
2.162064052442145
1.5282787874983708
1.0580470610049426
0.7127348978813441
0.5173427675992412
0.3220539890390742
0.1844274326291516
0.08987131539990158