# datat/BKevo/MVg_BKevo/mvg78.dat
# N(r,Y=0), r, *F2(x,Q^2)
# 1e-05 < r < 100.0
# 1 < Q^2 < 50, n=15, log grid
# 1e-5 < x < 1e-2, n=10, log grid
###
1.0649670203740955e-14
1.647065536071853e-14
2.5841156579254826e-14
4.026927048998946e-14
6.241512730146333e-14
9.743667631593675e-14
1.5199355752580934e-13
2.355143849021365e-13
3.665752752355899e-13
5.723582880068642e-13
8.87168810258771e-13
1.3769963305082076e-12
2.151181296119786e-12
3.3354809171638446e-12
5.160985819928632e-12
8.067328643553917e-12
1.25131304216279e-11
1.9299592550963817e-11
3.018312144923811e-11
4.6831150124218837e-11
7.21764377220968e-11
1.12637716762348e-10
1.7480866897961472e-10
2.6943861661067915e-10
4.1916077245242456e-10
6.506326797649775e-10
1.002846566952427e-09
1.5549929164832023e-09
2.4139055003655342e-09
3.7203066163454435e-09
5.74884859625415e-09
8.924024425236087e-09
1.375080035552518e-08
2.117223210316435e-08
3.2860558325211197e-08
5.061610215087987e-08
7.763979562521816e-08
1.2046140099778322e-07
1.854523701342421e-07
2.8362056624050906e-07
4.3936524474079347e-07
6.759097335901233e-07
1.0327588802891754e-06
1.5933392732497823e-06
2.448715249476726e-06
3.7371395862477537e-06
5.74040939841566e-06
8.81062384050701e-06
1.3426515576561267e-05
2.0526749217259304e-05
3.14529915905597e-05
4.784298353269274e-05
7.277414177671316e-05
0.0001112811416777749
0.00016889053547069965
0.0002555126746675046
0.00038973895877361756
0.0005899389844230702
0.0008873983048146715
0.001349623300623188
0.0020366694966614932
0.003052742091548456
0.0046156470341073555
0.006940664997578583
0.010364260522698865
0.015560781984618695
0.023286627680753822
0.03457855268135232
0.0513998691743437
0.07616643635805968
0.11163342596586376
0.16240029824403585
0.2337762231305728
0.32906190756779896
0.4506064486004638
0.5931706599459259
0.7416004054431298
0.8723861321068686
0.9525439596402975
0.989341792190622
0.999239528173725
0.9999705437519114
0.9999996576498486
0.9999999997100938
0.9999999999999999
1.0
1.0
1.0
1.0
1.0
1.0
1.0
1.0
1.0
1.0
1.0
1.0
1.0
1.0
1.0
###
1e-05
1.1768119524349992e-05
1.3848863713938717e-05
1.6297508346206434e-05
1.917910261672489e-05
2.2570197196339216e-05
2.656087782946684e-05
3.1257158496882356e-05
3.678379771828634e-05
4.328761281083062e-05
5.0941380148163754e-05
5.994842503189409e-05
7.054802310718646e-05
8.302175681319735e-05
9.770099572992247e-05
0.00011497569953977356
0.00013530477745798074
0.00015922827933410923
0.0001873817422860383
0.00022051307399030456
0.00025950242113997375
0.0003053855508833416
0.00035938136638046257
0.0004229242874389499
0.0004977023564332109
0.0005857020818056661
0.0006892612104349695
0.0008111308307896872
0.0009545484566618337
0.0011233240329780276
0.0013219411484660286
0.0015556761439304723
0.0018307382802953678
0.002154434690031882
0.0025353644939701114
0.0029836472402833374
0.003511191734215131
0.004132012400115334
0.004862601580065354
0.005722367659350214
0.006734150657750821
0.007924828983539169
0.0093260334688322
0.010974987654930556
0.01291549665014884
0.01519911082952933
0.01788649529057435
0.0210490414451202
0.02477076355991709
0.029150530628251757
0.034304692863149154
0.040370172585965536
0.047508101621027934
0.05590810182512223
0.06579332246575675
0.0774263682681127
0.09111627561154886
0.10722672220103231
0.1261856883066021
0.14849682622544635
0.1747528400007683
0.20565123083486514
0.24201282647943834
0.2848035868435799
0.3351602650938841
0.3944206059437656
0.46415888336127725
0.5462277217684337
0.642807311728432
0.7564633275546291
0.8902150854450375
1.0476157527896641
1.232846739442066
1.4508287784959402
1.7073526474706886
2.009233002565046
2.364489412645407
2.782559402207126
3.274549162877725
3.8535285937105273
4.534878508128582
5.3366992312063015
6.280291441834247
7.390722033525775
8.697490026177835
10.235310218990248
12.045035402587812
14.174741629268048
16.68100537200059
19.630406500402685
23.10129700083158
27.1858824273294
31.992671377973846
37.64935806792464
44.30621457583877
52.14008287999685
61.35907273413163
72.20809018385457
84.97534359086438
100.0
###
1.4123956871679895
1.2541414191886735
1.1133877120213287
0.9895475033910173
0.8820276806735148
0.7897685200878359
0.7298553750970529
0.6613027244443935
0.6045367736115415
0.5585703129425535
4.025869074297007
3.433083867777218
2.9189948521707203
2.4768763170162003
2.1003860462906916
1.7820673847107122
1.5769718830560553
1.3425955320386846
1.1467307952313295
0.9833655488532602
5.796242158287777
4.855474419185508
4.050379876504812
3.366816160848327
2.791612513961136
2.3103880745256165
2.0029937256221717
1.6540888612722355
1.3643188376665716
1.1235021301250643
7.225261206862709
5.982825084096448
4.929371765805379
4.043008584196161
3.303427439883273
2.6897334857654394
2.300388203734059
1.8612737032721673
1.4990933206711412
1.2000089426427694
8.452673000519532
6.939323465427611
5.66541149442914
4.600803949977949
3.718575056518062
2.9913513309250677
2.532490889951127
2.01788710825109
1.5961370567596604
1.250112110209931
9.542556621971285
7.781028111758407
6.306602967009439
5.081550040660473
4.071915781898678
3.2442230296500147
2.7244808404002
2.144428573663177
1.6717472638205477
1.2862919960578547
10.530768133307468
8.538631313206741
6.8792648608409275
5.507171675102023
4.3816780746837365
3.46332429216174
2.8890996656113868
2.250946083112481
1.7335960963905592
1.3140715392322815
11.43988306791048
9.231439860369644
7.399542248228591
5.891092685862074
4.658850717276677
3.657519501910697
3.0337367250671274
2.343084599691646
1.7858938662017236
1.3363145817094093
12.285186188402127
9.872327815494653
7.878180755072447
6.242167640333251
4.910672918048958
3.832466650771464
3.1630927285563746
2.4245694878585806
1.831170834553822
1.3546900570043703
13.077482488529176
10.470449923929555
8.322738988034182
6.566536268014277
5.1416733762295745
3.992034299292984
3.2803314300256123
2.4975724201488627
1.8710778779173411
1.3702189462607577
13.825129745860668
11.03258193008477
8.738829027946558
6.868704010193109
5.355954359698228
4.139010953655552
3.387726218516363
2.563824211791162
1.906758172729346
1.3835844691833543
14.53427831543819
11.563876108267229
9.130588379685882
7.152060733717989
5.555933347826734
4.275457465937198
3.486949176074036
2.624526687122731
1.9390198899502888
1.3952647866345271
15.209860869378113
12.068309500613903
9.50135394783056
7.419234226204791
5.743704000961623
4.402951446124663
3.5792764553669043
2.680565095911848
1.9684532775974362
1.4055374324304077
15.855831674158095
12.549461234228989
9.853751720828127
7.672314637629453
5.920896999351262
4.522732054140672
3.6656979668432905
2.7326573902789697
1.995525574256835
1.4148208701345615
16.475630488213454
13.009483232385273
10.18995732981447
7.913013014812564
6.088778243345845
4.635797796748955
3.7469309702340357
2.78134168810678
2.020576303730512
1.4231283447563252