# datat/BKevo/MVg_BKevo/mvg74.dat
# N(r,Y=0), r, *F2(x,Q^2)
# 1e-05 < r < 100.0
# 1 < Q^2 < 50, n=15, log grid
# 1e-5 < x < 1e-2, n=10, log grid
###
2.0033889692748447e-06
2.4045532027269204e-06
2.88649895724764e-06
3.4641460902692037e-06
4.155880620530855e-06
4.9859418157692175e-06
5.9807444412756685e-06
7.171357021798732e-06
8.598362680339182e-06
1.0308290575383947e-05
1.2353529196629885e-05
1.4801874759195861e-05
1.7734842412067366e-05
2.124057263191607e-05
2.543206350847769e-05
3.0451277943047542e-05
3.644615253020227e-05
4.360458400501492e-05
5.2172190605842316e-05
6.239663850224073e-05
7.459361232589415e-05
8.917298454890042e-05
0.00010656021047366906
0.00012728183087673398
0.00015201213612450255
0.00018148354005158564
0.00021656853259692787
0.00025837184333580687
0.0003081423191243344
0.00036731953655232645
0.0004377053646359846
0.000521405559291175
0.0006207840546830813
0.0007387655477741019
0.0008788533633403025
0.0010449085204716252
0.0012416532734975377
0.0014748202263298474
0.0017506773833083635
0.002076818862331265
0.002462390253180193
0.002917535596074546
0.00345437063985702
0.004087108959064567
0.004832009890534628
0.005708111990693346
0.006737190338570274
0.007944545482695855
0.009359691325226393
0.01101543977224711
0.012949604800156422
0.015207246511242811
0.01783691887724408
0.020891996773060872
0.02444019589504551
0.02855209988763969
0.033296856982631615
0.03877486142828959
0.045087389336771935
0.052312241865937276
0.060597323421554064
0.07007958375192377
0.080849017464165
0.09310042494741179
0.10702100580220633
0.12271810780198229
0.14042607965761889
0.1604069024051873
0.18279577732949154
0.20784038614643557
0.2359062581850723
0.2671561281854662
0.30175319764233594
0.34015440786122136
0.3824623867796886
0.4284238326094042
0.4784341083878465
0.5322422820610146
0.588330273770326
0.6467519430418941
0.7063818034822092
0.7636428921313198
0.8181393119881923
0.8680874227072793
0.9095087991718072
0.9425539342146138
0.9673654912746751
0.9832413660919769
0.9923740323817628
0.997186678871688
0.999158411448566
0.9997812519283817
0.9999610783785504
0.9999960012049367
0.9999995868196018
0.9999999765033972
0.9999999997380382
0.9999999999943016
0.9999999999999463
1.0
###
1e-05
1.1768119524349992e-05
1.3848863713938717e-05
1.6297508346206434e-05
1.917910261672489e-05
2.2570197196339216e-05
2.656087782946684e-05
3.1257158496882356e-05
3.678379771828634e-05
4.328761281083062e-05
5.0941380148163754e-05
5.994842503189409e-05
7.054802310718646e-05
8.302175681319735e-05
9.770099572992247e-05
0.00011497569953977356
0.00013530477745798074
0.00015922827933410923
0.0001873817422860383
0.00022051307399030456
0.00025950242113997375
0.0003053855508833416
0.00035938136638046257
0.0004229242874389499
0.0004977023564332109
0.0005857020818056661
0.0006892612104349695
0.0008111308307896872
0.0009545484566618337
0.0011233240329780276
0.0013219411484660286
0.0015556761439304723
0.0018307382802953678
0.002154434690031882
0.0025353644939701114
0.0029836472402833374
0.003511191734215131
0.004132012400115334
0.004862601580065354
0.005722367659350214
0.006734150657750821
0.007924828983539169
0.0093260334688322
0.010974987654930556
0.01291549665014884
0.01519911082952933
0.01788649529057435
0.0210490414451202
0.02477076355991709
0.029150530628251757
0.034304692863149154
0.040370172585965536
0.047508101621027934
0.05590810182512223
0.06579332246575675
0.0774263682681127
0.09111627561154886
0.10722672220103231
0.1261856883066021
0.14849682622544635
0.1747528400007683
0.20565123083486514
0.24201282647943834
0.2848035868435799
0.3351602650938841
0.3944206059437656
0.46415888336127725
0.5462277217684337
0.642807311728432
0.7564633275546291
0.8902150854450375
1.0476157527896641
1.232846739442066
1.4508287784959402
1.7073526474706886
2.009233002565046
2.364489412645407
2.782559402207126
3.274549162877725
3.8535285937105273
4.534878508128582
5.3366992312063015
6.280291441834247
7.390722033525775
8.697490026177835
10.235310218990248
12.045035402587812
14.174741629268048
16.68100537200059
19.630406500402685
23.10129700083158
27.1858824273294
31.992671377973846
37.64935806792464
44.30621457583877
52.14008287999685
61.35907273413163
72.20809018385457
84.97534359086438
100.0
###
3.204976466063877
2.8587415144094286
2.5154661699860283
2.1796459389856566
1.8568926467083824
1.554049363297278
1.3432986346921483
1.0888311108205349
0.8677226901370584
0.6801170927477634
11.603932464482297
10.091283938412904
8.629097044577327
7.24414815727345
5.964043866852924
4.814550674115137
4.04694921811463
3.1577630336748537
2.4193693676136188
1.8226733810575508
18.680110138398323
16.055925479104502
13.554091230673157
11.22356457907761
9.109191056571401
7.247439802453066
6.026249793903315
4.638999939137645
3.501551340505149
2.601701146033089
25.10039141692132
21.407189730227156
17.918334661474685
14.705417798764817
11.826509085486402
9.323682891577013
7.700486778427728
5.870973983965336
4.398081138962654
3.241401927085156
31.088396926644773
26.356067517765428
21.920049648109178
17.87066707351487
14.27599907003246
11.180283813973267
9.188974034070135
6.962480303633484
5.184769996848322
3.799695076666841
36.75357967396425
31.00844239662791
25.65816381417415
20.80771759336015
16.53467225132754
12.88206044450628
10.547946748998012
7.953618165997027
5.8960758528349455
4.3026044674924195
42.16299785604168
35.427850187555464
29.189933757061137
23.568568100615252
18.64722723243812
14.46630866568644
11.808808667120779
8.870020020980439
6.551289124482057
4.764521808609078
47.3614724180933
39.65656605120428
32.55436055005678
26.187203802212956
20.642610832621173
15.956995482819353
12.992193916048617
9.727094716570567
7.162706561655082
5.19440032860511
52.381698397322815
43.72454783129898
35.77861409799282
28.68743911965249
22.541165685767897
17.37066064141063
14.11174676148677
10.535630893907674
7.738177694083966
5.5983653982353125
57.2471686788933
47.65415363346386
38.88228883907107
31.08677951212067
24.357573198469982
18.71934831822654
15.178016325605828
11.303999321273107
8.283818136077546
5.980830519420007
61.97676905215637
51.46264948455583
41.88185432225533
33.39867603131028
26.10284424087837
20.012176623166432
16.198350600924016
12.037834311509663
8.80403394711287
6.3448828361516405
66.58552150489167
55.16373219756425
44.78905754094934
35.63363061371868
27.786186655629788
21.25616474521818
17.178713128971506
12.741685606309868
9.302237804682262
6.693047537198118
71.08523511613343
58.76852186776387
47.613753827375454
37.80012222766694
29.414436377881938
22.457082701230117
18.1238419036559
13.419566264085672
9.781166189429294
7.027385352678278
75.48614724395341
62.28625997644359
50.364103838966116
39.90512263700651
30.993356072990004
23.619569350547774
19.037610580632762
14.073199567802524
10.242885513302385
7.349436571911951
79.79669979921464
65.72456601952797
53.0468881582679
41.954412024621156
32.52772227176346
24.747313996832858
19.923128885957453
14.706198700621176
10.68927795729172
7.660487391535422