# datat/BKevo/MVg_BKevo/mvg76.dat
# N(r,Y=0), r, *F2(x,Q^2)
# 1e-05 < r < 100.0
# 1 < Q^2 < 50, n=15, log grid
# 1e-5 < x < 1e-2, n=10, log grid
###
1.4598304913024842e-10
1.991438145941164e-10
2.7280852813345907e-10
3.7315346349254686e-10
5.089856599897103e-10
6.9628650284597e-10
9.523019803791867e-10
1.2987635774267034e-09
1.7741192487254694e-09
2.4260976207631476e-09
3.3081264155946094e-09
4.5121363137208664e-09
6.16914823013802e-09
8.40999231968388e-09
1.1452969976701729e-08
1.5655032300756313e-08
2.1335147610505253e-08
2.9007685289415253e-08
3.96381211935607e-08
5.400035620324047e-08
7.336564836098091e-08
1.0011729025952237e-07
1.3633274160061586e-07
1.8513249155231003e-07
2.5219379294618067e-07
3.4323586174393105e-07
4.6582209180257906e-07
6.333797525743775e-07
8.61473732002814e-07
1.1683300840956956e-06
1.5854512003705427e-06
2.1547353633438093e-06
2.919816926196555e-06
3.953937186248251e-06
5.3686717908513735e-06
7.267711407761487e-06
9.81959284352435e-06
1.3318223145928029e-05
1.8007925207836392e-05
2.4280728240479216e-05
3.2875901652077544e-05
4.4389740499638344e-05
5.976354622436662e-05
8.069712500036763e-05
0.00010877564055805603
0.0001461903121903218
0.00019680072396969692
0.0002647441775507194
0.0003550584484967132
0.000476381435403744
0.0006393087034416309
0.000855255387455923
0.0011432349816440084
0.0015298391782208405
0.002040497652903803
0.00271627112400968
0.0036224318210838474
0.004814506921625425
0.00637923622077093
0.008472844616670267
0.011213661799625105
0.014791270495672082
0.01953491679460162
0.02572184991709046
0.03374525856792705
0.04426084280775559
0.0578919966251181
0.07539975113243397
0.09798418096265425
0.12688101088752013
0.16333505182319039
0.20908376374518484
0.26577422948649243
0.3344192503849586
0.41567337642439484
0.5082480740977354
0.6094439106347742
0.7138732323806968
0.8092971862285195
0.8899606164086576
0.9492416276377165
0.9805992330795642
0.9947115471436867
0.9992399388303312
0.9999309341501577
0.9999963283542461
0.9999999496724489
0.9999999999618646
0.9999999999999589
1.0
1.0
1.0
1.0
1.0
1.0
1.0
1.0
1.0
1.0
1.0
###
1e-05
1.1768119524349992e-05
1.3848863713938717e-05
1.6297508346206434e-05
1.917910261672489e-05
2.2570197196339216e-05
2.656087782946684e-05
3.1257158496882356e-05
3.678379771828634e-05
4.328761281083062e-05
5.0941380148163754e-05
5.994842503189409e-05
7.054802310718646e-05
8.302175681319735e-05
9.770099572992247e-05
0.00011497569953977356
0.00013530477745798074
0.00015922827933410923
0.0001873817422860383
0.00022051307399030456
0.00025950242113997375
0.0003053855508833416
0.00035938136638046257
0.0004229242874389499
0.0004977023564332109
0.0005857020818056661
0.0006892612104349695
0.0008111308307896872
0.0009545484566618337
0.0011233240329780276
0.0013219411484660286
0.0015556761439304723
0.0018307382802953678
0.002154434690031882
0.0025353644939701114
0.0029836472402833374
0.003511191734215131
0.004132012400115334
0.004862601580065354
0.005722367659350214
0.006734150657750821
0.007924828983539169
0.0093260334688322
0.010974987654930556
0.01291549665014884
0.01519911082952933
0.01788649529057435
0.0210490414451202
0.02477076355991709
0.029150530628251757
0.034304692863149154
0.040370172585965536
0.047508101621027934
0.05590810182512223
0.06579332246575675
0.0774263682681127
0.09111627561154886
0.10722672220103231
0.1261856883066021
0.14849682622544635
0.1747528400007683
0.20565123083486514
0.24201282647943834
0.2848035868435799
0.3351602650938841
0.3944206059437656
0.46415888336127725
0.5462277217684337
0.642807311728432
0.7564633275546291
0.8902150854450375
1.0476157527896641
1.232846739442066
1.4508287784959402
1.7073526474706886
2.009233002565046
2.364489412645407
2.782559402207126
3.274549162877725
3.8535285937105273
4.534878508128582
5.3366992312063015
6.280291441834247
7.390722033525775
8.697490026177835
10.235310218990248
12.045035402587812
14.174741629268048
16.68100537200059
19.630406500402685
23.10129700083158
27.1858824273294
31.992671377973846
37.64935806792464
44.30621457583877
52.14008287999685
61.35907273413163
72.20809018385457
84.97534359086438
100.0
###
1.7363146913450511
1.5405725597376478
1.360785046258272
1.1978121726821567
1.051966211734915
0.9230141631227619
0.8369971204539841
0.7357627824242662
0.6487920665598059
0.5747523492702874
5.304501310795591
4.5425381418657595
3.8627099441553203
3.267586441795238
2.7499420562078902
2.305371613524395
2.0158363642651023
1.6822520904950304
1.4017351530991489
1.1667847167475651
7.879725982557656
6.643557091772316
5.559174684343701
4.620774349701607
3.8182428248569087
3.1389104759796886
2.702054657695246
2.20447610613135
1.7914079547157098
1.4497073303788746
10.026953940126514
8.368074420238038
6.928205174585313
5.694849934548981
4.650649264012471
3.775446781754969
3.2171758414580744
2.5867217328672973
2.068113801110032
1.6430510962432128
11.911685807800673
9.866189676762263
8.104558804423473
6.607168942821816
5.349048596752884
4.302360688694019
3.638940527453118
2.894538802083537
2.286491840141818
1.7918065570350092
13.613159759134245
11.20787402714635
9.149438355488014
7.410587285393451
5.9584437734415925
4.7575222074371215
4.000345656330099
3.154987626488798
2.4685974170121066
1.9134999215256292
15.176413969378775
12.432802106215519
10.09713523099297
8.134285216784397
6.503369946854696
5.1613248482102785
4.318853749121999
3.3822966200615325
2.625721921119942
2.017037262766569
16.63046352099834
13.566116780939636
10.969215096046563
8.796454461099247
6.998985719646223
5.526145348385893
4.605096121191118
3.5849117569591824
2.7643926268219725
2.107227452619794
17.995190143327164
14.625063816493373
11.78026499418814
9.409364417667613
7.455300919230894
5.860188095469585
4.865892501966965
3.768313095906589
2.8888530611020307
2.187386763626112
19.284998897709244
15.621976578346407
12.540715578008928
9.981530488850922
7.87942984459419
6.169170814851563
5.106213932489431
3.936266523109015
3.0020480659592716
2.2596111057759325
20.510506238681316
16.56594172410147
13.258350197310943
10.519437193605814
8.276607748001465
6.4572743336939
5.329515244922835
4.091504665999759
3.106062856589942
2.3254227579384934
21.68125020047145
17.464495029822427
13.939186405395482
11.028196630263281
8.650778439968349
6.727668573751164
5.538465254775214
4.236059165969685
3.202339592469548
2.3859286918926847
22.80278934142597
18.323212275335415
14.587930979689796
11.511364003450392
9.005148614772702
6.982833221685429
5.735064240358246
4.371493232896028
3.292085730713612
2.4419641609492273
23.881064986511998
19.1467924191034
15.20826004421255
11.972145895443996
9.34206085670054
7.224676932313667
5.92088518121964
4.499050035764549
3.3762158517879826
2.4941805551675493
24.918658262131856
19.938527488139613
15.803342808974072
12.413051520216738
9.663511484289431
7.454793162288099
6.097261658266324
4.619689712998586
3.455450634920375
2.5430968768885136