# datat/BKevo/MVg_BKevo/mvg77.dat
# N(r,Y=0), r, *F2(x,Q^2)
# 1e-05 < r < 100.0
# 1 < Q^2 < 50, n=15, log grid
# 1e-5 < x < 1e-2, n=10, log grid
###
1.2471849382277788e-12
1.8126029405935546e-12
2.6541788815883947e-12
3.876186619669687e-12
5.634552185118938e-12
8.233747431363603e-12
1.2027517439958007e-11
1.7485632710773334e-11
2.5497862394892072e-11
3.72533860049912e-11
5.4164256669382054e-11
7.881166329447942e-11
1.1516446585539602e-10
1.674506475544392e-10
2.431026106674956e-10
3.552727362421065e-10
5.165699729897683e-10
7.482072701281124e-10
1.093486772304606e-09
1.5898397569428587e-09
2.3010645760499595e-09
3.357218822369686e-09
4.880459329395131e-09
7.062145828444526e-09
1.0279032678570577e-08
1.4939534743542502e-08
2.1610997415603905e-08
3.1376621671415904e-08
4.5587945219978715e-08
6.59178845226959e-08
9.545434706339653e-08
1.3862604026639464e-07
2.0033562784053353e-07
2.893011213417747e-07
4.1989412759154126e-07
6.063826910699455e-07
8.731089735254082e-07
1.266253525792876e-06
1.8270113067347847e-06
2.6241907183050824e-06
3.799564917597966e-06
5.47610348119664e-06
7.855902859577352e-06
1.133650709551001e-05
1.6316184427329685e-05
2.337195564520433e-05
3.360491365773652e-05
4.8284307556601654e-05
6.903897271720938e-05
9.887594032677492e-05
0.0001417738949695693
0.00020227088802449741
0.00028844799192437385
0.0004125633950899624
0.000587072519106522
0.0008333004678617862
0.001188328903128731
0.0016857676814827612
0.0023807454848993
0.0033832385246359287
0.004782167597976673
0.006726867313048119
0.009505525086292398
0.013377863146757218
0.018732020859953586
0.026287321688887914
0.03678016357770238
0.0511612696194142
0.07109748627341017
0.09845439586549673
0.13520571752777147
0.18441640937626735
0.2492920423870536
0.33169365894685876
0.4329376343088186
0.5503177706151383
0.6765651731880291
0.7991765018196131
0.8949907689741188
0.9586753896206212
0.9903380126161315
0.998397630087894
0.9998653349593761
0.9999976208503658
0.9999999941044858
0.9999999999919176
0.9999999999999993
1.0
1.0
1.0
1.0
1.0
1.0
1.0
1.0
1.0
1.0
1.0
1.0
1.0
###
1e-05
1.1768119524349992e-05
1.3848863713938717e-05
1.6297508346206434e-05
1.917910261672489e-05
2.2570197196339216e-05
2.656087782946684e-05
3.1257158496882356e-05
3.678379771828634e-05
4.328761281083062e-05
5.0941380148163754e-05
5.994842503189409e-05
7.054802310718646e-05
8.302175681319735e-05
9.770099572992247e-05
0.00011497569953977356
0.00013530477745798074
0.00015922827933410923
0.0001873817422860383
0.00022051307399030456
0.00025950242113997375
0.0003053855508833416
0.00035938136638046257
0.0004229242874389499
0.0004977023564332109
0.0005857020818056661
0.0006892612104349695
0.0008111308307896872
0.0009545484566618337
0.0011233240329780276
0.0013219411484660286
0.0015556761439304723
0.0018307382802953678
0.002154434690031882
0.0025353644939701114
0.0029836472402833374
0.003511191734215131
0.004132012400115334
0.004862601580065354
0.005722367659350214
0.006734150657750821
0.007924828983539169
0.0093260334688322
0.010974987654930556
0.01291549665014884
0.01519911082952933
0.01788649529057435
0.0210490414451202
0.02477076355991709
0.029150530628251757
0.034304692863149154
0.040370172585965536
0.047508101621027934
0.05590810182512223
0.06579332246575675
0.0774263682681127
0.09111627561154886
0.10722672220103231
0.1261856883066021
0.14849682622544635
0.1747528400007683
0.20565123083486514
0.24201282647943834
0.2848035868435799
0.3351602650938841
0.3944206059437656
0.46415888336127725
0.5462277217684337
0.642807311728432
0.7564633275546291
0.8902150854450375
1.0476157527896641
1.232846739442066
1.4508287784959402
1.7073526474706886
2.009233002565046
2.364489412645407
2.782559402207126
3.274549162877725
3.8535285937105273
4.534878508128582
5.3366992312063015
6.280291441834247
7.390722033525775
8.697490026177835
10.235310218990248
12.045035402587812
14.174741629268048
16.68100537200059
19.630406500402685
23.10129700083158
27.1858824273294
31.992671377973846
37.64935806792464
44.30621457583877
52.14008287999685
61.35907273413163
72.20809018385457
84.97534359086438
100.0
###
1.5265787772525032
1.3550219446061766
1.2003875042652068
1.0627735792584385
0.9417619901157607
0.8365567095034965
0.7673818842370113
0.687145344056616
0.6194298805023803
0.562974210150211
4.469535131833347
3.8182627843647428
3.2474364676275522
2.7527130958950328
2.3282628450092053
1.9669967611770425
1.7331246364426063
1.4648381996706938
1.2397631761867667
1.0513587730847804
6.512391278069597
5.470562392391163
4.57029465197097
3.8008634437766577
3.149298167009245
2.6017117342147826
2.2507977518173234
1.8519349658567912
1.5207228453107409
1.2452439917662312
8.181422747616095
6.7976503855674935
5.61350071595101
4.611033956817947
3.769850272223764
3.069185696967248
2.623603815934134
2.120668447017469
1.7061230599691388
1.3645717913592146
9.62662615058612
7.933597540607501
6.495621538523785
5.286978594005514
4.279985575964568
3.4470308302600654
2.920403188994231
2.3295698327252063
1.8457716781023434
1.4499181190980555
10.917643056660133
8.93965480366753
7.269706027325579
5.874288865506515
4.718352519010897
3.7676149659269034
3.1695146002672256
2.501706277068663
1.9581315231248209
1.5159593596463963
12.093882916457778
9.85004200930734
7.965035995433772
6.397669501836672
5.105580937181916
4.047949829406891
3.3854221116989867
2.6488210613738574
2.0522305921219837
1.5696102532563914
13.180278896007398
10.686040269407247
8.59971812927814
6.872281891689605
5.454215564255399
4.298241302734325
3.576805742831284
2.7777000047371994
2.133183560811347
1.6146797204934762
14.193791430522316
11.462182008544922
9.185906831774185
7.308198391842963
5.772444740880307
4.525110029318606
3.749219472521819
2.8926540176270787
2.2048133870114244
1.6534426331698162
15.14669959362537
12.188789335352565
9.732208483572489
7.712490871286577
6.065980169597407
4.733119527725094
3.90646141701472
2.9965906486160017
2.2686078543592165
1.687394642849198
16.048117541365322
12.873604011984753
10.245057947914251
8.090369788734167
6.339054356804594
4.925583385127918
4.051272682030701
3.0920265245303122
2.326309154709402
1.717564691090018
16.9050992720802
13.522241469578475
10.729223321222511
8.445769890720163
6.594802022702108
5.10497124521381
4.185681741530514
3.179701262247071
2.379014137423223
1.7446956363033204
17.72309658526001
14.140050717333983
11.18844833176373
8.781789530434375
6.835660451401795
5.273273573129534
4.311242951881017
3.2610192649366825
2.4275410394531685
1.7693123185600168
18.506808637879097
14.72997442102226
11.625935234804558
9.100815762471756
7.06356335623088
5.4318393420399484
4.429195481388853
3.3369839523406215
2.4725221428012754
1.7918244268625556
19.259844330202345
15.295352296031254
12.044073809151897
9.404873539300251
7.2800687030498015
5.581675760105128
4.540471809096092
3.408288092369568
2.514444552108858
1.8125531326707627