# datat/BKevo/MVg_BKevo/mvg70.dat
# N(r,Y=0), r, *F2(x,Q^2)
# 1e-05 < r < 100.0
# 1 < Q^2 < 50, n=15, log grid
# 1e-5 < x < 1e-2, n=10, log grid
###
1.110223024625157e-16
1.110223024625157e-16
2.220446049250313e-16
3.465264362037679e-16
5.425281964736731e-16
9.76765387773107e-16
1.615981281818129e-15
2.6291479819796047e-15
4.3949874879593625e-15
7.277152216046033e-15
1.199116518839158e-14
1.9918329780907928e-14
3.327645750841839e-14
5.5047568394618465e-14
9.0783457624939e-14
1.5179887899649266e-13
2.511746701601824e-13
4.122801600999885e-13
6.904215665358225e-13
1.1431191432985526e-12
1.8752423228476956e-12
3.13169365689136e-12
5.188721876869338e-12
8.5154224949049e-12
1.4163825278599607e-11
2.3482387794130295e-11
3.855234716633407e-11
6.385454958372696e-11
1.0592716324827274e-10
1.7395766488004896e-10
2.8685967409219454e-10
4.760995950314201e-10
7.82017442767892e-10
1.2836300114275345e-09
2.1312294269243415e-09
3.500866647830155e-09
5.718746327232598e-09
9.497044670743551e-09
1.5598804570334124e-08
2.538912807812383e-08
4.2103442806333224e-08
6.913409567878296e-08
1.124623243285079e-07
1.8557379497025243e-07
3.045497157210703e-07
4.950199431411486e-07
8.125169372354517e-07
1.3323369922660464e-06
2.1632113393555637e-06
3.5306634611723067e-06
5.782679219313105e-06
9.375295954102387e-06
1.521000570381229e-05
2.4872899824782538e-05
4.025229165014034e-05
6.488801828423577e-05
0.00010590458778336782
0.0001710125428936087
0.0002738402373230689
0.00044591421297920095
0.0007182645035965045
0.0011464926847050867
0.0018552896566189174
0.0029803593269872616
0.004743624022542313
0.007621884193679345
0.012203037894161436
0.019346333309782138
0.030801251499519865
0.048957004895195146
0.07681764528743999
0.11985467665690493
0.1854082334220708
0.2793754984372015
0.40786268914816853
0.5681796285624394
0.7396917771359055
0.8877493733775004
0.9671326072931228
0.9952226213322192
0.9998915883630614
0.9999992273490133
0.9999999991486029
0.9999999999999823
1.0
1.0
1.0
1.0
1.0
1.0
1.0
1.0
1.0
1.0
1.0
1.0
1.0
1.0
1.0
1.0
###
1e-05
1.1768119524349992e-05
1.3848863713938717e-05
1.6297508346206434e-05
1.917910261672489e-05
2.2570197196339216e-05
2.656087782946684e-05
3.1257158496882356e-05
3.678379771828634e-05
4.328761281083062e-05
5.0941380148163754e-05
5.994842503189409e-05
7.054802310718646e-05
8.302175681319735e-05
9.770099572992247e-05
0.00011497569953977356
0.00013530477745798074
0.00015922827933410923
0.0001873817422860383
0.00022051307399030456
0.00025950242113997375
0.0003053855508833416
0.00035938136638046257
0.0004229242874389499
0.0004977023564332109
0.0005857020818056661
0.0006892612104349695
0.0008111308307896872
0.0009545484566618337
0.0011233240329780276
0.0013219411484660286
0.0015556761439304723
0.0018307382802953678
0.002154434690031882
0.0025353644939701114
0.0029836472402833374
0.003511191734215131
0.004132012400115334
0.004862601580065354
0.005722367659350214
0.006734150657750821
0.007924828983539169
0.0093260334688322
0.010974987654930556
0.01291549665014884
0.01519911082952933
0.01788649529057435
0.0210490414451202
0.02477076355991709
0.029150530628251757
0.034304692863149154
0.040370172585965536
0.047508101621027934
0.05590810182512223
0.06579332246575675
0.0774263682681127
0.09111627561154886
0.10722672220103231
0.1261856883066021
0.14849682622544635
0.1747528400007683
0.20565123083486514
0.24201282647943834
0.2848035868435799
0.3351602650938841
0.3944206059437656
0.46415888336127725
0.5462277217684337
0.642807311728432
0.7564633275546291
0.8902150854450375
1.0476157527896641
1.232846739442066
1.4508287784959402
1.7073526474706886
2.009233002565046
2.364489412645407
2.782559402207126
3.274549162877725
3.8535285937105273
4.534878508128582
5.3366992312063015
6.280291441834247
7.390722033525775
8.697490026177835
10.235310218990248
12.045035402587812
14.174741629268048
16.68100537200059
19.630406500402685
23.10129700083158
27.1858824273294
31.992671377973846
37.64935806792464
44.30621457583877
52.14008287999685
61.35907273413163
72.20809018385457
84.97534359086438
100.0
###
1.2925828723969446
1.1439238359423705
1.0128837353179778
0.898844447898126
0.8008143485053056
0.7175555312779505
0.6640000636581646
0.6033529472226646
0.5538393736655737
0.5143255437231105
3.585237936318643
3.0400817304636205
2.5709858333073026
2.171286563688933
1.8333893203320244
1.5495309296621689
1.3675033955905198
1.1603919289492393
0.9879217612387936
0.8444582541860309
5.103293844727077
4.247151792248074
3.5201872230818307
2.9083678108880235
2.396910961509813
1.9716473530546228
1.7010452486193504
1.39492833164454
1.1413325216276633
0.9308433513089488
6.315631740111675
5.193018410514598
4.248448569208696
3.460488297658515
2.8074326938660996
2.268691260304545
1.9282006323829528
1.5454578842453304
1.2305805704504662
0.9710562179142811
7.3497793118071915
5.989770759171262
4.853533016535035
3.9121741057410375
3.137223912715298
2.5020786806034745
2.10299634965848
1.6569408418909908
1.2924542151270804
0.9940865597003729
8.26341477603919
6.687138847416899
5.377786521230215
4.299084621217164
3.4159649269802057
2.696223363117916
2.2462312960528448
1.7458313268027834
1.339564147076423
1.0090964416047623
9.088585091852535
7.312329496256882
5.843988046482536
4.640072263404166
3.6591245629040507
2.863478402901664
2.368230813258794
1.819975347204523
1.3772589989051627
1.0196153402598203
9.845268316999968
7.882138925951669
6.266107647748027
4.946545615598658
3.875854578988524
3.0110808180151736
2.4748852564996735
1.8835950395687162
1.4088070214629336
1.0273920135519061
10.546945057683667
8.407788073318503
6.653322055118128
5.225948313094013
4.072038440987281
3.1435663299699574
2.5698914195759652
1.9397341585981687
1.435860872423064
1.0333742071743892
11.20321143894442
8.897187705414236
7.012089766844381
5.483361666772059
4.2517407641167635
3.264055083815588
2.6557288511319945
1.9897539160491287
1.4595405289922485
1.0381112766059386
11.82120492404677
9.356202976318052
7.347148754288417
5.722709241414598
4.417892433591115
3.3747655952327014
2.734156180808827
2.0349961973354502
1.4805799343313442
1.0419592930843726
12.406285449442152
9.78925688907236
7.662053139398456
5.946722992319031
4.572708723444155
3.477325868504294
2.8064427545875
2.076396688090694
1.4995194738050324
1.045143181035111
12.962523960096568
10.199822606379987
7.959585516895954
6.157596135683486
4.717792150163235
3.5729804377720646
2.8735670980592625
2.1144749248752777
1.5167407694313435
1.047814538675526
13.494052937886448
10.590688037128011
8.241956646965917
6.357024156230065
4.85449995069682
3.662702416981842
2.9362766511847718
2.1497914488494168
1.5325312305672092
1.0501082971534297
14.002988249328839
10.964019852005286
8.510945738380437
6.546439638149579
4.983897387544862
3.7472556713125873
2.99515576239639
2.1827620487238217
1.5470422824488412
1.0520748603721701