# datat/BKevo/MVg_BKevo/mvg72.dat
# N(r,Y=0), r, *F2(x,Q^2)
# 1e-05 < r < 100.0
# 1 < Q^2 < 50, n=15, log grid
# 1e-5 < x < 1e-2, n=10, log grid
###
0.0
0.0
0.0
0.0
0.0
0.0
0.0
0.0
0.0
0.0
0.0
0.0
0.0
0.0
6.47770124939929e-18
1.110223024625157e-16
1.110223024625157e-16
2.246805227766167e-16
5.142525520005566e-16
9.469118678298536e-16
1.7504853887115008e-15
3.3625530335549303e-15
6.3437861444518004e-15
1.1789093624133295e-14
2.2562200060748618e-14
4.261152180202433e-14
7.926767518202224e-14
1.4998049301730247e-13
2.841852951511096e-13
5.293590637329958e-13
9.94392594180324e-13
1.88796457529621e-12
3.521189569477281e-12
6.566488815626538e-12
1.2489976729528839e-11
2.3319728743668382e-11
4.316212313563438e-11
8.223891987837138e-11
1.536927701963065e-10
2.829628019237508e-10
5.386112483291103e-10
1.0074044708241886e-09
1.8552098613231397e-09
3.5063281528471094e-09
6.562225308555719e-09
1.2085416576017289e-08
2.2670011864412267e-08
4.2444074390084067e-08
7.815136693101764e-08
1.4543243434831494e-07
2.7231276622574144e-07
5.011467863374869e-07
9.247421892953301e-07
1.7311165550820208e-06
3.183150560521306e-06
5.821653238640757e-06
1.0891993599834551e-05
2.0004935652409704e-05
3.624882041576094e-05
6.776445495523067e-05
0.00012429249031189145
0.00022460938592413517
0.0004166882609535388
0.0007632715698675279
0.0013770677845398604
0.002532816607502902
0.004633409790505259
0.00834338790815792
0.01519545041319038
0.027678403742287548
0.049454604132503535
0.0880893754239975
0.15574014317839058
0.2644441483003335
0.42731596869652533
0.6365781904313119
0.8395954731849928
0.9674645024956346
0.9969654550760347
0.9999365883473799
0.9999999762408623
0.9999999999999997
1.0
1.0
1.0
1.0
1.0
1.0
1.0
1.0
1.0
1.0
1.0
1.0
1.0
1.0
1.0
1.0
1.0
1.0
###
1e-05
1.1768119524349992e-05
1.3848863713938717e-05
1.6297508346206434e-05
1.917910261672489e-05
2.2570197196339216e-05
2.656087782946684e-05
3.1257158496882356e-05
3.678379771828634e-05
4.328761281083062e-05
5.0941380148163754e-05
5.994842503189409e-05
7.054802310718646e-05
8.302175681319735e-05
9.770099572992247e-05
0.00011497569953977356
0.00013530477745798074
0.00015922827933410923
0.0001873817422860383
0.00022051307399030456
0.00025950242113997375
0.0003053855508833416
0.00035938136638046257
0.0004229242874389499
0.0004977023564332109
0.0005857020818056661
0.0006892612104349695
0.0008111308307896872
0.0009545484566618337
0.0011233240329780276
0.0013219411484660286
0.0015556761439304723
0.0018307382802953678
0.002154434690031882
0.0025353644939701114
0.0029836472402833374
0.003511191734215131
0.004132012400115334
0.004862601580065354
0.005722367659350214
0.006734150657750821
0.007924828983539169
0.0093260334688322
0.010974987654930556
0.01291549665014884
0.01519911082952933
0.01788649529057435
0.0210490414451202
0.02477076355991709
0.029150530628251757
0.034304692863149154
0.040370172585965536
0.047508101621027934
0.05590810182512223
0.06579332246575675
0.0774263682681127
0.09111627561154886
0.10722672220103231
0.1261856883066021
0.14849682622544635
0.1747528400007683
0.20565123083486514
0.24201282647943834
0.2848035868435799
0.3351602650938841
0.3944206059437656
0.46415888336127725
0.5462277217684337
0.642807311728432
0.7564633275546291
0.8902150854450375
1.0476157527896641
1.232846739442066
1.4508287784959402
1.7073526474706886
2.009233002565046
2.364489412645407
2.782559402207126
3.274549162877725
3.8535285937105273
4.534878508128582
5.3366992312063015
6.280291441834247
7.390722033525775
8.697490026177835
10.235310218990248
12.045035402587812
14.174741629268048
16.68100537200059
19.630406500402685
23.10129700083158
27.1858824273294
31.992671377973846
37.64935806792464
44.30621457583877
52.14008287999685
61.35907273413163
72.20809018385457
84.97534359086438
100.0
###
1.2226461217143327
1.0824340716679715
0.9600671241096503
0.8546569782145593
0.7650724811544899
0.6899657835070766
0.6422963921191172
0.5892138674989139
0.5470025656681954
0.514616329764988
3.3237307873134503
2.8132498264231813
2.3769285915562337
2.007440060270437
1.6968546739391819
1.4372690654380607
1.2715023691977738
1.0835628477104873
0.9276421965454679
0.7987031687346291
4.69073823768335
3.89298429970481
3.219619520110014
2.6557484287927
2.1864483367888
1.797472103432127
1.5504916305711425
1.2714212848367124
1.0404333015449294
0.8484613783768755
5.773749236538681
4.731576092213565
3.8595427220480385
3.1354992408581426
2.537646450171914
2.045752538593087
1.7352870579888022
1.3869100619333286
1.0995863745205592
0.8625673960273069
6.692896540192722
5.434022391010723
4.387930279965227
3.5251061393344623
2.817303686221378
2.2386531409370796
1.8755646990070214
1.4699013736322046
1.1382981644029746
0.8664903992316304
7.501981174589667
6.046511293930793
4.843788813414658
3.8572122540955283
3.0523692977746157
2.398022574312753
1.9895072675790006
1.5354526789285419
1.166725233217141
0.8667617370440056
8.230647911720718
6.593918804911979
5.247817199869877
4.148928974299551
3.2566173795332465
2.53470819450307
2.086036059383673
1.589723481146164
1.1891375339850643
0.8655961140238421
8.897340189457333
7.091641463279893
5.612750625494134
4.410343571640728
3.4381174213949226
2.654922373504635
2.1701322028228325
1.6361871479926182
1.2076528515782134
0.8638660675540187
9.514360409282853
7.54987892588471
5.946801113362782
4.648170220394235
3.602044528778229
2.7625926767699074
2.244869287143588
1.6769195132486001
1.2234587517161213
0.8619499944503833
10.090528749384468
7.9758015285432435
6.255768923411591
4.866956870321535
3.7519205927575605
2.8603249590003736
2.312281300751426
1.713248382460671
1.237268271590629
0.8604521579273239
10.632260485423593
8.374686299850582
6.543879791773119
5.070034020804065
3.890282370782301
2.9499969693790415
2.373797457210196
1.746098458735489
1.2495586799631333
0.8581325100153853
11.144449883330914
8.750589111261695
6.814339432032878
5.259824912964853
4.019003721519381
3.0329725858984
2.430450075057279
1.7761159067431518
1.2606476268133624
0.8563477995226902
11.631103378441438
9.106518967036616
7.069559077235272
5.438219000623623
4.139520504642396
3.110289305745429
2.483025325065186
1.8037839048631361
1.2707613339963424
0.8546664908299165
12.095251500280877
9.445023678823775
7.311523397559673
5.606814679992807
4.252959450964155
3.182753009610199
2.532111849185958
1.8294672892273518
1.2800548809215742
0.8530950645437978
12.539647261970957
9.768111321151254
7.541803690793816
5.766792177369854
4.360210135690485
3.2509961947646246
2.578184393248445
1.8534492350731262
1.2886827037377089
0.8516194951667706