# datat/BKevo/MVg_BKevo/mvg83.dat
# N(r,Y=0), r, *F2(x,Q^2)
# 1e-05 < r < 100.0
# 1 < Q^2 < 50, n=15, log grid
# 1e-5 < x < 1e-2, n=10, log grid
###
2.1341244628253028e-06
2.5614675057347885e-06
3.074863620181465e-06
3.690206282206424e-06
4.427081316026029e-06
5.31130974786117e-06
6.371030064284523e-06
7.639338192431576e-06
9.159465516126057e-06
1.0980977450953195e-05
1.3159681089440477e-05
1.5767796614489742e-05
1.8892158286999127e-05
2.2626658030979718e-05
2.709166725963335e-05
3.243841190498724e-05
3.8824481486408604e-05
4.6450032680446285e-05
5.557670873460237e-05
6.646833499724265e-05
7.946119202585984e-05
9.4991889903886e-05
0.00011351363924389075
0.0001355873279118239
0.00016193122259003926
0.00019332550493378854
0.0002306995636095805
0.0002752301496285933
0.0003282475208620239
0.00039128509331466335
0.00046626213413487053
0.0005554215543172207
0.000661281270536479
0.0007869563469486714
0.0009361779406839105
0.0011130582748853889
0.0013226264992345282
0.0015709869872694642
0.0018648147786673997
0.002212196278865107
0.0026228673713961743
0.003107628646981589
0.003679377741320872
0.004353239211562196
0.005146517565257577
0.0060794713584597995
0.007175255608092051
0.008460776788273882
0.009967418896375443
0.011730036109739179
0.013788785846482637
0.0161915334297944
0.018989770538980728
0.022240025623664443
0.026014117628909535
0.03038671807309576
0.03543064894413497
0.04125214924313984
0.047957988440944156
0.055629005554119086
0.06442124283841348
0.07447813699557498
0.08589126553141915
0.09886457730268924
0.11359239807481364
0.13018049229005968
0.14887025796819062
0.16993049786399197
0.1934883954222848
0.21978924502148128
0.24920202383705758
0.28186769969571335
0.3179200275293991
0.35780715804829566
0.40158025239958073
0.4488926238240888
0.5001046037868965
0.5548660422495808
0.6114615145940715
0.6699015963929442
0.7289437202210897
0.7848251261877204
0.8372183471974523
0.884401134779896
0.9225931860904725
0.9522642200999515
0.9738730150333411
0.987148095764589
0.9944312514337089
0.998074123960193
0.9994683701364657
0.9998725206586766
0.999979593879277
0.9999982166113222
0.9999998385414133
0.9999999921845993
0.9999999999377519
0.999999999998921
0.9999999999999921
1.0
###
1e-05
1.1768119524349992e-05
1.3848863713938717e-05
1.6297508346206434e-05
1.917910261672489e-05
2.2570197196339216e-05
2.656087782946684e-05
3.1257158496882356e-05
3.678379771828634e-05
4.328761281083062e-05
5.0941380148163754e-05
5.994842503189409e-05
7.054802310718646e-05
8.302175681319735e-05
9.770099572992247e-05
0.00011497569953977356
0.00013530477745798074
0.00015922827933410923
0.0001873817422860383
0.00022051307399030456
0.00025950242113997375
0.0003053855508833416
0.00035938136638046257
0.0004229242874389499
0.0004977023564332109
0.0005857020818056661
0.0006892612104349695
0.0008111308307896872
0.0009545484566618337
0.0011233240329780276
0.0013219411484660286
0.0015556761439304723
0.0018307382802953678
0.002154434690031882
0.0025353644939701114
0.0029836472402833374
0.003511191734215131
0.004132012400115334
0.004862601580065354
0.005722367659350214
0.006734150657750821
0.007924828983539169
0.0093260334688322
0.010974987654930556
0.01291549665014884
0.01519911082952933
0.01788649529057435
0.0210490414451202
0.02477076355991709
0.029150530628251757
0.034304692863149154
0.040370172585965536
0.047508101621027934
0.05590810182512223
0.06579332246575675
0.0774263682681127
0.09111627561154886
0.10722672220103231
0.1261856883066021
0.14849682622544635
0.1747528400007683
0.20565123083486514
0.24201282647943834
0.2848035868435799
0.3351602650938841
0.3944206059437656
0.46415888336127725
0.5462277217684337
0.642807311728432
0.7564633275546291
0.8902150854450375
1.0476157527896641
1.232846739442066
1.4508287784959402
1.7073526474706886
2.009233002565046
2.364489412645407
2.782559402207126
3.274549162877725
3.8535285937105273
4.534878508128582
5.3366992312063015
6.280291441834247
7.390722033525775
8.697490026177835
10.235310218990248
12.045035402587812
14.174741629268048
16.68100537200059
19.630406500402685
23.10129700083158
27.1858824273294
31.992671377973846
37.64935806792464
44.30621457583877
52.14008287999685
61.35907273413163
72.20809018385457
84.97534359086438
100.0
###
3.260919720744134
2.915069881515383
2.571849405027551
2.2353126508073853
1.9110845503575609
1.6053877159375067
1.391957845954985
1.1330575722212188
0.9071281895768809
0.714403706095083
11.849377047220539
10.33440210994843
8.86529424190453
7.46847197026142
6.172748304000203
5.002260909804617
4.217930763108398
3.304582392247379
2.542699268586089
1.9238913233430592
19.108072698918722
16.474758054638404
13.954680535800405
11.596899693951915
9.44936344370474
7.546698142741169
6.294153513651369
4.860225247401917
3.686616946224721
2.750304557479532
25.708430966999583
21.994183082982588
18.47337968689443
15.216470576329177
12.285639590984692
9.72212580204254
8.053237339356999
6.163619012906693
4.635320045699959
3.429422578247237
31.870319572938037
27.10518320185932
22.622500180479175
18.511139789213505
14.84555721790489
11.669684423863846
9.619034001857834
7.315665536261136
5.468483194754378
4.022369233084021
37.70551968537457
31.91485134545527
26.50117034178144
21.57124963725202
17.2081907381164
13.456254062412485
11.049413661908199
8.362399550257129
6.222073389249293
4.556644415874352
43.28169667967815
36.48742177441911
30.169467764393318
24.44992527709413
19.419501385806495
15.120512831084815
12.377518797665108
9.33063516171224
6.9162311548411335
5.047482013126737
48.64543515439472
40.8656653166138
33.666329073686526
27.1818312880255
21.509507565106972
16.687335604567828
13.624408842470693
10.236331442531792
7.564186714829002
5.5043618694768
53.82558648293759
45.0800027403501
37.01945813721454
29.79187102115365
23.499048055481687
18.17386676507423
14.804606957949234
11.09177787199869
8.174564304311595
5.933749129171421
58.84997576140035
49.153076692544765
40.2493723751424
32.29721097481495
25.403321196512824
19.592638737609523
15.928851142395878
11.90445634423282
8.75321120033378
6.340333298387515
63.736131823452226
53.102495451427586
43.371871624206015
34.71268573515395
27.233938514177908
20.95308421169037
17.005025164936637
12.680795978168248
9.304985455783372
6.727377864174867
68.50114457155843
56.94206292836705
46.399437370422156
37.04883119615808
28.999986698919923
22.26261517580347
18.039338270312193
13.425120986646158
9.83348996742054
7.097561028034281
73.1538639105966
60.68305099871427
49.342156912015895
39.31398626464278
30.708529111803998
23.5270236496793
19.03670554134918
14.142441344105892
10.341562229112766
7.45307029864944
77.70597369140465
64.3333583074202
52.20833706850873
41.515584648366506
32.36596206444826
24.751280347568706
20.001151904998128
14.834312365382859
10.831604651931475
7.795535893076495
82.16603598876975
67.90386650948696
55.004820920336016
43.68155337614035
33.97702352900746
25.939292023502475
20.935975909764664
15.5043963789464
11.305239019706748
8.126326130070856