# datat/BKevo/MVg_BKevo/mvg81.dat
# N(r,Y=0), r, *F2(x,Q^2)
# 1e-05 < r < 100.0
# 1 < Q^2 < 50, n=15, log grid
# 1e-5 < x < 1e-2, n=10, log grid
###
0.0
0.0
0.0
0.0
0.0
0.0
0.0
0.0
0.0
0.0
0.0
0.0
0.0
0.0
6.47770124939929e-18
1.110223024625157e-16
1.8679714215948338e-16
3.357028252391324e-16
6.603565255383193e-16
1.239150986018575e-15
2.1902626901134387e-15
4.258702443174921e-15
8.01756785950805e-15
1.4998802798939216e-14
2.851366861829368e-14
5.3939596340777326e-14
1.0036555184975655e-13
1.8978742691690514e-13
3.596918452681554e-13
6.700301622787482e-13
1.2584626831486188e-12
2.389449664491718e-12
4.45646631803262e-12
8.31065257406962e-12
1.5807676165213124e-11
2.951406946108366e-11
5.4627125331826615e-11
1.040836612345476e-10
1.9451744604790844e-10
3.5812475079883046e-10
6.816798787833618e-10
1.2749962524985634e-09
2.347999948762888e-09
4.437696505892019e-09
8.305316339010516e-09
1.529560531155612e-08
2.869173366267259e-08
5.3718281334080957e-08
9.891032282589771e-08
1.8406292096067655e-07
3.446458315625942e-07
6.342638580171424e-07
1.1703766855602236e-06
2.1909438583840927e-06
4.028673166729102e-06
7.3680240900941294e-06
1.3785158367856224e-05
2.5318676795655767e-05
4.587719202262545e-05
8.576357576839055e-05
0.0001573049746227941
0.00028426272169850095
0.0005273404535175958
0.0009659131040102364
0.001742528491773329
0.0032044690267037804
0.005860370133837839
0.01054765296387098
0.01919130378881137
0.03489429709121137
0.0621645616586122
0.11011640467605192
0.19265988878203905
0.321719643442282
0.5056825657222059
0.7198417591528657
0.8987808883315318
0.9868416292449523
0.9992879964402123
0.9999936492788942
0.9999999993955289
1.0
1.0
1.0
1.0
1.0
1.0
1.0
1.0
1.0
1.0
1.0
1.0
1.0
1.0
1.0
1.0
1.0
1.0
1.0
###
1e-05
1.1768119524349992e-05
1.3848863713938717e-05
1.6297508346206434e-05
1.917910261672489e-05
2.2570197196339216e-05
2.656087782946684e-05
3.1257158496882356e-05
3.678379771828634e-05
4.328761281083062e-05
5.0941380148163754e-05
5.994842503189409e-05
7.054802310718646e-05
8.302175681319735e-05
9.770099572992247e-05
0.00011497569953977356
0.00013530477745798074
0.00015922827933410923
0.0001873817422860383
0.00022051307399030456
0.00025950242113997375
0.0003053855508833416
0.00035938136638046257
0.0004229242874389499
0.0004977023564332109
0.0005857020818056661
0.0006892612104349695
0.0008111308307896872
0.0009545484566618337
0.0011233240329780276
0.0013219411484660286
0.0015556761439304723
0.0018307382802953678
0.002154434690031882
0.0025353644939701114
0.0029836472402833374
0.003511191734215131
0.004132012400115334
0.004862601580065354
0.005722367659350214
0.006734150657750821
0.007924828983539169
0.0093260334688322
0.010974987654930556
0.01291549665014884
0.01519911082952933
0.01788649529057435
0.0210490414451202
0.02477076355991709
0.029150530628251757
0.034304692863149154
0.040370172585965536
0.047508101621027934
0.05590810182512223
0.06579332246575675
0.0774263682681127
0.09111627561154886
0.10722672220103231
0.1261856883066021
0.14849682622544635
0.1747528400007683
0.20565123083486514
0.24201282647943834
0.2848035868435799
0.3351602650938841
0.3944206059437656
0.46415888336127725
0.5462277217684337
0.642807311728432
0.7564633275546291
0.8902150854450375
1.0476157527896641
1.232846739442066
1.4508287784959402
1.7073526474706886
2.009233002565046
2.364489412645407
2.782559402207126
3.274549162877725
3.8535285937105273
4.534878508128582
5.3366992312063015
6.280291441834247
7.390722033525775
8.697490026177835
10.235310218990248
12.045035402587812
14.174741629268048
16.68100537200059
19.630406500402685
23.10129700083158
27.1858824273294
31.992671377973846
37.64935806792464
44.30621457583877
52.14008287999685
61.35907273413163
72.20809018385457
84.97534359086438
100.0
###
1.2730939625903757
1.131466363850696
1.0075957678057088
0.900814564172004
0.810044952243919
0.7339856820590267
0.6857847692668094
0.6322676657523582
0.5899563290305928
0.557850611937888
3.495339255290051
2.9723310717416904
2.5237740890705593
2.1430682911907994
1.8225523781701571
1.55428912526249
1.3828754966040364
1.188535069607231
1.0276548717616665
0.8949076665976395
4.95112897668973
4.1288326164423745
3.4320549910037266
2.846954238359217
2.358757632574529
1.9532364360475167
1.6952752472980297
1.403425501215958
1.1614984453914425
0.9605290357103309
6.107891186309906
5.029481540843814
4.123493586548847
3.3689384266216824
2.7439987457198063
2.2284191637410986
1.9022832561388023
1.5353071128514708
1.2320244077685867
0.9811994585657853
7.091365651207474
5.785187338921364
4.695223757036221
3.793266680503741
3.050980852403875
2.4421981073242747
2.059142920552723
1.629945856788605
1.2778752172262071
0.9882446054271894
7.958206623616725
6.444860334648027
5.18896038450862
4.155237316918604
3.3090752132584926
2.6187651579495914
2.1864485322223786
1.7043976572236017
1.311310991653712
0.9900813406356458
8.739673676631016
7.034945031114032
5.62689030861498
4.4733512857233695
3.533378601016104
2.7701468883332936
2.2942069564402487
1.7658740018277785
1.3374932110028521
0.9897064022691908
9.45523668524594
7.571849444110112
6.022643897532733
4.75857360477244
3.7327316183697135
2.903252948685886
2.3880116087482937
1.8184004642254321
1.3589944927680457
0.988348177507084
10.11795307457473
8.066451096483913
6.3850962377982015
5.018121028928054
3.9128046400081717
3.0224355558096354
2.471323698702197
1.8643674645039616
1.3772573891491204
0.9865677855729154
10.737198034372309
8.526401622970885
6.720471588207711
5.256949435578323
4.077462711966507
3.130608132883555
2.546435817584161
1.905311451898145
1.3931591837897113
0.9846258782222067
11.319509578127215
8.957377591557917
7.033317104755129
5.478661335796202
4.229486302823118
3.2298540171672285
2.6149408445319806
1.9422933543880523
1.4072447063357385
0.9826643526253626
11.8705301286658
9.363595074457361
7.327086517708769
5.685944414601203
4.37093260870916
3.3216726525975586
2.678021855914075
1.9760489042107467
1.4199143666900553
0.9807474663405835
12.394228181287406
9.748410541796042
7.604383576638146
5.880817035708831
4.50337484396778
3.407223539150634
2.7365398180774885
2.007140187347982
1.4314432188562956
0.9789057895953543
12.893895140888324
10.114496588059097
7.867345800145859
6.065021173732906
4.628049532070282
3.4873986197505746
2.791163089239747
2.035985754467691
1.4420346656873626
0.977155317162481
13.372308030425822
10.464007083692122
8.11766899786429
6.239841758959005
4.745934353632341
3.562901715794519
2.8424267267243564
2.0629039196523737
1.451829885240191
0.9754976236764381