# datat/BKevo/MVg_BKevo/mvg88.dat
# N(r,Y=0), r, *F2(x,Q^2)
# 1e-05 < r < 100.0
# 1 < Q^2 < 50, n=15, log grid
# 1e-5 < x < 1e-2, n=10, log grid
###
1.110223024625157e-16
2.152140860617445e-16
2.7691194914411485e-16
5.063301254894309e-16
8.504284721834098e-16
1.3541257791971447e-15
2.284578255037884e-15
3.777188519275635e-15
6.195457223412995e-15
1.0394722241234776e-14
1.715853030189131e-14
2.853072448855663e-14
4.755917956010185e-14
7.869328529899227e-14
1.296849726658101e-13
2.1699681003293914e-13
3.5895362962835086e-13
5.892257991081624e-13
9.866471145488896e-13
1.633636076627251e-12
2.679753273605697e-12
4.475451723389342e-12
7.41508623522464e-12
1.2169134228986781e-11
2.0241151344464524e-11
3.355817937063015e-11
5.5094344710988336e-11
9.12531721576702e-11
1.5137822508061976e-10
2.485990682209308e-10
4.099448754586441e-10
6.803836330053163e-10
1.11756413218186e-09
1.8344078314871656e-09
3.045693715628291e-09
5.003012546544174e-09
8.17253620348702e-09
1.357202027186084e-08
2.229191286096704e-08
3.62830513523187e-08
6.01691153253623e-08
9.879803351106701e-08
1.6071746186771397e-07
2.6519947022281085e-07
4.352253567078972e-07
7.074221765537806e-07
1.1611501051453936e-06
1.9040133043339337e-06
3.091396899241431e-06
5.045590585444309e-06
8.263890709638223e-06
1.3398004422222853e-05
2.173621681718416e-05
3.554512490500452e-05
5.752316812628417e-05
9.272875515882726e-05
0.00015134239346666447
0.00024438111928940437
0.00039131611930205934
0.000637183420953189
0.001026293667917667
0.0016380230605774573
0.0026502676517427817
0.004256362399698886
0.006772046514314414
0.010873970405609844
0.01739194584424269
0.027530818584744172
0.043718477950621615
0.06919888253292279
0.10791308031881457
0.16670104032569696
0.25371166222494906
0.3734511254959025
0.526685045169341
0.6967821588498155
0.8516440318693738
0.9559262956074625
0.9918414026495588
0.999391098615875
0.9999967050563892
0.9999999978772067
0.9999999999998386
1.0
1.0
1.0
1.0
1.0
1.0
1.0
1.0
1.0
1.0
1.0
1.0
1.0
1.0
1.0
1.0
1.0
###
1e-05
1.1768119524349992e-05
1.3848863713938717e-05
1.6297508346206434e-05
1.917910261672489e-05
2.2570197196339216e-05
2.656087782946684e-05
3.1257158496882356e-05
3.678379771828634e-05
4.328761281083062e-05
5.0941380148163754e-05
5.994842503189409e-05
7.054802310718646e-05
8.302175681319735e-05
9.770099572992247e-05
0.00011497569953977356
0.00013530477745798074
0.00015922827933410923
0.0001873817422860383
0.00022051307399030456
0.00025950242113997375
0.0003053855508833416
0.00035938136638046257
0.0004229242874389499
0.0004977023564332109
0.0005857020818056661
0.0006892612104349695
0.0008111308307896872
0.0009545484566618337
0.0011233240329780276
0.0013219411484660286
0.0015556761439304723
0.0018307382802953678
0.002154434690031882
0.0025353644939701114
0.0029836472402833374
0.003511191734215131
0.004132012400115334
0.004862601580065354
0.005722367659350214
0.006734150657750821
0.007924828983539169
0.0093260334688322
0.010974987654930556
0.01291549665014884
0.01519911082952933
0.01788649529057435
0.0210490414451202
0.02477076355991709
0.029150530628251757
0.034304692863149154
0.040370172585965536
0.047508101621027934
0.05590810182512223
0.06579332246575675
0.0774263682681127
0.09111627561154886
0.10722672220103231
0.1261856883066021
0.14849682622544635
0.1747528400007683
0.20565123083486514
0.24201282647943834
0.2848035868435799
0.3351602650938841
0.3944206059437656
0.46415888336127725
0.5462277217684337
0.642807311728432
0.7564633275546291
0.8902150854450375
1.0476157527896641
1.232846739442066
1.4508287784959402
1.7073526474706886
2.009233002565046
2.364489412645407
2.782559402207126
3.274549162877725
3.8535285937105273
4.534878508128582
5.3366992312063015
6.280291441834247
7.390722033525775
8.697490026177835
10.235310218990248
12.045035402587812
14.174741629268048
16.68100537200059
19.630406500402685
23.10129700083158
27.1858824273294
31.992671377973846
37.64935806792464
44.30621457583877
52.14008287999685
61.35907273413163
72.20809018385457
84.97534359086438
100.0
###
1.3922280466403187
1.2405793302609311
1.106528949244644
0.9896088700868729
0.8889778157676681
0.8034946339088981
0.7485735204576153
0.6865716271373595
0.6362906106294398
0.5966541866286033
3.934556013834804
3.3639049461691197
2.8703318605567936
2.4478177344239946
2.0891561931582068
1.786863340157823
1.5926252886589216
1.3713002193006876
1.1870938395529
1.0342957700846298
5.640922846317449
4.734679389050758
3.9605457332380314
3.305368656984483
2.7547319516258777
2.2947054358078156
2.00091204979035
1.667452799905697
1.390370546336603
1.159922396941178
7.011765704278456
5.81500760140443
4.801600967414795
3.9510333282669654
3.2419114913527354
2.6535639226746137
2.2800181263242356
1.8581754854091947
1.5094049964542127
1.2204635789703013
8.185411205415527
6.728248143318799
5.502699878132098
4.480692028117713
3.6341480476196937
2.9359782087397206
2.4949571224193057
1.999360064294799
1.5918498956494296
1.2560614532240275
9.225082573279062
7.529549986532899
6.111462079300124
4.935327845407419
3.966191489343292
3.1711135249274
2.6711087069665713
2.1116091569289908
1.6544118931524612
1.279452813891013
10.166092015884757
8.249307781514148
6.653766376803647
5.336637929815289
4.2561496761316056
3.3737506941133044
2.8211252839867456
2.205427666456988
1.7043321134738827
1.295976873301657
11.030394907991155
8.906308103036096
7.145440879649811
5.697685968796852
4.514782575048702
3.552650294481914
2.95223441430052
2.285825591168767
1.7459484985536953
1.3082592907319277
11.832979897726569
9.513163913990976
7.596985913805044
6.027081116094846
4.749076116549614
3.713262289616562
3.069006632113014
2.356382521617668
1.7815381650952697
1.317741744317007
12.584493259511316
10.078797661484566
8.015754131896418
6.33094896488019
4.963789581177741
3.859352288185188
3.174484879628418
2.4193226430048496
1.8125833745171775
1.325280586375618
13.29297029601218
10.609797393683985
8.407169454481501
6.613594808026496
5.162404371843885
3.9936035859182697
3.2708342577311087
2.476197971728125
1.8401202800898286
1.3314125222333473
13.96398311407174
11.111187987806284
8.775289867557747
6.87827778359879
5.347495348020488
4.117991344354216
3.3596315209560257
2.5281299252539835
1.864841739886001
1.3364980790825565
14.603388800746819
11.586815923521865
9.123380073209548
7.1275498731756155
5.521145247121936
4.234017097320424
3.44206871695211
2.5759356950840364
1.887271216902548
1.3407799667116913
15.21397872008376
12.039981942583694
9.453893444129983
7.363423477071813
5.684610597377279
4.342857493727363
3.519077589960868
2.62027329372718
1.9077182297070305
1.3444362243286287
15.7992604290928
12.473164610170521
9.7689100875531
7.587510921621593
5.83957190650653
4.445440239213108
3.591374478135512
2.6616049204546353
1.9267096019798937
1.3475890226849092