# datat/BKevo/MVe_BKevo/mve8.dat
# N(r,Y=0), r, *F2(x,Q^2)
# 1e-05 < r < 100.0
# 1 < Q^2 < 50, n=15, log grid
# 1e-5 < x < 1e-2, n=10, log grid
###
1.6221155532008266e-11
2.2128431704499095e-11
3.031427974357067e-11
4.146507708021607e-11
5.6559747703481244e-11
7.737452781151414e-11
1.0582670805256461e-10
1.4433189025857637e-10
1.9716492149057659e-10
2.696328245785087e-10
3.676773673172216e-10
5.015236631939234e-10
6.857481481048629e-10
9.34910087255745e-10
1.2733080367011568e-09
1.7406891252361388e-09
2.3725897739769835e-09
3.2263339098102007e-09
4.4095921866238056e-09
6.008756971480115e-09
8.165806330253368e-09
1.1147221823537507e-08
1.5185670011047962e-08
2.0630959705616298e-08
2.8120705261054978e-08
3.829890001990374e-08
5.201887550333957e-08
7.079996934747947e-08
9.641067935734798e-08
1.3092987741883887e-07
1.779665098164614e-07
2.423521051950262e-07
3.2915435711915666e-07
4.4693250348897425e-07
6.088612626963939e-07
8.273363532701882e-07
1.122668446485331e-06
1.5308470415445205e-06
2.082390275351584e-06
2.8267376470580703e-06
3.859332028601193e-06
5.259344969283866e-06
7.153407319019209e-06
9.77728544725748e-06
1.3358346005450535e-05
1.821754591434526e-05
2.4940878752312607e-05
3.418158194836793e-05
4.675862892537031e-05
6.413277563394134e-05
8.8179560220429e-05
0.00012099621365657279
0.00016622248279458176
0.00022923243225509438
0.0003154022140785295
0.0004337723747157652
0.0005996926262374387
0.0008269319459490096
0.0011378214316498415
0.0015760088310032491
0.0021766433511829207
0.002998301518688843
0.004152556386269523
0.0057400929660130565
0.007911045475146648
0.010942650616677804
0.015121886904508617
0.020823437480757722
0.028714164180269803
0.03957309831548608
0.05427782587277224
0.0743019812287875
0.10151260819372888
0.13760467021137052
0.18510451467714892
0.24698727391286648
0.3246066442257133
0.4189825070528667
0.5278667284097941
0.6456583887070673
0.7632957972104188
0.8616128161735432
0.9341131444146179
0.9776284914627709
0.9943909735149998
0.9990859934996038
0.9999398157498836
0.9999987756982228
0.9999999823869826
0.9999999999493241
0.9999999999999998
1.0
1.0
1.0
1.0
1.0
1.0
1.0
1.0
1.0
###
1e-05
1.1768119524349992e-05
1.3848863713938717e-05
1.6297508346206434e-05
1.917910261672489e-05
2.2570197196339216e-05
2.656087782946684e-05
3.1257158496882356e-05
3.678379771828634e-05
4.328761281083062e-05
5.0941380148163754e-05
5.994842503189409e-05
7.054802310718646e-05
8.302175681319735e-05
9.770099572992247e-05
0.00011497569953977356
0.00013530477745798074
0.00015922827933410923
0.0001873817422860383
0.00022051307399030456
0.00025950242113997375
0.0003053855508833416
0.00035938136638046257
0.0004229242874389499
0.0004977023564332109
0.0005857020818056661
0.0006892612104349695
0.0008111308307896872
0.0009545484566618337
0.0011233240329780276
0.0013219411484660286
0.0015556761439304723
0.0018307382802953678
0.002154434690031882
0.0025353644939701114
0.0029836472402833374
0.003511191734215131
0.004132012400115334
0.004862601580065354
0.005722367659350214
0.006734150657750821
0.007924828983539169
0.0093260334688322
0.010974987654930556
0.01291549665014884
0.01519911082952933
0.01788649529057435
0.0210490414451202
0.02477076355991709
0.029150530628251757
0.034304692863149154
0.040370172585965536
0.047508101621027934
0.05590810182512223
0.06579332246575675
0.0774263682681127
0.09111627561154886
0.10722672220103231
0.1261856883066021
0.14849682622544635
0.1747528400007683
0.20565123083486514
0.24201282647943834
0.2848035868435799
0.3351602650938841
0.3944206059437656
0.46415888336127725
0.5462277217684337
0.642807311728432
0.7564633275546291
0.8902150854450375
1.0476157527896641
1.232846739442066
1.4508287784959402
1.7073526474706886
2.009233002565046
2.364489412645407
2.782559402207126
3.274549162877725
3.8535285937105273
4.534878508128582
5.3366992312063015
6.280291441834247
7.390722033525775
8.697490026177835
10.235310218990248
12.045035402587812
14.174741629268048
16.68100537200059
19.630406500402685
23.10129700083158
27.1858824273294
31.992671377973846
37.64935806792464
44.30621457583877
52.14008287999685
61.35907273413163
72.20809018385457
84.97534359086438
100.0
###
1.1702970457801456
1.0099243890534269
0.8675773950592616
0.7427781697958775
0.6345340972335746
0.5415208919510708
0.48085060245517824
0.41080371268284355
0.35170522908650864
0.30192436735115186
3.2282209233508277
2.6734740013307148
2.1988732588182667
1.79729513018377
1.460815470212913
1.1809833525713371
1.0033735711200344
0.8033580579596109
0.6389921984859488
0.5039799033939771
4.597228321006102
3.7429197823447
3.02384896592861
2.4252163281616115
1.9313958324311513
1.527077641373053
1.2739144729272738
0.9926312600495448
0.7651115096673837
0.5812803040386196
5.6950248527972755
4.586705236936657
3.6637191892403815
2.903316158629862
2.2825077251220853
1.7794427948875635
1.4673226733541018
1.1237409401732352
0.8488333937604352
0.6294304106331388
6.6344540817078475
5.301033671982962
4.199339825530695
3.298768227669088
2.5690715311294836
1.9823874006781963
1.620862329948302
1.225700372339476
0.9122340155672855
0.6643862229205026
7.466564204753564
5.928747729737512
4.666141706132074
3.640277665374315
2.8142376554179287
2.154046540658068
1.749530679054224
1.3098744426887052
0.9635405264759125
0.6918143093252651
8.219745202641578
6.493342564330461
5.083191393550061
3.943275787158779
3.029972168080873
2.303876442997841
1.8609983909863268
1.3819306257070971
1.0068079135182744
0.7143785087951704
8.911719265966777
7.009383125430189
5.462270284635122
4.217079081915963
3.2237316838415606
2.437452003454447
1.9597756064174023
1.445188448816692
1.044290033482787
0.7335317527578171
9.554452723530963
7.486547699976713
5.811180901874162
4.467862380505306
3.400235996558284
2.5584135339427947
2.048755380424738
1.5017075146902905
1.0773902956293875
0.7501966211236355
10.156458084892638
7.931746017272026
6.135405516500967
4.699871563653753
3.5627738601749415
2.6692122551128663
2.1299054633684706
1.5528887398777234
1.1071830475776638
0.7649157954004843
10.724135275658558
8.35008325407153
6.438982900343082
4.9162512853491664
3.713813540925894
2.7716668739263435
2.204648756419586
1.5997390270276537
1.134170444075887
0.7781066308645146
11.26221897402125
8.74544099664079
6.725009011138938
5.119454055537586
3.8550734641389326
2.8671119697381218
2.2740341896662324
1.6429912565866818
1.1588853389389153
0.7900567118113555
11.774574556562182
9.120743008586457
6.995803561529643
5.31125689885096
3.987958254160122
2.956576561758267
2.338863177209157
1.683202951312503
1.1817321754370926
0.800977595040445
12.264270950952607
9.478764265105696
7.2532924685145685
5.4931328610455
4.113550560059573
3.0408743412912145
2.3997698827698155
1.7208094481273468
1.202973482679884
0.8110408724547167
12.733802454634676
9.82114364359636
7.498985015651123
5.666258031770367
4.232790324076732
3.120641298133241
2.457245333749678
1.7561496125301064
1.2228269155080342
0.8203576316001122