# datat/BKevo/MVe_BKevo/mve4.dat
# N(r,Y=0), r, *F2(x,Q^2)
# 1e-05 < r < 100.0
# 1 < Q^2 < 50, n=15, log grid
# 1e-5 < x < 1e-2, n=10, log grid
###
1.6220353852844195e-11
2.2127230950728596e-11
3.0312200328724044e-11
4.146172789488494e-11
5.655438533809571e-11
7.736580336325024e-11
1.0581238380247472e-10
1.443088025545661e-10
1.9712720085672012e-10
2.69571080046517e-10
3.6757720406342087e-10
5.013609038694063e-10
6.854812747718486e-10
9.344766327107639e-10
1.2726057973402265e-09
1.7395361174539933e-09
2.3707152161849384e-09
3.2233076431721193e-09
4.4046166801699535e-09
6.000660253395848e-09
8.152741352234145e-09
1.1125790740933798e-08
1.5150769908362977e-08
2.0574623611312664e-08
2.8028653056102474e-08
3.814895060109584e-08
5.177684630836194e-08
7.040628814868402e-08
9.576962577055171e-08
1.2989602827057333e-07
1.762940251577364e-07
2.3963255669472334e-07
3.247770717136872e-07
4.3989889794937945e-07
5.974581678754194e-07
8.090487206469535e-07
1.0935306398285876e-06
1.4838493996510522e-06
2.0074575555369623e-06
2.708457703699335e-06
3.6702673124671347e-06
4.960460793521793e-06
6.685940205875531e-06
9.040735706108056e-06
1.220704513511766e-05
1.6437924218985592e-05
2.2182755378186324e-05
2.9928635381548518e-05
4.027433573504473e-05
5.425944043037143e-05
7.31818729691042e-05
9.846459642199172e-05
0.00013252045172606209
0.00017881798005258158
0.00024077298241836095
0.0003240295197194694
0.0004379387193095846
0.0005908183052176982
0.0007960031727243801
0.0010790035678982146
0.0014603601105766606
0.0019740013621160515
0.0026836531542625626
0.003647002249795227
0.004949734544572665
0.006749039459802021
0.009208621739957268
0.012542981566801182
0.01713470148960222
0.023437331824773873
0.031971668847306095
0.043628514098893185
0.059585472627253534
0.08099063503748102
0.10967178212489595
0.14816363902099394
0.19829157381761592
0.26250778984132334
0.3433036373178615
0.4402810972297816
0.5516068638100795
0.6685772536429031
0.7816943921574608
0.8791520145098548
0.9446863142443596
0.9807867568376881
0.9959260127696785
0.9994884334083391
0.9999585995884928
0.9999988805895001
0.9999999979591422
0.9999999999949838
0.9999999999999983
1.0
1.0
1.0
1.0
1.0
1.0
1.0
###
1e-05
1.1768119524349992e-05
1.3848863713938717e-05
1.6297508346206434e-05
1.917910261672489e-05
2.2570197196339216e-05
2.656087782946684e-05
3.1257158496882356e-05
3.678379771828634e-05
4.328761281083062e-05
5.0941380148163754e-05
5.994842503189409e-05
7.054802310718646e-05
8.302175681319735e-05
9.770099572992247e-05
0.00011497569953977356
0.00013530477745798074
0.00015922827933410923
0.0001873817422860383
0.00022051307399030456
0.00025950242113997375
0.0003053855508833416
0.00035938136638046257
0.0004229242874389499
0.0004977023564332109
0.0005857020818056661
0.0006892612104349695
0.0008111308307896872
0.0009545484566618337
0.0011233240329780276
0.0013219411484660286
0.0015556761439304723
0.0018307382802953678
0.002154434690031882
0.0025353644939701114
0.0029836472402833374
0.003511191734215131
0.004132012400115334
0.004862601580065354
0.005722367659350214
0.006734150657750821
0.007924828983539169
0.0093260334688322
0.010974987654930556
0.01291549665014884
0.01519911082952933
0.01788649529057435
0.0210490414451202
0.02477076355991709
0.029150530628251757
0.034304692863149154
0.040370172585965536
0.047508101621027934
0.05590810182512223
0.06579332246575675
0.0774263682681127
0.09111627561154886
0.10722672220103231
0.1261856883066021
0.14849682622544635
0.1747528400007683
0.20565123083486514
0.24201282647943834
0.2848035868435799
0.3351602650938841
0.3944206059437656
0.46415888336127725
0.5462277217684337
0.642807311728432
0.7564633275546291
0.8902150854450375
1.0476157527896641
1.232846739442066
1.4508287784959402
1.7073526474706886
2.009233002565046
2.364489412645407
2.782559402207126
3.274549162877725
3.8535285937105273
4.534878508128582
5.3366992312063015
6.280291441834247
7.390722033525775
8.697490026177835
10.235310218990248
12.045035402587812
14.174741629268048
16.68100537200059
19.630406500402685
23.10129700083158
27.1858824273294
31.992671377973846
37.64935806792464
44.30621457583877
52.14008287999685
61.35907273413163
72.20809018385457
84.97534359086438
100.0
###
0.9837601754343829
0.8337501052922044
0.702463202294627
0.5887759681347622
0.4914430087680568
0.4088446131694492
0.35550826103224825
0.29449241601404774
0.24342180111736708
0.2007873427411127
2.6254135569046393
2.1341984736273867
1.7208955412070004
1.3768170374857691
1.093202428716504
0.8612315028490717
0.7161543324534241
0.5551988797006134
0.4252315131502186
0.3204103205035831
3.693720819041113
2.9526585938506105
2.339550645878243
1.8375494874175977
1.430483062217205
1.1028957560491264
0.9010082931752598
0.6802761655932771
0.5051723136223322
0.36670143161776975
4.542522320479632
3.592990885444618
2.8157887589761583
2.1861545064965133
1.6808932988231617
1.2786230384458794
1.033040573781334
0.7671524796288264
0.5587271677991882
0.3960567400519993
5.264724892732947
4.132391152416259
3.2127085546279224
2.4734409817082588
1.8847917514749093
1.4197768396186605
1.1378939960882142
0.8349177294807154
0.59956683801486
0.41770762923152543
5.901832801120328
4.604636448135152
3.5575226569090566
2.7209619013385633
2.0588909052557627
1.539125505771727
1.225813100510903
0.8910294570044067
0.6328148169271256
0.43491690707240543
6.4767121301936035
5.028232684627738
3.8649114762410055
2.9401923521260027
2.2120617036521115
1.6432716945525978
1.302033018384526
0.9391672046570531
0.6609891762433936
0.4492298482039693
7.003567453726897
5.414449575828986
4.143816337433134
3.1380613265447312
2.349458326574847
1.7361219586663093
1.369621942977458
0.9815051664072011
0.6855116828100123
0.4614998179545998
7.491923705078171
5.771023211959104
4.400154464066128
3.3190753878533883
2.4745475314452237
1.8202002698243065
1.430548690568508
1.019393711068749
0.7072748715739253
0.4722545595928392
7.94851854414184
6.103331339207715
4.638066146360127
3.486412647131825
2.589695339689911
1.8972273428289472
1.4861481226210687
1.053771238338386
0.7268734481599809
0.48182851005202654
8.378397076800022
6.414994211470698
4.860598830080428
3.642388165686234
2.6966354775033996
1.9684684273443926
1.5373905638067815
1.0852883907153863
0.7447187577480846
0.4904693329857176
8.785348085400368
6.70928476198656
5.070049836285311
3.7887387319379315
2.7966620359296774
2.034838942237501
1.5849871521467467
1.1144365562141219
0.7611374024938126
0.4983454432741093
9.172382045420376
6.9884519723977565
5.268208486363794
3.926808302496846
2.8906031325587462
2.0970581144031857
1.6294824855447176
1.1415622159226657
0.7763137479697768
0.5055689612852261
9.541763979448929
7.254289535129999
5.456524579391299
4.057670411240224
2.9794948677539983
2.1556917073064246
1.6713064100812587
1.1669623561260902
0.7904676160269329
0.5122827409967637
9.895734560951274
7.508541123610756
5.636097978006236
4.182120783738382
3.063846621194158
2.211186766619449
1.7107961013134119
1.190858614740785
0.8037412786780447
0.5185184414567385