# datat/BKevo/MVe_BKevo/mve9.dat
# N(r,Y=0), r, *F2(x,Q^2)
# 1e-05 < r < 100.0
# 1 < Q^2 < 50, n=15, log grid
# 1e-5 < x < 1e-2, n=10, log grid
###
3.2440707705688383e-11
4.4254149326106386e-11
6.062415117917105e-11
8.292299824103121e-11
1.1310792024771927e-10
1.5473036362302378e-10
2.1162265079172735e-10
2.8861414268632284e-10
3.9424870102112604e-10
5.391327989164866e-10
7.351391911296573e-10
1.0026969404157646e-09
1.3709218710210243e-09
1.8688871681924757e-09
2.545104487170807e-09
3.4788960870121825e-09
4.741143951039703e-09
6.446152311794105e-09
8.808471501035218e-09
1.200007944525181e-08
1.630347785284951e-08
2.224828757864087e-08
3.029616645752191e-08
4.114055664910824e-08
5.604307068562928e-08
7.627464622220416e-08
1.0351603923700443e-07
1.4075109115438647e-07
1.9143867215222791e-07
2.596290263587886e-07
3.5232270771576306e-07
4.788304873423773e-07
6.488489490212843e-07
8.786540654382915e-07
1.1930406993597342e-06
1.6150515897787507e-06
2.1821400930117504e-06
2.959620665101603e-06
4.001789490051209e-06
5.3957683705048735e-06
7.305850420407e-06
9.864559065646536e-06
1.3281097558233158e-05
1.7933263145258736e-05
2.4173399661848657e-05
3.248859148836014e-05
4.3736871835925207e-05
5.8838172884668585e-05
7.89128410955534e-05
0.00010588230054162577
0.0001421043728082695
0.0001901204708505578
0.00025416582863876014
0.0003401691420421843
0.0004538072747018697
0.0006042562793722515
0.0008061342973464808
0.0010719183168022915
0.00142113941927458
0.001889155742823597
0.0025029747674158802
0.003306054604321818
0.0043747765772021675
0.005774639629895756
0.0075997035934759006
0.010011067802507993
0.01316811293152836
0.017272468348067015
0.022661836515417283
0.02971855442152308
0.038870559442873175
0.05081383310976135
0.06643399097626576
0.08659367091214915
0.11262356009558364
0.14633156300205916
0.1891185421306727
0.24289280367784769
0.30983305192040556
0.3904878157328605
0.48482356109112446
0.5889676128048086
0.6974362108848444
0.8018902882563924
0.8868129442398884
0.9468338985422787
0.9819300972845324
0.9956510371326323
0.9992782890971873
0.9999464771935281
0.9999990318904938
0.9999999849592031
0.9999999999457763
0.9999999999999998
1.0
1.0
1.0
1.0
1.0
1.0
###
1e-05
1.1768119524349992e-05
1.3848863713938717e-05
1.6297508346206434e-05
1.917910261672489e-05
2.2570197196339216e-05
2.656087782946684e-05
3.1257158496882356e-05
3.678379771828634e-05
4.328761281083062e-05
5.0941380148163754e-05
5.994842503189409e-05
7.054802310718646e-05
8.302175681319735e-05
9.770099572992247e-05
0.00011497569953977356
0.00013530477745798074
0.00015922827933410923
0.0001873817422860383
0.00022051307399030456
0.00025950242113997375
0.0003053855508833416
0.00035938136638046257
0.0004229242874389499
0.0004977023564332109
0.0005857020818056661
0.0006892612104349695
0.0008111308307896872
0.0009545484566618337
0.0011233240329780276
0.0013219411484660286
0.0015556761439304723
0.0018307382802953678
0.002154434690031882
0.0025353644939701114
0.0029836472402833374
0.003511191734215131
0.004132012400115334
0.004862601580065354
0.005722367659350214
0.006734150657750821
0.007924828983539169
0.0093260334688322
0.010974987654930556
0.01291549665014884
0.01519911082952933
0.01788649529057435
0.0210490414451202
0.02477076355991709
0.029150530628251757
0.034304692863149154
0.040370172585965536
0.047508101621027934
0.05590810182512223
0.06579332246575675
0.0774263682681127
0.09111627561154886
0.10722672220103231
0.1261856883066021
0.14849682622544635
0.1747528400007683
0.20565123083486514
0.24201282647943834
0.2848035868435799
0.3351602650938841
0.3944206059437656
0.46415888336127725
0.5462277217684337
0.642807311728432
0.7564633275546291
0.8902150854450375
1.0476157527896641
1.232846739442066
1.4508287784959402
1.7073526474706886
2.009233002565046
2.364489412645407
2.782559402207126
3.274549162877725
3.8535285937105273
4.534878508128582
5.3366992312063015
6.280291441834247
7.390722033525775
8.697490026177835
10.235310218990248
12.045035402587812
14.174741629268048
16.68100537200059
19.630406500402685
23.10129700083158
27.1858824273294
31.992671377973846
37.64935806792464
44.30621457583877
52.14008287999685
61.35907273413163
72.20809018385457
84.97534359086438
100.0
###
1.053353978103553
0.8911305484601201
0.7481116575043465
0.6237899784615082
0.5169154586876188
0.4260656100409012
0.3674081234270946
0.30037045300361315
0.2444607501019536
0.19799545766194698
2.8751040090081905
2.3371568739676745
1.882291690404252
1.5028615223764343
1.1894982559278813
0.9333681245486196
0.7735209432668303
0.5968124132882286
0.4550065389906072
0.3416030754888748
4.084068685573465
3.2671689190020876
2.5883072806518848
2.031590698176396
1.5793639927361698
1.2157973619366618
0.992173264834948
0.7485520188366073
0.5563925731484578
0.4056124336720868
5.053826643608301
4.002363349779401
3.1381297409195277
2.4369727277627162
1.8733786055947765
1.4250107730918349
1.1518169897111965
0.8569577760219425
0.6270137706027302
0.4487381962344854
5.884206960422839
4.625898988066531
3.5998972373073896
2.773984447168413
2.1152101890623767
1.5951184941610816
1.2803917017445294
0.9430560243169904
0.6821927230414794
0.4817861812123897
6.620255023175458
5.17467708704463
4.003368800845271
3.066227727006814
2.323241572122038
1.7402069682608068
1.3893067668832884
1.0152450897762273
0.7279219953477071
0.5087702493555413
7.286917283959964
5.668950659686317
4.364704246917171
3.3263815693464056
2.507279132268842
1.867734974650614
1.4844855773867516
1.0778237836083393
0.76717212621738
0.5317144178075816
7.899828849771762
6.121258018006426
4.693777846501099
3.562142706443968
2.6732229384097943
1.9820400739421593
1.569438645634536
1.1333051506420047
0.8017204948054567
0.5516337287834233
8.469481178695556
6.539984108127007
4.9971959188361295
3.7786250254531173
2.8249070278926447
2.0860440236354116
1.6464434160495147
1.183308176295031
0.8326398765872636
0.5693610488350894
9.003350951101492
6.931059320619037
5.279580898203703
3.9793657259839663
2.9650256551138248
2.1817268561022214
1.7170375566707345
1.2289273437464927
0.8606912617647419
0.5853245576606969
9.507062594825502
7.2989352532369836
5.544364968179837
4.166988728506255
3.095546578846469
2.270537250434748
1.7823682125981106
1.2709625230421786
0.8864096453635524
0.5998700717020544
9.984763275251247
7.646867731266263
5.794135235599304
4.343462114750058
3.217941259130287
2.353555655255614
1.843273443729494
1.3099969238593847
0.9101830521538069
0.6132360543854519
10.439849913667045
7.977522804321151
6.030913481019638
4.510318073500694
3.3333494593759547
2.431635594577356
1.900398704501173
1.3464784185872785
0.932310914600209
0.6256311507921597
10.875014007892398
8.292995874974409
6.256363757231105
4.668795831236661
3.4426781203912857
2.5052644086196945
1.9542609602111856
1.3807612336753021
0.9530293536463817
0.6371678308360404
11.292458935426152
8.594885862758897
6.471623725105608
4.819818930253318
3.5466531554422467
2.575214106591547
2.0052582052743273
1.4131212033971299
0.9725157553177864
0.64797331449043