# datat/BKevo/GBW_BKevo/gbw13.dat
# N(r,Y=0), r, *FL(x,Q^2)
# 1e-05 < r < 100.0
# 1 < Q^2 < 50, n=15, log grid
# 1e-5 < x < 1e-2, n=10, log grid
###
2.5088500189136052e-12
3.4649660649815674e-12
4.8092697226093414e-12
6.664838481408985e-12
9.208771639843713e-12
1.2768732357148786e-11
1.770400432337786e-11
2.447254049589478e-11
3.389886139847484e-11
4.7024588456018696e-11
6.503194018620185e-11
8.998773372788526e-11
1.248954828559512e-10
1.7280094704865277e-10
2.3886071611278185e-10
3.3169222304863617e-10
4.591305981619034e-10
6.339695307386692e-10
8.808264386721712e-10
1.2198220442055835e-09
1.6843952866813952e-09
2.338897846879896e-09
3.2406073147202845e-09
4.476723013251447e-09
6.210083037656245e-09
8.608459511304916e-09
1.1897311021281242e-08
1.6487246268427265e-08
2.2866148589592627e-08
3.1616175586145327e-08
4.376860590869736e-08
6.073353701944078e-08
8.401199214431339e-08
1.161824329285212e-07
1.612989345415563e-07
2.232256759300079e-07
3.083760502758943e-07
4.2835236078832026e-07
5.930856022449313e-07
8.188129062860587e-07
1.1374619770347518e-06
1.57565225358459e-06
2.176268435028676e-06
3.020215049639451e-06
4.185741109515881e-06
5.783787924257951e-06
8.018682523030621e-06
1.1118653534378184e-05
1.5370326067335804e-05
2.1287788253633957e-05
2.9532331122155158e-05
4.0843407119133715e-05
5.650888818582051e-05
7.843396766764186e-05
0.00010852323200731003
0.00014998681963950217
0.00020828589046823683
0.00028831645942878803
0.00039803202096645046
0.0005530121159204226
0.0007658093199706987
0.0010573779545725666
0.0014677424488200048
0.0020331388621209535
0.0028077603035123553
0.0038922263556231958
0.005391620715174945
0.007444337370916103
0.010299878202682487
0.014256464214147745
0.01965958477436707
0.027108799067460134
0.03741315164868931
0.05138340947400828
0.07034926873402733
0.09626691443893444
0.13071454656195614
0.1760243335325125
0.23546458697095152
0.31036176565388424
0.4019827739463654
0.5088149809056288
0.6256990398347955
0.7442029356509269
0.8468434010798694
0.9240772166883647
0.9723329663086588
0.9927968456834911
0.998709055015145
0.9998946036206176
0.9999977614866744
0.9999999610119913
0.9999999998400851
0.9999999999999991
1.0
1.0
1.0
1.0
1.0
1.0
###
1e-05
1.1768119524349992e-05
1.3848863713938717e-05
1.6297508346206434e-05
1.917910261672489e-05
2.2570197196339216e-05
2.656087782946684e-05
3.1257158496882356e-05
3.678379771828634e-05
4.328761281083062e-05
5.0941380148163754e-05
5.994842503189409e-05
7.054802310718646e-05
8.302175681319735e-05
9.770099572992247e-05
0.00011497569953977356
0.00013530477745798074
0.00015922827933410923
0.0001873817422860383
0.00022051307399030456
0.00025950242113997375
0.0003053855508833416
0.00035938136638046257
0.0004229242874389499
0.0004977023564332109
0.0005857020818056661
0.0006892612104349695
0.0008111308307896872
0.0009545484566618337
0.0011233240329780276
0.0013219411484660286
0.0015556761439304723
0.0018307382802953678
0.002154434690031882
0.0025353644939701114
0.0029836472402833374
0.003511191734215131
0.004132012400115334
0.004862601580065354
0.005722367659350214
0.006734150657750821
0.007924828983539169
0.0093260334688322
0.010974987654930556
0.01291549665014884
0.01519911082952933
0.01788649529057435
0.0210490414451202
0.02477076355991709
0.029150530628251757
0.034304692863149154
0.040370172585965536
0.047508101621027934
0.05590810182512223
0.06579332246575675
0.0774263682681127
0.09111627561154886
0.10722672220103231
0.1261856883066021
0.14849682622544635
0.1747528400007683
0.20565123083486514
0.24201282647943834
0.2848035868435799
0.3351602650938841
0.3944206059437656
0.46415888336127725
0.5462277217684337
0.642807311728432
0.7564633275546291
0.8902150854450375
1.0476157527896641
1.232846739442066
1.4508287784959402
1.7073526474706886
2.009233002565046
2.364489412645407
2.782559402207126
3.274549162877725
3.8535285937105273
4.534878508128582
5.3366992312063015
6.280291441834247
7.390722033525775
8.697490026177835
10.235310218990248
12.045035402587812
14.174741629268048
16.68100537200059
19.630406500402685
23.10129700083158
27.1858824273294
31.992671377973846
37.64935806792464
44.30621457583877
52.14008287999685
61.35907273413163
72.20809018385457
84.97534359086438
100.0
###
0.14579265296365895
0.12449028807945749
0.10528954116183648
0.08827862442177908
0.0734357606201823
0.060609758797211276
0.05221099975960076
0.04247434465350102
0.03419744312689735
0.02715974749573714
0.4137474565211757
0.33462268002524004
0.2674302710234509
0.21118154961628063
0.16465705059386282
0.1265377124313777
0.10269169405932302
0.07625295664713296
0.05494566507205593
0.0378246078117549
0.5806297879402142
0.4599113383937177
0.35970355097638756
0.277615750446186
0.21117688914566984
0.15790517991243666
0.12522649429276908
0.08972136137194131
0.06181967970510759
0.040029615659066896
0.7101639573707538
0.5553139129463144
0.42854548762788675
0.3261242032037935
0.2443220615519513
0.17962475882307108
0.14043194145819948
0.09840372886386638
0.06592034459303761
0.04103181803865677
0.818651944755486
0.6342413404721303
0.48478860861276046
0.3651967119428292
0.27061038918207875
0.1965478201600353
0.15209082241823946
0.10487765752861192
0.06883596342349439
0.04161466959454542
0.9132229922812515
0.7024420842294297
0.5329197065864024
0.39830330745936565
0.292639349633172
0.21054819468114902
0.16162665639125512
0.11006915278570004
0.07109754310420532
0.041999386237057804
0.9977498208593918
0.7629693211829737
0.5753248142163817
0.4272444333046292
0.3117309190149218
0.22256020961211428
0.16973713416448893
0.11441854837176987
0.07294462493403235
0.0422739427999272
1.0746023039420376
0.8176827286419858
0.6134317681842159
0.45308659692456943
0.32866245837992103
0.23312518574918373
0.1768197472442192
0.11817104934233733
0.07450641764815284
0.04248069177021458
1.1453589653759195
0.8678124602311551
0.6481704712342021
0.4765163323747952
0.3439191091136753
0.24258355375616428
0.1831228925329186
0.12147695957081714
0.07585119672146476
0.04264218044979765
1.2111267585553578
0.9142134118696568
0.6801859633208585
0.4980125928686597
0.35784321938181285
0.25116568254518745
0.18881311259565609
0.12443622154567989
0.07705451584995975
0.042772192815914635
1.2727197798794776
0.9575100305079417
0.7099458717614773
0.5179117901877763
0.3706760473644519
0.25903506802209714
0.19400671563616978
0.12711772833682505
0.07812435163950704
0.04287931336179795
1.330756195324872
0.9981745642384057
0.7378014444236115
0.5364721940729663
0.3825966872141775
0.2663121587394461
0.19879196001862343
0.12957161990144414
0.07909321690954532
0.04296896171430859
1.3857179728630806
1.0365719834409566
0.7640238735677779
0.5538846262257738
0.393743812343064
0.27308841393235234
0.20323224594667427
0.13183536850326638
0.0799788097073749
0.04304554686946985
1.437989443634802
1.0729897144696179
0.7888275664711354
0.5703061949072358
0.4042189678817795
0.2794349718333918
0.20737732506204243
0.13393777522483893
0.08079406533650021
0.043111734286546056
1.487882657994686
1.1076727195481904
0.8123852943998632
0.585860574867455
0.4141163901832978
0.28540849249865474
0.21126747043583652
0.13590023758618666
0.08155010783891363
0.04316940920594956