# datat/BKevo/MVe_BKevo/mve10.dat
# N(r,Y=0), r, *FL(x,Q^2)
# 1e-05 < r < 100.0
# 1 < Q^2 < 50, n=15, log grid
# 1e-5 < x < 1e-2, n=10, log grid
###
3.2440707705688383e-11
4.4254253517889996e-11
6.062415117917105e-11
8.292306048194685e-11
1.1310803127002166e-10
1.5473051893881023e-10
2.1162298385863474e-10
2.886146611954403e-10
3.9424952885294273e-10
5.391341655290878e-10
7.351413786917555e-10
1.0027005338035007e-09
1.3709276729276866e-09
1.868896633907838e-09
2.5451197592991135e-09
3.478921255301173e-09
4.741184882733639e-09
6.44621849859654e-09
8.808580375636396e-09
1.2000256795728986e-08
1.6303764461480006e-08
2.224875845147893e-08
3.029693457836336e-08
4.1141799105511107e-08
5.6045106227805214e-08
7.627797203323675e-08
1.0352142519624001e-07
1.4075988809442937e-07
1.9145306645932205e-07
2.596523655710437e-07
3.523607081213906e-07
4.788927599308827e-07
6.489500397586034e-07
8.788181194827619e-07
1.1933099393153684e-06
1.615489175308261e-06
2.1828477758867227e-06
2.960783764073425e-06
4.0036819169519815e-06
5.398821953574019e-06
7.310868758681765e-06
9.872732077654751e-06
1.3294294232846217e-05
1.7954875387595366e-05
2.4208623332088225e-05
3.25454877110143e-05
4.3829684154406105e-05
5.8989483189268206e-05
7.915722550415039e-05
0.00010627912044126036
0.00014275103560507582
0.0001911639790759753
0.000255850793153892
0.0003429107358575973
0.0004582218642773514
0.0006113349036736624
0.0008176137768547617
0.001090328068392851
0.0014503951430991577
0.001936319400303079
0.002578096181468195
0.0034244496104301097
0.0045631890561362385
0.006071565861185698
0.00806222818411806
0.010734269801956756
0.01429033590155869
0.018991667753294434
0.02529001009013263
0.03370997477318705
0.04484613028574368
0.059688015034672665
0.07951065493730398
0.10553604282697755
0.1396474826079938
0.18432676978024015
0.24125044254726663
0.31249016576593175
0.3994713614575454
0.5008526343879756
0.6133551537158239
0.7259171492541883
0.8291996752283941
0.9125868779220528
0.9636041830401688
0.9887791952078635
0.9980119102930026
0.9998049391861463
0.999987673176954
0.9999997589475722
0.999999999804518
0.9999999999997372
1.0
1.0
1.0
1.0
1.0
1.0
1.0
1.0
###
1e-05
1.1768119524349992e-05
1.3848863713938717e-05
1.6297508346206434e-05
1.917910261672489e-05
2.2570197196339216e-05
2.656087782946684e-05
3.1257158496882356e-05
3.678379771828634e-05
4.328761281083062e-05
5.0941380148163754e-05
5.994842503189409e-05
7.054802310718646e-05
8.302175681319735e-05
9.770099572992247e-05
0.00011497569953977356
0.00013530477745798074
0.00015922827933410923
0.0001873817422860383
0.00022051307399030456
0.00025950242113997375
0.0003053855508833416
0.00035938136638046257
0.0004229242874389499
0.0004977023564332109
0.0005857020818056661
0.0006892612104349695
0.0008111308307896872
0.0009545484566618337
0.0011233240329780276
0.0013219411484660286
0.0015556761439304723
0.0018307382802953678
0.002154434690031882
0.0025353644939701114
0.0029836472402833374
0.003511191734215131
0.004132012400115334
0.004862601580065354
0.005722367659350214
0.006734150657750821
0.007924828983539169
0.0093260334688322
0.010974987654930556
0.01291549665014884
0.01519911082952933
0.01788649529057435
0.0210490414451202
0.02477076355991709
0.029150530628251757
0.034304692863149154
0.040370172585965536
0.047508101621027934
0.05590810182512223
0.06579332246575675
0.0774263682681127
0.09111627561154886
0.10722672220103231
0.1261856883066021
0.14849682622544635
0.1747528400007683
0.20565123083486514
0.24201282647943834
0.2848035868435799
0.3351602650938841
0.3944206059437656
0.46415888336127725
0.5462277217684337
0.642807311728432
0.7564633275546291
0.8902150854450375
1.0476157527896641
1.232846739442066
1.4508287784959402
1.7073526474706886
2.009233002565046
2.364489412645407
2.782559402207126
3.274549162877725
3.8535285937105273
4.534878508128582
5.3366992312063015
6.280291441834247
7.390722033525775
8.697490026177835
10.235310218990248
12.045035402587812
14.174741629268048
16.68100537200059
19.630406500402685
23.10129700083158
27.1858824273294
31.992671377973846
37.64935806792464
44.30621457583877
52.14008287999685
61.35907273413163
72.20809018385457
84.97534359086438
100.0
###
0.19076145156514251
0.1673917029696551
0.14547974514824608
0.12539990562026662
0.10733585737274129
0.09133525165409967
0.08066360379401025
0.06806900543885443
0.05719119104080039
0.047840575211818864
0.590781243423702
0.4915770949883742
0.4042354135541476
0.3287185918488225
0.2644155513166264
0.21031032054180276
0.1757042856886268
0.1365232933382823
0.10418595089426817
0.07755098706836988
0.8569175857620057
0.6982534900722049
0.561889294342196
0.44673721038905895
0.3508039871015134
0.2718202658456894
0.2222630792823722
0.16719615118850756
0.12276485855934474
0.08707516890156404
1.069539491893677
0.8601861922359539
0.6829755981289974
0.5354667228849312
0.414293990822901
0.31589086964208163
0.2548779296779891
0.18793942370633798
0.1347362889802847
0.09267979792185584
1.2508973609814544
0.9966001915905028
0.7836830844511242
0.6082974351835895
0.4656499800843824
0.35095601620427325
0.28049210751106785
0.20388380085675117
0.14368043138491757
0.09668796067260887
1.411132388726075
1.1160154219961713
0.8710196895325849
0.6708374142202738
0.5092902318415161
0.38041939162553806
0.30180471469396913
0.21695351920962014
0.1508721450695473
0.09981111791898754
1.5558187518717694
1.2230877432160572
0.9487684642912506
0.7260770710430352
0.5475274307615495
0.406011641496746
0.32017680150104205
0.22809343374880728
0.15691375700605079
0.10237859349250081
1.6884918156961581
1.320700489459105
1.0192124227321244
0.7758204092347878
0.5817350479558975
0.4287360288227328
0.33639640002201293
0.2378381930859319
0.16214062897418663
0.1045626639629631
1.8115066288245016
1.4107546514202047
1.0838800033203349
0.8212455599711475
0.6127990343649405
0.44924819931655957
0.3509642100813642
0.24652553886382916
0.16675746654228302
0.1064666764667255
1.926605396908615
1.494628657196919
1.14382941141327
0.8631717525723027
0.6413351768647603
0.467992477426174
0.364219822978011
0.2543799982459626
0.1708998893988619
0.10815767321185528
2.0349264371922637
1.5732914305918473
1.1998682765540911
0.9021937275827172
0.6677813365101842
0.4852870100365578
0.3764048252893478
0.2615602409104393
0.17466200553529715
0.10966384062043172
2.1374767218467583
1.6475157540573737
1.2525552487382565
0.9387607937625542
0.6924712632580571
0.5013682524260709
0.3877048440733152
0.26818234530038043
0.17811195716851078
0.11104735421965312
2.235007457613057
1.7178956129707224
1.302361175657446
0.9732189665390066
0.7156595593073046
0.5164170252007436
0.3982416637506933
0.274334245969856
0.18129962613794923
0.11233928253994238
2.3281217209732596
1.7849056982570923
1.3496657565255603
1.0058427049297802
0.7375468806101472
0.5305787647251736
0.4081285399364507
0.2800840324120116
0.18426769887101038
0.1135174050983403
2.4173119939022447
1.8489320969326783
1.39468116691261
1.036853495410402
0.7582944590663377
0.5439602903066924
0.41745002614723314
0.2854856824773814
0.18704192218060642
0.1145887473105527