# datat/BKevo/MVe_BKevo/mve23.dat
# N(r,Y=0), r, *FL(x,Q^2)
# 1e-05 < r < 100.0
# 1 < Q^2 < 50, n=15, log grid
# 1e-5 < x < 1e-2, n=10, log grid
###
4.866255389455826e-11
6.638377495385712e-11
9.094031572665553e-11
1.243912512433603e-10
1.6967280827198108e-10
2.321134605670153e-10
3.174632932847439e-10
4.3296867655969965e-10
5.914504984218427e-10
8.088260442258293e-10
1.1029145821073332e-09
1.5043801026133768e-09
2.0569315153116813e-09
2.80422220633556e-09
3.819101234171542e-09
5.220716656057437e-09
7.1155742872966885e-09
9.675459388578301e-09
1.3222955734571998e-08
1.8016804421372242e-08
2.4482154076788523e-08
3.341664750429452e-08
4.55163086075427e-08
6.182725038923126e-08
8.425502785128214e-08
1.14722535999269e-07
1.5577600946139765e-07
2.1194445574687074e-07
2.884923016056447e-07
3.916000120583611e-07
5.319815757503951e-07
7.239503448029169e-07
9.824861948416604e-07
1.3328418922625234e-06
1.8137679636579765e-06
2.461598057568254e-06
3.335735286066402e-06
4.54099290499528e-06
6.165834152168318e-06
8.353259641054597e-06
1.1377887033091676e-05
1.54663730942072e-05
2.0980422818690713e-05
2.8589968295577837e-05
3.8938442315674124e-05
5.293199716996315e-05
7.22180638087088e-05
9.862787361690003e-05
0.00013445339180690691
0.0001837704032272485
0.0002518016376835067
0.00034438255524293774
0.0004716196442275937
0.0006484099298253099
0.0008896513730255826
0.0012203558624915825
0.0016829083854122727
0.002315295644582511
0.003179022994054466
0.004393946078342766
0.006056246521634409
0.008325777043973562
0.011505204479592643
0.015864969557664026
0.021805333576693828
0.030054967677900023
0.041349149375086824
0.05662441114917615
0.07748688955439152
0.10568624488902859
0.14302423732999575
0.19220592107930334
0.2558998754927056
0.33551202646117506
0.43182405552253317
0.5420931566086843
0.6603857957210248
0.7766593763272198
0.8719162242846616
0.9409682356206177
0.9811689763589809
0.9953409652280414
0.9992983821263897
0.9999635962709613
0.9999992001772956
0.9999999900577512
0.9999999999801578
0.9999999999999999
1.0
1.0
1.0
1.0
1.0
1.0
1.0
1.0
1.0
1.0
1.0
1.0
###
1e-05
1.1768119524349992e-05
1.3848863713938717e-05
1.6297508346206434e-05
1.917910261672489e-05
2.2570197196339216e-05
2.656087782946684e-05
3.1257158496882356e-05
3.678379771828634e-05
4.328761281083062e-05
5.0941380148163754e-05
5.994842503189409e-05
7.054802310718646e-05
8.302175681319735e-05
9.770099572992247e-05
0.00011497569953977356
0.00013530477745798074
0.00015922827933410923
0.0001873817422860383
0.00022051307399030456
0.00025950242113997375
0.0003053855508833416
0.00035938136638046257
0.0004229242874389499
0.0004977023564332109
0.0005857020818056661
0.0006892612104349695
0.0008111308307896872
0.0009545484566618337
0.0011233240329780276
0.0013219411484660286
0.0015556761439304723
0.0018307382802953678
0.002154434690031882
0.0025353644939701114
0.0029836472402833374
0.003511191734215131
0.004132012400115334
0.004862601580065354
0.005722367659350214
0.006734150657750821
0.007924828983539169
0.0093260334688322
0.010974987654930556
0.01291549665014884
0.01519911082952933
0.01788649529057435
0.0210490414451202
0.02477076355991709
0.029150530628251757
0.034304692863149154
0.040370172585965536
0.047508101621027934
0.05590810182512223
0.06579332246575675
0.0774263682681127
0.09111627561154886
0.10722672220103231
0.1261856883066021
0.14849682622544635
0.1747528400007683
0.20565123083486514
0.24201282647943834
0.2848035868435799
0.3351602650938841
0.3944206059437656
0.46415888336127725
0.5462277217684337
0.642807311728432
0.7564633275546291
0.8902150854450375
1.0476157527896641
1.232846739442066
1.4508287784959402
1.7073526474706886
2.009233002565046
2.364489412645407
2.782559402207126
3.274549162877725
3.8535285937105273
4.534878508128582
5.3366992312063015
6.280291441834247
7.390722033525775
8.697490026177835
10.235310218990248
12.045035402587812
14.174741629268048
16.68100537200059
19.630406500402685
23.10129700083158
27.1858824273294
31.992671377973846
37.64935806792464
44.30621457583877
52.14008287999685
61.35907273413163
72.20809018385457
84.97534359086438
100.0
###
0.2547744086279122
0.23442084593884557
0.21452569616176814
0.1955732139888641
0.17790618141433193
0.1617771836833401
0.15077097557792637
0.13759305858559048
0.12612084240693508
0.1163028002816507
0.8749860800797145
0.766156903219354
0.6653570826984199
0.5738318232727445
0.4920465178171017
0.41995492092031517
0.3719342470742707
0.31545045133156346
0.26669334985875043
0.22470132568549103
1.3177382270439895
1.1292552985981403
0.9587266600769605
0.807193547850419
0.6744513007645081
0.5596463133225917
0.4842778625981044
0.396750507017768
0.3222158004055292
0.25875610825775763
1.6819277818267864
1.4214767762728338
1.1893826252573652
0.9859776097320592
0.8103266323152176
0.6601658644797774
0.5626339576423984
0.45050066837377806
0.35608440139983055
0.27654297392398075
1.9981670794992847
1.6715853031657082
1.3837675571421586
1.1342653800775329
0.9208330470833521
0.7400935988954371
0.6237731189194948
0.490949063614732
0.38018403250337224
0.2877375711992953
2.281052359482593
1.8929014855472448
1.5538360434232454
1.2623501877871262
1.0149883757236742
0.8071560032252919
0.6742368905353614
0.5235066700138249
0.3987516185318814
0.29553623185806266
2.538951045255302
2.0929775010459575
1.7061866565629278
1.375977325772119
1.0975983294586946
0.8652387329447055
0.7174659254224268
0.5508909118824441
0.41389361569184885
0.3013321308322497
2.777228922456136
2.2764684081290203
1.8449164585212807
1.478616430884889
1.1715738024252407
0.9167059270359078
0.7554132694114861
0.5744946820353171
0.42658396806755017
0.30584697175331116
2.9994723405206014
2.446670987097485
1.972770817025345
1.572590095165801
1.2387859230964917
0.9630613387397162
0.7893238385043058
0.5952981023238685
0.4375146916467122
0.3094701192903792
3.2084371831198104
2.6058474881796188
2.0917458477805657
1.6594854009087376
1.3005281957815455
1.005334633702256
0.8200408621208917
0.6139216297095794
0.44711226149111916
0.3124577216779423
3.406069142149843
2.755706787904437
2.2031869278682534
1.7404892647534864
1.3577834242073947
1.0442825749951388
0.8481764253571413
0.6308014535209446
0.45566231664511403
0.31497208227000273
3.593906855792069
2.897604989636014
2.308228471739499
1.8164884338893301
1.4112248717216025
1.080417605772156
0.8741438555802254
0.6462464141121905
0.463368463518329
0.31712064294108333
3.7732601065032676
3.0325767834388544
2.40772709530677
1.8881922432035723
1.461412388385612
1.1141764219833157
0.8982914979146791
0.6604941493978627
0.47038576267584625
0.3189878109304633
3.9449453054223516
3.1613372653046827
2.5023677195419483
1.9561586707706642
1.508778366383618
1.1458877888977512
0.9208799608123267
0.6737262204646602
0.4768199422361251
0.32062664593239676
4.10983287014455
3.2846394449049283
2.5927079295224362
2.0207161907228306
1.5536707060426875
1.1758144395865493
0.9421162452143172
0.6860850154123707
0.4827715118565454
0.32208162894569886