# datat/BKevo/MVe_BKevo/mve56.dat
# N(r,Y=0), r, *FL(x,Q^2)
# 1e-05 < r < 100.0
# 1 < Q^2 < 50, n=15, log grid
# 1e-5 < x < 1e-2, n=10, log grid
###
1.1354811324710471e-10
1.548989245702289e-10
2.1219965257175942e-10
2.902552552759919e-10
3.9591790085746133e-10
5.416218948670543e-10
7.407867367865057e-10
1.0103234916721526e-09
1.38015449388874e-09
1.8874297466501455e-09
2.5737413820598975e-09
3.510665543004112e-09
4.800236945041505e-09
6.544370470134851e-09
8.9131562569081e-09
1.2184823714862625e-08
1.660812835262387e-08
2.258433714267292e-08
3.086714471617345e-08
4.2061298134226986e-08
5.7160643005377395e-08
7.803055023886229e-08
1.0629968492669443e-07
1.4441670919850732e-07
1.9684491977256418e-07
2.6809226888487174e-07
3.6413207127371384e-07
4.955996789851839e-07
6.748745577950552e-07
9.165087795102982e-07
1.2457648986352306e-06
1.6964634860463667e-06
2.3040782040769722e-06
3.1285233094622495e-06
4.262020948912761e-06
5.7913399515862795e-06
7.858652601851167e-06
1.071587943451967e-05
1.4576639823558014e-05
1.9786995614050767e-05
2.7015007539213514e-05
3.681482666814819e-05
5.0072773558634924e-05
6.843896763553195e-05
9.350462465577543e-05
0.00012751581761265388
0.00017457295556029456
0.0002392461934418417
0.00032726417413834514
0.00044884232961409196
0.0006170912803593335
0.0008466634193121905
0.0011629736246851527
0.0016035077093238034
0.002205705748265182
0.003032443655622336
0.0041901941066149065
0.0057740128738501305
0.00793760190104606
0.010979315337008253
0.01513607848026739
0.020799874636524173
0.0287036670435687
0.039485867222322
0.054074731209871336
0.07410191491566571
0.10110536302208281
0.13691523799964977
0.18434737638428114
0.24581780035173034
0.3230008254282974
0.4169733025283142
0.5255738386579313
0.6435034297494345
0.7604332110950316
0.8593504687034776
0.9332248355870223
0.9774566097968549
0.9939952732723446
0.9990424592017294
0.9999534110355003
0.9999983472561887
0.9999999756484755
0.9999999999565952
0.9999999999999994
1.0
1.0
1.0
1.0
1.0
1.0
1.0
1.0
1.0
1.0
1.0
1.0
1.0
1.0
1.0
###
1e-05
1.1768119524349992e-05
1.3848863713938717e-05
1.6297508346206434e-05
1.917910261672489e-05
2.2570197196339216e-05
2.656087782946684e-05
3.1257158496882356e-05
3.678379771828634e-05
4.328761281083062e-05
5.0941380148163754e-05
5.994842503189409e-05
7.054802310718646e-05
8.302175681319735e-05
9.770099572992247e-05
0.00011497569953977356
0.00013530477745798074
0.00015922827933410923
0.0001873817422860383
0.00022051307399030456
0.00025950242113997375
0.0003053855508833416
0.00035938136638046257
0.0004229242874389499
0.0004977023564332109
0.0005857020818056661
0.0006892612104349695
0.0008111308307896872
0.0009545484566618337
0.0011233240329780276
0.0013219411484660286
0.0015556761439304723
0.0018307382802953678
0.002154434690031882
0.0025353644939701114
0.0029836472402833374
0.003511191734215131
0.004132012400115334
0.004862601580065354
0.005722367659350214
0.006734150657750821
0.007924828983539169
0.0093260334688322
0.010974987654930556
0.01291549665014884
0.01519911082952933
0.01788649529057435
0.0210490414451202
0.02477076355991709
0.029150530628251757
0.034304692863149154
0.040370172585965536
0.047508101621027934
0.05590810182512223
0.06579332246575675
0.0774263682681127
0.09111627561154886
0.10722672220103231
0.1261856883066021
0.14849682622544635
0.1747528400007683
0.20565123083486514
0.24201282647943834
0.2848035868435799
0.3351602650938841
0.3944206059437656
0.46415888336127725
0.5462277217684337
0.642807311728432
0.7564633275546291
0.8902150854450375
1.0476157527896641
1.232846739442066
1.4508287784959402
1.7073526474706886
2.009233002565046
2.364489412645407
2.782559402207126
3.274549162877725
3.8535285937105273
4.534878508128582
5.3366992312063015
6.280291441834247
7.390722033525775
8.697490026177835
10.235310218990248
12.045035402587812
14.174741629268048
16.68100537200059
19.630406500402685
23.10129700083158
27.1858824273294
31.992671377973846
37.64935806792464
44.30621457583877
52.14008287999685
61.35907273413163
72.20809018385457
84.97534359086438
100.0
###
0.29880719018992435
0.28234648873670104
0.2657887941358713
0.2496160508843589
0.23424470535841047
0.22001286164739345
0.2102415649948496
0.198559878103265
0.1884969714956376
0.18019411088652912
1.1184516669149411
1.0130209161442638
0.9117437983303421
0.8166851339271403
0.7292617846266274
0.6502134465507731
0.5966303642705595
0.5326738808555661
0.4769429245411279
0.4288727191299634
1.7448276071306574
1.5491596767141662
1.3651514333506434
1.1957633874693163
1.0425902326481757
0.9061164521627209
0.8145049344080803
0.7059374364573616
0.611707272093882
0.5302432393081131
2.2767852411543132
1.994723433997294
1.7332795428479528
1.495753718414634
1.2835042234216663
1.0963564372582733
0.9717298778840998
0.8249310684675044
0.6982609767270586
0.5891990328504693
2.7482560734825214
2.3837933446552197
2.049709231595714
1.749158576203976
1.4830382385656429
1.2502467976501996
1.0963711526106137
0.9160661217408185
0.7613327580886196
0.6286839273190674
3.1763252465098333
2.7332207306369476
2.330435826533536
1.9710339259505756
1.6551875818194977
1.3808890854339475
1.2003818457710222
0.9901254501013905
0.8105578829544533
0.6573468875314087
3.5711408115036916
3.052523146401672
2.5845852186174807
2.1697940974473147
1.8075991635207314
1.494876443668104
1.2900714697054807
1.0525940050051656
0.8507773836340934
0.6792792558144453
3.939342673478908
3.348089728494508
2.8179720830911976
2.350747182533286
1.9450038939971233
1.5964200272159454
1.3691736444591762
1.106687881108396
0.8846167097312946
0.6967007349977816
4.2855832562761815
3.624264253273507
3.0345658666207576
2.517442278427733
2.070521158729352
1.688318255043987
1.4401232797373684
1.154449613906272
0.9137625237769883
0.7109764066530238
4.613279102042514
3.8841955471677894
3.237064789094444
2.672411607762504
2.1863977752894272
1.7724298115216073
1.5045487499411057
1.1972486555695931
0.9393305921262234
0.7228855707339056
4.924943005049972
4.130265021559266
3.4278898208356354
2.817662427167784
2.2942128910538826
1.850117855904267
1.5636547583506053
1.2360519287846783
0.9620704173565087
0.732976508547092
5.222780680548947
4.364231520946889
3.6085555007657155
2.95437155080705
2.395202687336266
1.922407549276508
1.6183235834159295
1.271544798669742
0.9825293489971318
0.7416925873330649
5.508345404478173
4.587745044210209
3.7803613581125153
3.083774668384361
2.490268022368943
1.9900830560481941
1.6692318271677347
1.3043024809272743
1.0011179607266787
0.749298854600609
5.782970390808758
4.801914917503984
3.9443550094896835
3.2068013205141646
2.5803192373290065
2.0537810391861777
1.7169096676625664
1.3347181837199007
1.018131214689442
0.7559994287538496
6.04763104084417
5.007726765992852
4.101744517143533
3.3241659763755824
2.665816339657315
2.1139918296466043
1.7617757591359322
1.3631178447439682
1.0338075287262367
0.7619587984859558