# datat/BKevo/MVe_BKevo/mve66.dat
# N(r,Y=0), r, *FL(x,Q^2)
# 1e-05 < r < 100.0
# 1 < Q^2 < 50, n=15, log grid
# 1e-5 < x < 1e-2, n=10, log grid
###
1.4598316015255088e-10
1.991439256164189e-10
2.728087776117361e-10
3.7315379655945424e-10
5.089861899345909e-10
6.962873464423133e-10
9.52303374315863e-10
1.2987657990878696e-09
1.7741229269034437e-09
2.4261036423250647e-09
3.308136156144148e-09
4.512152346604602e-09
6.169174403894037e-09
8.41003487470839e-09
1.1453038907129459e-08
1.5655145563217e-08
2.1335331876262845e-08
2.9007982964810716e-08
3.963861112637737e-08
5.400115435631281e-08
7.336693783519809e-08
1.0011940892859756e-07
1.3633619821818736e-07
1.8513808277265637e-07
2.522029528559178e-07
3.432508277379165e-07
4.658463287143483e-07
6.334193389443603e-07
8.615385066891212e-07
1.1684351104811111e-06
1.585622202153786e-06
2.1550155892704384e-06
2.920271833331686e-06
3.954675427092504e-06
5.369883365512127e-06
7.269680531527034e-06
9.822777391968368e-06
1.3323457036047918e-05
1.801644100774415e-05
2.4294469104238664e-05
3.2898483585489126e-05
4.4426517759491115e-05
5.9822928486934484e-05
8.079437387494718e-05
0.00010893413338982268
0.0001464463158503157
0.000197218314419089
0.00026542493068344437
0.0003561578712377154
0.00047816645374025444
0.0006422172060013318
0.0008599480048195112
0.0011508104951866533
0.0015421613120661177
0.002060331181443065
0.0027480568779516133
0.0036739400076236297
0.004897032977852045
0.006510226195376575
0.00868363820208311
0.011548663094698947
0.015317783352987602
0.0203693739538392
0.02703006254563227
0.035769844846114465
0.0473970492526696
0.06269953323221912
0.08265286150637863
0.10883783656785233
0.14289712266008453
0.1864574653738478
0.2417654694297617
0.31074044622169805
0.3940915559074038
0.49142079269908756
0.5985362692503657
0.7094391597125124
0.8144484301016883
0.8966858168242413
0.9539881457285018
0.9859599286565404
0.9966553422262175
0.9995155858985783
0.9999760798138905
0.9999995021710227
0.999999994022697
0.9999999999884284
1.0
1.0
1.0
1.0
1.0
1.0
1.0
1.0
1.0
1.0
1.0
1.0
1.0
###
1e-05
1.1768119524349992e-05
1.3848863713938717e-05
1.6297508346206434e-05
1.917910261672489e-05
2.2570197196339216e-05
2.656087782946684e-05
3.1257158496882356e-05
3.678379771828634e-05
4.328761281083062e-05
5.0941380148163754e-05
5.994842503189409e-05
7.054802310718646e-05
8.302175681319735e-05
9.770099572992247e-05
0.00011497569953977356
0.00013530477745798074
0.00015922827933410923
0.0001873817422860383
0.00022051307399030456
0.00025950242113997375
0.0003053855508833416
0.00035938136638046257
0.0004229242874389499
0.0004977023564332109
0.0005857020818056661
0.0006892612104349695
0.0008111308307896872
0.0009545484566618337
0.0011233240329780276
0.0013219411484660286
0.0015556761439304723
0.0018307382802953678
0.002154434690031882
0.0025353644939701114
0.0029836472402833374
0.003511191734215131
0.004132012400115334
0.004862601580065354
0.005722367659350214
0.006734150657750821
0.007924828983539169
0.0093260334688322
0.010974987654930556
0.01291549665014884
0.01519911082952933
0.01788649529057435
0.0210490414451202
0.02477076355991709
0.029150530628251757
0.034304692863149154
0.040370172585965536
0.047508101621027934
0.05590810182512223
0.06579332246575675
0.0774263682681127
0.09111627561154886
0.10722672220103231
0.1261856883066021
0.14849682622544635
0.1747528400007683
0.20565123083486514
0.24201282647943834
0.2848035868435799
0.3351602650938841
0.3944206059437656
0.46415888336127725
0.5462277217684337
0.642807311728432
0.7564633275546291
0.8902150854450375
1.0476157527896641
1.232846739442066
1.4508287784959402
1.7073526474706886
2.009233002565046
2.364489412645407
2.782559402207126
3.274549162877725
3.8535285937105273
4.534878508128582
5.3366992312063015
6.280291441834247
7.390722033525775
8.697490026177835
10.235310218990248
12.045035402587812
14.174741629268048
16.68100537200059
19.630406500402685
23.10129700083158
27.1858824273294
31.992671377973846
37.64935806792464
44.30621457583877
52.14008287999685
61.35907273413163
72.20809018385457
84.97534359086438
100.0
###
0.2764130902027248
0.25639647711316277
0.23630756963293664
0.21669063210709757
0.19801756571789714
0.1806431309822842
0.16862115576711423
0.15405174162060106
0.14120995921043028
0.13010009601657857
0.9965645538999662
0.8822372370892829
0.7738444869403412
0.6733696963475614
0.5820570134749653
0.500406943145276
0.4455086952870766
0.3803763956610721
0.3238780530310212
0.2750803402441879
1.5329629042034123
1.3294570453132506
1.1412043885443033
0.9706882956486871
0.8189722668076679
0.6859042660794381
0.5978976842799674
0.49489483623274966
0.4067804751646358
0.33159525050517913
1.9836185277694123
1.697449153799611
1.4369232480843377
1.2044585673572934
1.0004395876866945
0.823994882687847
0.7084395660239996
0.5746062024424056
0.46138252797218166
0.36581004592477884
2.3804660986470476
2.0170489641229956
1.6900525209131618
1.4014696153531083
1.1509273773205206
0.9362592099315731
0.7968091405196539
0.6367324330883226
0.5023888855666648
0.39005202007447837
2.7392840019043554
2.302972797935139
1.9140543777097936
1.5738316167841633
1.2808972301662054
1.0318880534267798
0.8712575852670263
0.6879774688092456
0.5353582381144308
0.4086839854936509
3.069120579019381
2.563660928400123
2.116564508667991
1.7282329829220806
1.3961855679594484
1.1157757902336098
0.9359364436213471
0.7318582931401156
0.5630707908994175
0.42385810329465023
3.3759509587692356
2.804528326049475
2.3022903633256098
1.8688425659240846
1.500325600529841
1.1908854220196614
0.9933974451371371
0.7703679713234778
0.5869493787506272
0.4365667112230244
3.6638083001220076
3.0291936382024782
2.4745670535359245
1.9983966102396147
1.5956503459717712
1.2591202258192886
1.0452505844808206
0.8047753429781443
0.607991439483355
0.4475099060007652
3.935859264408474
3.2404411385171352
2.635682899534723
2.1189607399479367
1.6837974603305261
1.3217955167464748
1.092655404755255
0.8359389091787506
0.6268294960607088
0.4571188680391096
4.194308651105492
3.4402348649768273
2.7873668749532285
2.231888245488959
1.7659633742946346
1.3799126994433162
1.1363689708095792
0.8644670838796665
0.6438993910204495
0.4656809578796819
4.440931289956902
3.6301288131722558
2.9309472569156663
2.3383273684690975
1.8430488119866921
1.434154203109945
1.1770031258784683
0.8908231634697157
0.6595206646707801
0.4734002763014716
4.677240044755342
3.811447511421592
3.0676037151149798
2.439146485114498
1.915773669137796
1.4850897819824729
1.21501535850846
0.9153178054864943
0.6739323483931974
0.4804292044434685
4.904203639168869
3.98501296194633
3.1979266649240077
2.5350399359832534
1.984685484559497
1.533158888138395
1.2507856500475774
0.9382302342912411
0.6873177410232391
0.4868820658038006
5.122891344887903
4.151705540076484
3.3227228635651485
2.626572985918305
2.050239855913832
1.5787150620120822
1.284564631963738
0.9597706295948922
0.6998208528269381
0.4928507671617515