# datat/BKevo/GBW_BKevo/gbw18.dat
# N(r,Y=0), r, *FL(x,Q^2)
# 1e-05 < r < 100.0
# 1 < Q^2 < 50, n=15, log grid
# 1e-5 < x < 1e-2, n=10, log grid
###
0.0
0.0
0.0
0.0
0.0
0.0
0.0
0.0
0.0
0.0
0.0
0.0
0.0
0.0
0.0
0.0
0.0
0.0
0.0
0.0
0.0
0.0
0.0
1.0094231087338654e-16
1.354696471894095e-16
2.811798655450162e-16
5.234853791377375e-16
1.1142719592150681e-15
2.148237857805194e-15
4.007199607277009e-15
7.690979268870916e-15
1.4998423616802866e-14
2.851390437455806e-14
5.4331183532740806e-14
1.0563766054012992e-13
2.0157427582900755e-13
3.8126165182511957e-13
7.447018186699271e-13
1.42487048451685e-12
2.683882877740011e-12
5.246876472925471e-12
1.0067381698657062e-11
1.9004145443845152e-11
3.694764603868539e-11
7.110240924584743e-11
1.345245825817743e-10
2.600395953723265e-10
5.019669061848485e-10
9.519558516246156e-10
1.8291395329465939e-09
3.5422693117087476e-09
6.734245376289437e-09
1.2858686430574323e-08
2.498595979385129e-08
4.7622531430624465e-08
9.033907384783581e-08
1.7616109549824806e-07
3.366523691429873e-07
6.342634473272272e-07
1.2414073148778693e-06
2.3789763354126506e-06
4.486448403075036e-06
8.74375656330649e-06
1.680463002966379e-05
3.1762051612835735e-05
6.155199441545712e-05
0.00011865173815675973
0.00022477173290473947
0.0004329857391122432
0.0008371365576580374
0.0015891741785891377
0.003040534661020956
0.005890156503499074
0.011183808744238919
0.02116801106700497
0.040758859474801894
0.07633243284066445
0.13945377783957058
0.252541022186491
0.4256866907634208
0.6524598749582755
0.8596426826726162
0.9718793438234576
0.9989179351853713
0.9999975844013548
0.9999999995678416
0.9999999999999998
1.0
1.0
1.0
1.0
1.0
1.0
1.0
1.0
1.0
1.0
1.0
1.0
1.0
###
1e-05
1.1768119524349992e-05
1.3848863713938717e-05
1.6297508346206434e-05
1.917910261672489e-05
2.2570197196339216e-05
2.656087782946684e-05
3.1257158496882356e-05
3.678379771828634e-05
4.328761281083062e-05
5.0941380148163754e-05
5.994842503189409e-05
7.054802310718646e-05
8.302175681319735e-05
9.770099572992247e-05
0.00011497569953977356
0.00013530477745798074
0.00015922827933410923
0.0001873817422860383
0.00022051307399030456
0.00025950242113997375
0.0003053855508833416
0.00035938136638046257
0.0004229242874389499
0.0004977023564332109
0.0005857020818056661
0.0006892612104349695
0.0008111308307896872
0.0009545484566618337
0.0011233240329780276
0.0013219411484660286
0.0015556761439304723
0.0018307382802953678
0.002154434690031882
0.0025353644939701114
0.0029836472402833374
0.003511191734215131
0.004132012400115334
0.004862601580065354
0.005722367659350214
0.006734150657750821
0.007924828983539169
0.0093260334688322
0.010974987654930556
0.01291549665014884
0.01519911082952933
0.01788649529057435
0.0210490414451202
0.02477076355991709
0.029150530628251757
0.034304692863149154
0.040370172585965536
0.047508101621027934
0.05590810182512223
0.06579332246575675
0.0774263682681127
0.09111627561154886
0.10722672220103231
0.1261856883066021
0.14849682622544635
0.1747528400007683
0.20565123083486514
0.24201282647943834
0.2848035868435799
0.3351602650938841
0.3944206059437656
0.46415888336127725
0.5462277217684337
0.642807311728432
0.7564633275546291
0.8902150854450375
1.0476157527896641
1.232846739442066
1.4508287784959402
1.7073526474706886
2.009233002565046
2.364489412645407
2.782559402207126
3.274549162877725
3.8535285937105273
4.534878508128582
5.3366992312063015
6.280291441834247
7.390722033525775
8.697490026177835
10.235310218990248
12.045035402587812
14.174741629268048
16.68100537200059
19.630406500402685
23.10129700083158
27.1858824273294
31.992671377973846
37.64935806792464
44.30621457583877
52.14008287999685
61.35907273413163
72.20809018385457
84.97534359086438
100.0
###
0.1199013065687326
0.10205318096523835
0.08635415769571088
0.07268968444892811
0.06089868211636646
0.050784705878268485
0.04415254968219096
0.03640933890316414
0.029724304285487932
0.023897947606981988
0.31113101873986393
0.24834728743349835
0.195813970518397
0.15223388905078955
0.11630248019746711
0.08678247195629586
0.06814340985198945
0.04721395530389585
0.02992625977559044
0.01562165830078833
0.4221253764819458
0.3289640750909324
0.2526851271287525
0.19079694813244352
0.14092148545148153
0.10093476804087577
0.0763283988802409
0.04939172498042711
0.028019419548631835
0.011161247036125753
0.5057996738802687
0.38846036737044853
0.2937200767442273
0.21792228911404654
0.15775667185360237
0.11031070489050541
0.08157933597402502
0.050747947994357924
0.026921374142851805
0.00877225174771739
0.5746220004352617
0.4367521736586848
0.3265550073050152
0.23931052943277561
0.1708211038067082
0.11747086982748116
0.08556049882759875
0.051803281008566036
0.026238230946944056
0.007278050086557391
0.6338312838721957
0.4779075095246642
0.35425839236663226
0.2571711638339624
0.1816129767332452
0.12332565950656647
0.08880218953074624
0.05269163016629853
0.02578253544208442
0.006249430305306077
0.686213500837759
0.5140555885674162
0.37841342816735757
0.2726134616576006
0.19086841113207356
0.12831051753954817
0.09155590743838994
0.05346902694914934
0.02546343592083868
0.0054945738410467826
0.7334504617069533
0.5464594169322962
0.3999286493576094
0.28628268723498157
0.1990079114859798
0.13266906534721096
0.09395951836830542
0.0541640085514558
0.02523205586589679
0.004914990836666202
0.7766407156271875
0.575943250347137
0.4194013782686331
0.29858700854048387
0.20629567818940095
0.136553579604386
0.09609935291535686
0.0547950199362126
0.025060088877186377
0.004454752803416932
0.8165498935354973
0.6030664970239014
0.4372377154155808
0.3098060778561746
0.21290992294259767
0.1400651904814217
0.09803169140984247
0.055373982307662856
0.024930076621904784
0.004079594635113022
0.8537335003356936
0.6282424686302103
0.4537303392964772
0.3201374620211308
0.218976469613187
0.14327504075291111
0.0997966661418062
0.055910093175747445
0.024830641273664567
0.003767404246065598
0.8886103095294151
0.6517778172345173
0.46909453250269534
0.3297279212983563
0.2245877519861516
0.1462351979090777
0.1014230822993605
0.05640964923144375
0.02475400776141746
0.003503213982189276
0.921504435836877
0.6739086961485172
0.4834943342140912
0.33869675664711235
0.22981466278242757
0.14898403580653805
0.10293277876718551
0.05687783535292058
0.02469495580213556
0.003276386247261783
0.9526726810763532
0.6948214223437803
0.49707026255521
0.34711676539011316
0.23471141524694059
0.15155465482126765
0.10434274173129779
0.057318635438960645
0.024649484130394778
0.0030793954430435562
0.9823223921229558
0.7146658596391284
0.5099135251155154
0.35505645579312656
0.23932169174907184
0.15396864110564648
0.10566545787507389
0.05773548233994516
0.0246104848090158
0.00290655201923578