# datat/BKevo/MVe_BKevo/mve74.dat
# N(r,Y=0), r, *FL(x,Q^2)
# 1e-05 < r < 100.0
# 1 < Q^2 < 50, n=15, log grid
# 1e-5 < x < 1e-2, n=10, log grid
###
1.6220351400539505e-10
2.2127105237536395e-10
3.031208394844856e-10
4.1461530240973425e-10
5.655402547890951e-10
7.736526392761276e-10
1.0581148107340296e-09
1.443073120534991e-09
1.9712476442647137e-09
2.6956707250896084e-09
3.675706845490026e-09
5.013502557995201e-09
6.854638207769863e-09
9.344483191662308e-09
1.2725598783540165e-08
1.7394606135356432e-08
2.3705924262118517e-08
3.2231092157279866e-08
4.404290114766211e-08
6.000128244725482e-08
8.151881946393924e-08
1.1124378710254285e-07
1.5148466352370759e-07
2.0570897878263584e-07
2.8022549924781224e-07
3.813898012462297e-07
5.176070184459759e-07
7.03799240516057e-07
9.572649609511338e-07
1.2982611490105537e-06
1.761802290488841e-06
2.39446147533273e-06
3.24474595041137e-06
4.394082837878175e-06
5.966535269350719e-06
8.077419518020704e-06
1.091419113395463e-05
1.4803830055619122e-05
2.00182475295252e-05
2.699381810231774e-05
3.6553803059357816e-05
4.936267424400948e-05
6.646969902734042e-05
8.977111933620772e-05
0.0001210371844886991
0.00016271679880465166
0.0002191290377091011
0.00029491218624632515
0.00039572308895744694
0.0005312818414016029
0.0007135488919801548
0.0009554517789907734
0.001278596122386338
0.001713363908579457
0.0022889923964231522
0.0030529286312484263
0.00408131174655262
0.005439651030322399
0.007230962450728329
0.009643769354728588
0.012823501082355936
0.017005185015948106
0.022606613355035936
0.029987438697841564
0.03966416473266376
0.052521486301893336
0.06941601999373935
0.09140187243478143
0.12016928794759235
0.15744166699681567
0.20488389538556845
0.26470628478574176
0.33858737020968815
0.4268209542074304
0.5281764855539979
0.6370131126418764
0.7464566630970494
0.8460844753747755
0.919424677197148
0.9670637060486136
0.9912414285182988
0.9981983589681037
0.9997834594017382
0.9999921199678042
0.9999998980402418
0.9999999992072103
0.9999999999991195
1.0
1.0
1.0
1.0
1.0
1.0
1.0
1.0
1.0
1.0
1.0
1.0
1.0
###
1e-05
1.1768119524349992e-05
1.3848863713938717e-05
1.6297508346206434e-05
1.917910261672489e-05
2.2570197196339216e-05
2.656087782946684e-05
3.1257158496882356e-05
3.678379771828634e-05
4.328761281083062e-05
5.0941380148163754e-05
5.994842503189409e-05
7.054802310718646e-05
8.302175681319735e-05
9.770099572992247e-05
0.00011497569953977356
0.00013530477745798074
0.00015922827933410923
0.0001873817422860383
0.00022051307399030456
0.00025950242113997375
0.0003053855508833416
0.00035938136638046257
0.0004229242874389499
0.0004977023564332109
0.0005857020818056661
0.0006892612104349695
0.0008111308307896872
0.0009545484566618337
0.0011233240329780276
0.0013219411484660286
0.0015556761439304723
0.0018307382802953678
0.002154434690031882
0.0025353644939701114
0.0029836472402833374
0.003511191734215131
0.004132012400115334
0.004862601580065354
0.005722367659350214
0.006734150657750821
0.007924828983539169
0.0093260334688322
0.010974987654930556
0.01291549665014884
0.01519911082952933
0.01788649529057435
0.0210490414451202
0.02477076355991709
0.029150530628251757
0.034304692863149154
0.040370172585965536
0.047508101621027934
0.05590810182512223
0.06579332246575675
0.0774263682681127
0.09111627561154886
0.10722672220103231
0.1261856883066021
0.14849682622544635
0.1747528400007683
0.20565123083486514
0.24201282647943834
0.2848035868435799
0.3351602650938841
0.3944206059437656
0.46415888336127725
0.5462277217684337
0.642807311728432
0.7564633275546291
0.8902150854450375
1.0476157527896641
1.232846739442066
1.4508287784959402
1.7073526474706886
2.009233002565046
2.364489412645407
2.782559402207126
3.274549162877725
3.8535285937105273
4.534878508128582
5.3366992312063015
6.280291441834247
7.390722033525775
8.697490026177835
10.235310218990248
12.045035402587812
14.174741629268048
16.68100537200059
19.630406500402685
23.10129700083158
27.1858824273294
31.992671377973846
37.64935806792464
44.30621457583877
52.14008287999685
61.35907273413163
72.20809018385457
84.97534359086438
100.0
###
0.2818718134111148
0.26234785256733517
0.24266286192676725
0.22337573318935028
0.20494197951439536
0.1877333238906889
0.1758166334229846
0.16134951436629547
0.14859236961646044
0.1375682739682069
1.0269378846083923
0.9129519203027431
0.8042861482687238
0.7031689127582326
0.6108142225083109
0.5279032867712106
0.4719861103224289
0.405492979164133
0.3476232609139822
0.29757827525310254
1.5865146391875389
1.3819219280539219
1.1916487909854636
1.0184812901011666
0.86360561023228
0.727353322719245
0.63680011180085
0.5305442487365413
0.4393325542916615
0.3613064821278304
2.0584666108900587
1.7693332865716649
1.5046641334406077
1.2673558160344185
1.058074648462931
0.876261146534722
0.7567892948001071
0.6179454242107846
0.5000228643017761
0.4001074606050094
2.47516957148459
2.1066365079665412
1.773242153108821
1.4775873912049586
1.2196414000533369
0.9976499914353788
0.8528933922160856
0.686139897871176
0.545662558627851
0.4276260077698488
2.852616517615614
2.408944516237958
2.0113676761237516
1.6618074187549383
1.3593952104718656
1.101131677023396
0.9339498445883685
0.7424642684319347
0.5823823426441352
0.448890528352038
3.2000786496959224
2.68495498091228
2.2268952081633833
1.8270394572351845
1.4835063170380456
1.1920788150907367
1.0044460782426128
0.7907246743347035
0.613120854154599
0.46610102390303726
3.523685548261747
2.9402756609175307
2.424827833785812
1.977642736394478
1.5957144851586331
1.2735321099374468
1.0671073446393717
0.8331033839275505
0.6397845835678421
0.48054937901885253
3.827675783140356
3.1786975610886197
2.608468298717665
2.11654856425927
1.6984970172959934
1.3475641437583736
1.1236975465025874
0.8709652562623912
0.6632206384056141
0.49298550888884385
4.115145979049101
3.402945913383284
2.780407569952624
2.245878411134336
1.7935976916658924
1.4156233422974263
1.1754235160917343
0.9052866216853943
0.6842009250643014
0.5039000324283062
4.388364521309178
3.6152412836424204
2.9423860848940118
2.367119531075612
1.8822824486334204
1.4787321641175128
1.2231526558403603
0.9366984821100194
0.7032104562128754
0.5136199959181791
4.649324635878819
3.8171418250359292
3.095798140624037
2.481380732393133
1.9655470172419414
1.5376787939390997
1.2675322990306481
0.965706299233288
0.7206049128980622
0.5223787435016392
4.899416618810004
4.009932608624505
3.241898356246004
2.589758827255666
2.044114446289137
1.5930398146909595
1.3090797661118758
0.9926833443682267
0.7366507894480738
0.5303500459402679
5.139834836980989
4.1947440279120425
3.381280255635036
2.6928357498145354
2.1185922163643034
1.645300153290821
1.3481475670394893
1.0179202093603188
0.7515523213946893
0.5376642309951217
5.371722550694511
4.3722601007721345
3.5148193521307642
2.791261888672272
2.189464800774252
1.6948410277134573
1.3850332758190083
1.0416477292927404
0.7654700896692351
0.5444260206119295