# datat/BKevo/MVe_BKevo/mve41.dat
# N(r,Y=0), r, *FL(x,Q^2)
# 1e-05 < r < 100.0
# 1 < Q^2 < 50, n=15, log grid
# 1e-5 < x < 1e-2, n=10, log grid
###
9.732205534439049e-11
1.3276254533958393e-10
1.8187234251521067e-10
2.4876900818262246e-10
3.393237733264735e-10
4.641910241402528e-10
6.348679499120235e-10
8.658423170366662e-10
1.1827461030633779e-09
1.6173983967494601e-09
2.2054175733889724e-09
3.0080909089316952e-09
4.1127655020407686e-09
5.606661556333608e-09
7.635313356967822e-09
1.0436688261036545e-08
1.4223431777344267e-08
1.933845693406436e-08
2.6425414286838337e-08
3.60002378214717e-08
4.891043289672664e-08
6.674486124694238e-08
9.088849644099105e-08
1.2342166489055634e-07
1.6812920245693473e-07
2.2882392108619745e-07
3.1054808544566906e-07
4.222532133894326e-07
5.743159049592284e-07
7.788868754641129e-07
1.056967748134214e-06
1.4364907650004409e-06
1.9465455730057115e-06
2.6359598694032633e-06
3.5791177718971196e-06
4.84514686594387e-06
6.546405964653912e-06
8.878835386824647e-06
1.2005319899564052e-05
1.6187217710688178e-05
2.191738926458796e-05
2.9593381844749294e-05
3.984276208543549e-05
5.379881451125609e-05
7.25184245177531e-05
9.74625936482724e-05
0.00013120482517221642
0.00017650400388744198
0.00023671972770490993
0.00031761302664801415
0.0004262517904567998
0.0005702521710237148
0.0007623027000354617
0.0010201561417072138
0.0013607987916042154
0.0018116705487632406
0.0024164315964942786
0.003212276670763006
0.004257360174163379
0.00565665442671271
0.007489957399613476
0.009885357008958297
0.013066456891235902
0.017223039997897333
0.022625722764647475
0.02973111284711698
0.038981022030726495
0.050923426311019565
0.06644638600492005
0.08650535412885163
0.1121119178400196
0.14478950024251863
0.18622827989859084
0.23779338033797298
0.3011414676182896
0.37737118871550956
0.4661835223454867
0.5658800252697135
0.6697638083553646
0.7717612775196381
0.8630771799566235
0.9288989304167982
0.9707971539808963
0.9919530276301608
0.9983957766971491
0.9997965418118191
0.99999054765339
0.9999998939466557
0.9999999990500937
0.9999999999984628
1.0
1.0
1.0
1.0
1.0
1.0
1.0
1.0
1.0
1.0
###
1e-05
1.1768119524349992e-05
1.3848863713938717e-05
1.6297508346206434e-05
1.917910261672489e-05
2.2570197196339216e-05
2.656087782946684e-05
3.1257158496882356e-05
3.678379771828634e-05
4.328761281083062e-05
5.0941380148163754e-05
5.994842503189409e-05
7.054802310718646e-05
8.302175681319735e-05
9.770099572992247e-05
0.00011497569953977356
0.00013530477745798074
0.00015922827933410923
0.0001873817422860383
0.00022051307399030456
0.00025950242113997375
0.0003053855508833416
0.00035938136638046257
0.0004229242874389499
0.0004977023564332109
0.0005857020818056661
0.0006892612104349695
0.0008111308307896872
0.0009545484566618337
0.0011233240329780276
0.0013219411484660286
0.0015556761439304723
0.0018307382802953678
0.002154434690031882
0.0025353644939701114
0.0029836472402833374
0.003511191734215131
0.004132012400115334
0.004862601580065354
0.005722367659350214
0.006734150657750821
0.007924828983539169
0.0093260334688322
0.010974987654930556
0.01291549665014884
0.01519911082952933
0.01788649529057435
0.0210490414451202
0.02477076355991709
0.029150530628251757
0.034304692863149154
0.040370172585965536
0.047508101621027934
0.05590810182512223
0.06579332246575675
0.0774263682681127
0.09111627561154886
0.10722672220103231
0.1261856883066021
0.14849682622544635
0.1747528400007683
0.20565123083486514
0.24201282647943834
0.2848035868435799
0.3351602650938841
0.3944206059437656
0.46415888336127725
0.5462277217684337
0.642807311728432
0.7564633275546291
0.8902150854450375
1.0476157527896641
1.232846739442066
1.4508287784959402
1.7073526474706886
2.009233002565046
2.364489412645407
2.782559402207126
3.274549162877725
3.8535285937105273
4.534878508128582
5.3366992312063015
6.280291441834247
7.390722033525775
8.697490026177835
10.235310218990248
12.045035402587812
14.174741629268048
16.68100537200059
19.630406500402685
23.10129700083158
27.1858824273294
31.992671377973846
37.64935806792464
44.30621457583877
52.14008287999685
61.35907273413163
72.20809018385457
84.97534359086438
100.0
###
0.2474010588965909
0.2247633241310639
0.20244651685970824
0.18099583835065
0.1608576893469721
0.14233841851650458
0.12960167731217503
0.11421462359194802
0.10064425258526057
0.08875424041035182
0.8489376379658738
0.7340238432614236
0.6276847511636499
0.531378478686106
0.44576735538744666
0.37083163878890685
0.3213295011468733
0.2635990062463903
0.21440352610644928
0.17263879624503983
1.2809606328099532
1.084845371365097
0.9079912681926932
0.7516885245556731
0.6159197010454317
0.4996142977896434
0.4241666088644648
0.3377400146333561
0.26549766714419604
0.2053493754005175
1.638012311253019
1.369037543519898
1.1303945500952113
0.92270740748593
0.7448792304734733
0.5947315312768364
0.49850409916673283
0.3894943545140345
0.29961044276309245
0.22580120369715417
1.949200878559377
1.6134775013246485
1.3190982391479882
1.0657676766128656
0.8512010292135603
0.6718133643964813
0.5578833318382023
0.42996228181786106
0.3255283090827126
0.24070228570479418
2.2284047376718337
1.830657917472574
1.4850846134608418
1.1902986969302751
0.9426918970493107
0.7373589539426593
0.6078739176027292
0.4634639162428649
0.346566307604841
0.25243733181364075
2.4836210198976953
2.0275999696189744
1.6344374780326367
1.3014353370814737
1.0236294037283693
0.7948004895848532
0.6513186782378826
0.49224351821645423
0.36434783896040207
0.26212620718778484
2.7199059427044023
2.2088041712013893
1.770949364559429
1.4023295558483935
1.0965875091512158
0.8461832279392987
0.6899220414354527
0.5175533673038841
0.37979066529103894
0.270383345093841
2.9407249564953664
2.3772751763091162
1.8971932835185077
1.4950858673664698
1.1632559256966908
0.8928051048329287
0.7247746591650415
0.5402120669981928
0.3934690867922104
0.27758170093851553
3.148712330611405
2.535181961967959
2.0149538450681095
1.5812033217331296
1.224820179395445
0.9356199094603426
0.7566246783584207
0.5607689592730106
0.40576553424052253
0.2839664114300344
3.345727213206897
2.68417542917058
2.125583519730738
1.6617334709024283
1.2821340116376438
0.9752842362634171
0.786009122646211
0.5796144348348473
0.41694835564382865
0.2897049835030767
3.5332452435779222
2.8255123816224117
2.2300916415772964
1.7375285362612702
1.3358572575966832
1.0122963588230143
0.813343026322129
0.5970367148346658
0.4272136906404886
0.29491800580594185
3.712508262214438
2.960085159959378
2.3292593289644397
1.809223954334951
1.3864905307922928
1.047040059945076
0.8389039707856586
0.6132548784129146
0.4367090192745959
0.2996953224850784
3.884330925613224
3.0887193773814885
2.423786489444711
1.877339923948321
1.4344128653166803
1.0798180312129013
0.8629464390294369
0.628439756250349
0.44554840241688665
0.30410275737431686
4.049557578874747
3.212076636239774
2.5141899280456066
1.9422871960452939
1.4800100369897506
1.1108735821518707
0.8856734222065802
0.6427272325746307
0.453821829044528
0.30819816329237754