# datat/BKevo/MVe_BKevo/mve62.dat
# N(r,Y=0), r, *FL(x,Q^2)
# 1e-05 < r < 100.0
# 1 < Q^2 < 50, n=15, log grid
# 1e-5 < x < 1e-2, n=10, log grid
###
1.2976483502066373e-10
1.77020068051878e-10
2.425018999154602e-10
3.31700868056178e-10
4.524460546467733e-10
6.189448750032519e-10
8.465290585770824e-10
1.1545188175057162e-09
1.5770965477095454e-09
2.1566977497202706e-09
2.9408269552923408e-09
4.011227304191236e-09
5.484407975469852e-09
7.476719454319116e-09
1.0182315230380679e-08
1.3918701212097169e-08
1.896964567749346e-08
2.57927987861231e-08
3.524735995418466e-08
4.802226171051082e-08
6.524935208372767e-08
8.905135297822345e-08
1.2127957140381538e-07
1.6471564721025917e-07
2.2442343219253387e-07
3.055085667195879e-07
4.147274537422986e-07
5.640864085973347e-07
7.67522664643078e-07
1.0413781290640182e-06
1.4139417004406748e-06
1.9229255715650217e-06
2.6077071246183074e-06
3.534534778532266e-06
4.804728325706449e-06
6.512912509392527e-06
8.813395338557044e-06
1.1977065163410482e-05
1.623113911481451e-05
2.1941833581792722e-05
2.980740254258866e-05
4.0399466410765875e-05
5.462687009209576e-05
7.415861942182873e-05
0.00010058420429867867
0.00013613110172815701
0.00018481501871454387
0.00025106573054214134
0.00034040041848150973
0.00046256177540748416
0.0006299567310471896
0.0008563985430172161
0.0011656870497400186
0.0015927226126190852
0.002172335078704691
0.0029627681391054604
0.0040622053785243535
0.005558432153149428
0.0075930299237451345
0.010439891301085526
0.014317211050387862
0.019585403537386626
0.026917811653356872
0.03690353166541017
0.05040029070683683
0.0689206515990144
0.09390508109500571
0.1270849158884142
0.1711667221723949
0.22857332780722212
0.3011351815453506
0.3904014781927123
0.4951732913908191
0.6111862838050919
0.7294708368226318
0.833896623246727
0.9159624860095553
0.9686775412220285
0.9907166934294102
0.9982880800536073
0.9998899572696581
0.9999947909082382
0.999999893593976
0.999999999708813
0.9999999999999885
1.0
1.0
1.0
1.0
1.0
1.0
1.0
1.0
1.0
1.0
1.0
1.0
1.0
1.0
1.0
###
1e-05
1.1768119524349992e-05
1.3848863713938717e-05
1.6297508346206434e-05
1.917910261672489e-05
2.2570197196339216e-05
2.656087782946684e-05
3.1257158496882356e-05
3.678379771828634e-05
4.328761281083062e-05
5.0941380148163754e-05
5.994842503189409e-05
7.054802310718646e-05
8.302175681319735e-05
9.770099572992247e-05
0.00011497569953977356
0.00013530477745798074
0.00015922827933410923
0.0001873817422860383
0.00022051307399030456
0.00025950242113997375
0.0003053855508833416
0.00035938136638046257
0.0004229242874389499
0.0004977023564332109
0.0005857020818056661
0.0006892612104349695
0.0008111308307896872
0.0009545484566618337
0.0011233240329780276
0.0013219411484660286
0.0015556761439304723
0.0018307382802953678
0.002154434690031882
0.0025353644939701114
0.0029836472402833374
0.003511191734215131
0.004132012400115334
0.004862601580065354
0.005722367659350214
0.006734150657750821
0.007924828983539169
0.0093260334688322
0.010974987654930556
0.01291549665014884
0.01519911082952933
0.01788649529057435
0.0210490414451202
0.02477076355991709
0.029150530628251757
0.034304692863149154
0.040370172585965536
0.047508101621027934
0.05590810182512223
0.06579332246575675
0.0774263682681127
0.09111627561154886
0.10722672220103231
0.1261856883066021
0.14849682622544635
0.1747528400007683
0.20565123083486514
0.24201282647943834
0.2848035868435799
0.3351602650938841
0.3944206059437656
0.46415888336127725
0.5462277217684337
0.642807311728432
0.7564633275546291
0.8902150854450375
1.0476157527896641
1.232846739442066
1.4508287784959402
1.7073526474706886
2.009233002565046
2.364489412645407
2.782559402207126
3.274549162877725
3.8535285937105273
4.534878508128582
5.3366992312063015
6.280291441834247
7.390722033525775
8.697490026177835
10.235310218990248
12.045035402587812
14.174741629268048
16.68100537200059
19.630406500402685
23.10129700083158
27.1858824273294
31.992671377973846
37.64935806792464
44.30621457583877
52.14008287999685
61.35907273413163
72.20809018385457
84.97534359086438
100.0
###
0.29585065018158757
0.27893142776656554
0.2619331939960334
0.24534038428425164
0.229577699737087
0.21498559428727526
0.20496287144015016
0.1929683196015326
0.1826354916348774
0.17402499435648736
1.1013107857246403
0.9945249247677544
0.8921806335776806
0.7963014637581246
0.708267190779219
0.6288273083740931
0.5750212463143622
0.5108522959461652
0.4549459270685736
0.40668699133139274
1.7143681579890182
1.517285404251199
1.3324574746762063
1.162705464177287
1.009552388098561
0.8733929126728939
0.7821538333866044
0.6741805126221802
0.5805299473572251
0.49975718214124193
2.234014588768045
1.9509604754556849
1.6892942878846455
1.452172730024728
1.2407370821849446
1.0548296899224097
0.9313873069645717
0.7861992743835164
0.6610966652471293
0.5535921031358777
2.6941640677713194
2.3292668227579623
1.99573291041113
1.6964882588437116
1.4322356118042938
1.2017223000911428
1.0495509100215425
0.8718951473035162
0.7197646129659593
0.5896144133972575
3.1116103075475072
2.6687140159188134
2.2674380850003275
1.9103087651451194
1.5973390891430865
1.3263084392914648
1.148397953523806
0.9416698232471153
0.7656094939120783
0.6157952488775654
3.4964111245082146
2.9788920039340923
2.513321907571154
2.1018037175428157
1.7435001528232308
1.4350480162064498
1.2335701210863155
1.000552592309568
0.8031279843661906
0.6358775548019336
3.855119135862136
3.265836689589993
2.739055765171796
2.2761151848174728
1.8752709046326195
1.5319836493824246
1.3087272562532526
1.0514388908606112
0.8347506846748958
0.6519199088444052
4.192305287420128
3.5338921213512093
2.9485045626092163
2.436678055791972
1.9956699987210282
1.6196773591660614
1.3761757337674505
1.0967137816595378
0.8620540097587962
0.6650437007482242
4.511352997974251
3.786105717145768
3.1443019162625974
2.585940101081368
2.1067991824681345
1.6999710935217056
1.437455831957776
1.1371848463992016
0.8860476469014325
0.6760729043594761
4.814824296883752
4.024750808803805
3.32878476181731
2.725712256944846
2.210226005477833
1.7741732582126566
1.4937078176110143
1.1739147609503182
0.9074293189183644
0.6854604159551028
5.1046848608941255
4.251784475689741
3.5034310257696104
2.857374219841488
2.3071185197307544
1.8432416450265114
1.5457644678488838
1.2075455486989648
0.9267034675423826
0.6936074513896681
5.382416089285468
4.4685677068493765
3.6695019361821513
2.982146790799984
2.3983404314096592
1.907911612297587
1.5942644547158045
1.2386134830711615
0.9442483353061177
0.7007522708116021
5.6495849787222046
4.676266118640322
3.8280137095931805
3.1006477690287824
2.4847627980513054
1.9688179993259485
1.639710106456251
1.2674865925777492
0.9603358426364205
0.7070782205896335
5.907152287636363
4.8758405953739645
3.980115493387908
3.2136995411634266
2.5668268823732157
2.026400104939309
1.6824958707119244
1.2944695862205646
0.9751897796446525
0.712733609862193