# datat/BKevo/MVe_BKevo/mve70.dat
# N(r,Y=0), r, *FL(x,Q^2)
# 1e-05 < r < 100.0
# 1 < Q^2 < 50, n=15, log grid
# 1e-5 < x < 1e-2, n=10, log grid
###
1.459854109181128e-10
1.9914752104721156e-10
2.728146827893686e-10
3.7316344880762457e-10
5.090018329415377e-10
6.963129871109271e-10
9.523452319167917e-10
1.298833637211166e-09
1.7742336053095626e-09
2.426284981194897e-09
3.3084303532326123e-09
4.512630644908963e-09
6.169958938297688e-09
8.41130935005726e-09
1.1455104672572775e-08
1.5658538844675578e-08
2.134085139731199e-08
2.9016898550957016e-08
3.965327985131324e-08
5.4025044248211335e-08
7.340552072542222e-08
1.001827715079375e-07
1.3643951673223602e-07
1.8530510116604228e-07
2.524763576338042e-07
3.436971308974918e-07
4.6656837329119294e-07
6.345971870376201e-07
8.634629557123124e-07
1.171550318391225e-06
1.5906842713662717e-06
2.163291004513264e-06
2.9336700328596877e-06
3.976350743262129e-06
5.405317721673508e-06
7.327023560558706e-06
9.9150642829317e-06
1.3474188093889476e-05
1.826001277373352e-05
2.468452890485322e-05
3.35332646406818e-05
4.5449283571067545e-05
6.145501844883475e-05
8.342805593085838e-05
0.00011315650937815225
0.00015314618021886156
0.00020791447119595483
0.0002824444554522893
0.0003829422691874136
0.0005203668308320881
0.0007086730313734952
0.000963396351223759
0.0013113017852025904
0.0017916320055759822
0.0024435416475617464
0.0033324942705003162
0.004568803307545328
0.006251035411109553
0.008538094093478277
0.011737087503111325
0.016092205456287888
0.02200639719536034
0.03023054222733423
0.04141834942481329
0.05651826352902994
0.0771910266066719
0.10499646512685887
0.14178289995746668
0.1903712637909065
0.2531428961169931
0.3316927509171177
0.4269032132132072
0.5362862395499929
0.6542546333778332
0.7701447482336927
0.8668640485810507
0.9379768880735763
0.9796659634021769
0.9947482638322641
0.9991965112274861
0.9999638952214602
0.9999988209063796
0.9999999841549655
0.9999999999749352
0.9999999999999998
1.0
1.0
1.0
1.0
1.0
1.0
1.0
1.0
1.0
1.0
1.0
1.0
1.0
1.0
1.0
###
1e-05
1.1768119524349992e-05
1.3848863713938717e-05
1.6297508346206434e-05
1.917910261672489e-05
2.2570197196339216e-05
2.656087782946684e-05
3.1257158496882356e-05
3.678379771828634e-05
4.328761281083062e-05
5.0941380148163754e-05
5.994842503189409e-05
7.054802310718646e-05
8.302175681319735e-05
9.770099572992247e-05
0.00011497569953977356
0.00013530477745798074
0.00015922827933410923
0.0001873817422860383
0.00022051307399030456
0.00025950242113997375
0.0003053855508833416
0.00035938136638046257
0.0004229242874389499
0.0004977023564332109
0.0005857020818056661
0.0006892612104349695
0.0008111308307896872
0.0009545484566618337
0.0011233240329780276
0.0013219411484660286
0.0015556761439304723
0.0018307382802953678
0.002154434690031882
0.0025353644939701114
0.0029836472402833374
0.003511191734215131
0.004132012400115334
0.004862601580065354
0.005722367659350214
0.006734150657750821
0.007924828983539169
0.0093260334688322
0.010974987654930556
0.01291549665014884
0.01519911082952933
0.01788649529057435
0.0210490414451202
0.02477076355991709
0.029150530628251757
0.034304692863149154
0.040370172585965536
0.047508101621027934
0.05590810182512223
0.06579332246575675
0.0774263682681127
0.09111627561154886
0.10722672220103231
0.1261856883066021
0.14849682622544635
0.1747528400007683
0.20565123083486514
0.24201282647943834
0.2848035868435799
0.3351602650938841
0.3944206059437656
0.46415888336127725
0.5462277217684337
0.642807311728432
0.7564633275546291
0.8902150854450375
1.0476157527896641
1.232846739442066
1.4508287784959402
1.7073526474706886
2.009233002565046
2.364489412645407
2.782559402207126
3.274549162877725
3.8535285937105273
4.534878508128582
5.3366992312063015
6.280291441834247
7.390722033525775
8.697490026177835
10.235310218990248
12.045035402587812
14.174741629268048
16.68100537200059
19.630406500402685
23.10129700083158
27.1858824273294
31.992671377973846
37.64935806792464
44.30621457583877
52.14008287999685
61.35907273413163
72.20809018385457
84.97534359086438
100.0
###
0.3009849318220647
0.28462796589854455
0.26813780786214597
0.2519958952624117
0.23662667522764327
0.22237735119316684
0.21258551191482147
0.20087301869566196
0.19080513992283274
0.18245577040173805
1.1324039346288124
1.0267801890656012
0.9250886113694478
0.8294602983478204
0.741358446917659
0.6615973136924487
0.6074893846415269
0.5428774567076505
0.4865680856079875
0.43799944135586266
1.7708261388340185
1.5740894171495567
1.3887189003772353
1.217726468204737
1.0628491573982488
0.924688838317379
0.8318728788277185
0.7218238468923961
0.6262844426237526
0.5437525905940876
2.314331297332465
2.0301495234227986
1.766179165172608
1.5258904615689426
1.3108018315373973
1.1208651818088353
0.9944306995806289
0.8453511885505995
0.7165822545187839
0.6057595751810646
2.796882221554125
2.4290899308227267
2.091245969049879
1.7867195525275474
1.5166365110268214
1.2801382988565504
1.123648223228871
0.9402321639550028
0.7826965682618302
0.6476639715147411
3.2355940432307717
2.7878248952507234
2.3800468255580394
2.015440308886686
1.6945222034589054
1.4154838909909513
1.2317019836642717
1.0175075671977505
0.8344926356887631
0.678308767846851
3.640650047584002
3.1160778373824245
2.641802801454017
2.220580402930239
1.8522053457691035
1.533687064672996
1.3250329283041944
1.082848538934509
0.8768947756213045
0.7019212390417123
4.01872966282059
3.420185471008343
2.8824040491424303
2.4075313493500716
1.9945204103412297
1.6392578630743517
1.407478152804755
1.1393822711539774
0.9127691833781144
0.7208028659849162
4.374538356947025
3.704545153616711
3.10579156605795
2.579901250998217
2.124656155946865
1.734841952566136
1.4814912970597809
1.1896983527974976
0.9437132257228782
0.7363697280260396
4.711514580581289
3.972370415382682
3.3149530109426504
2.7402679703799726
2.2448732937420575
1.822405673398015
1.5487843118534528
1.2346943044667007
0.9709151337847387
0.7494440935366957
5.032191677903947
4.226070338621336
3.5121039650737695
2.8905421975566252
2.356821255113484
1.9033506264539155
1.6105809546075647
1.2755425908013167
0.9951610063966839
0.7605911050523418
5.338806957811426
4.467419952397047
3.698865365648949
3.032315008309937
2.461721398618728
1.9787284587742302
1.667789727021292
1.3129505166574575
1.0170188173562618
0.7702888372341447
5.632929716361273
4.698102050466543
3.876560055345398
3.1664908193548844
2.560640146435161
2.04934588170306
1.7211062535084354
1.3475120768998818
1.0369168245351017
0.7787800891926374
5.915910053679034
4.919241406859
4.046255205502774
3.2941011989312456
2.6542621195071296
2.11585320922272
1.7710756219220833
1.3796367720144453
1.055158344932755
0.7863161547571982
6.1887286320027455
5.131839818554538
4.208826361889705
3.4158954373826593
2.74324506679722
2.178757100481879
1.8181326491843264
1.4096607735995075
1.072001366162706
0.7930581868487755