# datat/BKevo/MVe_BKevo/mve51.dat
# N(r,Y=0), r, *FL(x,Q^2)
# 1e-05 < r < 100.0
# 1 < Q^2 < 50, n=15, log grid
# 1e-5 < x < 1e-2, n=10, log grid
###
1.1354258799221182e-10
1.548898941431338e-10
2.121848759108421e-10
2.9023119362624603e-10
3.9587891065405485e-10
5.415581594825402e-10
7.406825640131812e-10
1.0101547113375417e-09
1.3798790987428153e-09
1.8869788892504394e-09
2.5730100184339524e-09
3.5094765807707973e-09
4.798287455335292e-09
6.5412043676626655e-09
8.908026359884592e-09
1.2176400496259218e-08
1.6594433585881687e-08
2.256222755310457e-08
3.083079293733528e-08
4.2002139317624255e-08
5.706517974946573e-08
7.787394701726791e-08
1.0604464200209939e-07
1.4400498345594062e-07
1.9617209940489563e-07
2.669961432629916e-07
3.623626174788216e-07
4.927210502480866e-07
6.701862353509008e-07
9.089461760205684e-07
1.2335275877771728e-06
1.6765588782248371e-06
2.2720296366316455e-06
3.0770059687565516e-06
4.178458426271712e-06
5.657254667084437e-06
7.644883081135657e-06
1.03708128387169e-05
1.402599941079179e-05
1.8917005174484717e-05
2.5622700221217336e-05
3.461089775428395e-05
4.66207957429065e-05
6.299030765022863e-05
8.497105728242876e-05
0.00011429700439409996
0.00015403393208999073
0.00020748557779833195
0.00027869325188578425
0.0003746286516359325
0.0005039194453013991
0.0006759449041558039
0.0009064737799248186
0.001217887636745396
0.0016319471653051562
0.002184252862664011
0.0029327799188967898
0.003928236213188482
0.005251119181080073
0.007052029706107128
0.00944982709694174
0.012638710354298517
0.01697381499726751
0.022768637962982622
0.03048038313860004
0.04091766816418287
0.05488528861097864
0.07339392658184593
0.0981266791393504
0.1308693838940103
0.17341145969140748
0.22830328480932943
0.2978130400017258
0.3828166078539858
0.48306399693967983
0.5941403824687929
0.7092600793192528
0.8176968198623461
0.9011827288196809
0.9578016209597846
0.9880425249475229
0.9973868830168126
0.9996631144549737
0.999986394620586
0.9999997951105085
0.9999999981936019
0.999999999997667
1.0
1.0
1.0
1.0
1.0
1.0
1.0
1.0
1.0
1.0
1.0
1.0
1.0
###
1e-05
1.1768119524349992e-05
1.3848863713938717e-05
1.6297508346206434e-05
1.917910261672489e-05
2.2570197196339216e-05
2.656087782946684e-05
3.1257158496882356e-05
3.678379771828634e-05
4.328761281083062e-05
5.0941380148163754e-05
5.994842503189409e-05
7.054802310718646e-05
8.302175681319735e-05
9.770099572992247e-05
0.00011497569953977356
0.00013530477745798074
0.00015922827933410923
0.0001873817422860383
0.00022051307399030456
0.00025950242113997375
0.0003053855508833416
0.00035938136638046257
0.0004229242874389499
0.0004977023564332109
0.0005857020818056661
0.0006892612104349695
0.0008111308307896872
0.0009545484566618337
0.0011233240329780276
0.0013219411484660286
0.0015556761439304723
0.0018307382802953678
0.002154434690031882
0.0025353644939701114
0.0029836472402833374
0.003511191734215131
0.004132012400115334
0.004862601580065354
0.005722367659350214
0.006734150657750821
0.007924828983539169
0.0093260334688322
0.010974987654930556
0.01291549665014884
0.01519911082952933
0.01788649529057435
0.0210490414451202
0.02477076355991709
0.029150530628251757
0.034304692863149154
0.040370172585965536
0.047508101621027934
0.05590810182512223
0.06579332246575675
0.0774263682681127
0.09111627561154886
0.10722672220103231
0.1261856883066021
0.14849682622544635
0.1747528400007683
0.20565123083486514
0.24201282647943834
0.2848035868435799
0.3351602650938841
0.3944206059437656
0.46415888336127725
0.5462277217684337
0.642807311728432
0.7564633275546291
0.8902150854450375
1.0476157527896641
1.232846739442066
1.4508287784959402
1.7073526474706886
2.009233002565046
2.364489412645407
2.782559402207126
3.274549162877725
3.8535285937105273
4.534878508128582
5.3366992312063015
6.280291441834247
7.390722033525775
8.697490026177835
10.235310218990248
12.045035402587812
14.174741629268048
16.68100537200059
19.630406500402685
23.10129700083158
27.1858824273294
31.992671377973846
37.64935806792464
44.30621457583877
52.14008287999685
61.35907273413163
72.20809018385457
84.97534359086438
100.0
###
0.2698806348090062
0.24979064109931032
0.22982967794123624
0.21052630200834574
0.19232969130395935
0.17552180311759638
0.1639698788558111
0.1500610561296097
0.13791357167138313
0.12745203697136823
0.9583372621665843
0.8456504629072459
0.7396798331990038
0.6421830333900663
0.5542456383031769
0.4759445549836883
0.42349311366622194
0.3614787148855461
0.30777744389482076
0.26148638497180937
1.464270460382418
1.2652992902052036
1.0826060098975927
0.9182435043983296
0.7730238536173429
0.6460932170111994
0.5623329837269024
0.4645752265464085
0.38109688955680393
0.3098747797121444
1.8864988104898672
1.6081566021983842
1.356553150708584
1.1334730190950053
0.939004801844286
0.7712266022733051
0.6616725173724182
0.5350561435066521
0.4280951093999337
0.3377559518427415
2.256687660480361
1.9045523184011455
1.5898409764044097
1.313810384126754
1.0756875157740555
0.8721652309488299
0.740385330607515
0.5893194480779486
0.4627414093172068
0.35680939942445994
2.590230296110025
2.168796509002549
1.7955543190061447
1.4709903977105598
1.1932503759406723
0.9577722980499395
0.806275206197216
0.6337224085050527
0.490229371865394
0.37108535285333694
2.896047255533494
2.4090209807841187
1.98102908202094
1.6113568941761163
1.2971690353895282
1.0325089944483756
0.8632450578670883
0.6714866540950565
0.5130587036760037
0.3824030996983201
3.1799580062072033
2.6304958981061626
2.1507387308460375
1.7388495612906536
1.390771499003299
1.099253763666192
0.9136627250062815
0.7044589312471796
0.5326051359853704
0.39173910970474884
3.4458511797180917
2.8367482367316796
2.3078268168508123
1.8560986036232738
1.4762466662520917
1.1597075219045607
0.9590284896574734
0.7337987742550527
0.5497217409872549
0.3996621003142087
3.696691607987021
3.0302769717024516
2.4543866422179907
1.9649595052946043
1.5551256872723846
1.2150949198214844
1.0003672824707797
0.7602788829383573
0.5649648503799136
0.40652929264412563
3.934662645380974
3.2130929438702833
2.5922460815868384
2.0667996842546734
1.6285295072441894
1.266340635123954
1.0384118412522103
0.7844485661726459
0.5787102989481123
0.41258893629598425
4.16146437858641
3.3866303015520667
2.7225693479867545
2.1626539965841984
1.6972823457473813
1.3140960081099997
1.0737061842052897
0.8067087975587167
0.5912466292361142
0.4180049738783523
4.378434407650629
3.552058125771577
2.8463412682206872
2.2534645594195557
1.7620563172863444
1.3588700302717345
1.1066654116071861
0.8273625062580533
0.6027733407606544
0.4229025411121436
4.586709418335902
3.710404656166759
2.964512718345877
2.339477561552573
1.8233603999790715
1.4010671709864921
1.137639206820773
0.8466445009280366
0.6134485848357977
0.4273612752874922
4.787177648210441
3.8622846491066203
3.0774225189733757
2.4216276763212012
1.8816125391754914
1.4410084489071822
1.166838805854334
0.8647589531086093
0.6233946087574407
0.4314628366773621