# datat/BKevo/MVe_BKevo/mve35.dat
# N(r,Y=0), r, *FL(x,Q^2)
# 1e-05 < r < 100.0
# 1 < Q^2 < 50, n=15, log grid
# 1e-5 < x < 1e-2, n=10, log grid
###
8.110181251384877e-11
1.1063563379472495e-10
1.5156061370936856e-10
2.0730802212199672e-10
2.82770669922744e-10
3.868272853300806e-10
5.290589658371453e-10
7.215390875437739e-10
9.856279142262389e-10
1.3478420930519798e-09
1.8378643125867523e-09
2.5067689595451767e-09
3.427348178594279e-09
4.672288802324103e-09
6.362875958261966e-09
8.69742893450719e-09
1.1853166880287555e-08
1.611587690294777e-08
2.2021995069622805e-08
3.0001528294396844e-08
4.076084294596744e-08
5.562424844189273e-08
7.574617400260545e-08
1.028607045852545e-07
1.4012293217244263e-07
1.90711538305576e-07
2.5883045451716476e-07
3.5194363226845333e-07
4.787045002456436e-07
6.49247353499308e-07
8.810912904122013e-07
1.197542346571847e-06
1.6228788432065593e-06
2.1978623769665057e-06
2.984614966663722e-06
4.040899489143339e-06
5.460636748064433e-06
7.407734569369669e-06
1.0018591302978789e-05
1.3512183093466358e-05
1.83019965071373e-05
2.4722193500649882e-05
3.330079077866887e-05
4.499348604895209e-05
6.069435816507418e-05
8.164205659633024e-05
0.0001100266804295807
0.00014820843258084768
0.00019907458396209018
0.0002676063225368396
0.00035996870455162175
0.0004828647800465875
0.0006475655961528047
0.000870073050097013
0.001165950908015167
0.0015606693684443106
0.002095732146015536
0.0028074759707859675
0.0037536204964764815
0.005042312512147742
0.006759125918645005
0.009044067995155327
0.012154087199426594
0.016317368325881217
0.021868123334700475
0.029402519985378676
0.03952261862456476
0.05299515241329028
0.07112548696797423
0.09535634981011193
0.1272122471662892
0.16903146018070633
0.22331311645751525
0.2917347650447947
0.37593743943099667
0.47547259554652627
0.5869620504962431
0.7036482191814124
0.8098708171764757
0.8972323844228974
0.957798756628399
0.9861366581318982
0.9969677707540726
0.9997057067181087
0.9999843526960828
0.9999995367966104
0.9999999971547177
0.999999999999764
0.9999999999999999
1.0
1.0
1.0
1.0
1.0
1.0
1.0
1.0
1.0
1.0
1.0
###
1e-05
1.1768119524349992e-05
1.3848863713938717e-05
1.6297508346206434e-05
1.917910261672489e-05
2.2570197196339216e-05
2.656087782946684e-05
3.1257158496882356e-05
3.678379771828634e-05
4.328761281083062e-05
5.0941380148163754e-05
5.994842503189409e-05
7.054802310718646e-05
8.302175681319735e-05
9.770099572992247e-05
0.00011497569953977356
0.00013530477745798074
0.00015922827933410923
0.0001873817422860383
0.00022051307399030456
0.00025950242113997375
0.0003053855508833416
0.00035938136638046257
0.0004229242874389499
0.0004977023564332109
0.0005857020818056661
0.0006892612104349695
0.0008111308307896872
0.0009545484566618337
0.0011233240329780276
0.0013219411484660286
0.0015556761439304723
0.0018307382802953678
0.002154434690031882
0.0025353644939701114
0.0029836472402833374
0.003511191734215131
0.004132012400115334
0.004862601580065354
0.005722367659350214
0.006734150657750821
0.007924828983539169
0.0093260334688322
0.010974987654930556
0.01291549665014884
0.01519911082952933
0.01788649529057435
0.0210490414451202
0.02477076355991709
0.029150530628251757
0.034304692863149154
0.040370172585965536
0.047508101621027934
0.05590810182512223
0.06579332246575675
0.0774263682681127
0.09111627561154886
0.10722672220103231
0.1261856883066021
0.14849682622544635
0.1747528400007683
0.20565123083486514
0.24201282647943834
0.2848035868435799
0.3351602650938841
0.3944206059437656
0.46415888336127725
0.5462277217684337
0.642807311728432
0.7564633275546291
0.8902150854450375
1.0476157527896641
1.232846739442066
1.4508287784959402
1.7073526474706886
2.009233002565046
2.364489412645407
2.782559402207126
3.274549162877725
3.8535285937105273
4.534878508128582
5.3366992312063015
6.280291441834247
7.390722033525775
8.697490026177835
10.235310218990248
12.045035402587812
14.174741629268048
16.68100537200059
19.630406500402685
23.10129700083158
27.1858824273294
31.992671377973846
37.64935806792464
44.30621457583877
52.14008287999685
61.35907273413163
72.20809018385457
84.97534359086438
100.0
###
0.2519791215868018
0.23065427921316226
0.20974745212917542
0.18976969531409837
0.17111409083428955
0.1540428791657478
0.1423705299436147
0.12835702583048253
0.11609911553074319
0.10552845283086525
0.8654229125670336
0.7536187054429702
0.6500669856783775
0.5562264168075375
0.47253632677124147
0.39899584447075487
0.35017281193975736
0.2929502361636844
0.2437627786694287
0.20160183665947867
1.3048055633271587
1.11226067671523
0.9382936670154675
0.7840697507498096
0.6494968494411697
0.5334956731278274
0.45779098999568124
0.3703029473651129
0.2963070772511802
0.2338136086724612
1.6671735675694141
1.4018712227574948
1.165886034798466
0.9597369357793086
0.7823008191567625
0.631443929692079
0.5340339228474218
0.42267286400371684
0.32963216959348035
0.2520118679328124
1.9824831718727287
1.650399845705308
1.358353595698819
1.1059874832208456
0.8910290031606084
0.7100510317657857
0.5941585608818407
0.46279723427184516
0.3541165505400338
0.2643640905745606
2.2650039822371006
1.8707882640271178
1.5272056329229229
1.2328430152005307
0.9841614667843153
0.7764125145227402
0.6443146154511119
0.49557289333833304
0.37352390838699806
0.27359980403327916
2.5229679930742566
2.0703452180968998
1.678825879318494
1.345732129563034
1.0662042977830912
0.8342305027879482
0.6875895997754002
0.5234120208901991
0.3896379347293243
0.2809282354930326
2.7615333159375273
2.2537204337707872
1.8171695086643134
1.4479754252560648
1.1399279393391186
0.8857222617289875
0.7258256301052632
0.547703537396703
0.40344247659372945
0.28698234397743316
2.984387263869175
2.4240209414868916
1.944894733516064
1.541786843857511
1.2071177332543028
0.9323106088105538
0.7601877818921144
0.5693046796396771
0.4155380202739749
0.2921325900511869
3.19409472375007
2.5834868112616163
2.0639162971955622
1.628716272154078
1.269027309542539
0.9749457795264873
0.7914681149221301
0.5887945704410534
0.42631602616197795
0.2965609040879242
3.3926084243986945
2.733826993549968
2.1755772819149715
1.7099265992050294
1.3265469646844548
1.01434596849355
0.8202317281683282
0.606578874355046
0.43604479880357444
0.30056684811457435
3.5815267200785676
2.876316312044356
2.2809667170808807
1.7862147298790223
1.380364859568828
1.0510243472079894
0.8468969616807344
0.622954891427359
0.44492121252194655
0.3041142774622617
3.76188106491555
3.0118784201744173
2.380929726713111
1.858307134834632
1.4310072789858406
1.0853719093842564
0.8717826561434542
0.6381467541189343
0.45309138324100773
0.30732803029330885
3.934705372140546
3.1413845601879133
2.476097667133132
1.9267227685080826
1.4788905864282285
1.117726324732406
0.8951379580577543
0.652327987361064
0.46066116154659315
0.31026559962572925
4.100838336128857
3.2655196618938658
2.5670335450489867
1.9918937892963307
1.5243504157323624
1.1483303717114086
0.9171698268304895
0.6656357132104583
0.46771851711202533
0.31297186129623394