# datat/BKevo/GBW_BKevo/gbw2.dat
# N(r,Y=0), r, *FL(x,Q^2)
# 1e-05 < r < 100.0
# 1 < Q^2 < 50, n=15, log grid
# 1e-5 < x < 1e-2, n=10, log grid
###
4.1448351822675414e-08
5.037475613945591e-08
6.125955754042661e-08
7.44836711278101e-08
9.052958201686589e-08
1.1007749850004816e-07
1.3384774784246665e-07
1.6269134901951067e-07
1.9779676348650933e-07
2.405233319991643e-07
2.9237131131472574e-07
3.5541495800933157e-07
4.3221462999338e-07
5.254136610933336e-07
6.386281620326738e-07
7.766722260533582e-07
9.442005002299991e-07
1.1475093068292147e-06
1.3956357539347341e-06
1.6967712181014036e-06
2.062142213603696e-06
2.5078543905637784e-06
3.049147674926067e-06
3.70593147605106e-06
4.506385556127173e-06
5.479357020600977e-06
6.659970073632461e-06
8.097481899878707e-06
9.846377680086558e-06
1.196859118868791e-05
1.4550131750087807e-05
1.7693704204077543e-05
2.150845476492049e-05
2.6144397414877498e-05
3.179477664678459e-05
3.865182836300446e-05
4.6976882848684206e-05
5.71329196066098e-05
6.945830385167529e-05
8.441237910700985e-05
0.00010266175800575215
0.00012481569360353473
0.00015169531952489957
0.00018446716794667085
0.0002242852941026877
0.0002725981769398429
0.0003314448301443371
0.0004030057821590511
0.000489834169979828
0.0005954892039686815
0.0007240804276606592
0.0008801035448724521
0.0010697609518420387
0.0013007762486146822
0.0015810545556646674
0.0019213809059830222
0.002336222289277593
0.0028394495691419224
0.003449760737828227
0.004194128213014997
0.005096809772007351
0.006191023948405164
0.0075238846841598934
0.009140399020913566
0.011098511411923487
0.013479044892717036
0.01636521151794103
0.019856665678720943
0.024089857190568664
0.02921517417491174
0.035400423233023635
0.04286964281304929
0.051883446857491
0.06271369737391884
0.07571037417136284
0.09128874309271243
0.10985824015596021
0.13191691529014
0.15800967199751817
0.18866891312383854
0.2244713750126905
0.26578886436954147
0.3130873611868167
0.3666500064976091
0.4258867856492595
0.4904844559947656
0.5597018342659502
0.6308479153313642
0.7017662552483549
0.7705799657662307
0.8329440127902658
0.8856486446039998
0.9285118201630022
0.9597971025149474
0.9793558020175032
0.9910308735472172
0.9969033965714724
0.9990229202789032
0.9997705631408793
0.9999697772344837
###
1e-05
1.1768119524349992e-05
1.3848863713938717e-05
1.6297508346206434e-05
1.917910261672489e-05
2.2570197196339216e-05
2.656087782946684e-05
3.1257158496882356e-05
3.678379771828634e-05
4.328761281083062e-05
5.0941380148163754e-05
5.994842503189409e-05
7.054802310718646e-05
8.302175681319735e-05
9.770099572992247e-05
0.00011497569953977356
0.00013530477745798074
0.00015922827933410923
0.0001873817422860383
0.00022051307399030456
0.00025950242113997375
0.0003053855508833416
0.00035938136638046257
0.0004229242874389499
0.0004977023564332109
0.0005857020818056661
0.0006892612104349695
0.0008111308307896872
0.0009545484566618337
0.0011233240329780276
0.0013219411484660286
0.0015556761439304723
0.0018307382802953678
0.002154434690031882
0.0025353644939701114
0.0029836472402833374
0.003511191734215131
0.004132012400115334
0.004862601580065354
0.005722367659350214
0.006734150657750821
0.007924828983539169
0.0093260334688322
0.010974987654930556
0.01291549665014884
0.01519911082952933
0.01788649529057435
0.0210490414451202
0.02477076355991709
0.029150530628251757
0.034304692863149154
0.040370172585965536
0.047508101621027934
0.05590810182512223
0.06579332246575675
0.0774263682681127
0.09111627561154886
0.10722672220103231
0.1261856883066021
0.14849682622544635
0.1747528400007683
0.20565123083486514
0.24201282647943834
0.2848035868435799
0.3351602650938841
0.3944206059437656
0.46415888336127725
0.5462277217684337
0.642807311728432
0.7564633275546291
0.8902150854450375
1.0476157527896641
1.232846739442066
1.4508287784959402
1.7073526474706886
2.009233002565046
2.364489412645407
2.782559402207126
3.274549162877725
3.8535285937105273
4.534878508128582
5.3366992312063015
6.280291441834247
7.390722033525775
8.697490026177835
10.235310218990248
12.045035402587812
14.174741629268048
16.68100537200059
19.630406500402685
23.10129700083158
27.1858824273294
31.992671377973846
37.64935806792464
44.30621457583877
52.14008287999685
61.35907273413163
72.20809018385457
84.97534359086438
100.0
###
0.18986916166506226
0.1601687642696795
0.13249631387899644
0.10757240550373598
0.08584269373566683
0.06739155512017146
0.05564387664434547
0.042546924254591584
0.032054863018557665
0.023772840205694663
0.6216983797420955
0.4995743397036902
0.39398875589211235
0.30533564845390027
0.23282764589018112
0.17480689271549554
0.13963399932471937
0.1021547974158649
0.07358917412755513
0.05211202190096108
0.928564370090205
0.7326755657663535
0.567822207516764
0.43270621772402823
0.32463694698931933
0.2399603616893597
0.18947949722112298
0.13654106108145916
0.09688945238840273
0.06758366849707285
1.1829888554797319
0.9230832146596631
0.7078226811595767
0.5339645906623215
0.3967393963541937
0.2905345442986771
0.22785546845665966
0.16273871581724073
0.11447244804071273
0.07915636184273679
1.4058430671730897
1.0883070148847682
0.8282489109305858
0.6203607135298238
0.4577966437798846
0.3330611937109821
0.2599759007671032
0.1845299946858716
0.1290127578713516
0.08868390742521012
1.6068567478638123
1.236329811350212
0.9354606716325576
0.69683545518275
0.5115522544098903
0.3703167000203031
0.28802011502815067
0.20347306593893627
0.14160569598962272
0.09691269336480891
1.7915470887698113
1.371608181352089
1.032974875019597
0.7660767081362662
0.560037487852095
0.4037885391635969
0.3131357720223555
0.22039051287726535
0.15282195236979446
0.10422362493913383
1.9633847833460754
1.4969433504003713
1.1229630282702872
0.8297494531030146
0.6044790179578835
0.434370127162109
0.33604442925781924
0.2357809760859163
0.16300245819219056
0.11084769725545127
2.12476765007613
1.6142329912604962
1.2068991123615367
0.8889493649994098
0.6456662167975208
0.4626633348533578
0.3572012969308323
0.24996027334012483
0.17237283593666192
0.11693406118874632
2.2774169649708123
1.7248353599462452
1.2858299227635628
0.9444886813787627
0.6842259126729058
0.489083320139959
0.3769287680437849
0.2631584517189188
0.18107849556545433
0.12258566590317356
2.4225749205566482
1.8297627729759114
1.3605290788407298
0.996935800700306
0.7205713390225098
0.51393544125699
0.3954622528703559
0.27554162232819807
0.1892299171461073
0.12787623844781104
2.5612567910093733
1.9297944023304923
1.4315882675920892
1.0467296110581512
0.7550214890511753
0.5374510710530844
0.4129798432068376
0.28723069754872727
0.19692076138421497
0.13286087871773553
2.6943674434112452
2.0255454474531494
1.4994753383043489
1.0942180386452103
0.787794780142434
0.5598097330530726
0.42962669336832077
0.29832143493028096
0.20420963451784394
0.13758259713593357
2.8224465465960495
2.1174931415588754
1.5645650626528103
1.1396785171451995
0.8191400970733039
0.5811559765675571
0.4454988601024214
0.3088923240961918
0.21115677002219113
0.14207535923834338
2.9460277453163455
2.2060615428562094
1.627163904598404
1.1833371460231845
0.8492065996808225
0.6016058330009001
0.4606924930458946
0.31899930933885606
0.2177835077447778
0.1463684888865267