# datat/BKevo/GBW_BKevo/gbw19.dat
# N(r,Y=0), r, *FL(x,Q^2)
# 1e-05 < r < 100.0
# 1 < Q^2 < 50, n=15, log grid
# 1e-5 < x < 1e-2, n=10, log grid
###
1.1701725831470785e-05
1.3332467836985952e-05
1.5184554836549227e-05
1.7295785087598562e-05
1.9705365081929757e-05
2.244457200326357e-05
2.5564224335661092e-05
2.912461967791766e-05
3.317588131391281e-05
3.7785630120208505e-05
4.30464725660984e-05
4.9038269412601014e-05
5.584985186989673e-05
6.362326388230228e-05
7.248511063120164e-05
8.25501927791981e-05
9.403612103628267e-05
0.00010714272940697766
0.0001220152122528701
0.00013898657064852812
0.00015835680449428205
0.00018034677187116956
0.00020542289238606036
0.0002340423799868151
0.00026656266556997687
0.0003036130826415631
0.00034589708440447154
0.0003939888620815911
0.0004487293422848282
0.0005111991920859725
0.0005823149969591682
0.0006631868860893916
0.0007554726054723069
0.0008606272863602337
0.0009800938429636277
0.0011164116769631178
0.0012718797158467582
0.0014483349684598164
0.0016496619629249188
0.001879406850547872
0.002140051710405921
0.0024373199450145127
0.002776505209773636
0.0031616237212637997
0.0036003987010336915
0.0041009568707798755
0.004669737327679952
0.00531704035555791
0.006055308886972325
0.006894780448827624
0.007848972401580282
0.008936879348563994
0.010174649082781456
0.011579606959205723
0.013180647456505087
0.01500304113030377
0.017068180410305427
0.019419833229364133
0.022097227503777635
0.025125099143956855
0.02856939729611356
0.03248668658190344
0.03691332350132409
0.041936607393560935
0.04763979236429079
0.05407715722000619
0.06135748193923457
0.06960204638122829
0.07888893074747984
0.08934294595895086
0.10113685118916867
0.11437762343206201
0.12918411805995964
0.14579527669186282
0.16434820631763708
0.184897652504479
0.20776206481925005
0.23310134391657072
0.26077717786567944
0.2911969570833901
0.3244879582634487
0.3601775439622394
0.39866516020075615
0.43994002543512734
0.48313787804094005
0.5283459600510907
0.5753955842265195
0.6229521926945656
0.6705329310477334
0.7179057440137548
0.7634438601581305
0.8060266504594714
0.845742376095247
0.8812586051558123
0.9112583447382195
0.9366776576044636
0.9571632469810972
0.9720130949195461
0.9829493801273284
0.9905325823034681
###
1e-05
1.1768119524349992e-05
1.3848863713938717e-05
1.6297508346206434e-05
1.917910261672489e-05
2.2570197196339216e-05
2.656087782946684e-05
3.1257158496882356e-05
3.678379771828634e-05
4.328761281083062e-05
5.0941380148163754e-05
5.994842503189409e-05
7.054802310718646e-05
8.302175681319735e-05
9.770099572992247e-05
0.00011497569953977356
0.00013530477745798074
0.00015922827933410923
0.0001873817422860383
0.00022051307399030456
0.00025950242113997375
0.0003053855508833416
0.00035938136638046257
0.0004229242874389499
0.0004977023564332109
0.0005857020818056661
0.0006892612104349695
0.0008111308307896872
0.0009545484566618337
0.0011233240329780276
0.0013219411484660286
0.0015556761439304723
0.0018307382802953678
0.002154434690031882
0.0025353644939701114
0.0029836472402833374
0.003511191734215131
0.004132012400115334
0.004862601580065354
0.005722367659350214
0.006734150657750821
0.007924828983539169
0.0093260334688322
0.010974987654930556
0.01291549665014884
0.01519911082952933
0.01788649529057435
0.0210490414451202
0.02477076355991709
0.029150530628251757
0.034304692863149154
0.040370172585965536
0.047508101621027934
0.05590810182512223
0.06579332246575675
0.0774263682681127
0.09111627561154886
0.10722672220103231
0.1261856883066021
0.14849682622544635
0.1747528400007683
0.20565123083486514
0.24201282647943834
0.2848035868435799
0.3351602650938841
0.3944206059437656
0.46415888336127725
0.5462277217684337
0.642807311728432
0.7564633275546291
0.8902150854450375
1.0476157527896641
1.232846739442066
1.4508287784959402
1.7073526474706886
2.009233002565046
2.364489412645407
2.782559402207126
3.274549162877725
3.8535285937105273
4.534878508128582
5.3366992312063015
6.280291441834247
7.390722033525775
8.697490026177835
10.235310218990248
12.045035402587812
14.174741629268048
16.68100537200059
19.630406500402685
23.10129700083158
27.1858824273294
31.992671377973846
37.64935806792464
44.30621457583877
52.14008287999685
61.35907273413163
72.20809018385457
84.97534359086438
100.0
###
0.344824377882796
0.31720298278729053
0.28227755798956616
0.24206598463199197
0.1996051718130069
0.15841901863471008
0.13011556323308995
0.09733795357848724
0.07078083570647238
0.05025427192761154
1.4968031844796648
1.3173311466267825
1.1153179524128864
0.9075642334289231
0.7100357280672066
0.5358065167458484
0.42478526352810403
0.30426487057653206
0.21282599626897344
0.14593984456665066
2.5282974631096558
2.182026369535158
1.8095079605424278
1.442023713042765
1.1061483992855525
0.81960750333271
0.6417368326937146
0.45296571121712487
0.31278972380781167
0.2121341864781088
3.491028131412105
2.9745582738405925
2.4343492705562126
1.9151733425064617
1.451271586991705
1.0635902846400749
0.82666697150731
0.5783869378676818
0.3965171808241597
0.26723252147464027
4.405366923252247
3.7180111239844664
3.0134990203914453
2.348736341289464
1.764515505221195
1.2832190409423678
0.9922589904227559
0.6901031633378765
0.47071825525103284
0.3158898038487563
5.282393220186503
4.424494513937159
3.5589626272404478
2.7537642966472204
2.055095732408508
1.4857388922623336
1.1443875272302992
0.7923220416672865
0.5383920347816397
0.3601535931051124
6.129274542178809
5.101471310720228
4.0779710529581354
3.136689228729686
2.328295143974079
1.6753038109452725
1.2863787207426192
0.8874330572243484
0.6012115343922718
0.4011644723059362
6.950419447594977
5.753994724186767
4.575296470178738
3.501734345261724
2.5875944658207115
1.8545346181319753
1.4203466122046657
0.9769539422871881
0.6602263939421696
0.43964258555586155
7.749696780571428
6.385706935910754
5.054418310486202
3.8518603644539198
2.835377912440095
2.0253736122855823
1.547747906890945
1.0619134860918158
0.7161459039222637
0.4760603371505599
8.529719807192313
6.999354412597098
5.517858714023955
4.189249051936279
3.073393637659244
2.1889785614118016
1.669610598620465
1.1430458045082477
0.7694787343138313
0.510759918041895
9.292614542041571
7.597075894545749
5.967581102558434
4.514886497212801
3.302971105561381
2.3464549949520452
1.7867314686073303
1.2209037806726533
0.8206047466226059
0.5439963837374334
10.04009533157505
8.180589889479975
6.405146414651687
4.832150444819196
3.5251494756568023
2.498524007563856
1.8997838602094674
1.295906273390029
0.8698168984213992
0.575965557760105
10.77356925820529
8.751289305622336
6.831820323239448
5.140041037666332
3.7407626975301285
2.6459018608124376
2.0091356594206524
1.3684166948684064
0.9173447920401772
0.6068227140963064
11.4942020052363
9.31034381321898
7.248649174713451
5.440115521076701
3.95048490218129
2.7889925375616653
2.115187800248581
1.4387119205854608
0.9633798621477695
0.6366927920788353
12.203749115947584
9.858737646963919
7.656509406890218
5.733101403096097
4.154896813071028
2.928300512053881
2.2183617740021795
1.506999931525245
1.0080743525778422
0.6655412739075376