# datat/BKevo/MVe_BKevo/mve79.dat
# N(r,Y=0), r, *FL(x,Q^2)
# 1e-05 < r < 100.0
# 1 < Q^2 < 50, n=15, log grid
# 1e-5 < x < 1e-2, n=10, log grid
###
1.6220866294375282e-10
2.212793329684172e-10
3.0313442362136194e-10
4.146375473240543e-10
5.655761511788886e-10
7.737114462516265e-10
1.0582110121600889e-09
1.443228940571902e-09
1.9715018150665123e-09
2.6960869307527146e-09
3.676382064403138e-09
5.014600283588321e-09
6.85643844310505e-09
9.347407255810563e-09
1.2730337512616407e-08
1.740238877950992e-08
2.3718580681574518e-08
3.2251530995686964e-08
4.407651847634548e-08
6.00560135063972e-08
8.160717792054394e-08
1.1138882056597331e-07
1.5172102058804368e-07
2.0609081968582296e-07
2.8085006495545734e-07
3.824084014750307e-07
5.192532700741354e-07
7.064813427206104e-07
9.616406773131543e-07
1.3053327727529495e-06
1.7732708109426647e-06
2.4131657501177885e-06
3.274950195743029e-06
4.442799366020676e-06
6.045880247653194e-06
8.205303054727026e-06
1.1119074257540483e-05
1.5136561790033446e-05
2.0552630992000748e-05
2.7843927263367768e-05
3.792578052842215e-05
5.155363531263404e-05
6.993302609515289e-05
9.52966799289131e-05
0.00012978883420572233
0.0001764290419845056
0.00024070639565890555
0.00032872123018630055
0.0004481071973974958
0.0006124355948977295
0.0008390887349533511
0.0011474767330740558
0.0015711952916941951
0.002159708249624604
0.002962396208549413
0.004062043523403938
0.005598531312674305
0.007696582527773717
0.010557479538054715
0.014570521772245656
0.02004340018600564
0.027483461472348474
0.03783205522644863
0.05189805034124478
0.07084558231354197
0.0966793247246277
0.13121420980143184
0.1765201193915431
0.23555108791689477
0.310364849803827
0.4017134355725637
0.5084584255565794
0.6247419245852991
0.7421686562200943
0.8472852653424832
0.9235060201000127
0.9710007538225255
0.9931726278701476
0.9987452943114564
0.9998781473227686
0.9999977594580297
0.9999999726978382
0.9999999998728127
0.9999999999999487
1.0
1.0
1.0
1.0
1.0
1.0
1.0
1.0
1.0
1.0
1.0
1.0
1.0
1.0
1.0
1.0
###
1e-05
1.1768119524349992e-05
1.3848863713938717e-05
1.6297508346206434e-05
1.917910261672489e-05
2.2570197196339216e-05
2.656087782946684e-05
3.1257158496882356e-05
3.678379771828634e-05
4.328761281083062e-05
5.0941380148163754e-05
5.994842503189409e-05
7.054802310718646e-05
8.302175681319735e-05
9.770099572992247e-05
0.00011497569953977356
0.00013530477745798074
0.00015922827933410923
0.0001873817422860383
0.00022051307399030456
0.00025950242113997375
0.0003053855508833416
0.00035938136638046257
0.0004229242874389499
0.0004977023564332109
0.0005857020818056661
0.0006892612104349695
0.0008111308307896872
0.0009545484566618337
0.0011233240329780276
0.0013219411484660286
0.0015556761439304723
0.0018307382802953678
0.002154434690031882
0.0025353644939701114
0.0029836472402833374
0.003511191734215131
0.004132012400115334
0.004862601580065354
0.005722367659350214
0.006734150657750821
0.007924828983539169
0.0093260334688322
0.010974987654930556
0.01291549665014884
0.01519911082952933
0.01788649529057435
0.0210490414451202
0.02477076355991709
0.029150530628251757
0.034304692863149154
0.040370172585965536
0.047508101621027934
0.05590810182512223
0.06579332246575675
0.0774263682681127
0.09111627561154886
0.10722672220103231
0.1261856883066021
0.14849682622544635
0.1747528400007683
0.20565123083486514
0.24201282647943834
0.2848035868435799
0.3351602650938841
0.3944206059437656
0.46415888336127725
0.5462277217684337
0.642807311728432
0.7564633275546291
0.8902150854450375
1.0476157527896641
1.232846739442066
1.4508287784959402
1.7073526474706886
2.009233002565046
2.364489412645407
2.782559402207126
3.274549162877725
3.8535285937105273
4.534878508128582
5.3366992312063015
6.280291441834247
7.390722033525775
8.697490026177835
10.235310218990248
12.045035402587812
14.174741629268048
16.68100537200059
19.630406500402685
23.10129700083158
27.1858824273294
31.992671377973846
37.64935806792464
44.30621457583877
52.14008287999685
61.35907273413163
72.20809018385457
84.97534359086438
100.0
###
0.3105000938347789
0.29535984635504847
0.2800139294584565
0.26492770156151857
0.2505034746419569
0.23711738626784779
0.22791443610117496
0.21692919213415535
0.20754181014781223
0.1998475393847467
1.191534628528894
1.089275754661874
0.9899953510172513
0.8959753420016946
0.8088043920193946
0.7295244132499503
0.6755652167342064
0.6110164211167766
0.5547828035214282
0.5064215107339342
1.8792088247699297
1.6852187976300785
1.5007730487218887
1.329265024532907
1.172792461330506
1.0323378235032183
0.9375477998485657
0.8247644005168577
0.7266140306156881
0.6418129569791599
2.469305420772829
2.185848329976715
1.9201474624583297
1.676172886921737
1.456093338353818
1.2604749282203087
1.1293442584169906
0.9741688454309072
0.8396473986079757
0.7234205605658114
2.995914576337436
2.6261720307026266
2.2832031100590613
1.971316867010535
1.692457321499111
1.4463919599344561
1.2826174544229616
1.0896338914046733
0.9229300786699602
0.7795629804791551
3.476487803965134
3.023522320223502
2.6069189621071063
2.231043302374852
1.8973913321425966
1.6049232693983024
1.4111863144708765
1.1839668809960995
0.9885412762623127
0.8209814419465107
3.9214786548084843
3.388141051031188
2.9011370797822043
2.46461742544789
2.0795343746393686
1.7438886140003664
1.5224603621180433
1.263835057570932
1.042458978637598
0.8530236101236335
4.337858634050605
3.7267378036215093
3.172168628226057
2.6778786002991932
2.244200289068711
1.868029509882283
1.620856589949762
1.3332419450171817
1.087948061953658
0.8788148689169233
4.73048685794517
4.043965539566838
3.4243568180690205
2.8748423558406606
2.3949938591469913
1.9805862791662854
1.7092691376020208
1.3943887579353427
1.1272740009473832
0.9001310954382128
5.10297165955751
4.343228473825222
3.66084850657445
3.0583370500467497
2.534450092103524
2.0837883667019943
1.7897049897285011
1.449698714267941
1.1618055027668945
0.9180570207139702
5.458094423534755
4.627105836947067
3.8839973579648808
3.2304793153533957
2.6644092531716588
2.1792471705108967
1.863613054171105
1.4997065461027983
1.1925855061812183
0.9333509612140384
5.797654711959063
4.8976077948807015
4.0953240162342395
3.392893359594254
2.7862574347164926
2.2681888923713043
1.9320890455689674
1.545519313427594
1.220299974157603
0.946637471350094
6.12406002153039
5.1562094915729855
4.2968356884985965
3.546856851648227
2.901357050367229
2.351561043573386
1.9958802471785269
1.5878104902543955
1.2454916721612561
0.9582807278949415
6.438496688902667
5.404470591142345
4.4894450292047035
3.6936063408286515
3.0102850980561024
2.430089032116078
2.055672958824638
1.6271884145310638
1.2685716849848243
0.9685939588054214
6.742006020986386
5.643355000302185
4.674114348412754
3.833580822716241
3.113805572925927
2.5043892664024643
2.111873647060747
1.663905889996142
1.289846474242985
0.977806239740935