# datat/BKevo/MVe_BKevo/mve53.dat
# N(r,Y=0), r, *FL(x,Q^2)
# 1e-05 < r < 100.0
# 1 < Q^2 < 50, n=15, log grid
# 1e-5 < x < 1e-2, n=10, log grid
###
1.1354327864907342e-10
1.5489108806638546e-10
2.1218673328108382e-10
2.902342585260566e-10
3.9588384151354626e-10
5.415661513567633e-10
7.406956053488967e-10
1.010175781123792e-09
1.3799136021798072e-09
1.8870353211657725e-09
2.5731015904304147e-09
3.5096255099869323e-09
4.7985316568234005e-09
6.5416010324262205e-09
8.908669377776955e-09
1.2177456768268265e-08
1.6596151837696464e-08
2.256500338750638e-08
3.0835360487618266e-08
4.200957928052512e-08
5.7077197574798036e-08
7.789368758083286e-08
1.0607683875984804e-07
1.4405704525148626e-07
1.9625735332199467e-07
2.6713536743561605e-07
3.625879607365796e-07
4.930888514873697e-07
6.70787571911712e-07
9.099203052386215e-07
1.2351119018861029e-06
1.679151671869005e-06
2.2762324282367307e-06
3.0838145438470418e-06
4.189608053893625e-06
5.675332007734699e-06
7.674038311209167e-06
1.0418560757139912e-05
1.410338481656698e-05
1.90413322075716e-05
2.5825867503708487e-05
3.493971472771308e-05
4.7148062276695096e-05
6.384625470561493e-05
8.635233601773896e-05
0.00011650405132725754
0.00015758639726501942
0.0002131891282630305
0.0002877531745480492
0.00038905226389987854
0.0005268916455586424
0.0007121137964972386
0.0009632622638375303
0.0013072980600547803
0.0017710032430258997
0.002398938730354413
0.003265712882731078
0.004437983679562257
0.006022974486358634
0.00822717736582043
0.011215818133559062
0.015261571225458237
0.020874208824028708
0.028504403545362707
0.03881180750515149
0.05297237808925133
0.07213657951384794
0.09772411107510662
0.13204896399789626
0.17739786325445717
0.2358202732056298
0.3098087430047927
0.4004467597957778
0.5063225916389036
0.6228117457093244
0.738327881555515
0.8426665532827446
0.923813080685323
0.9697205840460248
0.9916352006635226
0.9988704869856607
0.9998861578101548
0.9999943683921412
0.9999999482745447
0.9999999999554074
0.9999999999999641
1.0
1.0
1.0
1.0
1.0
1.0
1.0
1.0
1.0
1.0
1.0
1.0
1.0
1.0
###
1e-05
1.1768119524349992e-05
1.3848863713938717e-05
1.6297508346206434e-05
1.917910261672489e-05
2.2570197196339216e-05
2.656087782946684e-05
3.1257158496882356e-05
3.678379771828634e-05
4.328761281083062e-05
5.0941380148163754e-05
5.994842503189409e-05
7.054802310718646e-05
8.302175681319735e-05
9.770099572992247e-05
0.00011497569953977356
0.00013530477745798074
0.00015922827933410923
0.0001873817422860383
0.00022051307399030456
0.00025950242113997375
0.0003053855508833416
0.00035938136638046257
0.0004229242874389499
0.0004977023564332109
0.0005857020818056661
0.0006892612104349695
0.0008111308307896872
0.0009545484566618337
0.0011233240329780276
0.0013219411484660286
0.0015556761439304723
0.0018307382802953678
0.002154434690031882
0.0025353644939701114
0.0029836472402833374
0.003511191734215131
0.004132012400115334
0.004862601580065354
0.005722367659350214
0.006734150657750821
0.007924828983539169
0.0093260334688322
0.010974987654930556
0.01291549665014884
0.01519911082952933
0.01788649529057435
0.0210490414451202
0.02477076355991709
0.029150530628251757
0.034304692863149154
0.040370172585965536
0.047508101621027934
0.05590810182512223
0.06579332246575675
0.0774263682681127
0.09111627561154886
0.10722672220103231
0.1261856883066021
0.14849682622544635
0.1747528400007683
0.20565123083486514
0.24201282647943834
0.2848035868435799
0.3351602650938841
0.3944206059437656
0.46415888336127725
0.5462277217684337
0.642807311728432
0.7564633275546291
0.8902150854450375
1.0476157527896641
1.232846739442066
1.4508287784959402
1.7073526474706886
2.009233002565046
2.364489412645407
2.782559402207126
3.274549162877725
3.8535285937105273
4.534878508128582
5.3366992312063015
6.280291441834247
7.390722033525775
8.697490026177835
10.235310218990248
12.045035402587812
14.174741629268048
16.68100537200059
19.630406500402685
23.10129700083158
27.1858824273294
31.992671377973846
37.64935806792464
44.30621457583877
52.14008287999685
61.35907273413163
72.20809018385457
84.97534359086438
100.0
###
0.2836175318313442
0.265310670505647
0.24704636810490027
0.22933264937553108
0.21257052981774627
0.19709703862064168
0.18647551725169415
0.17373587267384621
0.1627057344893724
0.15340343942315138
1.0308349182742131
0.9214197358239388
0.8175328706620045
0.7211879523010597
0.633368423919339
0.5546643325434042
0.5016155633228878
0.4385634222912085
0.3837264144215126
0.3363378282760203
1.5889311881165937
1.3912240646126381
1.2077543357195835
1.0409486749563102
0.8917462578748079
0.7603116886088359
0.672767459101961
0.5697040316365023
0.48088432002102754
0.40450968072655
2.0578930233647017
1.7775210321327037
1.521194978356277
1.291353333243985
1.0884045633247732
0.9115573901685186
0.7949960968813123
0.658822265060793
0.5424073064652613
0.44287792139953674
2.4707713857797007
2.1126813526452843
1.7889331544429719
1.5016346332298784
1.2504805632733031
1.0334944463024238
0.891492330522779
0.7268038507976882
0.5870188889604256
0.4682861972061404
2.8438409779897627
2.412204510699962
2.0254371607818533
1.6850398427668043
1.3898004573733003
1.1366502409966746
0.9719119934213027
0.7819584653430578
0.6218587338072932
0.48672831538953987
3.18669750214522
2.6850411440603668
2.2389137004451674
1.8489077126985929
1.51288972806787
1.2265182203148033
1.0412089023881688
0.8286678978410591
0.6503801045302916
0.5008751886839294
3.5054385850232386
2.9369037837010423
2.4344471086731323
1.9977815539432429
1.6236901829137191
1.306591459047049
1.1023301135667039
0.8691121945928733
0.6744985730005435
0.5121626461163031
3.8044354023671834
3.1717055219562598
2.6154640543577465
2.134706359867295
1.7248071087075718
1.3790596508332083
1.1571612744448525
0.9048902835479101
0.6953599982291615
0.5214481687858308
4.0868285395856665
3.3922072784782187
2.7846196939284353
2.26184782458091
1.81806346710622
1.4453306206090784
1.2070119041225151
0.937015805643013
0.7137529997818584
0.5292738343664828
4.354952746704537
3.6006628506785843
2.9437014478316677
2.380830500262843
1.904785396592213
1.5065160488812754
1.2527579707389538
0.9662015716425681
0.7301769253704775
0.5359780177138156
4.610759646020462
3.7986630119129203
3.094135787054458
2.4927675956164452
1.9859799725014256
1.5634744199343709
1.2951013481309177
0.9929679065164799
0.7448665617042081
0.5418323580073362
4.85568307145206
3.987512909998607
3.2370457229699845
2.5986525350389598
2.0624162632090037
1.6168104742117266
1.3345612580482054
1.0177075282142045
0.7585748168839616
0.5470083248922604
5.090954989068223
4.16826823105162
3.3735232440613685
2.6992403573797548
2.1347120703493068
1.6670157888036927
1.3715440973902928
1.0407230455592236
0.7710385503193167
0.5516036780841329
5.317515583929271
4.341873016872506
3.5039565301884448
2.795144909698005
2.203410124888516
1.714446873488817
1.4063734371762207
1.062253280741075
0.7825710978151488
0.5557475043485917