# datat/BKevo/GBW_BKevo/gbw20.dat
# N(r,Y=0), r, *FL(x,Q^2)
# 1e-05 < r < 100.0
# 1 < Q^2 < 50, n=15, log grid
# 1e-5 < x < 1e-2, n=10, log grid
###
8.012720800322377e-08
9.7383571797892e-08
1.1842587334080005e-07
1.4399049057441517e-07
1.7501015509406678e-07
2.1279983274525127e-07
2.587520466678577e-07
3.1451197075859077e-07
3.8237711629283065e-07
4.649753343550494e-07
5.652068920111927e-07
6.870817011574912e-07
8.355493929070952e-07
1.0157200057984545e-06
1.2345841278186873e-06
1.5014482552994316e-06
1.825310646049944e-06
2.218343200261358e-06
2.698016214968226e-06
3.280165043443397e-06
3.98649246292413e-06
4.848133380011237e-06
5.8945491076830105e-06
7.164227781341958e-06
8.711645252107533e-06
1.0592567382378393e-05
1.2874894460873611e-05
1.5653847269635945e-05
1.9034752607049335e-05
2.3137335974332135e-05
2.8127861975088444e-05
3.420486733580745e-05
4.157933971497998e-05
5.054126199535143e-05
6.146417458985698e-05
7.471966723569706e-05
9.081287431233055e-05
0.00011044537490734657
0.00013427117354981839
0.00016317806651056
0.0001984543150006633
0.00024127733398364678
0.0002932338859217489
0.00035657779016466136
0.0004335386870239168
0.0005269147338807824
0.0006406437315327426
0.0007789362411435756
0.0009467215823710162
0.001150868201140857
0.0013993037550605227
0.0017006992354510631
0.0020670081139458406
0.0025131027408549023
0.0030542022441245827
0.003711044840721116
0.004511393806401888
0.005481866979319997
0.006658278451932247
0.008092066506788986
0.009829511225475221
0.011933770028753704
0.014493737962851767
0.017594288730781466
0.021344120084229933
0.025892867369991576
0.031393978729883455
0.03802986340061814
0.046044623521678346
0.055703735475767895
0.06730064807212421
0.08121140800824274
0.09785654326357386
0.11767148624008208
0.14117467857458604
0.16890844706754168
0.20141951847590664
0.2392661272988018
0.2827612515135591
0.33235396463706823
0.38823636517176335
0.44946915081386357
0.5158417730017385
0.5863270360544782
0.6575544233288124
0.7278265831966061
0.7949203934849793
0.8539073235548355
0.902868804904356
0.9415467180332959
0.9683275444536042
0.9845447517591284
0.9937377409684924
0.997970248604877
0.9994124560697502
0.9998779844877292
0.9999856746503337
0.9999982545237762
0.9999998744539075
0.9999999981691059
###
1e-05
1.1768119524349992e-05
1.3848863713938717e-05
1.6297508346206434e-05
1.917910261672489e-05
2.2570197196339216e-05
2.656087782946684e-05
3.1257158496882356e-05
3.678379771828634e-05
4.328761281083062e-05
5.0941380148163754e-05
5.994842503189409e-05
7.054802310718646e-05
8.302175681319735e-05
9.770099572992247e-05
0.00011497569953977356
0.00013530477745798074
0.00015922827933410923
0.0001873817422860383
0.00022051307399030456
0.00025950242113997375
0.0003053855508833416
0.00035938136638046257
0.0004229242874389499
0.0004977023564332109
0.0005857020818056661
0.0006892612104349695
0.0008111308307896872
0.0009545484566618337
0.0011233240329780276
0.0013219411484660286
0.0015556761439304723
0.0018307382802953678
0.002154434690031882
0.0025353644939701114
0.0029836472402833374
0.003511191734215131
0.004132012400115334
0.004862601580065354
0.005722367659350214
0.006734150657750821
0.007924828983539169
0.0093260334688322
0.010974987654930556
0.01291549665014884
0.01519911082952933
0.01788649529057435
0.0210490414451202
0.02477076355991709
0.029150530628251757
0.034304692863149154
0.040370172585965536
0.047508101621027934
0.05590810182512223
0.06579332246575675
0.0774263682681127
0.09111627561154886
0.10722672220103231
0.1261856883066021
0.14849682622544635
0.1747528400007683
0.20565123083486514
0.24201282647943834
0.2848035868435799
0.3351602650938841
0.3944206059437656
0.46415888336127725
0.5462277217684337
0.642807311728432
0.7564633275546291
0.8902150854450375
1.0476157527896641
1.232846739442066
1.4508287784959402
1.7073526474706886
2.009233002565046
2.364489412645407
2.782559402207126
3.274549162877725
3.8535285937105273
4.534878508128582
5.3366992312063015
6.280291441834247
7.390722033525775
8.697490026177835
10.235310218990248
12.045035402587812
14.174741629268048
16.68100537200059
19.630406500402685
23.10129700083158
27.1858824273294
31.992671377973846
37.64935806792464
44.30621457583877
52.14008287999685
61.35907273413163
72.20809018385457
84.97534359086438
100.0
###
0.24158537835297322
0.21189962966130346
0.1823567655748362
0.15409851503803976
0.12798808555238717
0.10460969485143203
0.08904916061247298
0.07097183720777807
0.05581983389962468
0.04333145854955206
0.8548728147810224
0.7136292674983103
0.5840607740703346
0.4693643807243826
0.3707969224434353
0.2882344505427479
0.23623615210109902
0.17887916591645442
0.133435915148915
0.09795301291989442
1.3151695906787733
1.076577337997524
0.8643417972197739
0.6816124354383513
0.5286246530208746
0.40352891350036313
0.32630461571006275
0.24264007353076714
0.17769992704530807
0.12798507946909413
1.706175420268559
1.3797130193609857
1.094658324119105
0.853372995749813
0.6544695426762049
0.4941667631855519
0.39637810538232887
0.29159265354594344
0.2112457771781114
0.1504613580249546
2.053986712782086
1.6464352366371848
1.2952218788831165
1.00150526617422
0.7620048050671785
0.5709455169101079
0.4553655474227256
0.3324809647155765
0.2390485704118763
0.16896323330951368
2.3712129582676726
1.887734741477351
1.4753286651707591
1.1336235037996854
0.857282836290641
0.6385483036143387
0.5070754980315476
0.368120536418121
0.2631635112034147
0.18493933936970813
2.665175885210806
2.1099711107130794
1.6402442668226191
1.253933482713651
0.9436041158872361
0.699508820636057
0.5535484675310244
0.4000279003967984
0.2846613100734513
0.19913107001824054
2.940554306933993
2.3171610991998617
1.7932432965736458
1.3650710368713428
1.0230193977400137
0.7553791514007892
0.5960264478872355
0.4290734517614305
0.3041827341174084
0.2119871121890572
3.200724667205448
2.5120957703907707
1.9366203244847222
1.4688157647493287
1.0968989009700638
0.8071998050035114
0.6353313626355263
0.45588626807146787
0.32216558857417243
0.22379796449242478
3.447995914248649
2.696668020340118
2.071934959626621
1.5664104117151225
1.1662135034341943
0.855674463973229
0.6720426527583692
0.4808696875080298
0.3388690033475485
0.23476410198024406
3.684276908754737
2.8724141307918907
2.200412109523533
1.6588412251863092
1.2316821872884762
0.9013561904616665
0.7065769637898143
0.5043262243146451
0.35453360080199525
0.2450268165757183
3.9110086518856475
3.0405381234273867
2.3229813936764048
1.7468296990007497
1.2938503997922897
0.9446474891054517
0.7392569668903558
0.5264844888004685
0.36930727000069913
0.2546949864703475
4.129028353568406
3.201944267040357
2.440377774179815
1.830903450346424
1.3531501244499249
0.9858650716740764
0.7703320645131138
0.547532671469339
0.3833136059136001
0.2638522386260553
4.339614076877722
3.357382722641416
2.553194684453808
1.9115220244983708
1.409922932748419
1.0252624304493796
0.8000011012721294
0.5675905087589229
0.39665378555815456
0.2725645651796888
4.54337032411957
3.5074720584958965
2.661946589691684
1.989097702139317
1.4644507768618156
1.0630457986229196
0.8284254170451215
0.5867826579165545
0.4094046044867598
0.2808882069975928