# datat/BKevo/MVe_BKevo/mve19.dat
# N(r,Y=0), r, *FL(x,Q^2)
# 1e-05 < r < 100.0
# 1 < Q^2 < 50, n=15, log grid
# 1e-5 < x < 1e-2, n=10, log grid
###
4.866110480816039e-11
6.6381380276835e-11
9.093635150789509e-11
1.2438478837683178e-10
1.6966241660811745e-10
2.3209641117762094e-10
3.174353676611094e-10
4.329234637500064e-10
5.913767297096628e-10
8.087052455756048e-10
1.1027185827551767e-09
1.504061437672907e-09
2.0564089476995355e-09
2.8033733480078437e-09
3.817725661183941e-09
5.2184574132027515e-09
7.11190013416604e-09
9.66952614176866e-09
1.321319705580635e-08
1.8000917049124834e-08
2.445650602713494e-08
3.337454947395398e-08
4.544770512475972e-08
6.171642399869145e-08
8.407376168669959e-08
1.1442692737699971e-07
1.552982808163164e-07
2.1116619442371025e-07
2.872227280652313e-07
3.895484630166305e-07
5.28654868051995e-07
7.185255823915896e-07
9.73727624770644e-07
1.3187180085986575e-06
1.7907700630412882e-06
2.4245416725832336e-06
3.2763856344051162e-06
4.444647409496731e-06
6.011166959006208e-06
8.107331780378667e-06
1.0981238571080214e-05
1.4833390306543223e-05
1.998060790295429e-05
2.6996337125954774e-05
3.6417062398784836e-05
4.898603747857667e-05
6.601747423510155e-05
8.892772872021058e-05
0.00011944953591761445
0.00016057245125638048
0.000215996970453943
0.00028974706652944745
0.0003885899613999527
0.0005221358376840726
0.0006997352137029064
0.0009366949953819572
0.0012579732015771657
0.0016854420895582884
0.0022538666459215417
0.0030284808330496376
0.004061035455603651
0.005436315395522108
0.007310472420695458
0.009822999988491277
0.013179070481281705
0.017747737772186203
0.023906988578257675
0.032144682387373655
0.04330878055336081
0.05837180876883562
0.07840986913419515
0.10517413451455414
0.1407866814778367
0.18706061040986127
0.24649679682205947
0.3214889000080331
0.41234417745147384
0.5180945524085461
0.6322526126087795
0.746813529998016
0.8505789933453305
0.9249297420273334
0.9709212994321357
0.9928316626526377
0.9987763274710687
0.9998728240220028
0.9999956899614028
0.9999999755348477
0.9999999998793622
0.9999999999999114
1.0
1.0
1.0
1.0
1.0
1.0
1.0
1.0
1.0
1.0
###
1e-05
1.1768119524349992e-05
1.3848863713938717e-05
1.6297508346206434e-05
1.917910261672489e-05
2.2570197196339216e-05
2.656087782946684e-05
3.1257158496882356e-05
3.678379771828634e-05
4.328761281083062e-05
5.0941380148163754e-05
5.994842503189409e-05
7.054802310718646e-05
8.302175681319735e-05
9.770099572992247e-05
0.00011497569953977356
0.00013530477745798074
0.00015922827933410923
0.0001873817422860383
0.00022051307399030456
0.00025950242113997375
0.0003053855508833416
0.00035938136638046257
0.0004229242874389499
0.0004977023564332109
0.0005857020818056661
0.0006892612104349695
0.0008111308307896872
0.0009545484566618337
0.0011233240329780276
0.0013219411484660286
0.0015556761439304723
0.0018307382802953678
0.002154434690031882
0.0025353644939701114
0.0029836472402833374
0.003511191734215131
0.004132012400115334
0.004862601580065354
0.005722367659350214
0.006734150657750821
0.007924828983539169
0.0093260334688322
0.010974987654930556
0.01291549665014884
0.01519911082952933
0.01788649529057435
0.0210490414451202
0.02477076355991709
0.029150530628251757
0.034304692863149154
0.040370172585965536
0.047508101621027934
0.05590810182512223
0.06579332246575675
0.0774263682681127
0.09111627561154886
0.10722672220103231
0.1261856883066021
0.14849682622544635
0.1747528400007683
0.20565123083486514
0.24201282647943834
0.2848035868435799
0.3351602650938841
0.3944206059437656
0.46415888336127725
0.5462277217684337
0.642807311728432
0.7564633275546291
0.8902150854450375
1.0476157527896641
1.232846739442066
1.4508287784959402
1.7073526474706886
2.009233002565046
2.364489412645407
2.782559402207126
3.274549162877725
3.8535285937105273
4.534878508128582
5.3366992312063015
6.280291441834247
7.390722033525775
8.697490026177835
10.235310218990248
12.045035402587812
14.174741629268048
16.68100537200059
19.630406500402685
23.10129700083158
27.1858824273294
31.992671377973846
37.64935806792464
44.30621457583877
52.14008287999685
61.35907273413163
72.20809018385457
84.97534359086438
100.0
###
0.2235315253651385
0.20093947845576568
0.1792643626887934
0.15895709824714166
0.14031261960724775
0.12348364721453924
0.11208807787613802
0.09852029114953578
0.08664516235581614
0.07639171158617712
0.7295700852003659
0.6224170733116577
0.5255442253395428
0.4396526210223291
0.3646171716486503
0.29989839231228343
0.2576276304503673
0.20872140263360253
0.1673202332649196
0.13230559794208674
1.0785033745026218
0.9005228440797984
0.7435156841690768
0.6074395669744903
0.4911894180135843
0.3929635091242304
0.32991961634024275
0.2582288370768984
0.19870837185533408
0.1493574336891484
1.3614619748699246
1.121439935173401
0.9129524293578412
0.7348897457683985
0.5848652075894082
0.459857461477872
0.38053940723580015
0.2914121226131095
0.218436854021011
0.15882035259863622
1.6050491890674892
1.3090806017248895
1.054862365759552
0.840054739982281
0.6609221609124953
0.5131636669299031
0.42023901022062365
0.3167345978525308
0.23290847045305782
0.16522765704210368
1.821633085812926
1.4742936761875998
1.1785354179597092
0.9307279547101109
0.7257271329191908
0.5579593069862225
0.45320537455238635
0.3373766747638268
0.24438695202262764
0.17003154146972121
2.0181977524215435
1.6230349128649697
1.2889904941502253
1.0110277903469471
0.7825846964946981
0.5968677070404742
0.4815906391669533
0.35489303695352986
0.2539292807982628
0.1738597526784004
2.19912115111946
1.759106978376511
1.3893700571749419
1.083484113461792
0.8335043591946261
0.6314253726827027
0.5066314241353322
0.3701630418254714
0.2621158034081768
0.1770390536140612
2.3674447183429512
1.885005929543283
1.4817298948865743
1.1497641652765302
0.8797922792837214
0.6626190183228398
0.5290927183487331
0.38373644354243486
0.26929773053695805
0.17975790403769365
2.525294083004194
2.002520953403763
1.5675266756809227
1.2110146742713672
0.9223446741314157
0.6911235298376972
0.5495140597241978
0.39597880619346004
0.27570659605231007
0.18213418513069254
2.6742708155084975
2.1130415015269204
1.6478756761579418
1.2680979800540413
0.9618101776735148
0.7174224736634908
0.5682726447840156
0.40714671882525416
0.28149984779471504
0.18424554002596905
2.8156076923196514
2.2174607496151015
1.7235062044954312
1.3216438888396471
0.9986754055320533
0.7418804369415947
0.5856470761931641
0.4174292484395814
0.28679143925631845
0.1861119571688093
2.9504382029796345
2.3166286463556784
1.7950913935357238
1.3721446065130485
1.0333152823698497
0.7647573332170937
0.6018492230579674
0.4269664290707681
0.29166573174681476
0.18787696514512797
3.0791303123329437
2.411182365405636
1.8631371815006377
1.4200030426410115
1.0660256153408985
0.7862841263838565
0.6170443843045875
0.4358680956002293
0.2961875075163872
0.18946694860937657
3.2026767998069405
2.501641600215544
1.928054386603566
1.4655240809841659
1.0970442632133557
0.8066489913202622
0.6313641035169079
0.4442206155937195
0.3004072810585993
0.19093367019470336