# datat/BKevo/MVe_BKevo/mve18.dat
# N(r,Y=0), r, *FL(x,Q^2)
# 1e-05 < r < 100.0
# 1 < Q^2 < 50, n=15, log grid
# 1e-5 < x < 1e-2, n=10, log grid
###
4.866106155853258e-11
6.638127608505139e-11
9.093624048559262e-11
1.243846151136137e-10
1.6966209612452587e-10
2.320958117726246e-10
3.174344770195313e-10
4.329219082226541e-10
5.913743403446153e-10
8.087011970157164e-10
1.1027120440532572e-09
1.5040507451940995e-09
2.056391476803512e-09
2.803344950861757e-09
3.81767963570982e-09
5.218381867888194e-09
7.111777303836769e-09
9.66932780340596e-09
1.3212870583884074e-08
1.8000385138082324e-08
2.4455646529998458e-08
3.3373137440299635e-08
4.5445401493017214e-08
6.171269811323514e-08
8.40676581403119e-08
1.1441695585592736e-07
1.552821338524065e-07
2.1113982467885614e-07
2.871795858346041e-07
3.8947852292385624e-07
5.285410153504423e-07
7.1833905270335e-07
9.734249003001874e-07
1.318226888274741e-06
1.7899643680411242e-06
2.423232774587322e-06
3.274269873284893e-06
4.4411723174441555e-06
6.005516798351589e-06
8.098221992845175e-06
1.0966282860359553e-05
1.480906113558196e-05
1.994137489310134e-05
2.6932190918689965e-05
3.6312712535263106e-05
4.881783256063283e-05
6.574379932877729e-05
8.848290357702265e-05
0.0001187334740893824
0.0001594144140943557
0.0002141188163604845
0.00028673216112691584
0.00038375151315531874
0.0005143214690932338
0.0006872533685827087
0.0009168617838724819
0.0012261670250378258
0.0016350419205809928
0.002174803381576836
0.002903057282959104
0.0038646248101686562
0.005132266922010318
0.006836890850050895
0.00909335826179667
0.012068849850065068
0.016057730936817043
0.021357853265581872
0.028351115217938573
0.03769231090986899
0.05013127309401977
0.06650415774037659
0.08817436935689044
0.11683388298574034
0.15401652005692265
0.20194995315734415
0.2631784563155321
0.338883657261889
0.4298943470622719
0.5340488211464433
0.6465646636615651
0.7594852284959469
0.8554836764659203
0.9282566417700732
0.9738801969364665
0.9928297909892138
0.9986880676208374
0.9998961306494263
0.9999970579688428
0.9999999426945939
0.9999999997550719
0.999999999999997
1.0
1.0
1.0
1.0
1.0
1.0
1.0
1.0
1.0
###
1e-05
1.1768119524349992e-05
1.3848863713938717e-05
1.6297508346206434e-05
1.917910261672489e-05
2.2570197196339216e-05
2.656087782946684e-05
3.1257158496882356e-05
3.678379771828634e-05
4.328761281083062e-05
5.0941380148163754e-05
5.994842503189409e-05
7.054802310718646e-05
8.302175681319735e-05
9.770099572992247e-05
0.00011497569953977356
0.00013530477745798074
0.00015922827933410923
0.0001873817422860383
0.00022051307399030456
0.00025950242113997375
0.0003053855508833416
0.00035938136638046257
0.0004229242874389499
0.0004977023564332109
0.0005857020818056661
0.0006892612104349695
0.0008111308307896872
0.0009545484566618337
0.0011233240329780276
0.0013219411484660286
0.0015556761439304723
0.0018307382802953678
0.002154434690031882
0.0025353644939701114
0.0029836472402833374
0.003511191734215131
0.004132012400115334
0.004862601580065354
0.005722367659350214
0.006734150657750821
0.007924828983539169
0.0093260334688322
0.010974987654930556
0.01291549665014884
0.01519911082952933
0.01788649529057435
0.0210490414451202
0.02477076355991709
0.029150530628251757
0.034304692863149154
0.040370172585965536
0.047508101621027934
0.05590810182512223
0.06579332246575675
0.0774263682681127
0.09111627561154886
0.10722672220103231
0.1261856883066021
0.14849682622544635
0.1747528400007683
0.20565123083486514
0.24201282647943834
0.2848035868435799
0.3351602650938841
0.3944206059437656
0.46415888336127725
0.5462277217684337
0.642807311728432
0.7564633275546291
0.8902150854450375
1.0476157527896641
1.232846739442066
1.4508287784959402
1.7073526474706886
2.009233002565046
2.364489412645407
2.782559402207126
3.274549162877725
3.8535285937105273
4.534878508128582
5.3366992312063015
6.280291441834247
7.390722033525775
8.697490026177835
10.235310218990248
12.045035402587812
14.174741629268048
16.68100537200059
19.630406500402685
23.10129700083158
27.1858824273294
31.992671377973846
37.64935806792464
44.30621457583877
52.14008287999685
61.35907273413163
72.20809018385457
84.97534359086438
100.0
###
0.21446713798143105
0.19121167135480677
0.1689910168694968
0.14829282125148366
0.1293454290945635
0.11231555036045664
0.10081779030082125
0.0871498705612221
0.07522038989885034
0.06490904573267094
0.6917090851660284
0.585252445146497
0.4896770418612958
0.40552409601942196
0.3325681185873556
0.27014696211249123
0.22965126832212765
0.1831591466110101
0.14416420734185725
0.11154903700033703
1.0185385818091484
0.8437386293963464
0.6906027515983144
0.5589931600065314
0.44735650708325114
0.35385063428594077
0.2943120624036987
0.22718607332253518
0.17205953180986625
0.1269133490656841
1.2829140101518863
1.0486933167114874
0.8467375053175559
0.6755519171864217
0.5324856292421151
0.41430653426759195
0.33994591442058536
0.2571086198008185
0.19006189359386444
0.13600015553458386
1.5101775523597114
1.2226101560778981
0.9774303909244247
0.7718178193460181
0.6017240828152874
0.46264698566453816
0.37590719592505467
0.2801575917243037
0.20350452073686964
0.14243483424084147
1.712057980239954
1.3756414511851254
1.0913110766183107
0.8548317869911249
0.6607985242768032
0.5033767666794583
0.4058964646062604
0.2990735088846208
0.2143032879418577
0.14742216985698423
1.895151975869432
1.5133962617972363
1.1930405240103725
0.9284010463315706
0.7126853392407002
0.5388268136396582
0.4318031360366539
0.315207953428419
0.223367494728547
0.1514999860631269
2.063588830806484
1.6393648785803316
1.2854816449883641
0.9948174645397537
0.7592061150304574
0.5703661794635361
0.45469952065287556
0.32933151559162566
0.23120324986869004
0.1549547677916427
2.220229810661878
1.755892123844416
1.3705455917455045
1.0555875338384568
0.8015276562574833
0.5988757878553511
0.47528655418806476
0.3419272659013522
0.23811935188100802
0.15795622760697509
2.367073781570778
1.864686885665926
1.4495696853026543
1.1117782947846502
0.8404613381764882
0.6249593353908354
0.49403616993350247
0.35331932998299437
0.24432099970897625
0.16059194703456275
2.5056245834021986
1.9669011056049872
1.5235404185182257
1.164158238505501
0.8765937576436241
0.64906225758147
0.5112847326309323
0.3637368751985612
0.24995007755330237
0.16299915558329364
2.6371555185354922
2.06351024752906
1.5932063558992013
1.2133071581854376
0.9103648210707769
0.6714706529841362
0.5272812759441995
0.3733470027722933
0.2551095497384595
0.16516587615005987
2.7623663709391755
2.155254969787913
1.6591512788784788
1.2596745648298897
0.9421136777764193
0.6924683044716223
0.5422155704750775
0.3822766512836605
0.25987471449854405
0.1671517513716223
2.882090024665688
2.2427256188330125
1.721840747556647
1.3036252072457828
0.9721080851874111
0.7122535394834814
0.556235961403763
0.3906242333805648
0.26430996855390815
0.16898596513806013
2.996802759246862
2.3264044264091166
1.7816526252603124
1.3454402871066764
1.0005634712442688
0.7309520429003404
0.5694607021832073
0.39846764334869855
0.26845395178312753
0.17069085917772778