# datat/BKevo/MVe_BKevo/mve38.dat
# N(r,Y=0), r, *FL(x,Q^2)
# 1e-05 < r < 100.0
# 1 < Q^2 < 50, n=15, log grid
# 1e-5 < x < 1e-2, n=10, log grid
###
8.110297178296707e-11
1.1063748702127252e-10
1.5156369103732335e-10
2.0731301477953563e-10
2.8277880561815107e-10
3.868405829737104e-10
5.290807038598296e-10
7.215742839694593e-10
9.856853314547903e-10
1.3479361319737197e-09
1.8380168875786294e-09
2.5070170483244975e-09
3.427754983150779e-09
4.672949663592323e-09
6.363947008348988e-09
8.69918831436194e-09
1.185602859381272e-08
1.6120499269576747e-08
2.202960007583603e-08
3.001391384599796e-08
4.078084550544589e-08
5.565709657420583e-08
7.57997338740678e-08
1.0294728265807222e-07
1.4026465108758643e-07
1.9094286528464638e-07
2.592046788043166e-07
3.5255404296205914e-07
4.797017353554354e-07
6.508614586639135e-07
8.837137986859178e-07
1.2018289214298881e-06
1.6298177567562036e-06
2.209085707546315e-06
3.0029579447688215e-06
4.070575339311001e-06
5.508381208016075e-06
7.4856827521670445e-06
1.0144493164270212e-05
1.3713702446631853e-05
1.862973195604216e-05
2.5249860076459144e-05
3.414214448556472e-05
4.634978867813644e-05
6.286632847026743e-05
8.508412067220004e-05
0.00011551342825337083
0.00015692356758972061
0.0002127639316765091
0.00028912638911468113
0.0003937701137496679
0.0005353357847397074
0.0007287146805719123
0.0009957532712874997
0.0013582684905120994
0.0018527637451799983
0.0025408426365856568
0.003477691512877203
0.004752426602324285
0.006537939096208695
0.008972745363321284
0.012286330143226224
0.016910696894145382
0.023229299885495082
0.03180625944354052
0.043656930960818616
0.059786849638356176
0.08145294059096445
0.11074838619391263
0.14982682988411783
0.2007368838625766
0.2662272422664356
0.34821587426238737
0.44652087829102194
0.5586746331151572
0.6761180117217317
0.7892921298215625
0.885404996613896
0.9478462110718754
0.9826077879698427
0.9967449390997445
0.9995418542180736
0.9999660397197683
0.9999994329745305
0.9999999982403509
0.9999999999960627
0.9999999999999991
1.0
1.0
1.0
1.0
1.0
1.0
1.0
1.0
1.0
1.0
1.0
1.0
1.0
###
1e-05
1.1768119524349992e-05
1.3848863713938717e-05
1.6297508346206434e-05
1.917910261672489e-05
2.2570197196339216e-05
2.656087782946684e-05
3.1257158496882356e-05
3.678379771828634e-05
4.328761281083062e-05
5.0941380148163754e-05
5.994842503189409e-05
7.054802310718646e-05
8.302175681319735e-05
9.770099572992247e-05
0.00011497569953977356
0.00013530477745798074
0.00015922827933410923
0.0001873817422860383
0.00022051307399030456
0.00025950242113997375
0.0003053855508833416
0.00035938136638046257
0.0004229242874389499
0.0004977023564332109
0.0005857020818056661
0.0006892612104349695
0.0008111308307896872
0.0009545484566618337
0.0011233240329780276
0.0013219411484660286
0.0015556761439304723
0.0018307382802953678
0.002154434690031882
0.0025353644939701114
0.0029836472402833374
0.003511191734215131
0.004132012400115334
0.004862601580065354
0.005722367659350214
0.006734150657750821
0.007924828983539169
0.0093260334688322
0.010974987654930556
0.01291549665014884
0.01519911082952933
0.01788649529057435
0.0210490414451202
0.02477076355991709
0.029150530628251757
0.034304692863149154
0.040370172585965536
0.047508101621027934
0.05590810182512223
0.06579332246575675
0.0774263682681127
0.09111627561154886
0.10722672220103231
0.1261856883066021
0.14849682622544635
0.1747528400007683
0.20565123083486514
0.24201282647943834
0.2848035868435799
0.3351602650938841
0.3944206059437656
0.46415888336127725
0.5462277217684337
0.642807311728432
0.7564633275546291
0.8902150854450375
1.0476157527896641
1.232846739442066
1.4508287784959402
1.7073526474706886
2.009233002565046
2.364489412645407
2.782559402207126
3.274549162877725
3.8535285937105273
4.534878508128582
5.3366992312063015
6.280291441834247
7.390722033525775
8.697490026177835
10.235310218990248
12.045035402587812
14.174741629268048
16.68100537200059
19.630406500402685
23.10129700083158
27.1858824273294
31.992671377973846
37.64935806792464
44.30621457583877
52.14008287999685
61.35907273413163
72.20809018385457
84.97534359086438
100.0
###
0.2739498257059525
0.25493883281622226
0.2361177650410215
0.21796806615488967
0.2008992659015048
0.18519832156672494
0.17445336691805843
0.16158089958754396
0.15040914552108894
0.14094210017767372
0.9761837569228233
0.8667491397135305
0.7637912767811955
0.6689314537139373
0.583103088123063
0.5066094216095696
0.4552554372835886
0.39439472815288573
0.3415507422726916
0.29591795320778946
1.4922018016230714
1.2973256306987984
1.1181184592672109
0.9564604769967449
0.812969944818419
0.6872072816912113
0.6038784941074683
0.506177751564056
0.42226347485918064
0.35022870093038144
1.9223750191498736
1.648527266445267
1.4004298951117153
1.179730821092854
0.9862906506927266
0.8187989297224775
0.7089517544311629
0.5812268722572355
0.47245506850226043
0.37991139894891524
2.299146936101784
1.9516497713211052
1.6403165224248237
1.3662420116785907
1.1283965872142985
0.9243025274610481
0.7914359216614862
0.638090018257385
0.5085635224508371
0.39913537111144465
2.638295609067898
2.2215499166248422
1.8514221170641028
1.5283069951576658
1.250132773512771
1.013212749998296
0.8598898436228768
0.6840927402609482
0.5365732929669674
0.4127724458950949
2.949050059893312
2.466621630381521
2.0413799800118824
1.6727038424658909
1.3573553473369226
1.0904856934071807
0.9187035348202253
0.7226755881021835
0.559364601537536
0.4231526007607804
3.237254614912554
2.692319510636182
2.2149580046199304
1.80356915234466
1.4536494196061225
1.1591353295418878
0.970449222844708
0.7562280090348192
0.5785620567909243
0.43129405236015195
3.5070205404207577
2.9023162184535027
2.375419357914337
1.923693841049245
1.5413636097882535
1.2210976119000831
1.0167776940304618
0.785766564196478
0.5951148018648692
0.4379144074598468
3.761291765093769
3.0991612273053786
2.525051837507399
2.0350304492587177
1.6221135576370957
1.2777117705723473
1.0588073316573594
0.8122391926170061
0.6096617339729737
0.443429953927017
4.002429093799657
3.284975440366935
2.665563157298971
2.1390531025444965
1.6971021667646247
1.329924598529501
1.0973355744594344
0.8362500685152837
0.6226280660285152
0.4481157333115912
4.232122586212084
3.4612300343963813
2.7983730275304524
2.2368304245108064
1.7672245728547278
1.3784702171692518
1.1329516851945172
0.858238668038931
0.6343216631703548
0.4521536036970979
4.4517643623857355
3.629134455575977
2.9242994949917698
2.3292034854369623
1.8331683193822033
1.4238658534325561
1.166104598539712
0.878536184191395
0.6449692642460766
0.45569019961483653
4.662594359605544
3.7899224612261233
3.044263405116764
2.416802692591823
1.8954823460770942
1.4665246666050724
1.1971245083960806
0.8973972278033915
0.6547471587934957
0.4588268721173775
4.865336611397181
3.9437104903627676
3.1589367193610256
2.5003640159415976
1.954608668601664
1.5068437966835517
1.2263803054974296
0.9150223457715421
0.6637797979748017
0.4616057288785675