# datat/BKevo/GBW_BKevo/gbw28.dat
# N(r,Y=0), r, *FL(x,Q^2)
# 1e-05 < r < 100.0
# 1 < Q^2 < 50, n=15, log grid
# 1e-5 < x < 1e-2, n=10, log grid
###
1.3128802117966354e-05
1.4958418723997456e-05
1.703637362562799e-05
1.9405074559159666e-05
2.210850915691701e-05
2.518176852489696e-05
2.8681868212847284e-05
3.267645880140349e-05
3.722177534319429e-05
4.239368421886713e-05
4.829608441759536e-05
5.501857400638597e-05
6.266081476265104e-05
7.138217083719148e-05
8.132468316842226e-05
9.261714624134915e-05
0.00010550370363082876
0.00012020855106718688
0.00013689457441379136
0.00015593537353599432
0.0001776675153550203
0.00020233875891733955
0.00023047237720730715
0.0002625813019915992
0.0002990664840102577
0.00034063393802789035
0.00038807281831403784
0.0004420271942781469
0.0005034403832464958
0.0005735246572496581
0.0006533080777416745
0.0007440357705903473
0.0008475672546696197
0.0009655344875067577
0.0010995554382759302
0.0012524783613682925
0.0014268812414720829
0.0016248229754053695
0.001850660057459125
0.0021083683690441453
0.002400727851783893
0.0027341560174042557
0.0031145861733470038
0.0035465142242684235
0.0040385959529182685
0.004599936599250798
0.005237739495606506
0.0059635389243275294
0.006791268718021109
0.007732371297844529
0.008801960221037687
0.010021290591640896
0.011408389550514994
0.012982572901107197
0.014776141518189347
0.016817263529955537
0.019129655967479967
0.021762179600542636
0.024758471911937245
0.028145631743935133
0.03199714450124682
0.03637567676931508
0.041320664212103064
0.046928886042371595
0.053292103293250195
0.06046848430977959
0.06857739866948716
0.07775158300338067
0.0880732480382588
0.09967645371915433
0.11274844372476045
0.12739889734332596
0.14374833989667696
0.16205233114957465
0.18244567618607313
0.20496376356662163
0.2299414078843708
0.2575251587671738
0.2875114779184035
0.32032065003853016
0.35604294670532316
0.3940740839352847
0.4348075993965293
0.4781605930243422
0.5230831666746941
0.5696114313143407
0.6174940690537016
0.6652052521541287
0.7121963985556605
0.758212117836147
0.8015483323791438
0.841119209251754
0.8771341685625845
0.9084092553541264
0.9338928691635358
0.9547245151008181
0.9708208233941356
0.9818717778221051
0.9895957314662291
0.9946368176762188
###
1e-05
1.1768119524349992e-05
1.3848863713938717e-05
1.6297508346206434e-05
1.917910261672489e-05
2.2570197196339216e-05
2.656087782946684e-05
3.1257158496882356e-05
3.678379771828634e-05
4.328761281083062e-05
5.0941380148163754e-05
5.994842503189409e-05
7.054802310718646e-05
8.302175681319735e-05
9.770099572992247e-05
0.00011497569953977356
0.00013530477745798074
0.00015922827933410923
0.0001873817422860383
0.00022051307399030456
0.00025950242113997375
0.0003053855508833416
0.00035938136638046257
0.0004229242874389499
0.0004977023564332109
0.0005857020818056661
0.0006892612104349695
0.0008111308307896872
0.0009545484566618337
0.0011233240329780276
0.0013219411484660286
0.0015556761439304723
0.0018307382802953678
0.002154434690031882
0.0025353644939701114
0.0029836472402833374
0.003511191734215131
0.004132012400115334
0.004862601580065354
0.005722367659350214
0.006734150657750821
0.007924828983539169
0.0093260334688322
0.010974987654930556
0.01291549665014884
0.01519911082952933
0.01788649529057435
0.0210490414451202
0.02477076355991709
0.029150530628251757
0.034304692863149154
0.040370172585965536
0.047508101621027934
0.05590810182512223
0.06579332246575675
0.0774263682681127
0.09111627561154886
0.10722672220103231
0.1261856883066021
0.14849682622544635
0.1747528400007683
0.20565123083486514
0.24201282647943834
0.2848035868435799
0.3351602650938841
0.3944206059437656
0.46415888336127725
0.5462277217684337
0.642807311728432
0.7564633275546291
0.8902150854450375
1.0476157527896641
1.232846739442066
1.4508287784959402
1.7073526474706886
2.009233002565046
2.364489412645407
2.782559402207126
3.274549162877725
3.8535285937105273
4.534878508128582
5.3366992312063015
6.280291441834247
7.390722033525775
8.697490026177835
10.235310218990248
12.045035402587812
14.174741629268048
16.68100537200059
19.630406500402685
23.10129700083158
27.1858824273294
31.992671377973846
37.64935806792464
44.30621457583877
52.14008287999685
61.35907273413163
72.20809018385457
84.97534359086438
100.0
###
0.35083206422892693
0.325286204837168
0.2922092768191592
0.25321261545894086
0.2111186682838191
0.1693956109214535
0.14028987946646912
0.10599693465560768
0.07780317024561859
0.0557160957691892
1.5388681284726033
1.3675205766524754
1.1701161247608236
0.9624333753129515
0.760987282061268
0.5800014984615207
0.4629222396099537
0.3343569747047477
0.23558619747274878
0.1625774500379664
2.611831403007468
2.277162303063371
1.908802865811486
1.5374444985379276
1.1912643153764144
0.8908703453353775
0.7019806135737813
0.49914249211315537
0.34700267177322197
0.2366383586794382
3.617977216457828
3.1149254605819667
2.5767641202849907
2.0480386977963128
1.5675235683972133
1.1589903915586992
0.906237323842098
0.6385234491076814
0.440424183452026
0.2983191397671651
4.576575080414863
3.9033323154464106
3.197773486843057
2.517941879902372
1.909826479213356
1.4007846268704862
1.0895412118305021
0.7627270277780314
0.5232633962198696
0.35280546752158254
5.498273726699723
4.654356233917649
3.783979436600837
2.957484072912611
2.2278436354383873
1.6240350820178286
1.2579976210873038
0.8764533253232718
0.5988492685348102
0.40238319394971406
6.389763425500951
5.3753521976585
4.342741264212233
3.3736838952055783
2.527262233661054
1.8331925878567474
1.415214579107485
0.9823324167365005
0.6690367095163587
0.448322943743143
7.256352519184666
6.071470431466267
4.878919920553722
3.7709471342783547
2.811726841254438
2.03116181199031
1.563767312859981
1.0820178247918917
0.7349981233629914
0.49143063699387596
8.100692702494463
6.746386123879366
5.396129380643953
4.152375946791379
3.0838363179131085
2.2198747618120382
1.7051022760039238
1.1766587839269964
0.7975057858296495
0.5322336446115723
8.925639582841322
7.402717140282535
5.89694112097388
4.52026375086496
3.3453686754361556
2.400783598632856
1.840372709848597
1.2670653180301785
0.8571314334063502
0.5711144188822416
9.733562522207832
8.042693754896579
6.383383749218479
4.876364701157339
3.5977884461248917
2.574977331324867
1.9704177329673689
1.353848569051768
0.9142979065017608
0.6083579973511668
10.52588605486084
8.66803686171936
6.8570712047427795
5.222073293170512
3.8422317488538664
2.743296298304623
2.095988087408343
1.4374394517462241
0.9693310051242309
0.6441834206433822
11.303891103501549
9.280170498084665
7.319312087218861
5.558499661188161
4.079625374260741
2.9065602402565727
2.2174819120746214
1.5182964945380255
1.0224863500741068
0.6787641800821468
12.06914926928616
9.880277649514689
7.7711942129592115
5.886574898243184
4.310604731647005
3.0648990105891865
2.335382659570621
1.5966855522628145
1.0739772595677433
0.7122401677156249
12.822479617010888
10.469358870205683
8.213622026362803
6.207064750064881
4.535792315788663
3.219185733788483
2.4500257396361094
1.672856953437626
1.123972816430937
0.7447261699471225