# datat/BKevo/MVg_BKevo/mvg11.dat
# N(r,Y=0), r, *FL(x,Q^2)
# 1e-05 < r < 100.0
# 1 < Q^2 < 50, n=15, log grid
# 1e-5 < x < 1e-2, n=10, log grid
###
8.125274271787179e-07
9.75230315506346e-07
1.170696367197174e-06
1.4049767575478706e-06
1.6855284713228683e-06
2.0221824808048184e-06
2.425652102782931e-06
2.908538144095556e-06
3.4873004381343735e-06
4.180810477673649e-06
5.010316223565204e-06
6.003314993682391e-06
7.192868578604038e-06
8.614725898631849e-06
1.0314718443076686e-05
1.2350426721391728e-05
1.4781853800373827e-05
1.7685211957273216e-05
2.11601297608516e-05
2.5307064542817105e-05
3.0254067069353206e-05
3.616740493985976e-05
4.3219662984619665e-05
5.1624440475156775e-05
6.165530377335537e-05
7.36093978475306e-05
8.784071414326694e-05
0.00010479754809162511
0.00012498669811101255
0.00014899238084777037
0.00017754603976408723
0.00021150262393744736
0.0002518218648274534
0.0002996916516499429
0.0003565355733058412
0.0004239221887817289
0.0005037711256319954
0.0005984154594164132
0.0007104042781066194
0.0008428289768597394
0.000999421441464868
0.0011843146904054142
0.0014024530021418161
0.0016596586205172958
0.0019625811455254534
0.002319020125625228
0.0027379499284248842
0.0032297890988770834
0.003806702745977558
0.004482344014281649
0.00527248352833375
0.006195870205355173
0.007273005474618815
0.00852669468008858
0.009985513802336676
0.011679918848034059
0.013640925107235045
0.015911764684955622
0.018537491868285676
0.02155697705780776
0.025035680695225476
0.02903803326047966
0.03361624217110991
0.038862506525351906
0.04487171535116358
0.05171986323605125
0.0595336431525143
0.06845922277558207
0.07861823491566626
0.09018650785466144
0.10339693045973437
0.11845405948128024
0.13560291149016887
0.15520768652470399
0.17759311749978957
0.20306377113984947
0.232131702582257
0.26522102017431803
0.3025144528485326
0.3445742216742983
0.3916967870757589
0.44336144482003453
0.49977214637016987
0.5604985460148272
0.6234036455679685
0.6874848393016726
0.7511904462573534
0.8105593150274303
0.8634864622217874
0.9089015866784131
0.9440238635243313
0.9684731868859305
0.9846091456156426
0.9936488044676511
0.9976510004094897
0.9993300728408547
0.9998722057440061
0.9999765509040466
0.9999972095705768
0.9999998889070573
###
1e-05
1.1768119524349992e-05
1.3848863713938717e-05
1.6297508346206434e-05
1.917910261672489e-05
2.2570197196339216e-05
2.656087782946684e-05
3.1257158496882356e-05
3.678379771828634e-05
4.328761281083062e-05
5.0941380148163754e-05
5.994842503189409e-05
7.054802310718646e-05
8.302175681319735e-05
9.770099572992247e-05
0.00011497569953977356
0.00013530477745798074
0.00015922827933410923
0.0001873817422860383
0.00022051307399030456
0.00025950242113997375
0.0003053855508833416
0.00035938136638046257
0.0004229242874389499
0.0004977023564332109
0.0005857020818056661
0.0006892612104349695
0.0008111308307896872
0.0009545484566618337
0.0011233240329780276
0.0013219411484660286
0.0015556761439304723
0.0018307382802953678
0.002154434690031882
0.0025353644939701114
0.0029836472402833374
0.003511191734215131
0.004132012400115334
0.004862601580065354
0.005722367659350214
0.006734150657750821
0.007924828983539169
0.0093260334688322
0.010974987654930556
0.01291549665014884
0.01519911082952933
0.01788649529057435
0.0210490414451202
0.02477076355991709
0.029150530628251757
0.034304692863149154
0.040370172585965536
0.047508101621027934
0.05590810182512223
0.06579332246575675
0.0774263682681127
0.09111627561154886
0.10722672220103231
0.1261856883066021
0.14849682622544635
0.1747528400007683
0.20565123083486514
0.24201282647943834
0.2848035868435799
0.3351602650938841
0.3944206059437656
0.46415888336127725
0.5462277217684337
0.642807311728432
0.7564633275546291
0.8902150854450375
1.0476157527896641
1.232846739442066
1.4508287784959402
1.7073526474706886
2.009233002565046
2.364489412645407
2.782559402207126
3.274549162877725
3.8535285937105273
4.534878508128582
5.3366992312063015
6.280291441834247
7.390722033525775
8.697490026177835
10.235310218990248
12.045035402587812
14.174741629268048
16.68100537200059
19.630406500402685
23.10129700083158
27.1858824273294
31.992671377973846
37.64935806792464
44.30621457583877
52.14008287999685
61.35907273413163
72.20809018385457
84.97534359086438
100.0
###
0.31248709775123723
0.28384221801132264
0.25124581528685924
0.21636757076039448
0.1811205653080789
0.14746689694210113
0.12417647550501114
0.09659693406781972
0.07338931263536141
0.05454812760298448
1.2663893303964011
1.0992290352908372
0.9272724121235504
0.7602706037971222
0.6061448298132938
0.47071477528272143
0.38306360989422605
0.28528534534769
0.20793142381273072
0.14851061207945584
2.0682446793233624
1.7611590216487187
1.4572211830927644
1.1723433693821264
0.9179906772574397
0.7010826450775303
0.5639536443923181
0.41410458034842174
0.29802252158805026
0.21050111570426294
2.790264183352885
2.34695252607888
1.9183893567252877
1.5255313160555137
1.1816232079672584
0.8934891087630581
0.7138660911553832
0.5199479998934723
0.3715700158782111
0.26089955725924663
3.4585497903224103
2.882941873917183
2.335859239034654
1.8420996044759403
1.4158571375886515
1.0631733669887877
0.8454546581295878
0.6123889245968134
0.43556590878582696
0.30466268348975334
4.08671107965402
3.382326209911324
2.721850557916152
2.1326669818518824
1.6295436057950838
1.2171860379169175
0.9644700955095934
0.6957032371790572
0.4931004815145914
0.3439515249926581
4.683087765102176
3.8533157077718863
3.083510446641012
2.4033562584238037
1.827700904783712
1.3593994085972838
1.074126842286391
0.7722633676095464
0.5458730123172695
0.37994819038549693
5.2532976755974685
4.301119010827465
3.4256356394542715
2.6583147857412786
2.013470746650115
1.4923515387814006
1.1764946468276127
0.8435511111649048
0.594940618541877
0.4133934630033381
5.801370796083592
4.729493095021993
3.7515086956234245
2.900240191524783
2.189258382598204
1.6177864373159496
1.2728581492213809
0.910567984026014
0.6409939701556806
0.4447772163461185
6.330336434360327
5.141232530294024
4.063562908204428
3.1311527330720494
2.3565787211298987
1.7369069102957104
1.3641845630027203
0.9740298064006352
0.6845846836576008
0.47444916477471455
6.842530880713739
5.538473083156629
4.363657262705731
3.3525836031598826
2.516658473461643
1.8506402614766075
1.4513242166534004
1.0344696795610253
0.7260542353467232
0.5026717090076929
7.339835358450891
5.922920623966951
4.653246580806974
3.565728593586674
2.670413951380301
1.959692414873852
1.5347915351665387
1.0922998022507562
0.7657026418036628
0.529642997781143
7.823775618279345
6.295949267588395
4.933507059027386
3.7715439465630194
2.818600057581013
2.064630511537028
1.615036270885622
1.1478412269509393
0.8037608981635468
0.5555202695977901
8.295616942806243
6.65869136851665
5.205400250031779
3.970809676889195
2.9618264973950144
2.165918160612215
1.6924217663207333
1.2013563192549477
0.8404095489456774
0.5804298038511987
8.756423974195279
7.012094469864556
5.4697268296727035
4.164172546042673
3.100594727586018
2.2639290100868394
1.7672472112546045
1.2530589154603662
0.8758122485909493
0.6044752283470005