# datat/BKevo/MVe_BKevo/mve68.dat
# N(r,Y=0), r, *FL(x,Q^2)
# 1e-05 < r < 100.0
# 1 < Q^2 < 50, n=15, log grid
# 1e-5 < x < 1e-2, n=10, log grid
###
1.4598362876480755e-10
1.9914468911149837e-10
2.728099139808188e-10
3.731557243171825e-10
5.089892963315197e-10
6.962925190426755e-10
9.523117354727666e-10
1.2987793889169897e-09
1.7741451069935881e-09
2.426139985274701e-09
3.3081950195462165e-09
4.512248035471305e-09
6.16933142710037e-09
8.41028990893154e-09
1.1453452359240436e-08
1.5655824815234657e-08
2.133643690513707e-08
2.9009768340505993e-08
3.964154920404677e-08
5.4005940708344744e-08
7.337467018032968e-08
1.0013211213613152e-07
1.3635692078808447e-07
1.8517159755355353e-07
2.5225784888023133e-07
3.433405021280023e-07
4.659915198365764e-07
6.336564133157924e-07
8.619262972667898e-07
1.1690636429038244e-06
1.5866450999639705e-06
2.1566909151434237e-06
2.922989814651968e-06
3.9590830819801415e-06
5.377110490966984e-06
7.281414685786459e-06
9.841732621683625e-06
1.3354564331728833e-05
1.8066971325603696e-05
2.4375855072058016e-05
3.30319151646549e-05
4.464325086950649e-05
6.0171848236343595e-05
8.136364774361219e-05
0.00010985797561450635
0.0001479315463898379
0.00019962692200776184
0.00026932506525015836
0.0003624102689251035
0.00048822819846445776
0.0006584416160847771
0.0008858297079128466
0.0011920485847775177
0.0016081964713860327
0.0021648519813996965
0.0029124768732546828
0.00393446450016461
0.005304685265343247
0.007141251697129323
0.009668717313596217
0.013065844125464946
0.01762611558318281
0.023892282256649966
0.03234232785056569
0.04367233068331376
0.05911063081238117
0.079850767128101
0.10735462578785049
0.143970167135467
0.19197045575879038
0.25333406537611153
0.3303278825544725
0.42358340685656837
0.5311830081194875
0.6477080568490773
0.7607136397671864
0.8602479036348326
0.9351382247364441
0.9754219189568337
0.9936380052621138
0.9992336025881801
0.9999311137283929
0.9999970238143727
0.9999999774178399
0.9999999999875011
0.9999999999999929
1.0
1.0
1.0
1.0
1.0
1.0
1.0
1.0
1.0
1.0
1.0
1.0
1.0
1.0
###
1e-05
1.1768119524349992e-05
1.3848863713938717e-05
1.6297508346206434e-05
1.917910261672489e-05
2.2570197196339216e-05
2.656087782946684e-05
3.1257158496882356e-05
3.678379771828634e-05
4.328761281083062e-05
5.0941380148163754e-05
5.994842503189409e-05
7.054802310718646e-05
8.302175681319735e-05
9.770099572992247e-05
0.00011497569953977356
0.00013530477745798074
0.00015922827933410923
0.0001873817422860383
0.00022051307399030456
0.00025950242113997375
0.0003053855508833416
0.00035938136638046257
0.0004229242874389499
0.0004977023564332109
0.0005857020818056661
0.0006892612104349695
0.0008111308307896872
0.0009545484566618337
0.0011233240329780276
0.0013219411484660286
0.0015556761439304723
0.0018307382802953678
0.002154434690031882
0.0025353644939701114
0.0029836472402833374
0.003511191734215131
0.004132012400115334
0.004862601580065354
0.005722367659350214
0.006734150657750821
0.007924828983539169
0.0093260334688322
0.010974987654930556
0.01291549665014884
0.01519911082952933
0.01788649529057435
0.0210490414451202
0.02477076355991709
0.029150530628251757
0.034304692863149154
0.040370172585965536
0.047508101621027934
0.05590810182512223
0.06579332246575675
0.0774263682681127
0.09111627561154886
0.10722672220103231
0.1261856883066021
0.14849682622544635
0.1747528400007683
0.20565123083486514
0.24201282647943834
0.2848035868435799
0.3351602650938841
0.3944206059437656
0.46415888336127725
0.5462277217684337
0.642807311728432
0.7564633275546291
0.8902150854450375
1.0476157527896641
1.232846739442066
1.4508287784959402
1.7073526474706886
2.009233002565046
2.364489412645407
2.782559402207126
3.274549162877725
3.8535285937105273
4.534878508128582
5.3366992312063015
6.280291441834247
7.390722033525775
8.697490026177835
10.235310218990248
12.045035402587812
14.174741629268048
16.68100537200059
19.630406500402685
23.10129700083158
27.1858824273294
31.992671377973846
37.64935806792464
44.30621457583877
52.14008287999685
61.35907273413163
72.20809018385457
84.97534359086438
100.0
###
0.2890303678340037
0.271012338938536
0.25291285294579186
0.23525055834373085
0.21846694343439838
0.2029116428844034
0.19218724075972599
0.17933891848531822
0.16816758595581194
0.15874827798770674
1.0632586596419622
0.9534484937107625
0.8485600059723027
0.7506641899884208
0.661108006763976
0.5805276558076573
0.5260848179498958
0.4612520214453125
0.40479701034839416
0.35598510711007564
1.6477394293881182
1.4476896722260348
1.2609206677047193
1.0902165884680506
0.9368873597857187
0.8013280401488699
0.7108080258886417
0.6040844274074751
0.5118720257307844
0.4325306296716116
2.141526178735659
1.8563785451168648
1.5941592369279636
1.3578200922649593
1.1482472603379856
0.9650879654036347
0.8439102141734639
0.7021474063004342
0.5807345367488967
0.4768338759053387
2.5778444491625994
2.2122869169766517
1.8799152153332737
1.58348341712498
1.3232532346654646
1.0976425029074928
0.9495693953757639
0.7776051510059114
0.6312495698485336
0.5068740556788823
2.9731698042468886
2.531263057133504
2.1331103927619393
1.780918218816457
1.4741984958732564
1.2102887041367332
1.0380825772872515
0.8391068731123801
0.6710698884618809
0.5290214325279193
3.337225581927528
2.822468294083136
2.362123403295321
1.9577367942560169
1.607898873958148
1.308757951891624
1.114579734452715
0.8914465366729687
0.7038810611453225
0.5463253497065463
3.67633871306528
3.0917731164754656
2.572308305821389
2.1187027899145265
1.7285131560063032
1.3966476057889567
1.1822589439106526
0.9369262894738419
0.7317861953359561
0.5603518460051898
3.994923657973283
3.3432152514405744
2.7672949638185904
2.2669984111884345
1.8387912727049098
1.4763120086844927
1.2431046059695139
0.9773098722812533
0.7560624149981995
0.5720565995512862
4.296141098153811
3.579737180078559
2.949568073060303
2.404885886736788
1.940653466485254
1.549342910558883
1.2985110023556923
1.013657909853994
0.7774058925638782
0.582038882054715
4.582576229847851
3.803455453657675
3.1212884965993903
2.5340372503163904
2.0355111472110723
1.6169022902901136
1.3494674897830583
1.0467591007868875
0.7968253131689356
0.5907262135428332
4.856084033628681
4.016250653925133
3.2838501243880316
2.6558224882892616
2.1244178609726725
1.6798404865197136
1.396708976317261
1.0771809768539746
0.8143116668165017
0.5983829071204622
5.118197287138972
4.219404219856593
3.4384310526327004
2.771062536677314
2.2082390857935295
1.7388460779769073
1.440796548259441
1.1053531422875196
0.8303227398538711
0.6052190170773368
5.370003743159257
4.414017551939631
3.586204984309062
2.8806388730468555
2.2875960720686983
1.7944874559005155
1.4821702285124125
1.1316074687874897
0.8450840992942512
0.6113621052191607
5.612910799680892
4.601085352408158
3.7275282257720286
2.9852019981361955
2.3630332692386586
1.8471631834075937
1.5211809367908746
1.1562064096977227
0.8587855716004446
0.6169499277058701