# datat/BKevo/MVe_BKevo/mve58.dat
# N(r,Y=0), r, *FL(x,Q^2)
# 1e-05 < r < 100.0
# 1 < Q^2 < 50, n=15, log grid
# 1e-5 < x < 1e-2, n=10, log grid
###
1.2976280629970672e-10
1.7701679885747393e-10
2.4249668830531453e-10
3.316922419277874e-10
4.5243212508008676e-10
6.189221424840595e-10
8.464918811549668e-10
1.1544584593395508e-09
1.5769981154117705e-09
2.156536610838436e-09
2.9405654907826463e-09
4.0108020241917e-09
5.483710580688444e-09
7.475586587387531e-09
1.0180479030718753e-08
1.3915684950629972e-08
1.8964739455159713e-08
2.5784873771023594e-08
3.5234321064233654e-08
4.8001026236004074e-08
6.521505609543463e-08
8.899503061388166e-08
1.211877326906226e-07
1.6456718643968997e-07
2.2418040572454756e-07
3.0511185281645575e-07
4.140856363494807e-07
5.630394323604644e-07
7.65812043118078e-07
1.0386090550346915e-06
1.409442082486783e-06
1.9155696451150383e-06
2.595797609943783e-06
3.515267822235366e-06
4.773231101000974e-06
6.4619408861469265e-06
8.731362456217231e-06
1.1843081797452136e-05
1.601463043454322e-05
2.15951128145904e-05
2.9243150593491688e-05
3.949033662202611e-05
5.3176113644568874e-05
7.181754697733186e-05
9.683093399585911e-05
0.0001301755669239966
0.00017530710660660173
0.00023593679451120036
0.00031659107786930087
0.000425048222826242
0.0005708803647573418
0.0007644350321981705
0.0010230084325402642
0.0013709289974052179
0.0018316171049446476
0.002443091621476001
0.003266399693592483
0.004354116024121958
0.005788966513281471
0.007722566034247843
0.01027216160437011
0.013627480199988936
0.018126962047853752
0.024063569709422365
0.031859677217473806
0.042244646907555944
0.055933999446684854
0.07381915661258193
0.09735931283750104
0.12809837189409146
0.16760090895530097
0.21810449579277866
0.28170557597682505
0.35947520801448624
0.45179024274365237
0.5559239711774184
0.6669454862442875
0.7763008733570236
0.8674415124892704
0.9356208989383415
0.9774817993987107
0.9937781441025066
0.9989091985434637
0.9999261023596225
0.9999975664514984
0.9999999548175157
0.9999999998470155
0.9999999999999976
1.0
1.0
1.0
1.0
1.0
1.0
1.0
1.0
1.0
1.0
1.0
1.0
###
1e-05
1.1768119524349992e-05
1.3848863713938717e-05
1.6297508346206434e-05
1.917910261672489e-05
2.2570197196339216e-05
2.656087782946684e-05
3.1257158496882356e-05
3.678379771828634e-05
4.328761281083062e-05
5.0941380148163754e-05
5.994842503189409e-05
7.054802310718646e-05
8.302175681319735e-05
9.770099572992247e-05
0.00011497569953977356
0.00013530477745798074
0.00015922827933410923
0.0001873817422860383
0.00022051307399030456
0.00025950242113997375
0.0003053855508833416
0.00035938136638046257
0.0004229242874389499
0.0004977023564332109
0.0005857020818056661
0.0006892612104349695
0.0008111308307896872
0.0009545484566618337
0.0011233240329780276
0.0013219411484660286
0.0015556761439304723
0.0018307382802953678
0.002154434690031882
0.0025353644939701114
0.0029836472402833374
0.003511191734215131
0.004132012400115334
0.004862601580065354
0.005722367659350214
0.006734150657750821
0.007924828983539169
0.0093260334688322
0.010974987654930556
0.01291549665014884
0.01519911082952933
0.01788649529057435
0.0210490414451202
0.02477076355991709
0.029150530628251757
0.034304692863149154
0.040370172585965536
0.047508101621027934
0.05590810182512223
0.06579332246575675
0.0774263682681127
0.09111627561154886
0.10722672220103231
0.1261856883066021
0.14849682622544635
0.1747528400007683
0.20565123083486514
0.24201282647943834
0.2848035868435799
0.3351602650938841
0.3944206059437656
0.46415888336127725
0.5462277217684337
0.642807311728432
0.7564633275546291
0.8902150854450375
1.0476157527896641
1.232846739442066
1.4508287784959402
1.7073526474706886
2.009233002565046
2.364489412645407
2.782559402207126
3.274549162877725
3.8535285937105273
4.534878508128582
5.3366992312063015
6.280291441834247
7.390722033525775
8.697490026177835
10.235310218990248
12.045035402587812
14.174741629268048
16.68100537200059
19.630406500402685
23.10129700083158
27.1858824273294
31.992671377973846
37.64935806792464
44.30621457583877
52.14008287999685
61.35907273413163
72.20809018385457
84.97534359086438
100.0
###
0.27016600826515297
0.24963591390072942
0.22913050228050177
0.2091945446876276
0.1902936335895752
0.1727674636507296
0.16066722870220576
0.1460221523441025
0.13312212869977472
0.12194994232309042
0.9626046447093377
0.8481797279008281
0.7402817081344976
0.6408015551853903
0.5508322480030837
0.47076192554082685
0.41710743035369985
0.3536724656262017
0.29877636003221286
0.25146558736375013
1.473612775498018
1.2717981799715357
1.086146654661705
0.9189176589019409
0.7708987789649532
0.6416959360082487
0.5565749853373764
0.4573081657768839
0.3727335182296243
0.30080576731303893
1.9010379020930273
1.6188668287505474
1.3633809440324403
1.136679624137306
0.93877512153402
0.7684264582106871
0.657335745097876
0.5292265773751403
0.42127870286329006
0.3305073293386919
2.2764173087647865
1.9194787527929749
1.6000536063481388
1.3197394518445116
1.077652331942884
0.8712268157565424
0.7377683067036164
0.5851308691678712
0.4576713997049165
0.3515156260875946
2.615060081583594
2.187876868482202
1.8091117758482365
1.479611965275691
1.1974045766812706
0.9587222547913353
0.8054115308316928
0.6312274406397528
0.48691871544745957
0.3676819714845366
2.925883888191115
2.4322183826593076
1.9978195550360105
1.622634268150281
1.3035041151727211
1.0353764727208417
0.8641327431198171
0.6706700247611733
0.5114461609911064
0.3807969850555117
3.214643541626215
2.6576593866453435
2.170716703864992
1.752754637320163
1.3992505781957176
1.1039303713993192
0.9162659399764962
0.7052700862712828
0.5326156263897408
0.39181218868933004
3.4853450944435544
2.8678023622749143
2.33092658281356
1.8725274119319366
1.4868244981410499
1.1661793183066058
0.9632996160650498
0.7361881495070819
0.5512737723040995
0.40130305002119226
3.740874089184575
3.065183119467465
2.480635834305084
1.9838660355448452
1.5677525277305395
1.2233377235388643
1.0062705723157517
0.7641734417184856
0.5679742317420071
0.40964220188903583
3.9834210231072227
3.251719854065938
2.6214820354243953
2.088155664649122
1.6431483355148757
1.27629219204715
1.045880496580639
0.7897876009795842
0.5831135736395759
0.417077632464013
4.214711086761145
3.428894723600631
2.754824896212092
2.186370613058589
1.7138523366812475
1.3257071118495838
1.082688917561699
0.8134348335628906
0.5969689571494449
0.4237891939243439
4.436095543863815
3.597961448476058
2.88145932016062
2.279354097653894
1.7804847698903492
1.3720944080480377
1.11711323819226
0.8354215795636215
0.609753028779492
0.42989802393258536
4.648836760049366
3.75971671415246
3.0022694705115334
2.367755863967323
1.843673485753707
1.4158567223525735
1.1494809201518217
0.8559861877733517
0.6216283661965266
0.4355123010955326
4.85354230647135
3.9150112259859977
3.1179045479702627
2.452104402314342
1.9037281689962535
1.4573211803948911
1.180072214460037
0.8753178353265677
0.6327224473580049
0.44070867383006923