# datat/BKevo/MVe_BKevo/mve29.dat
# N(r,Y=0), r, *FL(x,Q^2)
# 1e-05 < r < 100.0
# 1 < Q^2 < 50, n=15, log grid
# 1e-5 < x < 1e-2, n=10, log grid
###
6.488185950058662e-11
8.850915950855704e-11
1.2124954974972728e-10
1.6584815974392442e-10
2.2621937839826132e-10
3.0946634364702717e-10
4.232546076615077e-10
5.772433380080127e-10
7.88522065627847e-10
1.078305938064583e-09
1.470343760378926e-09
2.0055002505080893e-09
2.7420181251221008e-09
3.738057738121126e-09
5.090668229882103e-09
6.958546708864394e-09
9.483515352441157e-09
1.2894287666240533e-08
1.762020609062238e-08
2.4005474160992357e-08
3.261554186535744e-08
4.45106793551649e-08
6.06153378662584e-08
8.231831410571221e-08
1.1214706386825517e-07
1.5264879028559798e-07
2.0719313667139774e-07
2.817650879987932e-07
3.833072397701789e-07
5.199545622729193e-07
7.057784178241207e-07
9.595155910031639e-07
1.300704884747161e-06
1.7621809093401855e-06
2.394063922806081e-06
3.2430508451190494e-06
4.385171975241829e-06
5.953476749589788e-06
8.059101663511924e-06
1.0880805688299003e-05
1.4757721211395258e-05
1.996570253677605e-05
2.6942022821085625e-05
3.648407863225551e-05
4.934511653979069e-05
6.657541344134251e-05
9.005243936483206e-05
0.00012182799686912713
0.0001644405905927336
0.00022233425941425812
0.0003011153916790157
0.0004069847823515948
0.0005505498967897449
0.0007472396514364133
0.001012389895061646
0.0013715299563452552
0.001867446915984306
0.002538433988813465
0.00344615632147385
0.004709672539342041
0.006424715163193363
0.008749684244187818
0.011982671766006708
0.016390445140161487
0.02236690643942339
0.03062640937306548
0.0418903825963562
0.05707734566684881
0.07775935417545822
0.10565123138078378
0.14252331203689583
0.19103607295996794
0.2538341451255612
0.332351461297179
0.4274584469806446
0.5366540476801753
0.6542749075361458
0.7706039192266018
0.8669228199957197
0.9376487609520731
0.9795724299920818
0.9947940425875262
0.9991850972968472
0.9999548835402293
0.9999989075021399
0.9999999851025656
0.9999999999664946
0.9999999999999998
1.0
1.0
1.0
1.0
1.0
1.0
1.0
1.0
1.0
1.0
1.0
1.0
###
1e-05
1.1768119524349992e-05
1.3848863713938717e-05
1.6297508346206434e-05
1.917910261672489e-05
2.2570197196339216e-05
2.656087782946684e-05
3.1257158496882356e-05
3.678379771828634e-05
4.328761281083062e-05
5.0941380148163754e-05
5.994842503189409e-05
7.054802310718646e-05
8.302175681319735e-05
9.770099572992247e-05
0.00011497569953977356
0.00013530477745798074
0.00015922827933410923
0.0001873817422860383
0.00022051307399030456
0.00025950242113997375
0.0003053855508833416
0.00035938136638046257
0.0004229242874389499
0.0004977023564332109
0.0005857020818056661
0.0006892612104349695
0.0008111308307896872
0.0009545484566618337
0.0011233240329780276
0.0013219411484660286
0.0015556761439304723
0.0018307382802953678
0.002154434690031882
0.0025353644939701114
0.0029836472402833374
0.003511191734215131
0.004132012400115334
0.004862601580065354
0.005722367659350214
0.006734150657750821
0.007924828983539169
0.0093260334688322
0.010974987654930556
0.01291549665014884
0.01519911082952933
0.01788649529057435
0.0210490414451202
0.02477076355991709
0.029150530628251757
0.034304692863149154
0.040370172585965536
0.047508101621027934
0.05590810182512223
0.06579332246575675
0.0774263682681127
0.09111627561154886
0.10722672220103231
0.1261856883066021
0.14849682622544635
0.1747528400007683
0.20565123083486514
0.24201282647943834
0.2848035868435799
0.3351602650938841
0.3944206059437656
0.46415888336127725
0.5462277217684337
0.642807311728432
0.7564633275546291
0.8902150854450375
1.0476157527896641
1.232846739442066
1.4508287784959402
1.7073526474706886
2.009233002565046
2.364489412645407
2.782559402207126
3.274549162877725
3.8535285937105273
4.534878508128582
5.3366992312063015
6.280291441834247
7.390722033525775
8.697490026177835
10.235310218990248
12.045035402587812
14.174741629268048
16.68100537200059
19.630406500402685
23.10129700083158
27.1858824273294
31.992671377973846
37.64935806792464
44.30621457583877
52.14008287999685
61.35907273413163
72.20809018385457
84.97534359086438
100.0
###
0.255713563650544
0.2351979194116314
0.2151143266811033
0.19594621618798788
0.1780641207344673
0.16172541334931062
0.15056965815386128
0.13720612840050297
0.12556471969497132
0.1155937903737146
0.8809572619597069
0.771119905029583
0.6692755116764257
0.5767248716309642
0.4940042040071586
0.42109006254846726
0.37252973830265046
0.31543636724904706
0.266185203178865
0.22380156013891567
1.3288023137452667
1.1384028316030643
0.9659862041167636
0.8126887310584073
0.6783988820860772
0.5622773487605848
0.48607858869710147
0.39764604185612124
0.32241395630474035
0.2584375060521805
1.6978744308404774
1.4346007275044812
1.199801534347904
0.9940073342124747
0.8161632920892009
0.6642656357179724
0.5656661426257061
0.452379416305499
0.3570641240313787
0.2768984364392179
2.018783229511163
1.6884776760796556
1.397171042279467
1.1445643419977354
0.9284955035089069
0.7455942786357034
0.6279501128159363
0.493765505247542
0.38193138755086886
0.28875815313032177
2.306141686530011
1.913382949050492
1.570072190398151
1.2748575062951668
1.0243197927017262
0.813985755348604
0.67952409698409
0.527223571801951
0.4012724548423638
0.2971908503634139
2.568340847180625
2.1168948842839486
1.7251235276823267
1.3905832357776744
1.108598760350918
0.8733330458428997
0.7238080958475746
0.5554034143914794
0.41707184770836914
0.30359122553195256
2.81072713664215
2.303686234021118
1.8664390926587848
1.4952412321569986
1.1841268912069391
0.9260062664213564
0.7627612307906484
0.5798113270343119
0.4303667680567121
0.3086653885540832
3.0370250581287275
2.4770684638235787
1.9968120001058776
1.59113143539724
1.2528148666759904
0.9735153955405702
0.7976455796319674
0.6013820934939222
0.4419190357204995
0.31282326427182794
3.249878591440996
2.6393172478795717
2.118123928515402
1.67987837476019
1.3159979371277304
1.0169121145017341
0.829284636426123
0.6207398594069337
0.4521067212806818
0.31631788526287563
3.4512878688454536
2.7921522516545862
2.231905004278137
1.7626670344021302
1.3746275086273603
1.0569076826949095
0.8582921003022513
0.6383235703198995
0.4612208227185055
0.31931595561601317
3.64280138213978
2.936942925466592
2.3391881453517844
1.8403945936201633
1.4293973138974334
1.0940694364130519
0.885112391850979
0.6544451398342243
0.4694688302135421
0.32192295754179256
3.8257405903023565
3.0747208351129607
2.440862208836222
1.9137864503194002
1.4808701576171535
1.12882038181842
0.9100832164852809
0.6693446311811734
0.47710792064450297
0.3242294931059741
4.000901196576626
3.2062169704957797
2.537617753628905
1.983359497969219
1.5294821749030476
1.1615062335168178
0.9334677388706119
0.6832056032963549
0.48405368066157506
0.3262954407186814
4.169224484650208
3.3321874435191563
2.630017234147908
2.0495817487828325
1.5755845001581612
1.1923688354291024
0.9554751881770694
0.6961724923408343
0.4904915373626635
0.32814540200843095