# datat/BKevo/MVe_BKevo/mve14.dat
# N(r,Y=0), r, *FL(x,Q^2)
# 1e-05 < r < 100.0
# 1 < Q^2 < 50, n=15, log grid
# 1e-5 < x < 1e-2, n=10, log grid
###
3.2441219567572885e-11
4.42550170129695e-11
6.062550959285867e-11
8.292521028428009e-11
1.1311155658952873e-10
1.5473620206860837e-10
2.1163229239984616e-10
2.886297321320047e-10
3.942741924385377e-10
5.391744544827823e-10
7.352067328269914e-10
1.0028068041267087e-09
1.371102010161472e-09
1.8691798432324685e-09
2.5455787798395945e-09
3.479675305604406e-09
4.742411474884516e-09
6.448199753030395e-09
8.811840127324045e-09
1.200556561905147e-08
1.6312338376364518e-08
2.2262838992497565e-08
3.031989422644933e-08
4.1178914351144536e-08
5.6105862823158055e-08
7.637715055337124e-08
1.036818796753158e-07
1.4102163225129754e-07
1.9188072211441736e-07
2.60344634668353e-07
3.534856138731897e-07
4.807317442335215e-07
6.519274242709994e-07
8.83634871357083e-07
1.2011842743794824e-06
1.6282321441342273e-06
2.20335613182249e-06
2.9942799108808304e-06
4.057809752711914e-06
5.48550356195042e-06
7.451934929475335e-06
1.0100021459291792e-05
1.3656998067308273e-05
1.8540176091979948e-05
2.5147011713946736e-05
3.4034521135672776e-05
4.6206988000341483e-05
6.277242162916985e-05
8.51110411919174e-05
0.00011566066862968645
0.00015752691129092768
0.00021416899958065998
0.00029155000096315513
0.00039842201331301405
0.0005435311466060016
0.0007415192705209018
0.00101712358711096
0.0013925472637530449
0.0019036889788172635
0.0026203924944763705
0.0035989297447624555
0.004932803597381772
0.0067993489993741964
0.009358194266343099
0.012846536196043559
0.017699658349860103
0.024364411032116874
0.03341924849958177
0.04588027074082735
0.06290799323561024
0.08577353176456252
0.11653908139630823
0.15764276617104012
0.21104823337114223
0.27932155410269516
0.364408955589812
0.4655691411617695
0.5799559429447074
0.697308201117635
0.8078654375280346
0.899607164628984
0.9565179405587914
0.9862643688096333
0.9975664068091478
0.9997231086148072
0.9999817897328045
0.9999996770956814
0.99999999957916
0.9999999999993533
0.9999999999999999
1.0
1.0
1.0
1.0
1.0
1.0
1.0
1.0
1.0
1.0
###
1e-05
1.1768119524349992e-05
1.3848863713938717e-05
1.6297508346206434e-05
1.917910261672489e-05
2.2570197196339216e-05
2.656087782946684e-05
3.1257158496882356e-05
3.678379771828634e-05
4.328761281083062e-05
5.0941380148163754e-05
5.994842503189409e-05
7.054802310718646e-05
8.302175681319735e-05
9.770099572992247e-05
0.00011497569953977356
0.00013530477745798074
0.00015922827933410923
0.0001873817422860383
0.00022051307399030456
0.00025950242113997375
0.0003053855508833416
0.00035938136638046257
0.0004229242874389499
0.0004977023564332109
0.0005857020818056661
0.0006892612104349695
0.0008111308307896872
0.0009545484566618337
0.0011233240329780276
0.0013219411484660286
0.0015556761439304723
0.0018307382802953678
0.002154434690031882
0.0025353644939701114
0.0029836472402833374
0.003511191734215131
0.004132012400115334
0.004862601580065354
0.005722367659350214
0.006734150657750821
0.007924828983539169
0.0093260334688322
0.010974987654930556
0.01291549665014884
0.01519911082952933
0.01788649529057435
0.0210490414451202
0.02477076355991709
0.029150530628251757
0.034304692863149154
0.040370172585965536
0.047508101621027934
0.05590810182512223
0.06579332246575675
0.0774263682681127
0.09111627561154886
0.10722672220103231
0.1261856883066021
0.14849682622544635
0.1747528400007683
0.20565123083486514
0.24201282647943834
0.2848035868435799
0.3351602650938841
0.3944206059437656
0.46415888336127725
0.5462277217684337
0.642807311728432
0.7564633275546291
0.8902150854450375
1.0476157527896641
1.232846739442066
1.4508287784959402
1.7073526474706886
2.009233002565046
2.364489412645407
2.782559402207126
3.274549162877725
3.8535285937105273
4.534878508128582
5.3366992312063015
6.280291441834247
7.390722033525775
8.697490026177835
10.235310218990248
12.045035402587812
14.174741629268048
16.68100537200059
19.630406500402685
23.10129700083158
27.1858824273294
31.992671377973846
37.64935806792464
44.30621457583877
52.14008287999685
61.35907273413163
72.20809018385457
84.97534359086438
100.0
###
0.2263467146723969
0.2044937299852707
0.18354232616581984
0.16390264088341341
0.14587996679058524
0.12960268758584217
0.11857533989589218
0.1054203065670584
0.09395443001179711
0.08405378728158945
0.7386583853587477
0.6332993839209692
0.5378873645756233
0.45303943643114797
0.3786995289874502
0.3143101201838735
0.27207421253622754
0.22298073031097077
0.1811584876290663
0.1455452815008887
1.0908105758990703
0.9150403882679161
0.7596273450551064
0.6244999908373307
0.5085622908551722
0.4101516381789626
0.34666341878245405
0.27405253969145643
0.2133063705833489
0.1624942439115409
1.3757078632248687
1.1381599937033962
0.9312887876112321
0.7539826773576556
0.6039333198309109
0.47828463850800296
0.39813080470583495
0.3075076690238236
0.2327008617814711
0.1710049520834231
1.6205305881288488
1.3272267793181993
1.0746248006934465
0.8603938376732889
0.6809378656729311
0.532142988976445
0.43806435293963725
0.33261432913197714
0.24649238908371857
0.17627358509918048
1.8379001649422884
1.4933720678333577
1.1992289560058682
0.9518212570965858
0.7462440116861522
0.577149459037974
0.47096708447110974
0.35281553910647045
0.25716316747164664
0.17991928463267887
2.0349056116105335
1.6427544904473228
1.3103132241612274
1.0325859310280294
0.803351458857946
0.6160338143754912
0.4991037602512956
0.3697837057931616
0.2658570171736789
0.18262504553667097
2.21608586630916
1.7792088862809932
1.4110754892628818
1.105302457574844
0.8543566254640848
0.6504258588398956
0.5237799236951235
0.38443883150836816
0.27318924335368056
0.1847338325246745
2.384470267385115
1.9053339630815127
1.5036471700618708
1.1716922699497216
0.9006044046109274
0.6813583619195618
0.5458169836614812
0.39737138096201713
0.27949156241272954
0.18643545459367256
2.5422440480942416
2.02292035279064
1.589468777916195
1.2329448519499344
0.9430003028636152
0.7095353589264473
0.5657697682548795
0.4089610629312393
0.28511661052026566
0.1878464568448941
2.691071696800533
2.1333520865892335
1.669816693750077
1.289935966083631
0.9822464973585989
0.7354596057791963
0.5840424280836121
0.4194731439755004
0.29011114614382083
0.18904171846670056
2.8322092782355552
2.237654174644301
1.7453419836473592
1.3433206009422394
1.0188393937398623
0.7595038066696458
0.600900900176777
0.4291018475407787
0.2946310029597051
0.19007126041366135
2.9665636051957516
2.3366189443926118
1.816756080541332
1.3936077529110351
1.0531658671013167
0.7819523329162936
0.6165754921891232
0.4379911106997099
0.298751779996441
0.19097278905444515
3.0949635534325584
2.4309095023879066
1.8845742559878735
1.4412001874375109
1.0855306057222303
0.8030344089744095
0.6312363778260923
0.4462552601973193
0.30254666407864506
0.19177039001652255
3.2180729091638627
2.5210552829071657
1.949223990936318
1.4864230126216007
1.1161782041455688
0.8229147229684687
0.6450185765490009
0.45397938335150784
0.30606447433058814
0.1924834123855248