# datat/BKevo/GBW_BKevo/gbw26.dat
# N(r,Y=0), r, *FL(x,Q^2)
# 1e-05 < r < 100.0
# 1 < Q^2 < 50, n=15, log grid
# 1e-5 < x < 1e-2, n=10, log grid
###
0.0
0.0
0.0
0.0
0.0
0.0
0.0
0.0
0.0
0.0
0.0
0.0
0.0
0.0
0.0
4.044758632591294e-17
1.110223024625157e-16
2.220446049250313e-16
2.9220794707552533e-16
5.844782363774424e-16
9.862649968182663e-16
1.822047142335576e-15
3.329289621726849e-15
5.9046268036557775e-15
1.072139055866725e-14
1.9312133076475965e-14
3.434314181205191e-14
6.199541425291949e-14
1.1219327280290959e-13
1.9998879215483255e-13
3.591127167507691e-13
6.509369839536312e-13
1.1628830783283128e-12
2.077519014529805e-12
3.776194079276212e-12
6.759816266793829e-12
1.2014231963986434e-11
2.18976069129593e-11
3.928267626906056e-11
6.959657693588958e-11
1.2693265948822295e-10
2.2821225693238753e-10
4.050329649484721e-10
7.354937602146085e-10
1.3253869494140833e-09
2.356592959116307e-09
4.259960530711594e-09
7.694966589761812e-09
1.3707774581394209e-08
2.466298038643189e-08
4.466074197207892e-08
7.971383753473289e-08
1.427219745431192e-07
2.5911630104184076e-07
4.6342651621311246e-07
8.255297597993648e-07
1.5028205142986855e-06
2.69341924705822e-06
4.772670575992485e-06
8.712760421138069e-06
1.5649360456443904e-05
2.77529482589834e-05
5.0492592966222175e-05
9.089552192221457e-05
0.00016148104447610433
0.000292468084652304
0.0005276776005051634
0.0009390331209832693
0.0016923328867491645
0.003058961826032707
0.005448687681101136
0.009754601724143998
0.017614094553161944
0.031255478905533596
0.05511115662191668
0.09775053654004706
0.1681271698995767
0.2793411872228926
0.4453732414997907
0.6500800084698005
0.8496758632542353
0.9613539760102502
0.9958179470123822
0.999938136811347
0.9999999849966471
0.9999999999995764
1.0
1.0
1.0
1.0
1.0
1.0
1.0
1.0
1.0
1.0
1.0
1.0
1.0
1.0
###
1e-05
1.1768119524349992e-05
1.3848863713938717e-05
1.6297508346206434e-05
1.917910261672489e-05
2.2570197196339216e-05
2.656087782946684e-05
3.1257158496882356e-05
3.678379771828634e-05
4.328761281083062e-05
5.0941380148163754e-05
5.994842503189409e-05
7.054802310718646e-05
8.302175681319735e-05
9.770099572992247e-05
0.00011497569953977356
0.00013530477745798074
0.00015922827933410923
0.0001873817422860383
0.00022051307399030456
0.00025950242113997375
0.0003053855508833416
0.00035938136638046257
0.0004229242874389499
0.0004977023564332109
0.0005857020818056661
0.0006892612104349695
0.0008111308307896872
0.0009545484566618337
0.0011233240329780276
0.0013219411484660286
0.0015556761439304723
0.0018307382802953678
0.002154434690031882
0.0025353644939701114
0.0029836472402833374
0.003511191734215131
0.004132012400115334
0.004862601580065354
0.005722367659350214
0.006734150657750821
0.007924828983539169
0.0093260334688322
0.010974987654930556
0.01291549665014884
0.01519911082952933
0.01788649529057435
0.0210490414451202
0.02477076355991709
0.029150530628251757
0.034304692863149154
0.040370172585965536
0.047508101621027934
0.05590810182512223
0.06579332246575675
0.0774263682681127
0.09111627561154886
0.10722672220103231
0.1261856883066021
0.14849682622544635
0.1747528400007683
0.20565123083486514
0.24201282647943834
0.2848035868435799
0.3351602650938841
0.3944206059437656
0.46415888336127725
0.5462277217684337
0.642807311728432
0.7564633275546291
0.8902150854450375
1.0476157527896641
1.232846739442066
1.4508287784959402
1.7073526474706886
2.009233002565046
2.364489412645407
2.782559402207126
3.274549162877725
3.8535285937105273
4.534878508128582
5.3366992312063015
6.280291441834247
7.390722033525775
8.697490026177835
10.235310218990248
12.045035402587812
14.174741629268048
16.68100537200059
19.630406500402685
23.10129700083158
27.1858824273294
31.992671377973846
37.64935806792464
44.30621457583877
52.14008287999685
61.35907273413163
72.20809018385457
84.97534359086438
100.0
###
0.1418699371860213
0.12299524091900699
0.10615393264007285
0.09135144752064833
0.07845412194587208
0.06730121606291004
0.05998468082812073
0.05145003814087859
0.04412788937505397
0.03783136208436753
0.3836859903999511
0.31213256501530684
0.2512858765605677
0.2000330368212446
0.15712717846035631
0.12135392141407643
0.09843983947838723
0.0723618027054156
0.05037614488411779
0.03178179104905659
0.5276831607997213
0.41889712014543046
0.3283335502704663
0.25366457911955254
0.19248160150426827
0.14257009972293727
0.11134430334199708
0.07649018901176631
0.04811258698107137
0.02496022022981683
0.6372827619729391
0.49833311773605077
0.38428410251662104
0.2915283285344584
0.21663680279539674
0.15648112895385374
0.11938413756225055
0.07876334787442496
0.04638937542375317
0.020762206206126697
0.7279397016120015
0.5631397448724287
0.4292311196750649
0.3214557481693208
0.23537204766467074
0.1670397680398969
0.12538841129234302
0.08035380448129131
0.04516266477425097
0.017930893676960668
0.8062451275593038
0.6185488554454517
0.467252037752693
0.34648091339527876
0.2508451997274137
0.17564246402003902
0.13023162420918788
0.08165539949382222
0.044262027233138726
0.01587976217422799
0.8757420252995161
0.6673474008054515
0.5004639737704396
0.3681465867466973
0.26411580671492807
0.18295061457146386
0.1343222351375239
0.08276821307776999
0.04357847814664071
0.014316178412026823
0.9385597889377203
0.7111770802639162
0.5301020908369601
0.3873450860818504
0.2757876463461098
0.18933140883337948
0.13787941086164776
0.08374976248164744
0.043045114509807046
0.01307917459534838
0.9961121916943001
0.751120345884092
0.5569584958979409
0.40464024938838156
0.286240246272698
0.1950132557607191
0.14103841142149048
0.08463450218542308
0.04261946214387027
0.012071617755991589
1.0493818836003206
0.7879235510396335
0.5815955620612829
0.420430915385141
0.29572902602725254
0.20014643434365728
0.14388638350417246
0.08544319337427092
0.042273759101819686
0.01123293513764588
1.0990865388640245
0.8221272320982617
0.6043823902488944
0.43497403320626965
0.3044342491637832
0.20483667519329699
0.1464845088654795
0.08619038226273673
0.04198866652303519
0.010522014268593269
1.145768413012872
0.8541371222503795
0.6256375557682681
0.4484825048629594
0.31248843196024756
0.20916101592834144
0.1488769335804359
0.08688645945881161
0.0417508933521015
0.009910481230364959
1.1898468770037949
0.884266288786504
0.6455697379457442
0.4611119844032548
0.3199924480391324
0.21317609345462452
0.15109657062999168
0.0875385601780124
0.041550499636516504
0.009377851004380156
1.2316538186629455
0.9127621121140339
0.66437063125436
0.47298428461650877
0.3270244711830658
0.2169306918415028
0.1531688223722744
0.08815300703493766
0.04138026307560993
0.008909130511167406
1.271466140023252
0.939823788145875
0.6821744167354602
0.4841844168954423
0.3336466162613749
0.22045633138697462
0.15511373890340982
0.08873461335977337
0.041234862886474495
0.008492893085906878