# datat/BKevo/MVg_BKevo/mvg16.dat
# N(r,Y=0), r, *FL(x,Q^2)
# 1e-05 < r < 100.0
# 1 < Q^2 < 50, n=15, log grid
# 1e-5 < x < 1e-2, n=10, log grid
###
0.0
0.0
0.0
0.0
9.843898662361054e-17
1.110223024625157e-16
1.6776503291610388e-16
3.1476570993963623e-16
4.778730094790371e-16
8.199675607435164e-16
1.3473524296061914e-15
2.2027753527695722e-15
3.593603646778182e-15
5.987287687709029e-15
9.918048364214833e-15
1.6526687592294265e-14
2.735358161412662e-14
4.4878741867980315e-14
7.515061799857716e-14
1.2439287498860676e-13
2.040598550814517e-13
3.4081973039780233e-13
5.646395594075907e-13
9.26607290324537e-13
1.54126750563115e-12
2.5553353179473216e-12
4.195237821215344e-12
6.948557078803863e-12
1.1526831036496353e-11
1.8929836717082183e-11
3.121572694913467e-11
5.1808611923094136e-11
8.509824967658788e-11
1.396831279650839e-10
2.3191782588522818e-10
3.809601921052035e-10
6.223072803697427e-10
1.0334572224515016e-09
1.6974435340437323e-09
2.7628149779843546e-09
4.581647083135747e-09
7.523090967793886e-09
1.223801806261112e-08
2.0193923178167813e-08
3.314074549402067e-08
5.3867498294646494e-08
8.84171675960077e-08
1.449834288684552e-07
2.353983366160124e-07
3.8420325092697385e-07
6.29266008709121e-07
1.0202129900951075e-06
1.655146279448349e-06
2.7066706453577808e-06
4.380287221096949e-06
7.061243668228573e-06
1.152497433671448e-05
1.8610837146906842e-05
2.9802612418781618e-05
4.8533808377566964e-05
7.818641055401663e-05
0.00012482402522056093
0.00020206241647463782
0.0003247633262751607
0.0005172992220813652
0.0008323087671105622
0.001335419963324109
0.002123849415810671
0.0033997178897451955
0.005451215010798712
0.008665050457019374
0.013810159978310178
0.022132711335951138
0.035128055151962795
0.05556836473511268
0.0883505496887817
0.13820871302166507
0.2124387978555074
0.32166544851517964
0.4665365851949945
0.6401139705742552
0.80704393334328
0.9289751615538605
0.9876672883536918
0.9990806553873549
0.9999759309672576
0.9999999308890108
0.9999999999999737
1.0
1.0
1.0
1.0
1.0
1.0
1.0
1.0
1.0
1.0
1.0
1.0
###
1e-05
1.1768119524349992e-05
1.3848863713938717e-05
1.6297508346206434e-05
1.917910261672489e-05
2.2570197196339216e-05
2.656087782946684e-05
3.1257158496882356e-05
3.678379771828634e-05
4.328761281083062e-05
5.0941380148163754e-05
5.994842503189409e-05
7.054802310718646e-05
8.302175681319735e-05
9.770099572992247e-05
0.00011497569953977356
0.00013530477745798074
0.00015922827933410923
0.0001873817422860383
0.00022051307399030456
0.00025950242113997375
0.0003053855508833416
0.00035938136638046257
0.0004229242874389499
0.0004977023564332109
0.0005857020818056661
0.0006892612104349695
0.0008111308307896872
0.0009545484566618337
0.0011233240329780276
0.0013219411484660286
0.0015556761439304723
0.0018307382802953678
0.002154434690031882
0.0025353644939701114
0.0029836472402833374
0.003511191734215131
0.004132012400115334
0.004862601580065354
0.005722367659350214
0.006734150657750821
0.007924828983539169
0.0093260334688322
0.010974987654930556
0.01291549665014884
0.01519911082952933
0.01788649529057435
0.0210490414451202
0.02477076355991709
0.029150530628251757
0.034304692863149154
0.040370172585965536
0.047508101621027934
0.05590810182512223
0.06579332246575675
0.0774263682681127
0.09111627561154886
0.10722672220103231
0.1261856883066021
0.14849682622544635
0.1747528400007683
0.20565123083486514
0.24201282647943834
0.2848035868435799
0.3351602650938841
0.3944206059437656
0.46415888336127725
0.5462277217684337
0.642807311728432
0.7564633275546291
0.8902150854450375
1.0476157527896641
1.232846739442066
1.4508287784959402
1.7073526474706886
2.009233002565046
2.364489412645407
2.782559402207126
3.274549162877725
3.8535285937105273
4.534878508128582
5.3366992312063015
6.280291441834247
7.390722033525775
8.697490026177835
10.235310218990248
12.045035402587812
14.174741629268048
16.68100537200059
19.630406500402685
23.10129700083158
27.1858824273294
31.992671377973846
37.64935806792464
44.30621457583877
52.14008287999685
61.35907273413163
72.20809018385457
84.97534359086438
100.0
###
0.13740708294029058
0.11818492889890252
0.10101818470686741
0.08592381395798551
0.07277233393662967
0.06139804737554869
0.053927792681094225
0.045198698581473684
0.037684300418601165
0.031184646790491044
0.372631713399705
0.30158573135956346
0.2413797556097296
0.1909292994893709
0.1489764973389148
0.11425827625790444
0.09225222472936921
0.06742359161806873
0.04688243136134654
0.029816904459763358
0.5133326997566362
0.405860363985076
0.31677585875440706
0.24372539211789784
0.1842818359434542
0.13619386391165117
0.10635744442395184
0.07348052078846341
0.047068758930299735
0.025925954402088773
0.6205963022819116
0.4836485057637505
0.37173002458398524
0.2811961995854482
0.20857023704809347
0.1507020677464146
0.11531519437815764
0.07695258766939954
0.046778833498755494
0.023265203279520103
0.7093956427537834
0.5472002837223993
0.4159499586166048
0.31086651144536276
0.2274509136334769
0.1617287119021501
0.12197745552475339
0.07937663209016242
0.04647306320003106
0.021334976476501163
0.7861736567850289
0.6015823025291489
0.4534078882455512
0.3357094180944341
0.24305602465468212
0.17070522362449358
0.12732650795223965
0.08129149182693503
0.04620863892697721
0.019854492019747875
0.854332925025148
0.6495115722579436
0.4861459285946247
0.3572305261646091
0.2564424160830724
0.1783186778379469
0.13181883622020762
0.08287211665545283
0.04598750364735567
0.01867104509535921
0.9159752836040829
0.6925807574928955
0.5153759070375031
0.3763082999640221
0.2682150500194938
0.18495593496926452
0.13570595983694134
0.08422657420692799
0.045829477255613815
0.01769592503275861
0.9724647410653311
0.731846930460111
0.541875218183514
0.3935098802376373
0.278756525528421
0.190856104786924
0.13914119819562293
0.08541379665117156
0.04565051807840678
0.01687313197195218
1.024765965498429
0.7680385088986681
0.5661865416302795
0.40920205293399586
0.28832390110774925
0.1961787163263507
0.14222536304347197
0.08647430857841466
0.04552122428553939
0.016166170756196398
1.0735790781053625
0.8016834695203476
0.5886928631753314
0.4236649108131555
0.2970992097625361
0.2010352941894905
0.1450282342405685
0.08743429553180136
0.04541151400556796
0.015549635815618322
1.1194333361491275
0.8331783770215571
0.6096760912456377
0.4371005701302932
0.3052166585331634
0.2055062444792152
0.14760028389688856
0.08831285299219453
0.04531794980821713
0.015005466808455707
1.1627376256107882
0.8628293886016616
0.629370297603104
0.4496632963996018
0.31277786604191665
0.20965610429579387
0.1499791257050492
0.08912385054493199
0.045237646364253724
0.014520035938948714
1.2038223886123272
0.8908785381545169
0.6479571229163633
0.4614739028499196
0.31986201849279994
0.21352906503528093
0.15219391104910326
0.08987771897881125
0.04516833580799201
0.014082602639594087
1.2429471588664862
0.9175208518088848
0.6655523875970929
0.4726319977658151
0.32653202677254684
0.21716339845727592
0.15426743471441606
0.09058306893059646
0.04510836103769114
0.013687588567251831