# datat/BKevo/MVe_BKevo/mve37.dat
# N(r,Y=0), r, *FL(x,Q^2)
# 1e-05 < r < 100.0
# 1 < Q^2 < 50, n=15, log grid
# 1e-5 < x < 1e-2, n=10, log grid
###
8.110232437573328e-11
1.1063650148158805e-10
1.5156197212305621e-10
2.0731017192432998e-10
2.827741952422511e-10
3.8683296845987867e-10
5.290682743783568e-10
7.215541584803383e-10
9.856525778118338e-10
1.3478823820056745e-09
1.837929753759915e-09
2.506875329221736e-09
3.4275225616743323e-09
4.672572122671036e-09
6.363335311869354e-09
8.698183358324915e-09
1.1854394219626997e-08
1.6117859609897266e-08
2.2025257567981565e-08
3.0006842547779206e-08
4.076942713740777e-08
5.56383488846593e-08
7.576917173168209e-08
1.0289789158495279e-07
1.4018382778342486e-07
1.908109840945484e-07
2.589914140459624e-07
3.5220634747657016e-07
4.79134026477606e-07
6.49943160245308e-07
8.822229438666319e-07
1.1993943429032574e-06
1.6258808392100185e-06
2.202725649131328e-06
2.992578996114121e-06
4.0538118966039065e-06
5.48146195823204e-06
7.4418403287490925e-06
1.0073866818816029e-05
1.3600988599156197e-05
1.844711708177165e-05
2.4957065144200962e-05
3.367741479726128e-05
4.560488807449238e-05
6.168101045079566e-05
8.321857103315948e-05
0.00011256427022856473
0.00015228264692847238
0.00020554648598267855
0.00027791004062336315
0.0003763798841260513
0.0005087048874245479
0.0006881397342884017
0.0009339611410903877
0.0012653256569182272
0.0017141174505152892
0.0023337562730355085
0.0031720239980547074
0.0043058374098595585
0.005883576034178024
0.00802435501387777
0.010925093353728092
0.014955562734901092
0.020445346859633277
0.02787969709555648
0.03813369276287622
0.05208199116248344
0.07082702782508338
0.09622657834088273
0.13024646804789253
0.17483405432481602
0.23275537788879697
0.3063641806144356
0.3963302851572996
0.5018557844222702
0.6172062896908747
0.7343165386321705
0.8411640021037515
0.9189770830690055
0.9682987865427988
0.9922404534140602
0.9985539876817919
0.9998480796536834
0.9999956188306275
0.9999999624627569
0.9999999998011163
0.9999999999998669
1.0
1.0
1.0
1.0
1.0
1.0
1.0
1.0
1.0
1.0
1.0
1.0
1.0
###
1e-05
1.1768119524349992e-05
1.3848863713938717e-05
1.6297508346206434e-05
1.917910261672489e-05
2.2570197196339216e-05
2.656087782946684e-05
3.1257158496882356e-05
3.678379771828634e-05
4.328761281083062e-05
5.0941380148163754e-05
5.994842503189409e-05
7.054802310718646e-05
8.302175681319735e-05
9.770099572992247e-05
0.00011497569953977356
0.00013530477745798074
0.00015922827933410923
0.0001873817422860383
0.00022051307399030456
0.00025950242113997375
0.0003053855508833416
0.00035938136638046257
0.0004229242874389499
0.0004977023564332109
0.0005857020818056661
0.0006892612104349695
0.0008111308307896872
0.0009545484566618337
0.0011233240329780276
0.0013219411484660286
0.0015556761439304723
0.0018307382802953678
0.002154434690031882
0.0025353644939701114
0.0029836472402833374
0.003511191734215131
0.004132012400115334
0.004862601580065354
0.005722367659350214
0.006734150657750821
0.007924828983539169
0.0093260334688322
0.010974987654930556
0.01291549665014884
0.01519911082952933
0.01788649529057435
0.0210490414451202
0.02477076355991709
0.029150530628251757
0.034304692863149154
0.040370172585965536
0.047508101621027934
0.05590810182512223
0.06579332246575675
0.0774263682681127
0.09111627561154886
0.10722672220103231
0.1261856883066021
0.14849682622544635
0.1747528400007683
0.20565123083486514
0.24201282647943834
0.2848035868435799
0.3351602650938841
0.3944206059437656
0.46415888336127725
0.5462277217684337
0.642807311728432
0.7564633275546291
0.8902150854450375
1.0476157527896641
1.232846739442066
1.4508287784959402
1.7073526474706886
2.009233002565046
2.364489412645407
2.782559402207126
3.274549162877725
3.8535285937105273
4.534878508128582
5.3366992312063015
6.280291441834247
7.390722033525775
8.697490026177835
10.235310218990248
12.045035402587812
14.174741629268048
16.68100537200059
19.630406500402685
23.10129700083158
27.1858824273294
31.992671377973846
37.64935806792464
44.30621457583877
52.14008287999685
61.35907273413163
72.20809018385457
84.97534359086438
100.0
###
0.26714252097679475
0.2474338721669938
0.22799968070975604
0.20931020059960548
0.19178105916609178
0.1756913595410638
0.16467912633879858
0.15147987971402782
0.1399997610365738
0.13021945774606647
0.9403389118131662
0.8301193091466892
0.7269195879756004
0.6323698992297327
0.5471782399829587
0.471563958880236
0.42095904364901865
0.36115821023015454
0.30936046783793036
0.2646923532119091
1.4306194032395587
1.2363977741379037
1.0588082058672363
0.899451450674402
0.7586746350892553
0.6360120127633919
0.5550249150559041
0.46046272481086037
0.37954168613565603
0.310355866649546
1.837728228747814
1.5665243964384146
1.3222532023677105
1.106156932560712
0.9177905130515208
0.7556129189746161
0.6495909688258478
0.5270405729996449
0.42319120232764024
0.33521041759571174
2.1933995479546753
1.8508003159160693
1.5456476092164364
1.2785244241794693
1.0480063228117367
0.8513218597155732
0.7238984275636654
0.5775009757275911
0.45457179177377155
0.35135113960443626
2.513026885832974
2.103532153137319
1.7419707699307925
1.4281421511846852
1.159500005010569
0.9320043888169878
0.7855268889843071
0.6184295825785354
0.4790731440776355
0.3628995942272444
2.8054662827989585
2.332765242438249
1.9184383350829581
1.5613388574603073
1.257651508180583
1.0021397375199856
0.838527686004979
0.6528852040780708
0.49905928060646276
0.37169558152660687
3.0764287418470087
2.543667837759774
2.079593896487876
1.6819934665759106
1.3457777784863962
1.064443446077309
0.885182968861063
0.682743478007625
0.515952551686612
0.3786819149506355
3.329847171373405
2.7396908101503845
2.228470236571615
1.7927026010145921
1.4260352032113048
1.1207197771179582
0.9269811417746396
0.7091387493927591
0.5305691271353904
0.38441400314064805
3.5685933685838283
2.9234341995297184
2.3672319010854213
1.8952843373885109
1.4999245569166564
1.1721342747217052
0.9649249578461453
0.7328290677256222
0.5434556248485605
0.38923366467506715
3.794814639321185
3.096738317986832
2.4975440475126467
1.9916678760298123
1.5685367964062062
1.219567497442488
0.9997290182690504
0.754345534658875
0.5549770439491861
0.3933609710827383
4.010183044003606
3.261051596858434
2.6205371555282606
2.0811383493762032
1.6326892809843807
1.2636813675003067
1.0319213479281337
0.7740756155816475
0.5652812210912976
0.3969620458783691
4.216036138612388
3.4177047590253875
2.7371908003771828
2.166187749072274
1.6930256563479291
1.3049436622451425
1.0619037002176348
0.7923099322229805
0.5749111884316549
0.4001397015078203
4.413433198978174
3.5672723891989166
2.8482919912411906
2.2468915825453704
1.7500417262067127
1.3437292873895494
1.089989443782499
0.8092728767236784
0.5836698079342717
0.4029814182055728
4.603277236545606
3.710673803629769
2.954469677915862
2.3236900212388285
1.8041427789726434
1.3803960460975913
1.1164410115816785
0.8251410085834632
0.5917804043179514
0.405526992878399