# datat/BKevo/MVe_BKevo/mve67.dat
# N(r,Y=0), r, *FL(x,Q^2)
# 1e-05 < r < 100.0
# 1 < Q^2 < 50, n=15, log grid
# 1e-5 < x < 1e-2, n=10, log grid
###
1.45983338947528e-10
1.991441476610238e-10
2.7280913811231564e-10
3.7315442737141097e-10
5.08987262407668e-10
6.962891225105604e-10
9.523061054464868e-10
1.2987703168301114e-09
1.7741302832593912e-09
2.426115736726814e-09
3.3081558353034554e-09
4.512184201996419e-09
6.169226732076302e-09
8.410119933001228e-09
1.1453176761507218e-08
1.5655372017563648e-08
2.1335700256228357e-08
2.9008578201943414e-08
3.9639590729107126e-08
5.4002750270657146e-08
7.336951612181054e-08
1.0012364505930893e-07
1.3634310903049304e-07
1.851492606107499e-07
2.522212636061032e-07
3.4328074241215594e-07
4.65894769621891e-07
6.334984481789224e-07
8.616679332736909e-07
1.1686449305373889e-06
1.5859637599666908e-06
2.155575177413372e-06
2.9211800049620545e-06
3.956148784173366e-06
5.3723004417796655e-06
7.273607206262702e-06
9.829124633410995e-06
1.3333882217685631e-05
1.8033391282517836e-05
2.432179802343553e-05
3.294334971379648e-05
4.449950306846997e-05
5.994062279803398e-05
8.098680193581983e-05
0.00010924715976567633
0.00014695088090728502
0.0001980392293039674
0.0002667591645887153
0.0003583055402023825
0.0004816394398090055
0.0006478491958024038
0.0008689874462218027
0.0011653145303938616
0.0015655796413856005
0.002097724089662209
0.0028074457237902903
0.003769117131393572
0.005047724275403693
0.006746366092345921
0.009057640922738109
0.012133159429957633
0.0162202901829656
0.021769774979579232
0.029177098070125952
0.039016530668549064
0.05229487325803827
0.06999914531322841
0.09335083616806836
0.12433649163020882
0.164970197978895
0.2171472275231045
0.28332128837549003
0.3650769416177612
0.46208427584545014
0.5717392669178865
0.6856802173872878
0.7950336674848341
0.887822676108996
0.9483936495984926
0.9824717370936022
0.9965979040512781
0.9995003821359958
0.9999608144845488
0.9999992823202822
0.9999999972973445
0.999999999992844
0.999999999999998
1.0
1.0
1.0
1.0
1.0
1.0
1.0
1.0
1.0
1.0
1.0
1.0
1.0
###
1e-05
1.1768119524349992e-05
1.3848863713938717e-05
1.6297508346206434e-05
1.917910261672489e-05
2.2570197196339216e-05
2.656087782946684e-05
3.1257158496882356e-05
3.678379771828634e-05
4.328761281083062e-05
5.0941380148163754e-05
5.994842503189409e-05
7.054802310718646e-05
8.302175681319735e-05
9.770099572992247e-05
0.00011497569953977356
0.00013530477745798074
0.00015922827933410923
0.0001873817422860383
0.00022051307399030456
0.00025950242113997375
0.0003053855508833416
0.00035938136638046257
0.0004229242874389499
0.0004977023564332109
0.0005857020818056661
0.0006892612104349695
0.0008111308307896872
0.0009545484566618337
0.0011233240329780276
0.0013219411484660286
0.0015556761439304723
0.0018307382802953678
0.002154434690031882
0.0025353644939701114
0.0029836472402833374
0.003511191734215131
0.004132012400115334
0.004862601580065354
0.005722367659350214
0.006734150657750821
0.007924828983539169
0.0093260334688322
0.010974987654930556
0.01291549665014884
0.01519911082952933
0.01788649529057435
0.0210490414451202
0.02477076355991709
0.029150530628251757
0.034304692863149154
0.040370172585965536
0.047508101621027934
0.05590810182512223
0.06579332246575675
0.0774263682681127
0.09111627561154886
0.10722672220103231
0.1261856883066021
0.14849682622544635
0.1747528400007683
0.20565123083486514
0.24201282647943834
0.2848035868435799
0.3351602650938841
0.3944206059437656
0.46415888336127725
0.5462277217684337
0.642807311728432
0.7564633275546291
0.8902150854450375
1.0476157527896641
1.232846739442066
1.4508287784959402
1.7073526474706886
2.009233002565046
2.364489412645407
2.782559402207126
3.274549162877725
3.8535285937105273
4.534878508128582
5.3366992312063015
6.280291441834247
7.390722033525775
8.697490026177835
10.235310218990248
12.045035402587812
14.174741629268048
16.68100537200059
19.630406500402685
23.10129700083158
27.1858824273294
31.992671377973846
37.64935806792464
44.30621457583877
52.14008287999685
61.35907273413163
72.20809018385457
84.97534359086438
100.0
###
0.28264627256767516
0.263665191401162
0.2446127188147108
0.2260208740703986
0.2083525653202359
0.19194333966125904
0.18064758063387018
0.16700929800971387
0.15509066835663854
0.14491336320483564
1.0286772276975293
0.9166215384849291
0.8099934016620676
0.710833499253724
0.6204169039491966
0.5393385443822133
0.48467991389500903
0.41968315871087464
0.3631937658065348
0.3143051326384632
1.587691682330577
1.3859405317014188
1.198435709978229
1.0278532300048246
0.8753276644461505
0.7410884863384839
0.6517971503209871
0.5469110729365594
0.45663985442334504
0.37925592266002073
2.058483710694946
1.7728958558440167
1.5115609084465027
1.2772313959064003
1.0705115542132466
0.8907676398389904
0.7723491493820767
0.6346164554980223
0.5172303108208378
0.4173729589994334
2.473693565653632
2.1093280073175955
1.7797519676720168
1.4873743569655526
1.2320597303132155
1.0120779706118945
0.8684078676553992
0.7023657717715353
0.5620930372701289
0.4436327164385406
2.8494064966225046
2.410519622801866
2.0171476903717944
1.6711680277264918
1.371561202995379
1.1153013231424025
0.9490039613029273
0.7580424247356362
0.5977439359765839
0.46331781617131196
3.1950555503022504
2.685259988006552
2.231817180762322
1.835766462268651
1.4951342945814325
1.205653528815511
1.0188329087350587
0.8054217867346158
0.6272938842083856
0.4790426557142399
3.5167702691565967
2.939203963223872
2.4286825971743053
1.9856006122483234
1.6066634177859112
1.2863946981761443
1.0807099585599858
0.8468189171974666
0.6526540122847806
0.4919700350312119
3.818820730097344
3.176185930501332
2.61131245559314
2.1236466027646386
1.7086815155628428
1.3596578784229187
1.136449312135555
0.8836787689823166
0.6749571952291372
0.5029334786507069
4.104322676216039
3.398951205667609
2.782112544229993
2.252013156923165
1.802955896262789
1.4268860451659144
1.1872861475519276
0.9169620236037453
0.6947302479446861
0.5124258391960136
4.375637708662824
3.6097304717950434
2.9429127797631494
2.3723304976172783
1.89078389919953
1.489132956326904
1.2341067738950249
0.9473506251978473
0.7125621605925143
0.520791236797094
4.634603204457896
3.8100946716709054
3.095119680059493
2.4856503337485987
1.9731337053147098
1.5471878968986523
1.277569414845766
0.9753452545465883
0.728815708987434
0.5282626272645278
4.882703927914717
4.001336484704174
3.239994615474079
2.5929638004008764
2.0508021090779534
1.6016592708611952
1.318178279993629
1.0013242902858546
0.7437528139029868
0.5349925905543004
5.121131185227727
4.184502273071402
3.3781421176943325
2.695013832238607
2.1243588950401757
1.6530266060673693
1.3563281897482018
1.025581359339039
0.7575806174799031
0.5411258215499989
5.3508987375691905
4.360549022508924
3.510427024469711
2.7924052300150617
2.194304994151295
1.7016753737610126
1.3923552641310757
1.0483698512382993
0.7704599154535153
0.5467539593255566