# datat/BKevo/MVe_BKevo/mve78.dat
# N(r,Y=0), r, *FL(x,Q^2)
# 1e-05 < r < 100.0
# 1 < Q^2 < 50, n=15, log grid
# 1e-5 < x < 1e-2, n=10, log grid
###
1.6220594356593414e-10
2.2127507823432869e-10
3.0312740950831884e-10
4.1462607834045805e-10
5.65557611236302e-10
7.736810770718603e-10
1.0581613509769284e-09
1.4431485496377212e-09
1.9713707401480835e-09
2.6958722042030528e-09
3.6760336881193328e-09
5.014034096648993e-09
6.85550992045529e-09
9.345899297551584e-09
1.2727894114764872e-08
1.7398376517701576e-08
2.371205707660314e-08
3.224099842549527e-08
4.405919974844181e-08
6.002782678591185e-08
8.15616893671168e-08
1.1131418992662923e-07
1.5159946188498625e-07
2.0589455469789615e-07
2.805292823111514e-07
3.818856936103611e-07
5.18409290111638e-07
7.0510796055755e-07
9.594032375261719e-07
1.3017224906439456e-06
1.7674268109180957e-06
2.403656378938911e-06
3.2596328339023485e-06
4.418166511884623e-06
6.00590675212333e-06
8.141133942220798e-06
1.1016732011189625e-05
1.4971308754265572e-05
2.028888227031764e-05
2.7427216700249908e-05
3.7259112689979435e-05
5.049907492261808e-05
6.828312004991838e-05
9.269740557174761e-05
0.0001257286543628785
0.0001701609677873685
0.00023101338486251622
0.00031382218237903175
0.00042548229757623343
0.0005781685165840642
0.0007873830464945447
0.0010703826059149275
0.0014568951654597556
0.001990501218510051
0.0027146737705168846
0.0037020828210105727
0.005075139972037056
0.006943150770605387
0.00948225789365576
0.013032560316824409
0.017863962764690385
0.024421400288165647
0.03353185249896405
0.04591171081760005
0.06259665017114642
0.0853871109872231
0.1159501153211355
0.15623180541822906
0.2091267008212523
0.2769184754627517
0.3609029163206562
0.46120515076692925
0.5740048383820594
0.6925037860744153
0.8046847363227293
0.8932192014255825
0.9541628662777694
0.9867977584072886
0.9970220658072032
0.9996202103756028
0.9999880388610286
0.9999997326779327
0.999999997632217
0.9999999999978159
1.0
1.0
1.0
1.0
1.0
1.0
1.0
1.0
1.0
1.0
1.0
1.0
1.0
1.0
1.0
1.0
###
1e-05
1.1768119524349992e-05
1.3848863713938717e-05
1.6297508346206434e-05
1.917910261672489e-05
2.2570197196339216e-05
2.656087782946684e-05
3.1257158496882356e-05
3.678379771828634e-05
4.328761281083062e-05
5.0941380148163754e-05
5.994842503189409e-05
7.054802310718646e-05
8.302175681319735e-05
9.770099572992247e-05
0.00011497569953977356
0.00013530477745798074
0.00015922827933410923
0.0001873817422860383
0.00022051307399030456
0.00025950242113997375
0.0003053855508833416
0.00035938136638046257
0.0004229242874389499
0.0004977023564332109
0.0005857020818056661
0.0006892612104349695
0.0008111308307896872
0.0009545484566618337
0.0011233240329780276
0.0013219411484660286
0.0015556761439304723
0.0018307382802953678
0.002154434690031882
0.0025353644939701114
0.0029836472402833374
0.003511191734215131
0.004132012400115334
0.004862601580065354
0.005722367659350214
0.006734150657750821
0.007924828983539169
0.0093260334688322
0.010974987654930556
0.01291549665014884
0.01519911082952933
0.01788649529057435
0.0210490414451202
0.02477076355991709
0.029150530628251757
0.034304692863149154
0.040370172585965536
0.047508101621027934
0.05590810182512223
0.06579332246575675
0.0774263682681127
0.09111627561154886
0.10722672220103231
0.1261856883066021
0.14849682622544635
0.1747528400007683
0.20565123083486514
0.24201282647943834
0.2848035868435799
0.3351602650938841
0.3944206059437656
0.46415888336127725
0.5462277217684337
0.642807311728432
0.7564633275546291
0.8902150854450375
1.0476157527896641
1.232846739442066
1.4508287784959402
1.7073526474706886
2.009233002565046
2.364489412645407
2.782559402207126
3.274549162877725
3.8535285937105273
4.534878508128582
5.3366992312063015
6.280291441834247
7.390722033525775
8.697490026177835
10.235310218990248
12.045035402587812
14.174741629268048
16.68100537200059
19.630406500402685
23.10129700083158
27.1858824273294
31.992671377973846
37.64935806792464
44.30621457583877
52.14008287999685
61.35907273413163
72.20809018385457
84.97534359086438
100.0
###
0.30544584863739715
0.28960123057503384
0.27357961693976823
0.25785676725082113
0.24285765366151713
0.22893357493033858
0.2193617592666867
0.20791865360602405
0.19810264898286092
0.18999837457006258
1.1600274370047396
1.055616129956344
0.9546791501675513
0.8594349892524938
0.7714228548799796
0.6915457824500869
0.6372760481472258
0.5724069483772082
0.5158702538950339
0.4671773148393957
1.8214170600777808
1.6253216091886815
1.4397727908325342
1.2679499138486527
1.1117214266347992
0.972073013013722
0.8780183317817719
0.7663120494613971
0.6692178142346175
0.5853197245003983
2.386651575051133
2.1019096839704052
1.8363309463741504
1.5935686769993715
1.3754775266708499
1.182258983068142
1.0533284508804626
0.9009863051047834
0.7691306358669059
0.6555418607488127
2.8897659432667315
2.519944318141263
2.178730587370217
1.8698863195018682
1.594942214800474
1.3533541426051379
1.1930732651935878
1.0047612118260247
0.8426253088901958
0.7034027081148114
3.3480292199586628
2.8965456055523813
2.4834931130193696
2.1126275480727514
1.7849470681760562
1.498917979982137
1.3101366696055858
1.089442004639901
0.9003497013102163
0.7386057565773829
3.771756993325048
3.2415983433597133
2.760104509683056
2.330660352173053
1.9535778835510507
1.6263687545446992
1.411372179138286
1.161147314335093
0.9476796905903876
0.7658456049424426
4.167740015706663
3.5616624728995303
3.014648403763895
2.5295393003502347
2.1059469691309114
1.740226121558726
1.5008745355725865
1.2232105992885138
0.9877708410174878
0.7876985003952964
4.540772182970242
3.8612474624585986
3.2512929721716435
2.71308594365533
2.2453871963219103
1.8433869726889913
1.581279175484012
1.2784950555439138
1.022383098021664
0.8057581723391025
4.894387719903023
4.143642505636015
3.4730498093532267
2.8839781609641557
2.3742847774074334
1.937955190267673
1.6544169263022097
1.3279312077049537
1.0527993420324497
0.8209590209320204
5.23111285275279
4.411339809600843
3.681941622597949
3.0442176925855158
2.4943682530009426
2.025418449631865
1.721617755976779
1.372842048347482
1.0799292931755726
0.8339413684521365
5.5533099694718455
4.666164885132862
3.8801236954069473
3.1953380810858145
2.6069514626475496
2.1068775433857585
1.7838465060372755
1.4140045886357062
1.1043996691369193
0.8452477630816982
5.862566006999385
4.909868289722794
4.068785810562199
3.338708243487672
2.7132015389903703
2.1832422698984173
1.8418583728501376
1.4520221382561025
1.1266604570405865
0.8551600765477447
6.16026849196702
5.1436109932596406
4.249041406238616
3.4749845537683277
2.813773618487536
2.2551766579668957
1.8962871836992836
1.4873620050450354
1.1470767007163083
0.8639651411075762
6.447415625097662
5.368431427154769
4.42180491772483
3.6051012179378428
2.9093951710456363
2.3232332830080638
1.9475194050636986
1.5204771662206755
1.1659336080151774
0.8718487756253457