# datat/BKevo/MVe_BKevo/mve31.dat
# N(r,Y=0), r, *FL(x,Q^2)
# 1e-05 < r < 100.0
# 1 < Q^2 < 50, n=15, log grid
# 1e-5 < x < 1e-2, n=10, log grid
###
6.48834873819616e-11
8.851177623018409e-11
1.2125373601309265e-10
1.658550313778048e-10
2.2623042361262394e-10
3.094845918464142e-10
4.2328437131102894e-10
5.772915874525029e-10
7.886007072005244e-10
1.078434782556669e-09
1.4705528131505448e-09
2.0058401777149195e-09
2.7425754124816877e-09
3.7389629245286855e-09
5.092135050751023e-09
6.960955578417351e-09
9.487432369553127e-09
1.2900612554233197e-08
1.763060763247634e-08
2.402240586197591e-08
3.264287195722957e-08
4.4555529726841775e-08
6.068841099281122e-08
8.243633295736247e-08
1.123400355124724e-07
1.529633783258586e-07
2.077013406027644e-07
2.8259259754490227e-07
3.846563833556463e-07
5.221333150711208e-07
7.093087044244393e-07
9.652670083789668e-07
1.309981376711124e-06
1.7771221263443112e-06
2.4183565440786228e-06
3.282129383166551e-06
4.447644570168575e-06
6.0546525650518e-06
8.221103659157633e-06
1.113766400472671e-05
1.5170486924860142e-05
2.062177698209588e-05
2.7973798996826225e-05
3.811977404437446e-05
5.1917581734887154e-05
7.057537057101472e-05
9.628958119012585e-05
0.0001315016399963059
0.00017926714440638674
0.0002450196367386972
0.0003357212254541987
0.000459150155966714
0.0006287764513618982
0.0008644517776100581
0.0011860241022283024
0.0016268089146098254
0.002243239206745286
0.003085854978932456
0.004236448913204716
0.005854240795160497
0.008066727568480939
0.011085571219235634
0.015310401970144017
0.021096379976444892
0.028967142803114174
0.03986889175614988
0.05474316834506231
0.07477297172461697
0.10194510941438037
0.13833555977157697
0.18596270752833435
0.2476260810790572
0.32551821002020215
0.41992346321350005
0.5292552807709455
0.6463578567348044
0.762281850425772
0.8643957984180505
0.9346715719868954
0.9764149313997883
0.9949530649091967
0.9991837669817561
0.9999281908695888
0.9999984380255605
0.9999999919376091
0.9999999999724163
0.9999999999999895
1.0
1.0
1.0
1.0
1.0
1.0
1.0
1.0
1.0
1.0
1.0
1.0
1.0
###
1e-05
1.1768119524349992e-05
1.3848863713938717e-05
1.6297508346206434e-05
1.917910261672489e-05
2.2570197196339216e-05
2.656087782946684e-05
3.1257158496882356e-05
3.678379771828634e-05
4.328761281083062e-05
5.0941380148163754e-05
5.994842503189409e-05
7.054802310718646e-05
8.302175681319735e-05
9.770099572992247e-05
0.00011497569953977356
0.00013530477745798074
0.00015922827933410923
0.0001873817422860383
0.00022051307399030456
0.00025950242113997375
0.0003053855508833416
0.00035938136638046257
0.0004229242874389499
0.0004977023564332109
0.0005857020818056661
0.0006892612104349695
0.0008111308307896872
0.0009545484566618337
0.0011233240329780276
0.0013219411484660286
0.0015556761439304723
0.0018307382802953678
0.002154434690031882
0.0025353644939701114
0.0029836472402833374
0.003511191734215131
0.004132012400115334
0.004862601580065354
0.005722367659350214
0.006734150657750821
0.007924828983539169
0.0093260334688322
0.010974987654930556
0.01291549665014884
0.01519911082952933
0.01788649529057435
0.0210490414451202
0.02477076355991709
0.029150530628251757
0.034304692863149154
0.040370172585965536
0.047508101621027934
0.05590810182512223
0.06579332246575675
0.0774263682681127
0.09111627561154886
0.10722672220103231
0.1261856883066021
0.14849682622544635
0.1747528400007683
0.20565123083486514
0.24201282647943834
0.2848035868435799
0.3351602650938841
0.3944206059437656
0.46415888336127725
0.5462277217684337
0.642807311728432
0.7564633275546291
0.8902150854450375
1.0476157527896641
1.232846739442066
1.4508287784959402
1.7073526474706886
2.009233002565046
2.364489412645407
2.782559402207126
3.274549162877725
3.8535285937105273
4.534878508128582
5.3366992312063015
6.280291441834247
7.390722033525775
8.697490026177835
10.235310218990248
12.045035402587812
14.174741629268048
16.68100537200059
19.630406500402685
23.10129700083158
27.1858824273294
31.992671377973846
37.64935806792464
44.30621457583877
52.14008287999685
61.35907273413163
72.20809018385457
84.97534359086438
100.0
###
0.26929131360491887
0.2499868534399806
0.23094292635929112
0.2126340174792759
0.19545702375417384
0.17969341240532236
0.16890751023500677
0.1559885592820769
0.14477173077988262
0.135245592362067
0.9505516531323576
0.8413766974828852
0.7390686165478149
0.6451403606653838
0.5604188202866074
0.48509723784718
0.4346206252973468
0.37485322346535976
0.3230678283846332
0.278343087663468
1.4472755810978315
1.254190706876362
1.0773492419183481
0.9184044283293313
0.777770042012502
0.6548680780401742
0.573592539870527
0.4784972771504287
0.3969421299548389
0.3270240649093695
1.859830789419833
1.589622465855017
1.3458364528047304
1.1297657542845376
0.941007165188696
0.7780407922524878
0.6714059293868712
0.5476802726008132
0.44253375084444935
0.3532409142005735
2.220271018932169
1.8784162717374338
1.5734138979683168
1.3058892103541269
1.0744850555874705
0.8765408423181499
0.7479133780062998
0.5999319754523655
0.47518601632365143
0.370029720955266
2.5441373104271787
2.135100611912937
1.773328280760605
1.4586547327918502
1.1886501696342637
0.9593886763911504
0.8113933792361557
0.6421005271561724
0.5004207796961807
0.3818585088223804
2.840452160623483
2.367863954025732
1.9529504444545835
1.5945766877793588
1.2890542658398187
1.0312988150728983
0.8658065631748144
0.6774240273595352
0.5209071258511263
0.3907269497727731
3.1149485558673966
2.5819631900892017
2.116923898523522
1.7176232430627594
1.3791237515680859
1.0951081344810667
0.9136261085682682
0.7080946337255939
0.5381263731954724
0.3976568651500176
3.37164787216722
2.780912719010522
2.2683489450024514
1.8304663541275168
1.4610853902128815
1.1526500638984534
0.9563926290420016
0.7350637523988958
0.5529467962538498
0.4032512074930247
3.6133629709625916
2.9673571449530507
2.4094386832255243
1.9349718207213946
1.5364886818026084
1.205176476709003
0.9951575904734672
0.7592109596840962
0.5659510772110244
0.4078795592738682
3.8424353810789498
3.143172124340227
2.541832492494709
2.0324958608564407
1.6064488639064998
1.2535871639097345
1.030666401653679
0.7810911479938863
0.5775264102097429
0.4117848112734942
4.06049026826585
3.309832879471332
2.6668830354209074
2.124170106443981
1.6718434877193402
1.2985526517690817
1.0634694532116178
0.8011138689415526
0.5879519746118893
0.4151289554320805
4.268877036091508
3.4685047094902655
2.7853892534405347
2.2106635588111736
1.7333004600023942
1.3405867272707128
1.0939852013055096
0.8195835391178966
0.5974340484105851
0.41803953917282705
4.468786402495265
3.6203495470619407
2.8982252421624097
2.292738301143607
1.7913443545717516
1.3801158414476065
1.1225398076687054
0.8367348815715349
0.6061322394202212
0.4206009867121727
4.660937336907961
3.765722906628151
3.005947764107227
2.3708811546487203
1.8463932411132151
1.4174210477639617
1.1493716876248419
0.8527526261261174
0.6141593812440198
0.42286484683955133