# datat/BKevo/GBW_BKevo/gbw6.dat
# N(r,Y=0), r, *FL(x,Q^2)
# 1e-05 < r < 100.0
# 1 < Q^2 < 50, n=15, log grid
# 1e-5 < x < 1e-2, n=10, log grid
###
0.0
1.0419178359922891e-16
1.110223024625157e-16
1.7326321810188395e-16
2.220446049250313e-16
3.5521364940579244e-16
5.575746707572391e-16
9.442971298189084e-16
1.4167271286226244e-15
2.297602464445226e-15
3.6459368301717666e-15
5.6851407863654265e-15
9.055256668385882e-15
1.4217144544355192e-14
2.2396087386316922e-14
3.551567251205934e-14
5.590728889867742e-14
8.758084408395741e-14
1.393372427569308e-13
2.196800371585581e-13
3.4409658626460794e-13
5.464684984456328e-13
8.629468142289956e-13
1.3528541730347907e-12
2.143580780432813e-12
3.389095437734813e-12
5.318596152824497e-12
8.40607155711703e-12
1.3307635706520048e-11
2.0906349414043958e-11
3.295739601911637e-11
5.224399324902014e-11
8.216623981324157e-11
1.2918565023284762e-10
2.0506393842494002e-10
3.228786546344722e-10
5.06259461540193e-10
8.047441759039905e-10
1.2685693447604081e-09
1.9858122032079016e-09
3.1574691323857307e-09
4.983289475114089e-09
7.808687908408515e-09
1.2385985526593486e-08
1.9572354807499367e-08
3.0701141106838165e-08
4.8576867098997624e-08
7.685870041417764e-08
1.206885097206676e-07
1.904728487227499e-07
3.017614897532553e-07
4.743627427057066e-07
7.466864596782322e-07
1.184549104877326e-06
1.8641744505494317e-06
2.9264543157702886e-06
4.648983850495011e-06
7.3247260493826915e-06
1.1466720874879687e-05
1.824209053938089e-05
2.8775345275763094e-05
4.506991804364631e-05
7.156384285635786e-05
0.00011302164246695503
0.0001771993408280115
0.00028066404871942945
0.0004437838162355711
0.0006964465552330327
0.001100147109906181
0.0017413518841638705
0.002734709245962687
0.004306170278485965
0.006818231088936735
0.010703912967295944
0.016771976397347135
0.026488184309842015
0.04139150994347511
0.06413033053334702
0.09988112278394372
0.15280292445422886
0.2290028796605596
0.33712723830421054
0.4763860257922026
0.6391765579984974
0.7964909530632551
0.9155205251845479
0.9799922118678053
0.9977375887405299
0.9998771777360749
0.9999986142539035
0.9999999999503955
0.9999999999999981
1.0
1.0
1.0
1.0
1.0
1.0
1.0
1.0
###
1e-05
1.1768119524349992e-05
1.3848863713938717e-05
1.6297508346206434e-05
1.917910261672489e-05
2.2570197196339216e-05
2.656087782946684e-05
3.1257158496882356e-05
3.678379771828634e-05
4.328761281083062e-05
5.0941380148163754e-05
5.994842503189409e-05
7.054802310718646e-05
8.302175681319735e-05
9.770099572992247e-05
0.00011497569953977356
0.00013530477745798074
0.00015922827933410923
0.0001873817422860383
0.00022051307399030456
0.00025950242113997375
0.0003053855508833416
0.00035938136638046257
0.0004229242874389499
0.0004977023564332109
0.0005857020818056661
0.0006892612104349695
0.0008111308307896872
0.0009545484566618337
0.0011233240329780276
0.0013219411484660286
0.0015556761439304723
0.0018307382802953678
0.002154434690031882
0.0025353644939701114
0.0029836472402833374
0.003511191734215131
0.004132012400115334
0.004862601580065354
0.005722367659350214
0.006734150657750821
0.007924828983539169
0.0093260334688322
0.010974987654930556
0.01291549665014884
0.01519911082952933
0.01788649529057435
0.0210490414451202
0.02477076355991709
0.029150530628251757
0.034304692863149154
0.040370172585965536
0.047508101621027934
0.05590810182512223
0.06579332246575675
0.0774263682681127
0.09111627561154886
0.10722672220103231
0.1261856883066021
0.14849682622544635
0.1747528400007683
0.20565123083486514
0.24201282647943834
0.2848035868435799
0.3351602650938841
0.3944206059437656
0.46415888336127725
0.5462277217684337
0.642807311728432
0.7564633275546291
0.8902150854450375
1.0476157527896641
1.232846739442066
1.4508287784959402
1.7073526474706886
2.009233002565046
2.364489412645407
2.782559402207126
3.274549162877725
3.8535285937105273
4.534878508128582
5.3366992312063015
6.280291441834247
7.390722033525775
8.697490026177835
10.235310218990248
12.045035402587812
14.174741629268048
16.68100537200059
19.630406500402685
23.10129700083158
27.1858824273294
31.992671377973846
37.64935806792464
44.30621457583877
52.14008287999685
61.35907273413163
72.20809018385457
84.97534359086438
100.0
###
0.09602961183627698
0.07934033956363332
0.06492893420059997
0.052620041022637946
0.04219701260243912
0.03342434224659747
0.02777787365430433
0.021306122289008158
0.0158426321398212
0.011212329710454843
0.24273911427788153
0.18926587189241834
0.14555457512498446
0.11018493766905484
0.08181337337779257
0.059214998229520664
0.04540287234615455
0.03042694882530209
0.018673946733401652
0.00951105476483327
0.32669145823166473
0.2493133603606405
0.18738484914711653
0.13834703161722042
0.09987199584720446
0.0699466702376952
0.05207398305076671
0.03319199112323195
0.018871134898994134
0.00818402129292065
0.3896454539458541
0.29346964501206413
0.2175082743752403
0.15815556583331075
0.11224202829510094
0.077064157688642
0.056363101725456444
0.03484652724688071
0.018905604065127566
0.0073428435347514046
0.4412308570653837
0.3292185426892451
0.2415828929297663
0.17376399624530497
0.12183172203732016
0.08247831578113098
0.0595702541707018
0.03604812361136503
0.018912635862671313
0.006748268481310588
0.4855233850582635
0.3596376402786829
0.2618712019761307
0.1867860052722433
0.1297417142264209
0.08688631385855518
0.06215182155188879
0.03699700038912492
0.018915048421856918
0.006297583222615394
0.5246448280598071
0.3863206427249718
0.279543977919045
0.1980360958266819
0.1365159554533588
0.09062398550016039
0.06432263952510717
0.03778528416424214
0.018918128129423423
0.005939594568471914
0.5598703036880175
0.4102163772268784
0.2952729081863808
0.20798725397243303
0.142465496103795
0.0938813144539575
0.06620207764059378
0.03846132841089757
0.0189228356795647
0.005645585840721524
0.5920418283894517
0.4319376123397018
0.30949940893642897
0.21693867114424822
0.1477866583233525
0.09677560355069378
0.06786327332473378
0.03905499751604687
0.018929441844163574
0.005398184076197681
0.6217405042279781
0.45191108261244606
0.3225231685804207
0.22509597566565304
0.15261117629207746
0.09938540768364712
0.0693546283528061
0.039585267036821845
0.01893754644610723
0.005185840296249516
0.6493881260313586
0.4704358163425099
0.3345597146576397
0.23260412347273862
0.1570324044421221
0.10176586249244486
0.07070977451751441
0.040065046727826396
0.018946885675505766
0.005000852844931834
0.6753018872986041
0.48774399139916297
0.3457682587275595
0.23957075709057796
0.1611187901567651
0.10395640615779815
0.07195290628750813
0.040503728270487024
0.018957208074300055
0.004837196402796221
0.6997269887908072
0.5040115432774015
0.3562713205312272
0.24608336643141623
0.16492246797547583
0.1059879721292201
0.07310240311684763
0.04090828293808456
0.018968380605998914
0.004691132009053918
0.722857367133569
0.5193770720785187
0.366162669107035
0.2521952129412709
0.1684837614070771
0.10788365049475548
0.0741721956107453
0.04128383063638509
0.018979930246990337
0.004560074546625237
0.744849496489737
0.5339519976328522
0.3755280564896674
0.2579565429113152
0.1718348209048882
0.10966195370977824
0.07517282221063222
0.041634561384218526
0.018992062727791362
0.004441123994884814