# datat/BKevo/GBW_BKevo/gbw7.dat
# N(r,Y=0), r, *FL(x,Q^2)
# 1e-05 < r < 100.0
# 1 < Q^2 < 50, n=15, log grid
# 1e-5 < x < 1e-2, n=10, log grid
###
0.0
0.0
0.0
0.0
0.0
0.0
0.0
0.0
0.0
0.0
0.0
1.110223024625157e-16
1.110223024625157e-16
1.9241154399979998e-16
3.3954460863694627e-16
5.249843825018884e-16
8.93458333865997e-16
1.4511976855674602e-15
2.4602404575402672e-15
4.202369957104612e-15
6.908166886175988e-15
1.180451929387385e-14
1.99391901135898e-14
3.3287812310415295e-14
5.638654735966512e-14
9.517995924218814e-14
1.591023049067376e-13
2.6857213738429797e-13
4.5437131524943295e-13
7.606050034682371e-13
1.2796470005293174e-12
2.1689871618080404e-12
3.6360151766736474e-12
6.094247641990423e-12
1.0349721946717057e-11
1.7377468196556455e-11
2.901355566045766e-11
4.9372763149302067e-11
8.303199228491707e-11
1.383082833657612e-10
2.354629378135683e-10
3.966483426295761e-10
6.61608906191702e-10
1.122612878922178e-09
1.894361096701488e-09
3.1642408069685885e-09
5.3506382074595246e-09
9.045104098679583e-09
1.5130397293287297e-08
2.5494377164687164e-08
4.3177211263604476e-08
7.233377165161486e-08
1.2143430727102956e-07
2.0605452540481316e-07
3.457316390670228e-07
5.782174110587097e-07
9.830878744391102e-07
1.6521191342966877e-06
2.75224924684466e-06
4.6890039322024695e-06
7.893034153714323e-06
1.3157636446249143e-05
2.235837449533521e-05
3.7699856242361525e-05
6.293213854877093e-05
0.00010657492140869221
0.0001800135463225074
0.00030091177563295257
0.0005077671276632481
0.0008590950342834445
0.0014378624129380395
0.0024165762729531997
0.004093426099876751
0.006854037420785461
0.011455540884098904
0.019376024603740712
0.03232257960211697
0.053369376587199195
0.08899243091570627
0.14501768154315764
0.23016513500901306
0.35707327913758413
0.5231431331551928
0.7120018314336948
0.8723547985035238
0.9651506985892626
0.9964140411371875
0.9999236004762628
0.9999994773777358
0.9999999997685304
1.0
1.0
1.0
1.0
1.0
1.0
1.0
1.0
1.0
1.0
###
1e-05
1.1768119524349992e-05
1.3848863713938717e-05
1.6297508346206434e-05
1.917910261672489e-05
2.2570197196339216e-05
2.656087782946684e-05
3.1257158496882356e-05
3.678379771828634e-05
4.328761281083062e-05
5.0941380148163754e-05
5.994842503189409e-05
7.054802310718646e-05
8.302175681319735e-05
9.770099572992247e-05
0.00011497569953977356
0.00013530477745798074
0.00015922827933410923
0.0001873817422860383
0.00022051307399030456
0.00025950242113997375
0.0003053855508833416
0.00035938136638046257
0.0004229242874389499
0.0004977023564332109
0.0005857020818056661
0.0006892612104349695
0.0008111308307896872
0.0009545484566618337
0.0011233240329780276
0.0013219411484660286
0.0015556761439304723
0.0018307382802953678
0.002154434690031882
0.0025353644939701114
0.0029836472402833374
0.003511191734215131
0.004132012400115334
0.004862601580065354
0.005722367659350214
0.006734150657750821
0.007924828983539169
0.0093260334688322
0.010974987654930556
0.01291549665014884
0.01519911082952933
0.01788649529057435
0.0210490414451202
0.02477076355991709
0.029150530628251757
0.034304692863149154
0.040370172585965536
0.047508101621027934
0.05590810182512223
0.06579332246575675
0.0774263682681127
0.09111627561154886
0.10722672220103231
0.1261856883066021
0.14849682622544635
0.1747528400007683
0.20565123083486514
0.24201282647943834
0.2848035868435799
0.3351602650938841
0.3944206059437656
0.46415888336127725
0.5462277217684337
0.642807311728432
0.7564633275546291
0.8902150854450375
1.0476157527896641
1.232846739442066
1.4508287784959402
1.7073526474706886
2.009233002565046
2.364489412645407
2.782559402207126
3.274549162877725
3.8535285937105273
4.534878508128582
5.3366992312063015
6.280291441834247
7.390722033525775
8.697490026177835
10.235310218990248
12.045035402587812
14.174741629268048
16.68100537200059
19.630406500402685
23.10129700083158
27.1858824273294
31.992671377973846
37.64935806792464
44.30621457583877
52.14008287999685
61.35907273413163
72.20809018385457
84.97534359086438
100.0
###
0.09252325734734887
0.07633042593278326
0.06238219897371278
0.05048625878412419
0.040423136950042335
0.031941789822930416
0.026474116923808372
0.020185585704514425
0.014851928653796429
0.010288189837186833
0.23082383227067182
0.17943548408517065
0.13750731041124117
0.10363332655673735
0.07648066870370919
0.05485291705155722
0.04162881663578875
0.027279404179455145
0.016010197696674024
0.007222089718255161
0.3092394556632234
0.23519210135322546
0.17605849772224866
0.12930815694301068
0.09268074912033146
0.06421999733204933
0.047237675608481716
0.02931308687526343
0.0157607970525265
0.005694578650994678
0.3678328272977397
0.2760506719504979
0.20371615445816732
0.14730846410379542
0.10374586024028037
0.07042503909842246
0.05085162193713525
0.030556556782681245
0.015588816838839661
0.004823544095931277
0.4157535984314205
0.30905676176085944
0.22577619065416468
0.16146407960267187
0.11231295055334872
0.07514671250402066
0.053562888931336844
0.031473091622694724
0.015482773187482667
0.004246055328656511
0.45682639558598265
0.3371021590008546
0.24434335786518108
0.17326006251874343
0.11937461417187938
0.07899310987231647
0.05575178267605327
0.03220830963510047
0.015404608883622654
0.0038280733793132466
0.4930613311102422
0.3616754773023051
0.26049482298160787
0.18344158249525183
0.12541927908081185
0.08225650288644178
0.05759715564160669
0.03282607422993985
0.015355399065163367
0.003507937457472932
0.525661984407247
0.3836671386748442
0.27486464678802486
0.192441353888066
0.13072658749739088
0.08510177031390516
0.05919813306931745
0.033361733622506475
0.015322509849606125
0.003252797222630133
0.5554135550110979
0.4036331164270475
0.287849533910889
0.20053321089794118
0.13547199469740678
0.08763110934802744
0.06061554341158307
0.03383570485729353
0.015300568358155164
0.0030433595168935196
0.582860442187729
0.42198114490799454
0.29972986097658666
0.20790393779352023
0.13977360411141893
0.08991270879588945
0.06188989946676843
0.034261974655165665
0.015286723022515412
0.0028676915737297277
0.6083973610871294
0.4389929072956834
0.3107036197330365
0.21468476824153146
0.14371486539328002
0.09199429051896824
0.06304928979638329
0.03464990291520619
0.015278667840260256
0.0027175083356225783
0.6323208668770527
0.4548798866542116
0.3209180669210786
0.22097382597345766
0.14735717243971183
0.0939107477363334
0.06411409198418153
0.0350062784349893
0.01527495287270228
0.0025873058097287504
0.6548600169724792
0.4698135549851706
0.3304873150603935
0.22684691593465173
0.150746902274555
0.0956878275527643
0.06509958606368361
0.035336314550075805
0.015271929426763205
0.0024729462101513587
0.6761958448417966
0.48389634282455957
0.33949546308203526
0.232362640109992
0.15392025552039124
0.09734744463974603
0.0660175179394474
0.03564385347638909
0.015276742312872207
0.0023715474460434664
0.6964743275141118
0.49726982005948445
0.34801989089151486
0.2375639706423708
0.1569059166399559
0.09890411309610049
0.06687723227732917
0.035931996547324214
0.01528091074027655
0.0022807403281846937