# datat/BKevo/MVe_BKevo/mve12.dat
# N(r,Y=0), r, *FL(x,Q^2)
# 1e-05 < r < 100.0
# 1 < Q^2 < 50, n=15, log grid
# 1e-5 < x < 1e-2, n=10, log grid
###
3.2440818727990846e-11
4.425436454019246e-11
6.062440065744809e-11
8.292345578976988e-11
1.1310877067619144e-10
1.547316956020609e-10
2.116248243476799e-10
2.886176234103296e-10
3.942544958438428e-10
5.391422113709493e-10
7.351544321112173e-10
1.0027218077388125e-09
1.370962549543697e-09
1.8689533468107697e-09
2.545211692747352e-09
3.4790721643332698e-09
4.741430432369878e-09
6.446615286344239e-09
8.809233325258236e-09
1.2001320395769399e-08
1.6305482700156376e-08
2.2251581370845303e-08
3.0301539576407546e-08
4.114924688955842e-08
5.6057305323834405e-08
7.629789968527005e-08
1.0355368998348388e-07
1.4081257126599014e-07
1.915392422283623e-07
2.5979203964568126e-07
3.5258801906666406e-07
4.792650551853149e-07
6.495540370081334e-07
8.797976013569937e-07
1.1949159740443425e-06
1.6180967801037823e-06
2.187060081430597e-06
2.96769656963225e-06
4.014911036822781e-06
5.416908066894685e-06
7.34052099575872e-06
9.920896690376276e-06
1.3371835588353117e-05
1.8081388810187292e-05
2.4413939415780776e-05
3.2875576994707567e-05
4.43650141635527e-05
5.985636366530473e-05
8.054703929573592e-05
0.00010851591477334869
0.00014635832163730948
0.00019691942223677667
0.00026502324568466237
0.0003576035754403498
0.0004814874630723478
0.0006479537147293596
0.0008756832359496367
0.0011812839071934638
0.001591372478034585
0.002156828688170794
0.0029185628096630905
0.003944098716036601
0.005360020997899969
0.007280535154248795
0.00987487174171545
0.01345204758310664
0.018331296054356724
0.024927696129230258
0.03397313683208281
0.04631765301729884
0.06291321524343563
0.08534027937900636
0.11557144185780992
0.15536236314165483
0.2072643329623806
0.2741022473003616
0.35689965559897613
0.45601518775726535
0.5676914622885384
0.6853161099867203
0.7987800537186006
0.8885492788946866
0.9507123820710148
0.9850610196612892
0.9967322954111031
0.9995472910199
0.9999766314591902
0.9999996947984559
0.9999999970012079
0.9999999999946961
1.0
1.0
1.0
1.0
1.0
1.0
1.0
1.0
1.0
1.0
###
1e-05
1.1768119524349992e-05
1.3848863713938717e-05
1.6297508346206434e-05
1.917910261672489e-05
2.2570197196339216e-05
2.656087782946684e-05
3.1257158496882356e-05
3.678379771828634e-05
4.328761281083062e-05
5.0941380148163754e-05
5.994842503189409e-05
7.054802310718646e-05
8.302175681319735e-05
9.770099572992247e-05
0.00011497569953977356
0.00013530477745798074
0.00015922827933410923
0.0001873817422860383
0.00022051307399030456
0.00025950242113997375
0.0003053855508833416
0.00035938136638046257
0.0004229242874389499
0.0004977023564332109
0.0005857020818056661
0.0006892612104349695
0.0008111308307896872
0.0009545484566618337
0.0011233240329780276
0.0013219411484660286
0.0015556761439304723
0.0018307382802953678
0.002154434690031882
0.0025353644939701114
0.0029836472402833374
0.003511191734215131
0.004132012400115334
0.004862601580065354
0.005722367659350214
0.006734150657750821
0.007924828983539169
0.0093260334688322
0.010974987654930556
0.01291549665014884
0.01519911082952933
0.01788649529057435
0.0210490414451202
0.02477076355991709
0.029150530628251757
0.034304692863149154
0.040370172585965536
0.047508101621027934
0.05590810182512223
0.06579332246575675
0.0774263682681127
0.09111627561154886
0.10722672220103231
0.1261856883066021
0.14849682622544635
0.1747528400007683
0.20565123083486514
0.24201282647943834
0.2848035868435799
0.3351602650938841
0.3944206059437656
0.46415888336127725
0.5462277217684337
0.642807311728432
0.7564633275546291
0.8902150854450375
1.0476157527896641
1.232846739442066
1.4508287784959402
1.7073526474706886
2.009233002565046
2.364489412645407
2.782559402207126
3.274549162877725
3.8535285937105273
4.534878508128582
5.3366992312063015
6.280291441834247
7.390722033525775
8.697490026177835
10.235310218990248
12.045035402587812
14.174741629268048
16.68100537200059
19.630406500402685
23.10129700083158
27.1858824273294
31.992671377973846
37.64935806792464
44.30621457583877
52.14008287999685
61.35907273413163
72.20809018385457
84.97534359086438
100.0
###
0.20984251447995278
0.18724407691842912
0.1658122321998814
0.1459403181011392
0.12785178210490492
0.1116515060895028
0.10073857071743156
0.087790449779896
0.07649732407597784
0.06675021959088871
0.6669231555070076
0.5642182363540614
0.47242599346656594
0.39181569275598127
0.3220485063807946
0.26238497607501726
0.22363949503567573
0.1790565553372738
0.14154579851012553
0.10996811545823218
0.9756272640918261
0.8077032043208988
0.6611435339001622
0.5354331341233877
0.4289546995972988
0.33973405547818
0.2828326059618162
0.21851349583756588
0.1654614063153457
0.12179126040948297
1.2236233015116833
0.9992976530678637
0.8065223521688464
0.643430237604763
0.5072575380229327
0.39471750599153804
0.3237788864972498
0.24455685522385404
0.18015670336870646
0.12792560641406353
1.4358260415380144
1.1610545577854974
0.9275211956704671
0.7320359454607245
0.5704251156114146
0.43821769861920085
0.35563159948891854
0.2642441922115484
0.19077800108950949
0.13192607777649756
1.6236795329047944
1.3028476059376854
1.0325007863299156
0.8080545197606187
0.623996466411729
0.4746060064228634
0.3819561425337515
0.2801856174423827
0.19911461982272052
0.13482533089114096
1.7935610181293387
1.4301030246053859
1.1259650695732828
0.8751573524887479
0.6708359135530229
0.5060897943977726
0.4045236906434236
0.29364406262805604
0.205989166488294
0.1370767980944865
1.9495239648825444
1.5461820961510686
1.210660662832002
0.935536981487243
0.7126679945002555
0.5339678650843896
0.42435955620039906
0.30532863071508487
0.21184950854803763
0.1389057752844754
2.0942670783117325
1.6533515508338095
1.2884112635463945
0.990653587014973
0.7506137590957048
0.559068227635241
0.4421091430373764
0.31567947831199883
0.2169651376770634
0.14044202820262233
2.2297288891241656
1.7531482989689773
1.3604926712722554
1.0414898529431826
0.7854186034840084
0.5819550167899418
0.4582086298624324
0.32498952334242126
0.22150958186759495
0.14176540442946675
2.357350371159874
1.8468210300199808
1.4278533446011774
1.0887804749206893
0.8176360640982896
0.6030310935020294
0.4729669775862025
0.3334613503629409
0.22560255559608
0.1429267366980381
2.478326372451466
1.9352632240684606
1.4911873853988558
1.1330735905808846
0.847686928370923
0.622595170274323
0.48662131156629784
0.34124215532585667
0.22932910820279515
0.14393391753700144
2.593361563403916
2.0191062865199956
1.5510523585394254
1.1747931739826911
0.875884259129668
0.6408751941489981
0.49932499115373896
0.3484479053059352
0.232752304962601
0.14489465154708187
2.7032450436753996
2.098948615553043
1.6078934164620795
1.2142741443789216
0.902477273289932
0.6580495397195228
0.5112219452821744
0.3551624584063573
0.23592001861086476
0.14574503871520356
2.808526988793446
2.1752467925406274
1.6620584759830983
1.2517887229003546
0.9276659790234852
0.6742664836583157
0.5224188114864318
0.36145194869779446
0.23886964177617653
0.146527857405641