# datat/BKevo/GBW_BKevo/gbw23.dat
# N(r,Y=0), r, *FL(x,Q^2)
# 1e-05 < r < 100.0
# 1 < Q^2 < 50, n=15, log grid
# 1e-5 < x < 1e-2, n=10, log grid
###
2.5789278599654568e-14
3.802101455925964e-14
5.637525876209356e-14
8.333930694266527e-14
1.227674909640061e-13
1.8180179390022584e-13
2.692745321886532e-13
3.9680268563500986e-13
5.86733534942612e-13
8.695870295824031e-13
1.2821827371956683e-12
1.8927308759594005e-12
2.8077971833489603e-12
4.143302883483761e-12
6.1051609892032586e-12
9.065074396428258e-12
1.3387103157068727e-11
1.9690058549329672e-11
2.926308909074602e-11
4.324917993878791e-11
6.361433925229376e-11
9.44517573296678e-11
1.3970721434898035e-10
2.0563646207726763e-10
3.0481776700565197e-10
4.512412044737248e-10
6.646620566506715e-10
9.835795896162764e-10
1.457290881381157e-09
2.1481078414453855e-09
3.1733371293014075e-09
4.705763937296323e-09
6.941683648378272e-09
1.0236672945118925e-08
1.5193546265193662e-08
2.2429835251443117e-08
3.301685449483395e-08
4.9049206145877825e-08
7.246675498474002e-08
1.0655791263906176e-07
1.58324188600422e-07
2.341002674251546e-07
3.444688476753576e-07
5.109796277244128e-07
7.561608595075536e-07
1.1134480925701302e-06
1.6489191565860014e-06
2.442161209959816e-06
3.5986911075942758e-06
5.320258385544132e-06
7.886431621485457e-06
1.1629791256525972e-05
1.716330371131433e-05
2.546418240589316e-05
3.757926512624665e-05
5.536028216287584e-05
8.220810509411703e-05
0.00012141260417143479
0.00017852976305250917
0.00026534726021358037
0.00039218294256718064
0.0005768538699832274
0.0008561819983182969
0.001266279121343144
0.0018634749958663303
0.002760372301043838
0.0040840038236610605
0.00601043125439092
0.008879235426413739
0.013127884688456515
0.019293098408214464
0.028361760710916995
0.04176049465678062
0.06099431371173939
0.08861868561239677
0.1285387828517649
0.18380181595682926
0.2586355089703058
0.3577343526375035
0.4796579572776801
0.6193209065509354
0.7574433860892281
0.874780484310796
0.9547351971285505
0.9887383609505674
0.998350896741228
0.9999203761559236
0.9999993524417146
0.9999999968765033
0.9999999999983791
1.0
1.0
1.0
1.0
1.0
1.0
1.0
1.0
1.0
1.0
###
1e-05
1.1768119524349992e-05
1.3848863713938717e-05
1.6297508346206434e-05
1.917910261672489e-05
2.2570197196339216e-05
2.656087782946684e-05
3.1257158496882356e-05
3.678379771828634e-05
4.328761281083062e-05
5.0941380148163754e-05
5.994842503189409e-05
7.054802310718646e-05
8.302175681319735e-05
9.770099572992247e-05
0.00011497569953977356
0.00013530477745798074
0.00015922827933410923
0.0001873817422860383
0.00022051307399030456
0.00025950242113997375
0.0003053855508833416
0.00035938136638046257
0.0004229242874389499
0.0004977023564332109
0.0005857020818056661
0.0006892612104349695
0.0008111308307896872
0.0009545484566618337
0.0011233240329780276
0.0013219411484660286
0.0015556761439304723
0.0018307382802953678
0.002154434690031882
0.0025353644939701114
0.0029836472402833374
0.003511191734215131
0.004132012400115334
0.004862601580065354
0.005722367659350214
0.006734150657750821
0.007924828983539169
0.0093260334688322
0.010974987654930556
0.01291549665014884
0.01519911082952933
0.01788649529057435
0.0210490414451202
0.02477076355991709
0.029150530628251757
0.034304692863149154
0.040370172585965536
0.047508101621027934
0.05590810182512223
0.06579332246575675
0.0774263682681127
0.09111627561154886
0.10722672220103231
0.1261856883066021
0.14849682622544635
0.1747528400007683
0.20565123083486514
0.24201282647943834
0.2848035868435799
0.3351602650938841
0.3944206059437656
0.46415888336127725
0.5462277217684337
0.642807311728432
0.7564633275546291
0.8902150854450375
1.0476157527896641
1.232846739442066
1.4508287784959402
1.7073526474706886
2.009233002565046
2.364489412645407
2.782559402207126
3.274549162877725
3.8535285937105273
4.534878508128582
5.3366992312063015
6.280291441834247
7.390722033525775
8.697490026177835
10.235310218990248
12.045035402587812
14.174741629268048
16.68100537200059
19.630406500402685
23.10129700083158
27.1858824273294
31.992671377973846
37.64935806792464
44.30621457583877
52.14008287999685
61.35907273413163
72.20809018385457
84.97534359086438
100.0
###
0.15446971907152748
0.133894858463404
0.11525549290392652
0.09864529533609435
0.08404733127513948
0.07131975723309775
0.06290619828719059
0.05306086576040413
0.044583167593948494
0.0372735035736778
0.43742033498952637
0.3579105973002316
0.28976088426737784
0.2320886320906374
0.18374972667593778
0.14352349778048504
0.11794662517717437
0.08904525397993371
0.0651396591932241
0.04532205615386192
0.6122268588690292
0.4898072203122185
0.3872047219535335
0.3022154214685816
0.232508656839292
0.17574017017682947
0.140348110265393
0.10117542165328686
0.06960653879255975
0.04420302956884436
0.7472635991573807
0.589558489872847
0.4592137947643076
0.3527489451064794
0.26660896839785575
0.19745174854363887
0.15490400570196988
0.10847136985882773
0.07172990041494207
0.04279107061071815
0.8599705719914343
0.6717199385347712
0.5176745187862952
0.39310702346711685
0.2933456564439512
0.21409522931116262
0.1658205836044155
0.11369942746610937
0.07303079444298341
0.041529293002649514
0.9579642633763578
0.7424364594262199
0.5674631559643827
0.4270861306848169
0.3155662895180913
0.22770963902123864
0.17461592208729507
0.11778352495420172
0.07393898444864515
0.04043786152536777
1.0453708451348933
0.8050213388607663
0.6111759587187626
0.45665567351927355
0.3347011893766176
0.23929295757488567
0.1820139879084839
0.1211409717560106
0.07462528072083571
0.03949045817241407
1.1246900909230881
0.8614649515932357
0.6503333932740711
0.4829494666835206
0.35158043303638015
0.24941075741193877
0.18841863274048626
0.12399692840754821
0.07517201454612105
0.03865901397943308
1.1975987732846616
0.9130742018093357
0.6859360740810106
0.5067108351081738
0.3667296640565755
0.25841931906684373
0.19407862734668835
0.1264846756817908
0.07562429040129251
0.03792198338627057
1.2652856426654129
0.9607598700414897
0.718673384364136
0.5284454128572371
0.380505524515307
0.26655516244646765
0.19915873889215968
0.12869206114982404
0.0760093323506263
0.03726186610831368
1.3285897990709845
1.0051849625014642
0.7490433107168095
0.5485188126070842
0.3931689912275715
0.27398540784902253
0.20377338359555838
0.13067758012277514
0.07633232366851792
0.03666539200787639
1.3881717955050237
1.0468493340673808
0.777418974657624
0.5671957480104622
0.40489256266045925
0.28083163192469635
0.20800584634700062
0.13248329115671856
0.07663955407071757
0.03612359248260263
1.4445396725196773
1.0861401635785441
0.804087790083174
0.5846851337285448
0.415826234174704
0.28718785322947865
0.2119183961357177
0.13414017314173465
0.07690463958183966
0.03562568412839407
1.4980980925453415
1.1233643905370057
0.8292765213845552
0.6011560352993458
0.42608123647002516
0.2931239265664544
0.21555909959990985
0.13567114224013443
0.07714518818923355
0.035167165155231016
1.5491752006346533
1.1587699724766012
0.853167557716806
0.6167270512902137
0.4357461426414554
0.2986970360884111
0.2189636794244367
0.13709689975558528
0.07736526126296749
0.034742072807791735