# datat/BKevo/MVe_BKevo/mve45.dat
# N(r,Y=0), r, *FL(x,Q^2)
# 1e-05 < r < 100.0
# 1 < Q^2 < 50, n=15, log grid
# 1e-5 < x < 1e-2, n=10, log grid
###
9.732281377392676e-11
1.3276374609335446e-10
1.818743109077548e-10
2.487721841047354e-10
3.393290120862408e-10
4.6419950439716977e-10
6.348818843524756e-10
8.658649606514665e-10
1.182783089995821e-09
1.6174588772246805e-09
2.205515684087353e-09
3.0082504196043335e-09
4.113027109248866e-09
5.607086618243249e-09
7.636002295789704e-09
1.043782011880774e-08
1.4225273046285465e-08
1.9341431443849648e-08
2.6430309045340752e-08
3.600821100476057e-08
4.892331241377001e-08
6.676601830313139e-08
9.092300535678737e-08
1.2347746863018414e-07
1.6822059102124632e-07
2.2897317649759956e-07
3.1078968870789103e-07
4.2264760203399146e-07
5.749608038223464e-07
7.799317412792084e-07
1.0586674385493118e-06
1.4392730364881973e-06
1.9510566870587662e-06
2.6432701940039534e-06
3.591093706485112e-06
4.864572284105449e-06
6.577750736854375e-06
8.93020166462326e-06
1.2088627869760366e-05
1.6321164105579215e-05
2.2136499179172382e-05
2.9948402541120617e-05
4.0412761282321455e-05
5.472561343202113e-05
7.401675027618271e-05
9.986145032690571e-05
0.00013507558952465835
0.00018273635738332415
0.00024665068061093686
0.0003334827087265901
0.0004516386352713882
0.000610414558447215
0.0008257105224192622
0.0011206472750351479
0.00151819676735197
0.0020565870282683693
0.0027998448933137005
0.003805207140363079
0.005164776584617075
0.0070560770769073685
0.009621387905371842
0.013095718835597243
0.017919399106823945
0.024483309114407794
0.03336127166347573
0.04558219369310894
0.062163656158735627
0.08437495772389289
0.11432057385636665
0.15415554148404526
0.20591739237527842
0.272308473969792
0.3551445912928422
0.45411938102201915
0.5665498036191586
0.6835900445380335
0.7956415644100779
0.8900025459342021
0.9505324864551693
0.9837705136686509
0.9970443858297652
0.9995953680584898
0.9999709956027949
0.999999539532627
0.9999999987068765
0.9999999999973322
0.9999999999999994
1.0
1.0
1.0
1.0
1.0
1.0
1.0
1.0
1.0
1.0
1.0
1.0
1.0
###
1e-05
1.1768119524349992e-05
1.3848863713938717e-05
1.6297508346206434e-05
1.917910261672489e-05
2.2570197196339216e-05
2.656087782946684e-05
3.1257158496882356e-05
3.678379771828634e-05
4.328761281083062e-05
5.0941380148163754e-05
5.994842503189409e-05
7.054802310718646e-05
8.302175681319735e-05
9.770099572992247e-05
0.00011497569953977356
0.00013530477745798074
0.00015922827933410923
0.0001873817422860383
0.00022051307399030456
0.00025950242113997375
0.0003053855508833416
0.00035938136638046257
0.0004229242874389499
0.0004977023564332109
0.0005857020818056661
0.0006892612104349695
0.0008111308307896872
0.0009545484566618337
0.0011233240329780276
0.0013219411484660286
0.0015556761439304723
0.0018307382802953678
0.002154434690031882
0.0025353644939701114
0.0029836472402833374
0.003511191734215131
0.004132012400115334
0.004862601580065354
0.005722367659350214
0.006734150657750821
0.007924828983539169
0.0093260334688322
0.010974987654930556
0.01291549665014884
0.01519911082952933
0.01788649529057435
0.0210490414451202
0.02477076355991709
0.029150530628251757
0.034304692863149154
0.040370172585965536
0.047508101621027934
0.05590810182512223
0.06579332246575675
0.0774263682681127
0.09111627561154886
0.10722672220103231
0.1261856883066021
0.14849682622544635
0.1747528400007683
0.20565123083486514
0.24201282647943834
0.2848035868435799
0.3351602650938841
0.3944206059437656
0.46415888336127725
0.5462277217684337
0.642807311728432
0.7564633275546291
0.8902150854450375
1.0476157527896641
1.232846739442066
1.4508287784959402
1.7073526474706886
2.009233002565046
2.364489412645407
2.782559402207126
3.274549162877725
3.8535285937105273
4.534878508128582
5.3366992312063015
6.280291441834247
7.390722033525775
8.697490026177835
10.235310218990248
12.045035402587812
14.174741629268048
16.68100537200059
19.630406500402685
23.10129700083158
27.1858824273294
31.992671377973846
37.64935806792464
44.30621457583877
52.14008287999685
61.35907273413163
72.20809018385457
84.97534359086438
100.0
###
0.2761896478544088
0.2572297414356715
0.23839922141689615
0.2201991360761827
0.20305117992896016
0.18724713616754293
0.1764315816792735
0.1634580979497735
0.15219208351190283
0.1426427462909302
0.9892356937164082
0.8793356933633043
0.7755508617879097
0.6798213876906402
0.5930281050447762
0.5155810309357941
0.46354524239680145
0.40184647588938
0.3482579620097137
0.3019884123891278
1.5156292474036033
1.3193603011716144
1.1382554610875737
0.9745757129775182
0.8290038566353073
0.7014008224458094
0.6167440193340635
0.5174361806115103
0.43210555308728493
0.3589280563456814
1.9555188983071363
1.6791702372265698
1.4279856917822846
1.204125094231643
1.0076263204151423
0.8373734802978157
0.7255140680844064
0.5954650816728287
0.48468136601631306
0.390417676446919
2.34143293900526
1.9902787742585342
1.674625199906089
1.3962574371189862
1.1543665246115402
0.946531720733208
0.8111468915515698
0.6548150288109457
0.5227206676708778
0.41110469359352503
2.6892474317002772
2.2676109818083408
1.891971277150745
1.563454546131795
1.2802362373537124
1.0387669434037485
0.882379789784377
0.7028879141762059
0.5523677647529045
0.42599428169837306
3.008215633097288
2.519743165091715
2.0877585470497855
1.7125807978187697
1.3912672433936115
1.1190422974177836
0.9436858301025249
0.7435620326145542
0.5766039345953077
0.43738647116563006
3.3043177572282105
2.752119400540905
2.2668258738373814
1.847903124648737
1.49109579101616
1.1904582032370041
0.9977117847747146
0.7787647650443948
0.5970904514124209
0.4464510304459949
3.581696387062079
2.9684775617939
2.4324915484045193
1.9722049402379846
1.5821061139889658
1.2549935888365273
1.046146357782188
0.8098897848365582
0.6148095295044345
0.45389925933037134
3.8433637523039015
3.171443953824818
2.587082225800546
2.0874600861736297
1.6659688505111832
1.3140221609182772
1.0901380829492517
0.8378300333526942
0.6304283068368564
0.4601673306363604
4.091598597952701
3.3631308397605237
2.7323369804189666
2.1953058207998124
1.7439047014070934
1.3685057950693476
1.1305074480104582
0.8632112643472543
0.6443874183692336
0.46553735845839334
4.328174076170358
3.545048877803058
2.869702649313048
2.2966728140959844
1.8168288603936515
1.4191641997491542
1.1678609428713842
0.8864860764619975
0.6568696089622542
0.4702231028041828
4.554316248111779
3.7184286111713725
3.0000140617896967
2.392515455550668
1.8854494031007276
1.4665966353279214
1.2026428132685618
0.9079972638059914
0.6685244604279663
0.47435697947546174
4.771530585787001
3.8843509987526827
3.124210987248559
2.4834820074700183
1.950328592358637
1.511226965631094
1.2352977868333825
0.9280086851747298
0.6791227703854814
0.4780509039852654
4.980592099804997
4.043466942342297
3.2429803025225508
2.5701849567943142
2.0119201845846986
1.5534129436446662
1.2660013083352373
0.946728382382116
0.6889325925454248
0.4813607983994688