# datat/BKevo/GBW_BKevo/gbw10.dat
# N(r,Y=0), r, *FL(x,Q^2)
# 1e-05 < r < 100.0
# 1 < Q^2 < 50, n=15, log grid
# 1e-5 < x < 1e-2, n=10, log grid
###
9.949787285637862e-06
1.1336382075544976e-05
1.2911183550556099e-05
1.4706331125017531e-05
1.6755161684537735e-05
1.9084270144169704e-05
2.1736867070872695e-05
2.47642230658106e-05
2.8208958057350462e-05
3.21285700526916e-05
3.660180198242381e-05
4.169656007120987e-05
4.748837864358181e-05
5.4098037840611364e-05
6.163319198622599e-05
7.019146037417787e-05
7.995787916358278e-05
9.11023722400932e-05
0.00010374841050669569
0.00011817915065625651
0.00013464969565709243
0.00015334786884263442
0.0001746702857586651
0.00019900574652105454
0.00022665823432131834
0.0002581629251287313
0.0002941180357479114
0.0003350119283543877
0.0003815597817211435
0.0004346806435759017
0.0004951541560150349
0.0005639246052554598
0.000642401914688161
0.0007318239481033697
0.0008334184432266429
0.0009493453922409517
0.0010815607522044414
0.0012316284966500156
0.0014028532231528594
0.0015982527155023552
0.001819941948668247
0.0020727910551869844
0.002361306667210371
0.0026889131194495486
0.00306218602011133
0.0034880470960784045
0.003971991006456327
0.004522796566191048
0.005151068556035094
0.005865552430574652
0.006677790543721025
0.007603985892795092
0.008657952584651608
0.00985453636131462
0.011218415334575849
0.012771248751048611
0.014531491945536072
0.01653658903560759
0.01882024519750668
0.02140410527404625
0.024344719569907927
0.027690931083440645
0.03147492608942417
0.03577203145182817
0.0406545874094825
0.04617132390964853
0.05241726704026166
0.05949869862846665
0.06748713600892862
0.07649440170159641
0.08667368867952908
0.0981258996259156
0.11096449097900775
0.12540478323660637
0.14158193818277537
0.15956819073358036
0.17965661865809857
0.20201608628491646
0.22657836983452107
0.25372773893589745
0.2836272545709783
0.31595543131133796
0.351111893659357
0.3891674809978893
0.42948697278501585
0.47222351211292496
0.5173187962781559
0.5637082759103085
0.611026128846494
0.6591077256747124
0.7065062757988569
0.7521440556101006
0.7960085501337636
0.8366762910060151
0.8725809562785996
0.9043780149357507
0.9313645613472061
0.9522783085855004
0.9687071932442725
0.9809794057923739
###
1e-05
1.1768119524349992e-05
1.3848863713938717e-05
1.6297508346206434e-05
1.917910261672489e-05
2.2570197196339216e-05
2.656087782946684e-05
3.1257158496882356e-05
3.678379771828634e-05
4.328761281083062e-05
5.0941380148163754e-05
5.994842503189409e-05
7.054802310718646e-05
8.302175681319735e-05
9.770099572992247e-05
0.00011497569953977356
0.00013530477745798074
0.00015922827933410923
0.0001873817422860383
0.00022051307399030456
0.00025950242113997375
0.0003053855508833416
0.00035938136638046257
0.0004229242874389499
0.0004977023564332109
0.0005857020818056661
0.0006892612104349695
0.0008111308307896872
0.0009545484566618337
0.0011233240329780276
0.0013219411484660286
0.0015556761439304723
0.0018307382802953678
0.002154434690031882
0.0025353644939701114
0.0029836472402833374
0.003511191734215131
0.004132012400115334
0.004862601580065354
0.005722367659350214
0.006734150657750821
0.007924828983539169
0.0093260334688322
0.010974987654930556
0.01291549665014884
0.01519911082952933
0.01788649529057435
0.0210490414451202
0.02477076355991709
0.029150530628251757
0.034304692863149154
0.040370172585965536
0.047508101621027934
0.05590810182512223
0.06579332246575675
0.0774263682681127
0.09111627561154886
0.10722672220103231
0.1261856883066021
0.14849682622544635
0.1747528400007683
0.20565123083486514
0.24201282647943834
0.2848035868435799
0.3351602650938841
0.3944206059437656
0.46415888336127725
0.5462277217684337
0.642807311728432
0.7564633275546291
0.8902150854450375
1.0476157527896641
1.232846739442066
1.4508287784959402
1.7073526474706886
2.009233002565046
2.364489412645407
2.782559402207126
3.274549162877725
3.8535285937105273
4.534878508128582
5.3366992312063015
6.280291441834247
7.390722033525775
8.697490026177835
10.235310218990248
12.045035402587812
14.174741629268048
16.68100537200059
19.630406500402685
23.10129700083158
27.1858824273294
31.992671377973846
37.64935806792464
44.30621457583877
52.14008287999685
61.35907273413163
72.20809018385457
84.97534359086438
100.0
###
0.33546823218815497
0.3049786813552743
0.26767654539900915
0.22605987690351534
0.183526190510505
0.1434487305766979
0.11656265790215183
0.08601128319101074
0.06177461088089908
0.04336594162113307
1.4337863398906994
1.2442658580982442
1.0377849819829306
0.8315364590260084
0.6411137183864419
0.4773267354106285
0.3749838802095257
0.26566839397382025
0.18408000096025648
0.12518571936287
2.404937184079577
2.0455330922172994
1.6710011593141145
1.3118076007537323
0.9922204241443807
0.7260352972415436
0.5637432030173094
0.3939798380112851
0.2698102256232529
0.18166079144246844
3.305336429071504
2.775019803452048
2.2372979738048575
1.734354557334863
1.296642430728308
0.9389976672177716
0.7241128558469656
0.5020495253643107
0.3414990407827617
0.22863694322740258
4.15666412161899
3.4562668346070504
2.759935033007408
2.1202868275035818
1.572124431847522
1.1302626333730201
0.8674371909084114
0.5981305338171057
0.4049785565685056
0.2701056430327917
4.970351282566793
4.101470558882391
3.2507705389684944
2.4795699151378248
1.827146537657846
1.3063409964386392
0.9989313361611548
0.6859615899595859
0.46284868552640024
0.307821380146219
5.753707024647457
4.718082672871271
3.716612483060562
2.8188087100369716
2.0664571672377083
1.47093156921375
1.1215396662014567
0.7676327449819221
0.5165464162347952
0.34275946391029494
6.511694087856347
5.3111155254704805
4.161734671522238
3.1416608961869437
2.293322257929283
1.626397720238771
1.2371259543491655
0.8444595727881106
0.5669808269436616
0.37553510468250006
7.247919606200558
5.884162511846419
4.590096076482578
3.450882959509147
2.509870132776862
1.774371844879194
1.346965783911571
0.9173370037986855
0.6147309602553438
0.4065524133827854
7.965685941279643
6.4399203009422585
5.004475169884989
3.7485016168099565
2.717685424853713
1.9161385111526685
1.4519802046365964
0.9869060593018766
0.6602781012921969
0.43610377711452647
8.666211119301686
6.98048308808988
5.405577485117985
4.036061501442565
2.917968948171611
2.052338968991412
1.5528601835048883
1.0536508347819313
0.7039321048232123
0.46440697715734014
9.351689558190541
7.507270831545483
5.795405912530735
4.315153701586193
3.111658679385029
2.1839338176644327
1.6501415858136095
1.1179340273716691
0.7459437861781182
0.4916292972645999
10.023466416554838
8.022106589386395
6.17514434606064
4.5860199969949385
3.2995050079538677
2.311336992460644
1.7442386553406337
1.180063902099174
0.7865149777782618
0.5179032039798332
10.682774851061101
8.525904820823241
6.545782702211367
4.849816026485403
3.4821894089548775
2.435014413229124
1.8354803473128547
1.240256353757322
0.8258053330368919
0.5433354794217601
11.330620892437777
9.019618413546766
6.908147377334216
5.107341915370694
3.6601133813645146
2.5553401034680014
1.924201626230763
1.2987397047921256
0.8639471981989277
0.5680137082400493