# datat/BKevo/GBW_BKevo/gbw24.dat
# N(r,Y=0), r, *FL(x,Q^2)
# 1e-05 < r < 100.0
# 1 < Q^2 < 50, n=15, log grid
# 1e-5 < x < 1e-2, n=10, log grid
###
1.7879497711178176e-16
3.262363885242602e-16
4.715228819596043e-16
6.795933435913149e-16
1.0724730771084415e-15
1.6871926865846916e-15
2.731130623332607e-15
4.332300031588212e-15
6.733676835911087e-15
1.0736255620439223e-14
1.6858347345651016e-14
2.6532657584949657e-14
4.21146258716162e-14
6.623078117837891e-14
1.0404045552672413e-13
1.653023180708587e-13
2.6034557001484873e-13
4.0766824709383074e-13
6.485107456091588e-13
1.0227833049400952e-12
1.6017366107619977e-12
2.544232540776412e-12
4.017528251239626e-12
6.298162704030195e-12
9.979418062683061e-12
1.577809182654678e-11
2.476085875825198e-11
3.9134671519505665e-11
6.195410901902637e-11
9.733028574315622e-11
1.5343434991593043e-10
2.4322367082973115e-10
3.825280188325631e-10
6.014286147600296e-10
9.546828053475104e-10
1.5031735671245602e-09
2.3569092705242312e-09
3.746516077975816e-09
5.9058712606636696e-09
9.245021901018286e-09
1.4699713496541903e-08
2.319988704378068e-08
3.6353632706876613e-08
5.7663409296948304e-08
9.111981307358557e-08
1.4293028159698568e-07
2.26151368182467e-07
3.5781845040835294e-07
5.618696632224859e-07
8.867530270355127e-07
1.4048608987071365e-06
2.2084112210853486e-06
3.4762214217687764e-06
5.514699555506399e-06
8.678702445055164e-06
1.3624142064728639e-05
2.164332563820154e-05
3.4100064121876796e-05
5.338262015545275e-05
8.492380939037307e-05
0.000133957452858866
0.000209807308354382
0.00033312334922947726
0.0005260647602856752
0.0008246887631376742
0.0013059553932298809
0.002064328535198064
0.0032381588697204776
0.005111273133783834
0.00808040138271337
0.012667079677979337
0.019887812836626884
0.03133766686212776
0.04884907100847161
0.07570000076180236
0.11732258918216011
0.1783720173744237
0.2653879060507134
0.3856531471764033
0.535190490340526
0.7016502070309975
0.8472768594134733
0.9457202387652947
0.9905025656064932
0.9992014444468429
0.9999725166658006
0.9999998622450734
0.9999999999990598
1.0
1.0
1.0
1.0
1.0
1.0
1.0
1.0
1.0
1.0
1.0
1.0
###
1e-05
1.1768119524349992e-05
1.3848863713938717e-05
1.6297508346206434e-05
1.917910261672489e-05
2.2570197196339216e-05
2.656087782946684e-05
3.1257158496882356e-05
3.678379771828634e-05
4.328761281083062e-05
5.0941380148163754e-05
5.994842503189409e-05
7.054802310718646e-05
8.302175681319735e-05
9.770099572992247e-05
0.00011497569953977356
0.00013530477745798074
0.00015922827933410923
0.0001873817422860383
0.00022051307399030456
0.00025950242113997375
0.0003053855508833416
0.00035938136638046257
0.0004229242874389499
0.0004977023564332109
0.0005857020818056661
0.0006892612104349695
0.0008111308307896872
0.0009545484566618337
0.0011233240329780276
0.0013219411484660286
0.0015556761439304723
0.0018307382802953678
0.002154434690031882
0.0025353644939701114
0.0029836472402833374
0.003511191734215131
0.004132012400115334
0.004862601580065354
0.005722367659350214
0.006734150657750821
0.007924828983539169
0.0093260334688322
0.010974987654930556
0.01291549665014884
0.01519911082952933
0.01788649529057435
0.0210490414451202
0.02477076355991709
0.029150530628251757
0.034304692863149154
0.040370172585965536
0.047508101621027934
0.05590810182512223
0.06579332246575675
0.0774263682681127
0.09111627561154886
0.10722672220103231
0.1261856883066021
0.14849682622544635
0.1747528400007683
0.20565123083486514
0.24201282647943834
0.2848035868435799
0.3351602650938841
0.3944206059437656
0.46415888336127725
0.5462277217684337
0.642807311728432
0.7564633275546291
0.8902150854450375
1.0476157527896641
1.232846739442066
1.4508287784959402
1.7073526474706886
2.009233002565046
2.364489412645407
2.782559402207126
3.274549162877725
3.8535285937105273
4.534878508128582
5.3366992312063015
6.280291441834247
7.390722033525775
8.697490026177835
10.235310218990248
12.045035402587812
14.174741629268048
16.68100537200059
19.630406500402685
23.10129700083158
27.1858824273294
31.992671377973846
37.64935806792464
44.30621457583877
52.14008287999685
61.35907273413163
72.20809018385457
84.97534359086438
100.0
###
0.1478975277659689
0.12817313156024357
0.11043027070837094
0.09471550029223727
0.08097024411541297
0.06902163974644944
0.061152735535084955
0.05194592635234447
0.04402741381087592
0.037184401962098775
0.40949662594007813
0.33414258374607564
0.2698297592250041
0.21553879196589357
0.17009130818444815
0.13224037366472272
0.10814384934568862
0.0807638502232981
0.05798637346790453
0.03893044774270857
0.5681533162633537
0.45289556180373175
0.35663320435095475
0.27711039785250485
0.2119464683173572
0.15885511600492733
0.12570269149169255
0.08892336749830132
0.05910443477574426
0.03497652879332444
0.6897573307520202
0.5419213080821498
0.4201812815370445
0.32098778746239653
0.24082790735317133
0.17647818538850837
0.13685289218156457
0.09353318636970569
0.059181728876635906
0.03199683233677789
0.7907602395314686
0.6148587661082253
0.47146689429912736
0.3558025047610982
0.2633097483254686
0.18987119675940034
0.14512686628593038
0.09677922243584236
0.05901352411305785
0.029738952032257644
0.8782935281458233
0.6774234535077419
0.5149801516269907
0.3849956901664385
0.2819065632296158
0.20077119940690372
0.15175673201458645
0.09929268412479697
0.058831681631185746
0.027960212637892844
0.9561344910844253
0.732637640210305
0.5530620103291208
0.410318731278722
0.29786869063952026
0.2100138424532931
0.15731590257810085
0.10135442271643857
0.05865553421657142
0.02651189571994354
1.0266202374982605
0.7823152688602805
0.5870964848960558
0.4327789386804611
0.31191322699149676
0.21806953769138068
0.16211971337794745
0.10310711807770492
0.05849711938809212
0.025301700191610377
1.0912932999236156
0.8276525418350735
0.6179864500853629
0.45303527113060493
0.32449353559002986
0.2252291469484244
0.16636070707243364
0.10463734602765198
0.058356476960971015
0.02426944418508007
1.1512294973924266
0.8694752942278134
0.6463408729596213
0.4715327169457508
0.33591486311820923
0.23168690345974471
0.1701648466618092
0.1059985919901236
0.05823350721536297
0.023374485720491736
1.2072142662571679
0.9083847295610968
0.6726077007011582
0.4885893831514237
0.3463935572112287
0.23757848732612435
0.17361946306035622
0.10722634637074535
0.0581257335708282
0.0225880532659949
1.2598603960211534
0.9448315030882887
0.6971174648180566
0.5044414084315756
0.3560889566961563
0.24300301457794649
0.17678829812032562
0.10834676424603137
0.05803149557566962
0.021888439231511726
1.3095923722529277
0.9791644136212164
0.720127318385473
0.519269161898032
0.3651219238247011
0.24803501482184814
0.17971612805403775
0.10937867435801046
0.05794894856292702
0.021261702491397336
1.3568081813937172
1.0116594767318927
0.741838470539492
0.5332173903964771
0.37358661860598685
0.2527317080235101
0.18244144361953407
0.11033560307861269
0.05786435468227164
0.020695297526296962
1.401786338740787
1.0425392381595264
0.7624124847464117
0.5463928494849674
0.3815578587614118
0.2571394375258506
0.1849919307177968
0.11122907103777573
0.05781263242242241
0.020179146106741323