# datat/BKevo/MVe_BKevo/mve20.dat
# N(r,Y=0), r, *FL(x,Q^2)
# 1e-05 < r < 100.0
# 1 < Q^2 < 50, n=15, log grid
# 1e-5 < x < 1e-2, n=10, log grid
###
4.866117258083504e-11
6.638159549092105e-11
9.093660098617213e-11
1.2438524592557045e-10
1.6966307015861632e-10
2.3209749896531114e-10
3.174372081501546e-10
4.329264259648957e-10
5.913816967005629e-10
8.087132914174663e-10
1.1027316361746384e-09
1.5040827116082193e-09
2.0564438243155456e-09
2.8034299795215335e-09
3.817817490087578e-09
5.218608322234849e-09
7.112145683802279e-09
9.669922818494056e-09
1.3213849894405885e-08
1.800198053814294e-08
2.4458223941368226e-08
3.337737185998616e-08
4.5452309022407514e-08
6.172386964293265e-08
8.408595676551553e-08
1.1444684735629671e-07
1.5533053093015662e-07
2.1121884948211926e-07
2.8730884943450853e-07
3.896880339247903e-07
5.288819816297025e-07
7.18897495471775e-07
9.743308957994912e-07
1.3196961104361505e-06
1.792373418617792e-06
2.4271441785597265e-06
3.2805883248131525e-06
4.451541510090806e-06
6.022360443784835e-06
8.125351089365794e-06
1.1010761049874751e-05
1.4881307690563456e-05
2.0057686147743106e-05
2.7121959312869085e-05
3.662068284394901e-05
4.931295833157583e-05
6.654677636740771e-05
8.978318487911097e-05
0.00012081811074864595
0.00016276942319256966
0.00021952934641177626
0.0002953644784205081
0.00039750838424371554
0.00053635679210361
0.000722143456290493
0.0009717726193958381
0.0013132336371520724
0.0017713970184433075
0.0023861084209331525
0.0032334766643999134
0.00437461131814741
0.0059102997944706585
0.00802912355540308
0.010900649045446098
0.014775534224095353
0.020109342006812022
0.027368835426931123
0.037156150625550353
0.05052048169112471
0.06865438142437003
0.0928580478301492
0.12522019517696029
0.1681783341970995
0.22366035403826645
0.2941148730270649
0.3811917750304544
0.48383149128224007
0.5986876888246881
0.7147391897522989
0.8222674442256755
0.9096143191271455
0.9620580529021489
0.9885022256402348
0.9980939564499953
0.999799984792
0.999987944070868
0.9999998100488654
0.9999999998139041
0.9999999999997699
1.0
1.0
1.0
1.0
1.0
1.0
1.0
1.0
1.0
1.0
1.0
###
1e-05
1.1768119524349992e-05
1.3848863713938717e-05
1.6297508346206434e-05
1.917910261672489e-05
2.2570197196339216e-05
2.656087782946684e-05
3.1257158496882356e-05
3.678379771828634e-05
4.328761281083062e-05
5.0941380148163754e-05
5.994842503189409e-05
7.054802310718646e-05
8.302175681319735e-05
9.770099572992247e-05
0.00011497569953977356
0.00013530477745798074
0.00015922827933410923
0.0001873817422860383
0.00022051307399030456
0.00025950242113997375
0.0003053855508833416
0.00035938136638046257
0.0004229242874389499
0.0004977023564332109
0.0005857020818056661
0.0006892612104349695
0.0008111308307896872
0.0009545484566618337
0.0011233240329780276
0.0013219411484660286
0.0015556761439304723
0.0018307382802953678
0.002154434690031882
0.0025353644939701114
0.0029836472402833374
0.003511191734215131
0.004132012400115334
0.004862601580065354
0.005722367659350214
0.006734150657750821
0.007924828983539169
0.0093260334688322
0.010974987654930556
0.01291549665014884
0.01519911082952933
0.01788649529057435
0.0210490414451202
0.02477076355991709
0.029150530628251757
0.034304692863149154
0.040370172585965536
0.047508101621027934
0.05590810182512223
0.06579332246575675
0.0774263682681127
0.09111627561154886
0.10722672220103231
0.1261856883066021
0.14849682622544635
0.1747528400007683
0.20565123083486514
0.24201282647943834
0.2848035868435799
0.3351602650938841
0.3944206059437656
0.46415888336127725
0.5462277217684337
0.642807311728432
0.7564633275546291
0.8902150854450375
1.0476157527896641
1.232846739442066
1.4508287784959402
1.7073526474706886
2.009233002565046
2.364489412645407
2.782559402207126
3.274549162877725
3.8535285937105273
4.534878508128582
5.3366992312063015
6.280291441834247
7.390722033525775
8.697490026177835
10.235310218990248
12.045035402587812
14.174741629268048
16.68100537200059
19.630406500402685
23.10129700083158
27.1858824273294
31.992671377973846
37.64935806792464
44.30621457583877
52.14008287999685
61.35907273413163
72.20809018385457
84.97534359086438
100.0
###
0.2323002251490016
0.21033923737797172
0.189162631318841
0.16922103185036194
0.15085102291869681
0.13421125419000604
0.12291611871765419
0.1094448358396509
0.09765722010711743
0.08749639152656565
0.7680804698002681
0.6603213379849546
0.5622452333275834
0.47466424924734724
0.3976719435780976
0.3308110371079929
0.286878888996268
0.2357588476313124
0.19216644972612462
0.1550715122787803
1.140532326582806
0.9595079654786839
0.7986792874095379
0.6582969488183228
0.5374662947701297
0.43465144422520224
0.3681913376837482
0.29209685807240415
0.22836891219525665
0.17502606639765722
1.4435132462556781
1.1977878391729633
0.9828196703266145
0.7978337018441417
0.6408766823549882
0.5090829060089049
0.4248606203804048
0.3295090731252611
0.2507007450798654
0.1856948934834892
1.7048144786547255
1.4004641714210784
1.13718756239846
0.9130787269269923
0.7247792730890991
0.5682655271317886
0.4691343728732212
0.3578494949644694
0.26684092666320863
0.1925474506673956
1.9374389096049014
1.5790685688816481
1.27177301109507
1.012378741322518
0.7961932124011659
0.617931158212929
0.5057897231606563
0.3808203157229918
0.2794914129448729
0.1975476060066657
2.1487323844136084
1.7400104426169338
1.3920503067187553
1.1003221572360928
0.8588480872338411
0.6609900930530115
0.5372703893629525
0.40022128050813804
0.2899082914831961
0.20141815445449113
2.343394329732177
1.8872943503050346
1.5013580273781533
1.179670879397973
0.9148996730113982
0.699183303936787
0.5649734847549416
0.4170681367657921
0.2987737304506626
0.20455002759997037
2.5245819426830822
2.023638792395304
1.6019633254904635
1.2522425234975918
0.9658261202632452
0.7336186255529585
0.589796992831396
0.4319955505856995
0.3065007842808918
0.2071701575474662
2.694575180534944
2.15093719728971
1.6954034405856457
1.3193032537850635
1.0126168322124625
0.7650533107627682
0.6123211875984118
0.4454191941982366
0.31335654213520064
0.20941600801809312
2.855105843176876
2.270609302099617
1.78287922409285
1.3817871183918222
1.0559936070003395
0.7940294497602521
0.6329828114238575
0.45763789996880616
0.3195232517130951
0.21133989617169277
3.007460127040509
2.3837866942762256
1.865261210666685
1.4403899840090881
1.0964949410413245
0.8209497612742459
0.6520963336089436
0.4688604483417115
0.3251318211225592
0.21311840406975321
3.1526460226977853
2.4912660404810465
1.9432387595193068
1.4956422538466259
1.1345363466897997
0.8461220400406061
0.6699005730495642
0.4792521951569972
0.33027704470585567
0.21468251749689637
3.2915257564217524
2.593759756773931
2.017361935054142
1.5480123432057051
1.1704455637418352
0.8697876848996696
0.6865815949624332
0.48893376654969956
0.3350346075732885
0.2161015514316174
3.4247842559467263
2.6918278000249023
2.088077531422615
1.5978091024719139
1.2044860618177444
0.8921393803484104
0.702287300442514
0.4980039882211603
0.3394634021540612
0.21740226317811517