# datat/BKevo/MVe_BKevo/mve47.dat
# N(r,Y=0), r, *FL(x,Q^2)
# 1e-05 < r < 100.0
# 1 < Q^2 < 50, n=15, log grid
# 1e-5 < x < 1e-2, n=10, log grid
###
9.732517556179117e-11
1.3276755673823306e-10
1.8188068760826932e-10
2.4878251594624947e-10
3.3934572756626463e-10
4.642268544052121e-10
6.349266408490599e-10
8.659373531193993e-10
1.182901107865988e-09
1.6176521481960458e-09
2.2058292512525928e-09
3.0087602168957033e-09
4.113863095799397e-09
5.608444331281877e-09
7.638202468343084e-09
1.0441433312114872e-08
1.4231148498818537e-08
1.935091877583864e-08
2.6445911358121687e-08
3.603360859133316e-08
4.896430760708936e-08
6.683329389039503e-08
9.103261518996295e-08
1.236544969227795e-07
1.6851004854308333e-07
2.294450586430692e-07
3.115519946207541e-07
4.238888661043672e-07
5.769845188749015e-07
7.831998696081108e-07
1.063962866610184e-06
1.4479001583899618e-06
1.964971415876499e-06
2.6656819994818336e-06
3.6275325935854454e-06
4.923189994172009e-06
6.671459421720367e-06
9.081964923065728e-06
1.233162985744843e-05
1.6706449457157438e-05
2.2755643030162674e-05
3.0932504043513946e-05
4.1960404213092344e-05
5.717911002303792e-05
7.787534855784202e-05
0.00010586117892343402
0.00014443086020680693
0.00019724588573756795
0.00026888858315180403
0.00036750675383066464
0.0005035389675109456
0.0006886454901807632
0.0009430154779999776
0.0012963933432115582
0.0017785031291226918
0.0024392170745947453
0.003362943995313993
0.00462516768240574
0.006347935292638273
0.008768318959866728
0.01207533935080034
0.01658209175890044
0.022876344676453796
0.03147476179734004
0.043133161738766315
0.05919647147573876
0.08096433559540439
0.11002279442925744
0.14891547550618617
0.2000513779674445
0.26544282263374286
0.34724879350291304
0.4455801285985881
0.5576736800668176
0.6767156411057681
0.7884697082344575
0.8829321660999068
0.949968294493698
0.9827580444372346
0.9960912889617253
0.9996308003622547
0.999974135605852
0.9999991689282405
0.9999999958273641
0.9999999999991744
0.9999999999999998
1.0
1.0
1.0
1.0
1.0
1.0
1.0
1.0
1.0
1.0
1.0
1.0
1.0
1.0
###
1e-05
1.1768119524349992e-05
1.3848863713938717e-05
1.6297508346206434e-05
1.917910261672489e-05
2.2570197196339216e-05
2.656087782946684e-05
3.1257158496882356e-05
3.678379771828634e-05
4.328761281083062e-05
5.0941380148163754e-05
5.994842503189409e-05
7.054802310718646e-05
8.302175681319735e-05
9.770099572992247e-05
0.00011497569953977356
0.00013530477745798074
0.00015922827933410923
0.0001873817422860383
0.00022051307399030456
0.00025950242113997375
0.0003053855508833416
0.00035938136638046257
0.0004229242874389499
0.0004977023564332109
0.0005857020818056661
0.0006892612104349695
0.0008111308307896872
0.0009545484566618337
0.0011233240329780276
0.0013219411484660286
0.0015556761439304723
0.0018307382802953678
0.002154434690031882
0.0025353644939701114
0.0029836472402833374
0.003511191734215131
0.004132012400115334
0.004862601580065354
0.005722367659350214
0.006734150657750821
0.007924828983539169
0.0093260334688322
0.010974987654930556
0.01291549665014884
0.01519911082952933
0.01788649529057435
0.0210490414451202
0.02477076355991709
0.029150530628251757
0.034304692863149154
0.040370172585965536
0.047508101621027934
0.05590810182512223
0.06579332246575675
0.0774263682681127
0.09111627561154886
0.10722672220103231
0.1261856883066021
0.14849682622544635
0.1747528400007683
0.20565123083486514
0.24201282647943834
0.2848035868435799
0.3351602650938841
0.3944206059437656
0.46415888336127725
0.5462277217684337
0.642807311728432
0.7564633275546291
0.8902150854450375
1.0476157527896641
1.232846739442066
1.4508287784959402
1.7073526474706886
2.009233002565046
2.364489412645407
2.782559402207126
3.274549162877725
3.8535285937105273
4.534878508128582
5.3366992312063015
6.280291441834247
7.390722033525775
8.697490026177835
10.235310218990248
12.045035402587812
14.174741629268048
16.68100537200059
19.630406500402685
23.10129700083158
27.1858824273294
31.992671377973846
37.64935806792464
44.30621457583877
52.14008287999685
61.35907273413163
72.20809018385457
84.97534359086438
100.0
###
0.28858511690072236
0.2710049769407253
0.25344307893504037
0.23638061039749148
0.22023161750784548
0.20532099508549506
0.19509133228733674
0.18284824678078873
0.17228005802090035
0.1634275258034316
1.0580061907887888
0.9503872597811203
0.8478918226286751
0.7524999409838414
0.665309966495989
0.5869427948673643
0.5340074073886488
0.4709942211106256
0.41613014263551446
0.36872877291136674
1.6361802418105686
1.439965444251309
1.257220731925801
1.0904039714056855
0.9407010845610595
0.8082205142039439
0.7197396827374163
0.6153248932535146
0.5249712822683669
0.44707461138216525
2.123192570924402
1.843492685297408
1.5867366386901427
1.355530511635395
1.150517785033124
0.9712165993698556
0.8524561618672715
0.7133018512500804
0.5938512394190131
0.49138239210050794
2.5525982184768377
2.1940679084630075
1.868535149265674
1.5783484164437411
1.32356466211975
1.1024183233107199
0.9571455971019207
0.7879348987781197
0.6436600232276511
0.5205518544974815
2.9410528383475367
2.5076026349229004
2.1176105002297216
1.7727528624040432
1.472294114360162
1.213381913032785
1.0442558611026964
0.8484282697048308
0.6823500476531109
0.5414944557727074
3.2982204037082603
2.7933889242949212
2.342491565507934
1.9464680026394343
1.6036571550269236
1.310056918791345
1.1192204390665121
0.8993366789561036
0.7138668835578763
0.5573963315551135
3.6305066721746835
3.0573325492827914
2.5485437067955767
2.104288498847338
1.7218675245714683
1.3960766183767623
1.1852475786809142
0.9432551755837044
0.7403860492931573
0.5699918448135394
3.942340772669857
3.3034601051656396
2.73942300198844
2.2494327895260064
1.8297081163532887
1.473864131392574
1.2444220522329195
0.9822590052105336
0.7632183272530658
0.580229236425616
4.236954335268738
3.5347302939768372
2.917625775998322
2.384180649424333
1.9291218736195572
1.5449392549034515
1.2981112079087982
1.0170815540271274
0.7832581129373736
0.5887421925815721
4.51673833184091
3.753267199295168
3.085319165132574
2.510229016880041
2.021543691189881
1.610505851806271
1.3473403471050305
1.0486640017603592
0.8010719952192649
0.5959478124458126
4.783751348529889
3.9609476724826744
3.2439021401256105
2.6289084126727236
2.108037207849458
1.671501712391033
1.392856172446474
1.0775401610326387
0.817114087091961
0.6021661615865096
5.039455716479291
4.1590558047741375
3.394554804405453
2.7410929438035567
2.1894279122458298
1.7285787467965466
1.4352272425904633
1.1041928232675402
0.8316931495430377
0.6075936509193127
5.28509931576476
4.348692227457298
3.5382263565515117
2.8476489357484747
2.2663781585990903
1.7822194909564406
1.4748986085999214
1.128943215943129
0.8450561244953874
0.61236112840727
5.52158059321799
4.530762761415497
3.6759364414179605
2.949228366009937
2.339494048971521
1.8329697198079407
1.5122244305535748
1.152056956783257
0.8573773330975066
0.6166046725781517