# datat/BKevo/MVe_BKevo/mve72.dat
# N(r,Y=0), r, *FL(x,Q^2)
# 1e-05 < r < 100.0
# 1 < Q^2 < 50, n=15, log grid
# 1e-5 < x < 1e-2, n=10, log grid
###
1.4599044883416804e-10
1.9915569061796238e-10
2.7282812847027036e-10
3.731853471955085e-10
5.090372852421214e-10
6.963710393656431e-10
9.524400961489046e-10
1.2989873466092126e-09
1.774484319977993e-09
2.426695387340691e-09
3.309096053640789e-09
4.513712869391959e-09
6.171733195404963e-09
8.41419053362404e-09
1.145977233031041e-08
1.5666201924887316e-08
2.135330786533038e-08
2.9037004738930766e-08
3.968632872127249e-08
5.4078811562903494e-08
7.349225468393104e-08
1.0032499206389014e-07
1.3667102142555657e-07
1.8567862227110394e-07
2.5308631824303443e-07
3.446900466160935e-07
4.681697814014251e-07
6.371995417886128e-07
8.676957752163768e-07
1.1783682753940391e-06
1.601697439651459e-06
2.181166803377012e-06
2.962385278663896e-06
4.022385305906439e-06
5.479737838636571e-06
7.44600228578718e-06
1.0103970549188643e-05
1.3777537906104342e-05
1.8741354586111008e-05
2.544035096924233e-05
3.4733445411412764e-05
4.7333096526914075e-05
6.437881843788277e-05
8.799208819942362e-05
0.00012021860431018924
0.00016394590688291092
0.00022444528794502035
0.000307591586768501
0.0004207484142483654
0.0005770456732236119
0.0007933321028443482
0.0010884344071368341
0.0014950017349310487
0.0020611733639459826
0.002835003987050666
0.003897159693860226
0.005384117416413412
0.007417525955977156
0.01019388854487228
0.014093754515652857
0.01941788851598797
0.026662668721879376
0.03675038433480545
0.05047443024143143
0.06897816948407981
0.09423549095632856
0.12804075621244276
0.1724496768016242
0.23042123855065502
0.30406895252207766
0.39425332413748043
0.5000717005835749
0.6160143771863981
0.7339195301020414
0.8404986960492967
0.9189139453696071
0.9686092957437558
0.9923520949079756
0.9985456356806344
0.9998522438224996
0.9999970306468954
0.9999999598817884
0.9999999997920039
0.9999999999999037
1.0
1.0
1.0
1.0
1.0
1.0
1.0
1.0
1.0
1.0
1.0
1.0
1.0
1.0
1.0
1.0
###
1e-05
1.1768119524349992e-05
1.3848863713938717e-05
1.6297508346206434e-05
1.917910261672489e-05
2.2570197196339216e-05
2.656087782946684e-05
3.1257158496882356e-05
3.678379771828634e-05
4.328761281083062e-05
5.0941380148163754e-05
5.994842503189409e-05
7.054802310718646e-05
8.302175681319735e-05
9.770099572992247e-05
0.00011497569953977356
0.00013530477745798074
0.00015922827933410923
0.0001873817422860383
0.00022051307399030456
0.00025950242113997375
0.0003053855508833416
0.00035938136638046257
0.0004229242874389499
0.0004977023564332109
0.0005857020818056661
0.0006892612104349695
0.0008111308307896872
0.0009545484566618337
0.0011233240329780276
0.0013219411484660286
0.0015556761439304723
0.0018307382802953678
0.002154434690031882
0.0025353644939701114
0.0029836472402833374
0.003511191734215131
0.004132012400115334
0.004862601580065354
0.005722367659350214
0.006734150657750821
0.007924828983539169
0.0093260334688322
0.010974987654930556
0.01291549665014884
0.01519911082952933
0.01788649529057435
0.0210490414451202
0.02477076355991709
0.029150530628251757
0.034304692863149154
0.040370172585965536
0.047508101621027934
0.05590810182512223
0.06579332246575675
0.0774263682681127
0.09111627561154886
0.10722672220103231
0.1261856883066021
0.14849682622544635
0.1747528400007683
0.20565123083486514
0.24201282647943834
0.2848035868435799
0.3351602650938841
0.3944206059437656
0.46415888336127725
0.5462277217684337
0.642807311728432
0.7564633275546291
0.8902150854450375
1.0476157527896641
1.232846739442066
1.4508287784959402
1.7073526474706886
2.009233002565046
2.364489412645407
2.782559402207126
3.274549162877725
3.8535285937105273
4.534878508128582
5.3366992312063015
6.280291441834247
7.390722033525775
8.697490026177835
10.235310218990248
12.045035402587812
14.174741629268048
16.68100537200059
19.630406500402685
23.10129700083158
27.1858824273294
31.992671377973846
37.64935806792464
44.30621457583877
52.14008287999685
61.35907273413163
72.20809018385457
84.97534359086438
100.0
###
0.3092951522256696
0.29404807018107765
0.278608505819034
0.26344639746823445
0.24896436774830413
0.23552409740271046
0.22628939895498676
0.21526646969067575
0.20584425680152785
0.19811564235816265
1.183683654000986
1.0811831971677723
0.9818465909479533
0.8878674139104433
0.8008105554898268
0.7216883528658095
0.6678582376119524
0.6034761821192912
0.5473844805993813
0.4991293776684922
1.8644715604708952
1.6704728843107541
1.4863223167014719
1.3152776971960365
1.1593731709169073
1.0195277833462286
0.9252010139023635
0.8129986980758136
0.7153675805821147
0.6310042937467788
2.4478946041756666
2.1648401201669647
1.8999344089911239
1.6569669235489968
1.4380058595920702
1.2435306114293567
1.1132384834993048
0.9591132284014939
0.8255587474385077
0.7101370587162357
2.9680999332371236
2.5992191438445205
2.257657185851758
1.9473872117672142
1.670234413454613
1.425872872482564
1.263323822625205
1.0718645585753082
0.9065508743919208
0.7643217773484124
3.4425160194371975
2.991016227453497
2.5764114752470317
2.2027722940259444
1.8714308826521353
1.5812266617360238
1.3891070198123907
1.1638929589894542
0.9702770368451893
0.8043117064665422
3.8815825980519287
3.350304029676796
2.8659526399010513
2.432315416665852
2.0501460650751913
1.717282864922403
1.4978963460883383
1.241739850939121
1.0225836569315485
0.8351187470256659
4.292223313176714
3.683801577162269
3.1325544436070385
2.64179206624603
2.2116350871033315
1.8388389500017512
1.5940411951449864
1.3093450174599646
1.0666704887416136
0.8598621670189603
4.679292439272041
3.996133049908068
3.3805248962287453
2.8351872977868724
2.359459039225856
1.9489669898541884
1.6803980941113505
1.3688680358382328
1.104753549164169
0.8802734007101516
5.0464040815928435
4.290678407001738
3.612982490879851
3.0152960488146494
2.4961207484606063
2.0498996210852414
1.7589176476089905
1.4226880570966245
1.1381664785077712
0.8974033806012276
5.395826525278957
4.570000190582437
3.8322600213263507
3.184211150319653
2.623440280918188
2.143237005173226
1.831044695233894
1.471325026718599
1.167930833618891
0.9119917498432412
5.730900182879354
4.836091599117068
4.039871327886657
3.3435377622981584
2.7428060719245777
2.230170197626352
1.8978032589399245
1.5158646277257166
1.1947143617071583
0.9246525902565159
6.052331369598341
5.09041641164024
4.237788987228908
3.4947208938385024
2.855471627008479
2.311635808704248
1.960064943439278
1.5569661001998625
1.2190465771410552
0.9357128083157688
6.361846719229254
5.334519280713818
4.426922176116497
3.638428788594909
2.962103582277532
2.3883591798760544
2.0183671222309902
1.595225770015014
1.241327782688804
0.9455007051797956
6.660463415799745
5.5693561286938795
4.608222681841434
3.7756509947013988
3.0634819785830776
2.4609307502815803
2.0732612278364275
1.6308823118958555
1.2618567315194427
0.9542296198926904