# datat/BKevo/MVg_BKevo/mvg15.dat
# N(r,Y=0), r, *FL(x,Q^2)
# 1e-05 < r < 100.0
# 1 < Q^2 < 50, n=15, log grid
# 1e-5 < x < 1e-2, n=10, log grid
###
1.2702914207597055e-15
1.9642488500088484e-15
3.160916585120825e-15
4.930416623241089e-15
7.630917158060508e-15
1.1854930882500621e-14
1.8498670645228103e-14
2.867785176385261e-14
4.462812950528101e-14
6.966146043824569e-14
1.0803075247554678e-13
1.677036542013355e-13
2.618832765670527e-13
4.061408357863638e-13
6.284068868675669e-13
9.822250181670102e-13
1.5235897849314473e-12
2.3499144389260373e-12
3.675112155868903e-12
5.702136048697472e-12
8.788139970356185e-12
1.3714706614015832e-11
2.1284565599859872e-11
3.2806647458274155e-11
5.103677368894778e-11
7.922064224545439e-11
1.2210594145410603e-10
1.8933505011088957e-10
2.939156607532482e-10
4.5298223179702e-10
6.999763254673203e-10
1.086583790334444e-09
1.6742891214101078e-09
2.5779181868196e-09
4.0010817549116315e-09
6.162986097971269e-09
9.453374835400689e-09
1.466730808038593e-08
2.2580570237236165e-08
3.453347278673243e-08
5.349685688320883e-08
8.229838507170606e-08
1.2574815357244794e-07
1.9400416437615413e-07
2.981544153067842e-07
4.550326074250403e-07
6.989505708412069e-07
1.0727804831532708e-06
1.634814163914648e-06
2.4993474530498115e-06
3.829751483286781e-06
5.825456912322465e-06
8.861221960775594e-06
1.3550203552417003e-05
2.056556088725048e-05
3.1114583008204295e-05
4.7462704032317376e-05
7.184958674599947e-05
0.00010809124154056921
0.00016442905945668185
0.0002482103393657525
0.0003722008512382114
0.0005631651531097872
0.000847735134143021
0.0012677649533569813
0.0019079927665921791
0.0028654658083732696
0.004276248197751462
0.006406746039782951
0.009607619574127074
0.014318691804554485
0.02136678762955446
0.03199029631986313
0.04755713498475817
0.07047346934708126
0.10465912080064545
0.15353618421896706
0.22219545133736224
0.31760906136788525
0.4403286888839037
0.5872314380851099
0.7389991397640485
0.8702147987577463
0.9579050930760246
0.9914999130688876
0.9991165768543404
0.999977523633447
0.9999999727459934
0.9999999999824115
0.9999999999999996
1.0
1.0
1.0
1.0
1.0
1.0
1.0
1.0
1.0
1.0
###
1e-05
1.1768119524349992e-05
1.3848863713938717e-05
1.6297508346206434e-05
1.917910261672489e-05
2.2570197196339216e-05
2.656087782946684e-05
3.1257158496882356e-05
3.678379771828634e-05
4.328761281083062e-05
5.0941380148163754e-05
5.994842503189409e-05
7.054802310718646e-05
8.302175681319735e-05
9.770099572992247e-05
0.00011497569953977356
0.00013530477745798074
0.00015922827933410923
0.0001873817422860383
0.00022051307399030456
0.00025950242113997375
0.0003053855508833416
0.00035938136638046257
0.0004229242874389499
0.0004977023564332109
0.0005857020818056661
0.0006892612104349695
0.0008111308307896872
0.0009545484566618337
0.0011233240329780276
0.0013219411484660286
0.0015556761439304723
0.0018307382802953678
0.002154434690031882
0.0025353644939701114
0.0029836472402833374
0.003511191734215131
0.004132012400115334
0.004862601580065354
0.005722367659350214
0.006734150657750821
0.007924828983539169
0.0093260334688322
0.010974987654930556
0.01291549665014884
0.01519911082952933
0.01788649529057435
0.0210490414451202
0.02477076355991709
0.029150530628251757
0.034304692863149154
0.040370172585965536
0.047508101621027934
0.05590810182512223
0.06579332246575675
0.0774263682681127
0.09111627561154886
0.10722672220103231
0.1261856883066021
0.14849682622544635
0.1747528400007683
0.20565123083486514
0.24201282647943834
0.2848035868435799
0.3351602650938841
0.3944206059437656
0.46415888336127725
0.5462277217684337
0.642807311728432
0.7564633275546291
0.8902150854450375
1.0476157527896641
1.232846739442066
1.4508287784959402
1.7073526474706886
2.009233002565046
2.364489412645407
2.782559402207126
3.274549162877725
3.8535285937105273
4.534878508128582
5.3366992312063015
6.280291441834247
7.390722033525775
8.697490026177835
10.235310218990248
12.045035402587812
14.174741629268048
16.68100537200059
19.630406500402685
23.10129700083158
27.1858824273294
31.992671377973846
37.64935806792464
44.30621457583877
52.14008287999685
61.35907273413163
72.20809018385457
84.97534359086438
100.0
###
0.14488987347517376
0.124851457696819
0.10683525140617313
0.0908882482804261
0.0769501377114994
0.06485177039899888
0.056889811349788044
0.04758166363868966
0.03957990375505262
0.0326660262058734
0.40203553525499924
0.3267405641022205
0.2626602301422528
0.20876664138827905
0.1638491363712881
0.12665526846146535
0.10310087116973146
0.0765783536856939
0.054722434243144866
0.036624737979224935
0.5586108312924615
0.44385749755442394
0.3483116479608142
0.2696853883939671
0.20556955744329639
0.15363122440213237
0.12140495262907797
0.08589962350271002
0.05745107814288662
0.03470927708023695
0.6788534337051035
0.5319001782740911
0.4112596180886311
0.31333726535060086
0.2345748311912402
0.1717072903242653
0.1332275200297726
0.09148141666495453
0.05863148396981946
0.032995862842354624
0.7788512043026284
0.604164644479784
0.4621785267944078
0.34807896288150536
0.2572505014901489
0.18552484867459237
0.14207179123878663
0.0954262925545749
0.059313503926682214
0.03161251952869343
0.8656071846906547
0.6662179580352506
0.5054486791523436
0.3772707136418961
0.27605655049639893
0.19680727341081947
0.14918794782694011
0.09852634460808289
0.05977137288048159
0.030476238557905256
0.9427972202065912
0.7210277538683518
0.543362635452984
0.4026286809990754
0.29222567760940926
0.20639428020659292
0.15516802471219707
0.10107572516702718
0.0601088712175597
0.029521157833103048
1.0127371905622669
0.7703843171990497
0.5772818098829792
0.4251461422813508
0.3064717964802237
0.21476107625081564
0.16034240951588868
0.10324502968309746
0.06037346469654936
0.02870220955397062
1.0769428088319548
0.8154567177376343
0.6080846709133434
0.4454723504273365
0.3192451737410217
0.22220453823497674
0.16491294100236945
0.10513572306306294
0.06058987404933031
0.02798771258148023
1.1364711674550858
0.857057848420025
0.6363817017425756
0.46404734187039615
0.33085093914419095
0.22892272577093278
0.16901388370165485
0.1068140933973216
0.06077311378299272
0.027356543893236586
1.192098806403222
0.8957778278492499
0.6626067863013927
0.48118622058807115
0.34150569742365033
0.2350549135146353
0.17273803376925076
0.10832471961720358
0.060931891989495564
0.026792272259110347
1.2444095333951635
0.9320624540717573
0.687090887976208
0.4971252784835418
0.3513692846847288
0.2407030169798633
0.17615290737380906
0.10969935212100934
0.061072071685010075
0.026283066841672025
1.2938620672148127
0.9662550339300748
0.7100864109545826
0.5120373866310742
0.36056312276911323
0.24594364492672569
0.17930900867701605
0.11096130040134154
0.061197804971741494
0.02582078283315965
1.3408166261988028
0.9986278699898391
0.7317922795689654
0.5260728631568429
0.3691819283942624
0.25083654452627197
0.18224526752917813
0.11212924055519201
0.0613123409288483
0.025396439446233585
1.3855691783767505
1.0294007040794209
0.7523683347083614
0.5393354357351933
0.37730104293670924
0.25542872818708345
0.18499062778299916
0.11321390737346212
0.061417570138480614
0.02500570793946743