# datat/BKevo/MVe_BKevo/mve54.dat
# N(r,Y=0), r, *FL(x,Q^2)
# 1e-05 < r < 100.0
# 1 < Q^2 < 50, n=15, log grid
# 1e-5 < x < 1e-2, n=10, log grid
###
1.1354419135053996e-10
1.5489250403424199e-10
2.121892006301821e-10
2.902382250638157e-10
3.9589036220767983e-10
5.415767850423187e-10
7.407129395169453e-10
1.0102039978002663e-09
1.3799595070014278e-09
1.8871105267121153e-09
2.573223620405621e-09
3.509823852451206e-09
4.798856993312251e-09
6.542129506824792e-09
8.909525892733183e-09
1.2178863579518757e-08
1.6598439957674934e-08
2.256869902128919e-08
3.0841440057056106e-08
4.20194791026158e-08
5.70931832243004e-08
7.791993427799043e-08
1.0611962574232779e-07
1.4412619282046678e-07
1.96370505962893e-07
2.673200010247624e-07
3.6288653146495513e-07
4.935756250338275e-07
6.715823642074466e-07
9.112059227303225e-07
1.2371990979332027e-06
1.6825600800795803e-06
2.281744109205384e-06
3.092718617601486e-06
4.204138564204784e-06
5.698800788813089e-06
7.711725177857858e-06
1.0479939962975813e-05
1.4202261293633244e-05
1.9199130731070175e-05
2.6081526395890025e-05
3.53496234416229e-05
4.7798674979582825e-05
6.48890960439163e-05
8.80117391222025e-05
0.00011911573231010789
0.00016171502740538476
0.0002196860076164558
0.00029785674538008577
0.0004047533501118107
0.0005512341450068405
0.0007493891800388868
0.001020050955917483
0.0013937730314078217
0.0019010540433275344
0.002592904375392408
0.0035553460482404763
0.004865340649289172
0.006647064525377755
0.009140969385446682
0.012538973564139803
0.017158404429846258
0.023593620726013422
0.03236715376331731
0.04424247298193009
0.060575303959052654
0.08267420696396194
0.11213353578501668
0.15150220158418792
0.2031828507734192
0.26916757076589237
0.35155763353397207
0.45035545583162434
0.5626847313531884
0.6815678832980596
0.7926280792355619
0.8859824087873286
0.9517439815354434
0.9835471472089216
0.9963240933492808
0.9996618468663784
0.9999769311699443
0.9999992812450599
0.9999999965387131
0.9999999999993843
0.9999999999999999
1.0
1.0
1.0
1.0
1.0
1.0
1.0
1.0
1.0
1.0
1.0
1.0
1.0
1.0
###
1e-05
1.1768119524349992e-05
1.3848863713938717e-05
1.6297508346206434e-05
1.917910261672489e-05
2.2570197196339216e-05
2.656087782946684e-05
3.1257158496882356e-05
3.678379771828634e-05
4.328761281083062e-05
5.0941380148163754e-05
5.994842503189409e-05
7.054802310718646e-05
8.302175681319735e-05
9.770099572992247e-05
0.00011497569953977356
0.00013530477745798074
0.00015922827933410923
0.0001873817422860383
0.00022051307399030456
0.00025950242113997375
0.0003053855508833416
0.00035938136638046257
0.0004229242874389499
0.0004977023564332109
0.0005857020818056661
0.0006892612104349695
0.0008111308307896872
0.0009545484566618337
0.0011233240329780276
0.0013219411484660286
0.0015556761439304723
0.0018307382802953678
0.002154434690031882
0.0025353644939701114
0.0029836472402833374
0.003511191734215131
0.004132012400115334
0.004862601580065354
0.005722367659350214
0.006734150657750821
0.007924828983539169
0.0093260334688322
0.010974987654930556
0.01291549665014884
0.01519911082952933
0.01788649529057435
0.0210490414451202
0.02477076355991709
0.029150530628251757
0.034304692863149154
0.040370172585965536
0.047508101621027934
0.05590810182512223
0.06579332246575675
0.0774263682681127
0.09111627561154886
0.10722672220103231
0.1261856883066021
0.14849682622544635
0.1747528400007683
0.20565123083486514
0.24201282647943834
0.2848035868435799
0.3351602650938841
0.3944206059437656
0.46415888336127725
0.5462277217684337
0.642807311728432
0.7564633275546291
0.8902150854450375
1.0476157527896641
1.232846739442066
1.4508287784959402
1.7073526474706886
2.009233002565046
2.364489412645407
2.782559402207126
3.274549162877725
3.8535285937105273
4.534878508128582
5.3366992312063015
6.280291441834247
7.390722033525775
8.697490026177835
10.235310218990248
12.045035402587812
14.174741629268048
16.68100537200059
19.630406500402685
23.10129700083158
27.1858824273294
31.992671377973846
37.64935806792464
44.30621457583877
52.14008287999685
61.35907273413163
72.20809018385457
84.97534359086438
100.0
###
0.289845516920171
0.2723061722241453
0.25475143413162255
0.2376800503897848
0.22150032723251512
0.20654906614178184
0.19628606330793286
0.18399856403884735
0.17338964253816916
0.16450267425439846
1.065835504703421
0.9579820940496587
0.8551208327886481
0.7592433284067303
0.6715350045986879
0.5926535838001422
0.5393471779890489
0.47587401763091547
0.42061059397673217
0.3728688123246757
1.6505605807012225
1.4535489893156384
1.2697649664426425
1.101873315757591
0.9510289915572083
0.8174514985151334
0.7282038475345864
0.6228594148838749
0.5316922649487343
0.4531249366666666
2.1438586616241295
1.862654579466634
1.6041496670785669
1.3711783594132965
1.1643732021063737
0.9833088668984139
0.863479303492896
0.7229339658169904
0.602312896852676
0.49877984434290495
2.57923932489198
2.218455538236729
1.8903947994155617
1.5977797154549127
1.340556402181726
1.1171865724990473
0.9702719953401275
0.799331542417867
0.6534819892722908
0.529028944061569
2.9733463631360735
2.5369174511994643
2.1436741798945236
1.7956646663850835
1.49214830004128
1.23044334137651
1.059427919153214
0.8612897324049131
0.693360168137911
0.5508678989709769
3.3360194403051775
2.8273885407478017
2.3724818011844775
1.9726204050467688
1.6261409766523616
1.329221251481559
1.136152990045884
0.9136400102958641
0.7259194156568767
0.5675396238297752
3.6735613069826534
3.095810423722138
2.5822547339479307
2.13348431225647
1.7468004213917454
1.4172399963577602
1.2037934362235045
0.9589313338761428
0.7533743429700873
0.5808114809948638
3.9904759179527627
3.346228981812065
2.7766778868876756
2.2815062451499304
1.8569409665247687
1.4967792960307813
1.264462037182925
0.9989425965905683
0.777051010316974
0.591656675526622
4.290017712357478
3.581627069039048
2.95838992943959
2.418989766596149
1.9585306994209322
1.5695244913604856
1.3195469112891796
1.0348346866753217
0.7978677631780523
0.6007201702706733
4.574613267032489
3.8041463490585095
3.1292020661544155
2.5477184770769865
2.0530121596830577
1.6367203536319896
1.3700884016538974
1.0673899950079029
0.8164034204456627
0.6084308556232074
4.846318237349239
4.0156818817801305
3.2909181831965886
2.6688364957825454
2.1414739538887884
1.6992384088610828
1.4168450089991487
1.0971931611604473
0.8331186371946432
0.615117176025511
5.106560557454797
4.217527847485156
3.444596100978393
2.7834283782088276
2.224743504592691
1.7577417480865627
1.4603945691125633
1.124721928920757
0.84832977021512
0.6209807048670367
5.35663051205505
4.410795251905765
3.5911953418090286
2.892305265881386
2.303544644520673
1.8128019981146308
1.501189618858162
1.1503038260633527
0.8622900522531164
0.6261572440190869
5.597312508598527
4.596398800563696
3.731501338884746
2.9961268387138094
2.3783672874256676
1.8648795618728142
1.5395904346513898
1.1742098248505477
0.8751771255391746
0.63078653551814