# datat/BKevo/MVe_BKevo/mve49.dat
# N(r,Y=0), r, *FL(x,Q^2)
# 1e-05 < r < 100.0
# 1 < Q^2 < 50, n=15, log grid
# 1e-5 < x < 1e-2, n=10, log grid
###
1.1354240919723467e-10
1.5488967209852888e-10
2.1218440438796013e-10
2.902304517919868e-10
3.9587772715867523e-10
5.415562059517647e-10
7.406792753078871e-10
1.0101494347403804e-09
1.3798705477043433e-09
1.8869648218466603e-09
2.572987224464952e-09
3.5094393733051016e-09
4.7982264049632636e-09
6.5411051811244664e-09
8.907865600553226e-09
1.2176136284318846e-08
1.6594003735240388e-08
2.256153308996141e-08
3.0829649984733435e-08
4.200027734246689e-08
5.7062171387686e-08
7.786900439190632e-08
1.0603657842600927e-07
1.4399194080782864e-07
1.9615073341279823e-07
2.669612360840982e-07
3.623060902878172e-07
4.926287314262728e-07
6.700351899124469e-07
9.087012953406246e-07
1.2331289301654723e-06
1.6759056892435464e-06
2.270969463627805e-06
3.0752858355401724e-06
4.175636138711203e-06
5.65266903846925e-06
7.637469450511359e-06
1.035863352390546e-05
1.400619238316835e-05
1.8885061837289148e-05
2.5570240226560277e-05
3.4525526008467705e-05
4.648306767940286e-05
6.276499924788005e-05
8.460431106163061e-05
0.00011370543154347569
0.00015307060724916184
0.00020591827121580874
0.000276167533975689
0.00037053865177313016
0.0004972758703794579
0.0006652623425340425
0.0008892963496614261
0.001190079737118643
0.0015874169422263348
0.0021132954681477665
0.002818595629945601
0.003746642540151347
0.004965155356135225
0.006596281503234984
0.00873276338007879
0.011523374295430527
0.015227382865963418
0.02006426806747596
0.026346427141164475
0.034598935943115534
0.04532693353934568
0.05915370300478199
0.07708046236722647
0.10016942185767573
0.12952771279875866
0.16678455702919567
0.2136678924838474
0.2714793459129867
0.34162564694197
0.424508768345749
0.5190378347866943
0.6222108566873615
0.7250934464336569
0.821155229611149
0.9016550165887397
0.9539502398879101
0.9835453802927278
0.9963529977083007
0.9994393623360088
0.9999471469019837
0.999998402386158
0.9999999924638299
0.9999999999667021
0.9999999999999781
1.0
1.0
1.0
1.0
1.0
1.0
1.0
1.0
1.0
1.0
###
1e-05
1.1768119524349992e-05
1.3848863713938717e-05
1.6297508346206434e-05
1.917910261672489e-05
2.2570197196339216e-05
2.656087782946684e-05
3.1257158496882356e-05
3.678379771828634e-05
4.328761281083062e-05
5.0941380148163754e-05
5.994842503189409e-05
7.054802310718646e-05
8.302175681319735e-05
9.770099572992247e-05
0.00011497569953977356
0.00013530477745798074
0.00015922827933410923
0.0001873817422860383
0.00022051307399030456
0.00025950242113997375
0.0003053855508833416
0.00035938136638046257
0.0004229242874389499
0.0004977023564332109
0.0005857020818056661
0.0006892612104349695
0.0008111308307896872
0.0009545484566618337
0.0011233240329780276
0.0013219411484660286
0.0015556761439304723
0.0018307382802953678
0.002154434690031882
0.0025353644939701114
0.0029836472402833374
0.003511191734215131
0.004132012400115334
0.004862601580065354
0.005722367659350214
0.006734150657750821
0.007924828983539169
0.0093260334688322
0.010974987654930556
0.01291549665014884
0.01519911082952933
0.01788649529057435
0.0210490414451202
0.02477076355991709
0.029150530628251757
0.034304692863149154
0.040370172585965536
0.047508101621027934
0.05590810182512223
0.06579332246575675
0.0774263682681127
0.09111627561154886
0.10722672220103231
0.1261856883066021
0.14849682622544635
0.1747528400007683
0.20565123083486514
0.24201282647943834
0.2848035868435799
0.3351602650938841
0.3944206059437656
0.46415888336127725
0.5462277217684337
0.642807311728432
0.7564633275546291
0.8902150854450375
1.0476157527896641
1.232846739442066
1.4508287784959402
1.7073526474706886
2.009233002565046
2.364489412645407
2.782559402207126
3.274549162877725
3.8535285937105273
4.534878508128582
5.3366992312063015
6.280291441834247
7.390722033525775
8.697490026177835
10.235310218990248
12.045035402587812
14.174741629268048
16.68100537200059
19.630406500402685
23.10129700083158
27.1858824273294
31.992671377973846
37.64935806792464
44.30621457583877
52.14008287999685
61.35907273413163
72.20809018385457
84.97534359086438
100.0
###
0.2563958383775997
0.23431839418647246
0.2123697493505088
0.19112417622804467
0.17104488830386722
0.15247129747776494
0.13964181687996693
0.12408574352796842
0.11030695670440216
0.09824506852913731
0.893992340834366
0.7782308819104697
0.6701308943700882
0.5714551442738423
0.4830887018858533
0.4052030167165356
0.3534547125472251
0.2927790853325034
0.24078061352287858
0.1963892225656612
1.3574686097352124
1.1575700314080393
0.9756574448659532
0.813607702121099
0.6717859167407564
0.5494442043180963
0.46958884487012675
0.37758144494135604
0.3001928869508405
0.23532195200313685
1.7426641456738283
1.4665357509038461
1.2193346446970463
1.0025162543486894
0.8154757204797138
0.6564308006392946
0.5538711238684874
0.43699502318372235
0.339962270583556
0.2597142701554522
2.079540360017121
1.733178800470628
1.4267586630876956
1.1610141818441546
0.9342708410883735
0.7433455820413957
0.6213384765219231
0.4835147776185329
0.3702046532659369
0.2774843912985622
2.3825602177916525
1.9706555153991565
1.6096140415770952
1.299265513000477
1.0366812335938516
0.8173715322241427
0.6782167893962567
0.5220798526815397
0.39476452014787844
0.2914464384695032
2.6600644396654736
2.186414439386979
1.7744359964003897
1.422852839397908
1.127405609565331
0.882340087226076
0.7276946236595675
0.5552091671369929
0.41552160925619186
0.30300580708572405
2.917411284829037
2.385226253014973
1.9252957891892792
1.5351850231206292
1.2092733696534606
0.9404644997434712
0.7716915537725327
0.5843653988577037
0.43354935404203193
0.3128287745412196
3.158294752375266
2.5702990567165673
2.0649439624242802
1.638518024766209
1.2841516531402457
0.993276908112434
0.8114374025155118
0.6104762356929089
0.4495161057928848
0.3213869324897
3.385393462251078
2.743951673326219
2.1953757707995276
1.73461879082095
1.3533481343130283
1.0417977423712428
0.8477898667991919
0.6341712486503512
0.46386841020667846
0.32897158686451927
3.600727234310576
2.907917462576854
2.31797602695762
1.8245251849656015
1.4178152371448869
1.0867717256316767
0.8813311252054604
0.655898193561224
0.4769197491649708
0.33578399247539975
3.8058618853899646
3.0635956406350013
2.4339265091826534
1.9091922479339982
1.478272098743391
1.128756477428578
0.912525616443242
0.6759878550766555
0.48889907309998965
0.3419687853768135
4.002043456900469
3.211921914220079
2.544035072268634
1.9893285645528596
1.5352698768383752
1.1681845695369582
0.9417204672627789
0.6946918258466995
0.499978746948415
0.347631132663965
4.190282610162429
3.353806153491932
2.649033360081159
2.0654988472320994
1.5892816980150484
1.2053949906516463
0.9692012557599143
0.7122063673560762
0.5102920461415453
0.35285975298933575
4.371412681962051
3.4899476429424157
2.7494942930762827
2.1381619913398726
1.6406359067652792
1.2406611961395522
0.99516434706261
0.7286960600172847
0.5199441467632656
0.3577077765803622