# datat/BKevo/MVg_BKevo/mvg10.dat
# N(r,Y=0), r, *FL(x,Q^2)
# 1e-05 < r < 100.0
# 1 < Q^2 < 50, n=15, log grid
# 1e-5 < x < 1e-2, n=10, log grid
###
0.00012869101500979582
0.00014478803790795566
0.00016278999096591972
0.00018302467722524317
0.00020580464721802437
0.0002312976418059171
0.0002598963592245868
0.0002920706839439125
0.0003281004098039217
0.0003684361283652224
0.0004137812812481705
0.0004645919070485176
0.0005213507902071219
0.0005851067140809126
0.0006565896696212288
0.0007362553118258797
0.0008256610259437751
0.0009259582554177498
0.001037458310014039
0.0011624645903490426
0.0013026086369439097
0.0014583303566533636
0.001632535964261398
0.0018276094563219902
0.0020444025922380722
0.0022862643189894777
0.0025567404716053373
0.0028573503947057505
0.0031917141481865616
0.003565071692525379
0.003979998106976511
0.004439981494494207
0.004952715640577899
0.0055224118514452915
0.006151627330502078
0.00685158562830882
0.007628990707998965
0.008484016482961779
0.00943292799791494
0.010485554441243829
0.011639032979130423
0.012914932254507428
0.014326166626223664
0.01587006604449003
0.01756906546491328
0.019441810884699682
0.021486346859328872
0.023722903182066525
0.02617816113811883
0.028851798604876355
0.03175637107714627
0.0349298156911404
0.03837507043503624
0.04208822080854647
0.046123068205721
0.05048871630428706
0.0551519996660134
0.06018937266233658
0.06562126017883449
0.07136893911956506
0.07754169719503443
0.08416325071655265
0.09114295225291551
0.09858734171238434
0.10654336918379438
0.11492983139004083
0.12383808115188046
0.13336080835548556
0.14345129511174987
0.15418476464745806
0.1657248422406049
0.1780874520204449
0.19133373713355972
0.20571813842996442
0.22133641827826275
0.23822265302824108
0.25672531191670034
0.2770133322571942
0.2990282690947959
0.32319861718037096
0.34970933262363946
0.37831884338039523
0.409440083420981
0.44317886542646634
0.4790280185596003
0.5171529569750396
0.5575263309555323
0.5992353175730175
0.6419573464276811
0.6855378382037484
0.728677329290975
0.7703834634036859
0.8106106234504487
0.8480394409405905
0.8812047560662927
0.9106644120489888
0.9357414374299069
0.9552369233638416
0.9705904028563889
0.9820875322864517
###
1e-05
1.1768119524349992e-05
1.3848863713938717e-05
1.6297508346206434e-05
1.917910261672489e-05
2.2570197196339216e-05
2.656087782946684e-05
3.1257158496882356e-05
3.678379771828634e-05
4.328761281083062e-05
5.0941380148163754e-05
5.994842503189409e-05
7.054802310718646e-05
8.302175681319735e-05
9.770099572992247e-05
0.00011497569953977356
0.00013530477745798074
0.00015922827933410923
0.0001873817422860383
0.00022051307399030456
0.00025950242113997375
0.0003053855508833416
0.00035938136638046257
0.0004229242874389499
0.0004977023564332109
0.0005857020818056661
0.0006892612104349695
0.0008111308307896872
0.0009545484566618337
0.0011233240329780276
0.0013219411484660286
0.0015556761439304723
0.0018307382802953678
0.002154434690031882
0.0025353644939701114
0.0029836472402833374
0.003511191734215131
0.004132012400115334
0.004862601580065354
0.005722367659350214
0.006734150657750821
0.007924828983539169
0.0093260334688322
0.010974987654930556
0.01291549665014884
0.01519911082952933
0.01788649529057435
0.0210490414451202
0.02477076355991709
0.029150530628251757
0.034304692863149154
0.040370172585965536
0.047508101621027934
0.05590810182512223
0.06579332246575675
0.0774263682681127
0.09111627561154886
0.10722672220103231
0.1261856883066021
0.14849682622544635
0.1747528400007683
0.20565123083486514
0.24201282647943834
0.2848035868435799
0.3351602650938841
0.3944206059437656
0.46415888336127725
0.5462277217684337
0.642807311728432
0.7564633275546291
0.8902150854450375
1.0476157527896641
1.232846739442066
1.4508287784959402
1.7073526474706886
2.009233002565046
2.364489412645407
2.782559402207126
3.274549162877725
3.8535285937105273
4.534878508128582
5.3366992312063015
6.280291441834247
7.390722033525775
8.697490026177835
10.235310218990248
12.045035402587812
14.174741629268048
16.68100537200059
19.630406500402685
23.10129700083158
27.1858824273294
31.992671377973846
37.64935806792464
44.30621457583877
52.14008287999685
61.35907273413163
72.20809018385457
84.97534359086438
100.0
###
0.39097630688349055
0.3849707217553074
0.3728002101293209
0.35069378444285276
0.3153576701614587
0.2666385815278195
0.2240221192130944
0.16567190308172144
0.1132677401157916
0.07201235289816595
1.8763049854891343
1.8205139242779877
1.7210188219624978
1.563366191764713
1.3446296915789362
1.0817990040201255
0.8759317773519467
0.6199980829400052
0.4096136757405887
0.25439087293503837
3.3380374440393528
3.212456394243679
2.999865970613676
2.6809930687374957
2.2622510689210995
1.7845077132221119
1.4252953619659126
0.9938639928696191
0.649867869511606
0.4015348805885209
4.780917114374869
4.573689817497481
4.2344341548228694
3.7430304848037754
3.1194762220251557
2.430472711293847
1.9251481815381766
1.3306513798532766
0.8651000064030376
0.5332656990236472
6.208529967021573
5.9110884688137055
5.436244833659625
4.7653383801938265
3.9351690554044736
3.038638676237826
2.392667880837277
1.6436995700483166
1.0645169575636295
0.6552934537746824
7.623184231824798
7.228825840893978
6.611430450809289
5.756605720483433
4.719122497840748
3.6186297659137345
2.836358183212432
1.939514756603394
1.2525320870617282
0.7703438548762434
9.026568409833986
8.52970686728875
7.764624423472613
6.722412797533493
5.4776596242680995
4.1763098790926305
3.2615025464512635
2.221925095649674
1.4317234001128307
0.8800000786186207
10.419765043802077
9.815795858636326
8.898613965587755
7.66660064796628
6.2148780326490956
4.71555637798904
3.6711851356401684
2.4934651872119136
1.6037675927458122
0.9852916586395277
11.803669941755176
11.088655936480201
10.015762320459237
8.592003860440052
6.933833968861598
5.239167315699636
4.068075178190078
2.7558769481506493
1.769839180262266
1.0869372249417273
13.179230247447776
12.34953247462067
11.11784933828115
9.500785427502544
7.63682798207884
5.749234900542499
4.453851919475046
3.0103131353902217
1.9308007281483044
1.1854651418006428
14.546987460771824
13.59944041123303
12.206305832950807
10.394608126403574
8.325578562222525
6.247377903949873
4.829828965612587
3.2580029670385824
2.0873140842816684
1.2812789278775942
15.907494854689936
14.83922499810002
13.282309438186699
11.275801522899918
9.001654419734136
6.734882494256632
5.197492761811136
3.4996299336227876
2.2398990237799445
1.374696082958528
17.26115835781622
16.069602338225508
14.34671967093494
12.144142317684965
9.666165361629606
7.213251378082516
5.557199358511261
3.735840152046213
2.388974576291776
1.4659714244168462
18.60840474780406
17.29101600647476
15.400595756485695
13.001197744456837
10.320887647288925
7.682595071290648
5.9098887352154135
3.967150939555548
2.5348834097194843
1.5553171433169632
19.9495572450354
18.50430308182057
16.444557829297516
13.847808190398306
10.965398566534324
8.14399954134766
6.256164816505895
4.194014313742025
2.677915880334446
1.6429075620049463