# datat/BKevo/MVe_BKevo/mve59.dat
# N(r,Y=0), r, *FL(x,Q^2)
# 1e-05 < r < 100.0
# 1 < Q^2 < 50, n=15, log grid
# 1e-5 < x < 1e-2, n=10, log grid
###
1.2976298509468378e-10
1.7701702090207883e-10
2.4249704880589404e-10
3.316928104988285e-10
4.5243308653086145e-10
6.18923607632141e-10
8.464943334982548e-10
1.1544624585726754e-09
1.5770047380663039e-09
2.1565473386275846e-09
2.9405829823798555e-09
4.010830397218083e-09
5.483757126293814e-09
7.475662150331947e-09
1.0180601612968206e-08
1.391588623668764e-08
1.896506690343129e-08
2.578540293237616e-08
3.5235191833221204e-08
4.8002444829237954e-08
6.521734799114929e-08
8.899879609379957e-08
1.2119387560413142e-07
1.6457712224530995e-07
2.2419668194297212e-07
3.0513844359603454e-07
4.1412869486697633e-07
5.631097516736822e-07
7.659270889399832e-07
1.038795561726711e-06
1.409745689440825e-06
1.9160670568656593e-06
2.5966048739090362e-06
3.51657747356494e-06
4.7753796145499006e-06
6.465431266573487e-06
8.737004454845055e-06
1.185234863949421e-05
1.602969737618916e-05
2.1619405252900523e-05
2.9283031745151034e-05
3.9555212778785703e-05
5.3280731508951935e-05
7.198859570706438e-05
9.710918310235601e-05
0.0001306240765591056
0.0001760368249972695
0.0002371228159834008
0.00031850019346280273
0.00042813548825977805
0.0005758869441393297
0.0007724708724840309
0.0010359025832175465
0.0013917489590823766
0.0018648630375966717
0.0024958981070105687
0.0033510373070156653
0.004488139175720423
0.005999023896541441
0.00805534803054671
0.010792413093873451
0.014431130109863199
0.019374758541070746
0.025978201211362
0.0347579286263198
0.04662340872463677
0.06247306214766249
0.08342700843992905
0.11132902788807854
0.14809270861721813
0.195578841023775
0.25632425079954124
0.3323032636456528
0.4238256097146902
0.5294943570245954
0.6428704506185018
0.7559325800661277
0.8570003022719398
0.9286293345711781
0.9728420099357437
0.9936255754047927
0.9988590522944232
0.9998856397567852
0.9999969249736868
0.9999999764791172
0.9999999998863951
0.999999999999932
1.0
1.0
1.0
1.0
1.0
1.0
1.0
1.0
1.0
1.0
1.0
1.0
1.0
###
1e-05
1.1768119524349992e-05
1.3848863713938717e-05
1.6297508346206434e-05
1.917910261672489e-05
2.2570197196339216e-05
2.656087782946684e-05
3.1257158496882356e-05
3.678379771828634e-05
4.328761281083062e-05
5.0941380148163754e-05
5.994842503189409e-05
7.054802310718646e-05
8.302175681319735e-05
9.770099572992247e-05
0.00011497569953977356
0.00013530477745798074
0.00015922827933410923
0.0001873817422860383
0.00022051307399030456
0.00025950242113997375
0.0003053855508833416
0.00035938136638046257
0.0004229242874389499
0.0004977023564332109
0.0005857020818056661
0.0006892612104349695
0.0008111308307896872
0.0009545484566618337
0.0011233240329780276
0.0013219411484660286
0.0015556761439304723
0.0018307382802953678
0.002154434690031882
0.0025353644939701114
0.0029836472402833374
0.003511191734215131
0.004132012400115334
0.004862601580065354
0.005722367659350214
0.006734150657750821
0.007924828983539169
0.0093260334688322
0.010974987654930556
0.01291549665014884
0.01519911082952933
0.01788649529057435
0.0210490414451202
0.02477076355991709
0.029150530628251757
0.034304692863149154
0.040370172585965536
0.047508101621027934
0.05590810182512223
0.06579332246575675
0.0774263682681127
0.09111627561154886
0.10722672220103231
0.1261856883066021
0.14849682622544635
0.1747528400007683
0.20565123083486514
0.24201282647943834
0.2848035868435799
0.3351602650938841
0.3944206059437656
0.46415888336127725
0.5462277217684337
0.642807311728432
0.7564633275546291
0.8902150854450375
1.0476157527896641
1.232846739442066
1.4508287784959402
1.7073526474706886
2.009233002565046
2.364489412645407
2.782559402207126
3.274549162877725
3.8535285937105273
4.534878508128582
5.3366992312063015
6.280291441834247
7.390722033525775
8.697490026177835
10.235310218990248
12.045035402587812
14.174741629268048
16.68100537200059
19.630406500402685
23.10129700083158
27.1858824273294
31.992671377973846
37.64935806792464
44.30621457583877
52.14008287999685
61.35907273413163
72.20809018385457
84.97534359086438
100.0
###
0.27672776908692737
0.25721758801880407
0.23771574798595363
0.21875994654317388
0.20083845147691123
0.1842250778330393
0.1727902619685176
0.15900467713731886
0.1469508718788452
0.13663293173108457
0.9956165842039659
0.8832165492152348
0.7767659226630046
0.678253992180082
0.588883086244734
0.5090149058895538
0.455329528194843
0.39164086649588054
0.33639362264706535
0.2886737192220989
1.5293869887192524
1.3288796179544549
1.1434346471012187
0.9755957654314972
0.8263390022467534
0.6953921853407463
0.6086304729316964
0.5070040184262699
0.4198750767719093
0.3453156246628739
1.97697754677876
1.6947426163073878
1.4377384095678891
1.208492378716918
1.0072908171212374
0.8330854375021829
0.7188039835832318
0.5862197655683722
0.4736538800050594
0.3782624189110825
2.3706183466828663
2.0119737230147354
1.6891242556436639
1.4042414945200616
1.1567885995830023
0.9444217101701344
0.8063026912004472
0.647311540873726
0.5133916007974213
0.400875469708783
2.7260859516982774
2.295401190754486
1.9112380526640438
1.5751427064495644
1.2855608602030921
1.0389713549863926
0.8796580860358868
0.697363817482213
0.5449460153415768
0.41783336388507036
3.052592833648085
2.5535475308116093
2.1117579736016454
1.7279816490926616
1.3995416238196468
1.1217204394110323
0.9431436253542953
0.7399691922254558
0.5711526144945577
0.43123431254511524
3.3561021238349857
2.7918453844708626
2.2954894593346844
1.866960434002431
1.5023134923395582
1.1955836744993562
0.9993683922097648
0.7771852814472399
0.5936708540899688
0.442386204616307
3.6407515370613015
3.013957781615351
2.4657425169520164
1.9949026441884257
1.5962436743646677
1.2625355369028592
1.0499884411327254
0.8103085843609433
0.6133283936479856
0.4517996945038559
3.909556515893591
3.2226618020312223
2.624836555086357
2.113811299804349
1.6829875695405339
1.3239497926927917
1.096136070423645
0.8402110374740152
0.6308273839571025
0.45995339165862753
4.164797148893382
3.4199331774550625
2.774509513429408
2.2250986630385006
1.7637551331828303
1.3807871469893915
1.1386224603864823
0.8675086251325927
0.6466106925036658
0.46714280842033995
4.4082525339627185
3.6073300937036157
2.916211417972719
2.3299079341221236
1.8394546721667469
1.4337759185548755
1.1780725053173862
0.8926709816869869
0.6609994775417414
0.4735631522237366
4.641338924600956
3.7860870871643746
3.0506921927170967
2.4291121557819926
1.910793028325815
1.4834766236523989
1.2149031919407396
0.9160026491890577
0.6742252831844642
0.4793592974399904
4.865208917333932
3.9573008679180064
3.1791449604928257
2.52340834454121
1.9783613066960601
1.5303308279059917
1.2494958644388696
0.9377862820727793
0.6864717659720979
0.4846405045470617
5.080815193058782
4.12158961551381
3.302011299985518
2.6133633974028103
2.0425777845782136
1.5746932167264514
1.2821384649826497
0.9582312110884005
0.6978792613135493
0.4894904821177717