# datat/BKevo/MVe_BKevo/mve40.dat
# N(r,Y=0), r, *FL(x,Q^2)
# 1e-05 < r < 100.0
# 1 < Q^2 < 50, n=15, log grid
# 1e-5 < x < 1e-2, n=10, log grid
###
8.110580218308817e-11
1.1064206116123071e-10
1.515712041069205e-10
2.0732521213786224e-10
2.827985164728014e-10
3.868727725152076e-10
5.291333749609485e-10
7.216596184338944e-10
9.85824667799486e-10
1.3481641059595998e-09
1.8383867104790053e-09
2.507618216616265e-09
3.428740648831779e-09
4.67455029562336e-09
6.366540183505785e-09
8.70344554528552e-09
1.1862948875164834e-08
1.6131669435392788e-08
2.204796060005212e-08
3.0043784594528175e-08
4.0829031002380653e-08
5.573610791024855e-08
7.592834756775434e-08
1.0315479442011395e-07
1.406035181598262e-07
1.9149448523437642e-07
2.600943502163928e-07
3.539997959835782e-07
4.820533026435761e-07
6.546492145764289e-07
8.898322298750702e-07
1.2117599305379133e-06
1.6457706922909289e-06
2.2346605103142557e-06
3.0443025563523655e-06
4.1366748514276806e-06
5.613329602213512e-06
7.65421146652218e-06
1.0411907517672268e-05
1.4133608275418756e-05
1.929650935175306e-05
2.629644478978135e-05
3.5766523414302897e-05
4.8885460327320604e-05
6.678992173343693e-05
9.10843943938403e-05
0.0001246981099853389
0.00017089606175162906
0.00023377113043705132
0.0003206224002572808
0.00044081891957669294
0.0006048334008049862
0.0008308344042253079
0.00114562906956351
0.0015760062120197954
0.002166974196065585
0.0029948167369509182
0.004127745954832598
0.0056761696664255805
0.007854899635113039
0.010835324216446951
0.01490169160668337
0.020588847190238
0.028368315847382
0.03893165306447493
0.05351550244904777
0.07332515292399722
0.09984440938761638
0.13548701244701872
0.18261008461961872
0.2432837529205293
0.3199502578758791
0.4134337530851122
0.5218914725505558
0.6399594435917281
0.7550348630782493
0.856753634726312
0.9334938636587696
0.9748304307930447
0.993506766648718
0.9992246369616543
0.99993109695224
0.9999970692505854
0.9999999783025535
0.9999999999887533
0.9999999999999939
1.0
1.0
1.0
1.0
1.0
1.0
1.0
1.0
1.0
1.0
1.0
1.0
1.0
1.0
###
1e-05
1.1768119524349992e-05
1.3848863713938717e-05
1.6297508346206434e-05
1.917910261672489e-05
2.2570197196339216e-05
2.656087782946684e-05
3.1257158496882356e-05
3.678379771828634e-05
4.328761281083062e-05
5.0941380148163754e-05
5.994842503189409e-05
7.054802310718646e-05
8.302175681319735e-05
9.770099572992247e-05
0.00011497569953977356
0.00013530477745798074
0.00015922827933410923
0.0001873817422860383
0.00022051307399030456
0.00025950242113997375
0.0003053855508833416
0.00035938136638046257
0.0004229242874389499
0.0004977023564332109
0.0005857020818056661
0.0006892612104349695
0.0008111308307896872
0.0009545484566618337
0.0011233240329780276
0.0013219411484660286
0.0015556761439304723
0.0018307382802953678
0.002154434690031882
0.0025353644939701114
0.0029836472402833374
0.003511191734215131
0.004132012400115334
0.004862601580065354
0.005722367659350214
0.006734150657750821
0.007924828983539169
0.0093260334688322
0.010974987654930556
0.01291549665014884
0.01519911082952933
0.01788649529057435
0.0210490414451202
0.02477076355991709
0.029150530628251757
0.034304692863149154
0.040370172585965536
0.047508101621027934
0.05590810182512223
0.06579332246575675
0.0774263682681127
0.09111627561154886
0.10722672220103231
0.1261856883066021
0.14849682622544635
0.1747528400007683
0.20565123083486514
0.24201282647943834
0.2848035868435799
0.3351602650938841
0.3944206059437656
0.46415888336127725
0.5462277217684337
0.642807311728432
0.7564633275546291
0.8902150854450375
1.0476157527896641
1.232846739442066
1.4508287784959402
1.7073526474706886
2.009233002565046
2.364489412645407
2.782559402207126
3.274549162877725
3.8535285937105273
4.534878508128582
5.3366992312063015
6.280291441834247
7.390722033525775
8.697490026177835
10.235310218990248
12.045035402587812
14.174741629268048
16.68100537200059
19.630406500402685
23.10129700083158
27.1858824273294
31.992671377973846
37.64935806792464
44.30621457583877
52.14008287999685
61.35907273413163
72.20809018385457
84.97534359086438
100.0
###
0.28371160356755337
0.26569428377771337
0.24776002854106516
0.23037914386293365
0.2139690746669923
0.19884117175661167
0.18845308723089876
0.17604497585090753
0.16531335283072784
0.1562948252190327
1.0298589019299438
0.9217749729337756
0.8192612751726256
0.7242098063828042
0.6376034456994325
0.5599758842634653
0.507633666731285
0.4454047670787291
0.3912177604963737
0.3444599692689829
1.5859831214165576
1.3904865153991879
1.2091966034516388
1.044364757732818
0.8969814388194014
0.7669180363376924
0.6802670926968937
0.5782039169546697
0.4900430502161713
0.41412606365716215
2.0525943169641097
1.7752663121714247
1.5218249987723296
1.2945260149901159
1.093760443049571
0.9186760947286455
0.8030390705856927
0.6678588440018152
0.5520752960393979
0.4529157856697149
2.462955818512245
2.108700113877716
1.788478495639712
1.5042292142984457
1.2555879460183201
1.0405230110333428
0.8996308384673062
0.7359461718799354
0.5967486509587423
0.478271001074526
2.8334741752070984
2.406356406795421
2.0237474414864036
1.686873041986881
1.3944664798283224
1.1434457916989904
0.9798668258230375
0.791046446325949
0.631364773727952
0.49633391123977294
3.173651027602563
2.677271627136391
2.23588650450048
1.849852597973717
1.5169731434669085
1.2329105593920526
1.048831799897829
0.8373360579717337
0.6595148126953219
0.510003636720553
3.48974700729846
2.927171147543887
2.4300286346346063
1.997759072921324
1.6270969230384404
1.3124826271886494
1.109518492569734
0.8772412446121582
0.6831718524495146
0.5207399660342448
3.786084799057182
3.1599867247180913
2.609614677686254
2.133691880447794
1.727473978680726
1.384368715662962
1.163846505544801
0.9126642460909
0.7035273821172247
0.5294349975220771
4.065810508601898
3.378560075187958
2.7773138596735807
2.259692564643067
1.8199449124857556
1.4500177064156554
1.2131483867085135
0.9442684755099489
0.7213718464503375
0.5366478934992023
4.331254182204041
3.5849540875980592
2.9349247294245893
2.377590351454388
1.9058520777585881
1.5105963956969617
1.258312175913492
0.9729193884046988
0.7372272245922541
0.5427404095771091
4.5844075994296825
3.780960667600421
3.083880569516549
2.488487991358183
1.9862089085635586
1.5668864647788552
1.3000508749874435
0.9991046508594222
0.7515004234272236
0.5479670797104782
4.826690874306699
3.967823635105615
3.225309249600111
2.593264959968894
2.0618000689257414
1.6195032697217315
1.3388907618233905
1.0232652642189262
0.7644668420640487
0.5525169630654719
5.059312378875042
4.146601284352163
3.360302218851194
2.6927388400822245
2.133239894528662
1.669007251783955
1.3752433939029889
1.0456952941944364
0.7763477701871723
0.5565145612290437
5.283217101688054
4.318241384066427
3.489251437111277
2.787526765327815
2.201054053653764
1.7157120770309904
1.4094361006060008
1.0666366842366863
0.7872992265767771
0.5600577264348231