# datat/BKevo/GBW_BKevo/gbw4.dat
# N(r,Y=0), r, *FL(x,Q^2)
# 1e-05 < r < 100.0
# 1 < Q^2 < 50, n=15, log grid
# 1e-5 < x < 1e-2, n=10, log grid
###
1.2544250094568028e-12
1.7324830324907843e-12
2.4046348613046715e-12
3.332388120246673e-12
4.604428747757249e-12
6.3843661785743944e-12
8.851973790323705e-12
1.223621473679616e-11
1.6949430699237428e-11
2.3512319866967014e-11
3.2516025604252155e-11
4.4993817187266774e-11
6.244771850484173e-11
8.640049940241669e-11
1.194304103286916e-10
1.6584613174811124e-10
2.2956527881726322e-10
3.1698476536933465e-10
4.404132368769211e-10
6.099110776139429e-10
8.421976988518487e-10
1.1694489085657861e-09
1.6203036664970465e-09
2.2383614611945638e-09
3.105041518828123e-09
4.304229726084828e-09
5.9486555503387075e-09
8.243623143802904e-09
1.1433074377135425e-08
1.580808790409497e-08
2.188430319730586e-08
3.036676899471814e-08
4.200599697624477e-08
5.809121815271398e-08
8.064947054315295e-08
1.1161284428943122e-07
1.5418803708953544e-07
2.1417620368004648e-07
2.9654284561387895e-07
4.0940653704397525e-07
5.687311525212792e-07
7.878264413713814e-07
1.088134811403503e-06
1.510108679396587e-06
2.0928727766777164e-06
2.891898166027039e-06
4.0093493877175305e-06
5.559342453569728e-06
7.68519278207782e-06
1.0643951286778816e-05
1.4766276255290312e-05
2.042191400037427e-05
2.825484591535055e-05
3.9217764613490254e-05
5.4263104125409506e-05
7.499623270236507e-05
0.00010414844967801876
0.00014416874855110274
0.00019903582727314983
0.00027654484092028093
0.00038297897389104037
0.0005288291046930075
0.0007341442619305125
0.0010170940315987443
0.0014048713264542313
0.0019480328997081152
0.002699508157787869
0.003729167108932456
0.0051634016237717024
0.00715421147237518
0.009878996532700485
0.013648247183847502
0.018887633180205074
0.026033935746731234
0.035819269029794785
0.049369623787891524
0.06767195078469694
0.09227713408492565
0.12573683349091047
0.16974291157924487
0.2267133974837628
0.29974083589879097
0.38925718676627036
0.4946973432869851
0.6105421255878818
0.7279260434490744
0.8357044428678192
0.9169393182411179
0.9666919637590247
0.9910625513099498
0.9985784941652034
0.9998422392494724
0.9999929218577105
0.9999999719445155
0.9999999998548157
0.999999999999864
1.0
1.0
1.0
1.0
###
1e-05
1.1768119524349992e-05
1.3848863713938717e-05
1.6297508346206434e-05
1.917910261672489e-05
2.2570197196339216e-05
2.656087782946684e-05
3.1257158496882356e-05
3.678379771828634e-05
4.328761281083062e-05
5.0941380148163754e-05
5.994842503189409e-05
7.054802310718646e-05
8.302175681319735e-05
9.770099572992247e-05
0.00011497569953977356
0.00013530477745798074
0.00015922827933410923
0.0001873817422860383
0.00022051307399030456
0.00025950242113997375
0.0003053855508833416
0.00035938136638046257
0.0004229242874389499
0.0004977023564332109
0.0005857020818056661
0.0006892612104349695
0.0008111308307896872
0.0009545484566618337
0.0011233240329780276
0.0013219411484660286
0.0015556761439304723
0.0018307382802953678
0.002154434690031882
0.0025353644939701114
0.0029836472402833374
0.003511191734215131
0.004132012400115334
0.004862601580065354
0.005722367659350214
0.006734150657750821
0.007924828983539169
0.0093260334688322
0.010974987654930556
0.01291549665014884
0.01519911082952933
0.01788649529057435
0.0210490414451202
0.02477076355991709
0.029150530628251757
0.034304692863149154
0.040370172585965536
0.047508101621027934
0.05590810182512223
0.06579332246575675
0.0774263682681127
0.09111627561154886
0.10722672220103231
0.1261856883066021
0.14849682622544635
0.1747528400007683
0.20565123083486514
0.24201282647943834
0.2848035868435799
0.3351602650938841
0.3944206059437656
0.46415888336127725
0.5462277217684337
0.642807311728432
0.7564633275546291
0.8902150854450375
1.0476157527896641
1.232846739442066
1.4508287784959402
1.7073526474706886
2.009233002565046
2.364489412645407
2.782559402207126
3.274549162877725
3.8535285937105273
4.534878508128582
5.3366992312063015
6.280291441834247
7.390722033525775
8.697490026177835
10.235310218990248
12.045035402587812
14.174741629268048
16.68100537200059
19.630406500402685
23.10129700083158
27.1858824273294
31.992671377973846
37.64935806792464
44.30621457583877
52.14008287999685
61.35907273413163
72.20809018385457
84.97534359086438
100.0
###
0.11331466325090767
0.0941635718619311
0.07739238067467527
0.06295236616177337
0.05066467550506777
0.0403233376669412
0.03369955120467595
0.02617613166921377
0.019932094903516297
0.014750003431315217
0.30392543610892225
0.23954972461251323
0.1863647198488422
0.14303855216024158
0.10813944758219145
0.08030672056421968
0.06331614887560398
0.04494882655395847
0.03060596402495362
0.019485936706507927
0.4182316678252775
0.3231587627214312
0.2462986200680784
0.18498117021027927
0.13661217545684193
0.09884644254574067
0.07624142877086636
0.0523038550089301
0.03409801278730867
0.020406864175664598
0.505651398941218
0.3859587053789839
0.29046714134258084
0.2152607821343931
0.15669860358261287
0.111583628533465
0.08491004128931896
0.05703275517959947
0.03618658034474697
0.020818731721893007
0.578204396399369
0.43749494442580744
0.3262776640861765
0.23949536447952724
0.17254848695645172
0.12146531734446468
0.09153584023275042
0.06055523017461219
0.037676133703861754
0.02105626173113311
0.641047432496264
0.4817570928753575
0.35676877436993193
0.2599337196577356
0.18577590129426624
0.12961672356821557
0.09694389822386977
0.0633786482418422
0.03883445115077356
0.021212204964711323
0.6969588623876481
0.5208755769877594
0.3835303165172162
0.2777464521271465
0.19720883211963178
0.13659639561367518
0.10153681484655971
0.06574316252436525
0.0397820044029529
0.02132307897714467
0.7475868719188474
0.5561124363553048
0.40750519503402516
0.29360641001847954
0.20732359846098392
0.14272454274281982
0.10554284146136879
0.06778279945917802
0.040584789214810936
0.021406330185433448
0.7940440474158892
0.5883043900441144
0.42930858764255303
0.3079553394473956
0.2164240056544077
0.1482034862966191
0.10910476761405936
0.06957942705969396
0.04128133135094394
0.02147121651602047
0.8371073320491581
0.6180295914374468
0.4493566781700395
0.3210943570931569
0.22471699559588532
0.1531693211190211
0.11231774282921399
0.07118741968210207
0.04189679833399034
0.021523356853080378
0.8773422396959222
0.6457079229502004
0.4679578976486345
0.3332377793148127
0.23235500035452097
0.15771829516993646
0.11524906837596426
0.07264436746885924
0.0424486148041913
0.021566233404776102
0.9151695632751213
0.6716552974808913
0.4853406484623684
0.34454934056003905
0.23943750877131445
0.16192130954545197
0.11794750025037896
0.07397757849894639
0.0429487461174098
0.021602192924912174
0.9509392263703695
0.6961160318856513
0.5016807790163904
0.3551489402367898
0.2460527053803831
0.1658321650468177
0.12045007752769428
0.0752072169813454
0.04340627668135543
0.021632664260684137
0.9848965991655576
0.7192834581652666
0.5171169005046811
0.36513606020413086
0.2522657517837542
0.16949256122389833
0.12278527213932267
0.0763491877735246
0.04382776108145147
0.021659079993287676
1.0172545363883074
0.7413135806462797
0.5317604679071749
0.37458310563329583
0.25812847236003333
0.17293575896979652
0.12497625130967153
0.07741582130937251
0.04421911840703821
0.021682092853497814