# datat/BKevo/GBW_BKevo/gbw12.dat
# N(r,Y=0), r, *FL(x,Q^2)
# 1e-05 < r < 100.0
# 1 < Q^2 < 50, n=15, log grid
# 1e-5 < x < 1e-2, n=10, log grid
###
3.9689690773721603e-10
5.1432630080822e-10
6.680776453833874e-10
8.671738417480123e-10
1.1239831027729053e-09
1.4592785046757694e-09
1.89460875093144e-09
2.456217835883936e-09
3.187371769203736e-09
4.1392114561206785e-09
5.367350364791558e-09
6.961620439398412e-09
9.04274294890543e-09
1.172839990776805e-08
1.520445274945745e-08
1.9754545686691636e-08
2.5627318133686694e-08
3.3205792153725395e-08
4.3153694240664334e-08
5.5995475449923866e-08
7.255611637151974e-08
9.426549807662433e-08
1.2234547079544238e-07
1.585626866913631e-07
2.059070309951915e-07
2.6730546262521384e-07
3.4650869939818647e-07
4.4975185928794904e-07
5.839995717773411e-07
7.572046340504201e-07
9.823310570102504e-07
1.2758562086670345e-06
1.6546194254796704e-06
2.145485525972179e-06
2.7872449457979326e-06
3.615500265697365e-06
4.685713260241688e-06
6.088808567052053e-06
7.899937143079123e-06
1.023539251240114e-05
1.330064193028208e-05
1.7260884124190282e-05
2.2368394005515795e-05
2.9053251998102945e-05
3.771247948819501e-05
4.88819185346503e-05
6.345945507959708e-05
8.239231486376854e-05
0.00010681713159134857
0.00013860290415725917
0.00017999539530379319
0.00023340194596452565
0.00030269972152836356
0.00039318343559922566
0.0005099421497145817
0.0006609861588093698
0.0008587326349278563
0.0011139124673883144
0.0014429904536307017
0.001874925616536994
0.002432257783930897
0.0031505740528005493
0.004091010862819341
0.0053065277347899556
0.006872265860849136
0.00891429420323055
0.011557076864109932
0.01495650187687818
0.019367682593838993
0.025074950550082797
0.03239211553044471
0.04181576066878613
0.05396056553985093
0.06941611289487931
0.08906962075333617
0.11409401575520026
0.14542018225283748
0.1843302069770055
0.23239138002356216
0.29041375710777145
0.3592265527371836
0.4384287949129175
0.5267465477531307
0.6215598206708774
0.7156590585721643
0.803550725032426
0.8795710143858159
0.9352504052188404
0.9704663125837594
0.9897598577960357
0.9974081461204016
0.9994823904597543
0.9999418892635171
0.9999977275529618
0.999999909292984
0.9999999986182543
0.9999999999995859
0.9999999999999994
1.0
1.0
###
1e-05
1.1768119524349992e-05
1.3848863713938717e-05
1.6297508346206434e-05
1.917910261672489e-05
2.2570197196339216e-05
2.656087782946684e-05
3.1257158496882356e-05
3.678379771828634e-05
4.328761281083062e-05
5.0941380148163754e-05
5.994842503189409e-05
7.054802310718646e-05
8.302175681319735e-05
9.770099572992247e-05
0.00011497569953977356
0.00013530477745798074
0.00015922827933410923
0.0001873817422860383
0.00022051307399030456
0.00025950242113997375
0.0003053855508833416
0.00035938136638046257
0.0004229242874389499
0.0004977023564332109
0.0005857020818056661
0.0006892612104349695
0.0008111308307896872
0.0009545484566618337
0.0011233240329780276
0.0013219411484660286
0.0015556761439304723
0.0018307382802953678
0.002154434690031882
0.0025353644939701114
0.0029836472402833374
0.003511191734215131
0.004132012400115334
0.004862601580065354
0.005722367659350214
0.006734150657750821
0.007924828983539169
0.0093260334688322
0.010974987654930556
0.01291549665014884
0.01519911082952933
0.01788649529057435
0.0210490414451202
0.02477076355991709
0.029150530628251757
0.034304692863149154
0.040370172585965536
0.047508101621027934
0.05590810182512223
0.06579332246575675
0.0774263682681127
0.09111627561154886
0.10722672220103231
0.1261856883066021
0.14849682622544635
0.1747528400007683
0.20565123083486514
0.24201282647943834
0.2848035868435799
0.3351602650938841
0.3944206059437656
0.46415888336127725
0.5462277217684337
0.642807311728432
0.7564633275546291
0.8902150854450375
1.0476157527896641
1.232846739442066
1.4508287784959402
1.7073526474706886
2.009233002565046
2.364489412645407
2.782559402207126
3.274549162877725
3.8535285937105273
4.534878508128582
5.3366992312063015
6.280291441834247
7.390722033525775
8.697490026177835
10.235310218990248
12.045035402587812
14.174741629268048
16.68100537200059
19.630406500402685
23.10129700083158
27.1858824273294
31.992671377973846
37.64935806792464
44.30621457583877
52.14008287999685
61.35907273413163
72.20809018385457
84.97534359086438
100.0
###
0.16966506350200553
0.1453543105302285
0.12296678417270251
0.10283198284331287
0.08507223741613666
0.06967096434774794
0.059596177871624814
0.04796214469033231
0.03817296865776464
0.029988766194117916
0.5149949677553671
0.419267624789459
0.33672204121164595
0.2669565632280193
0.20893543277545432
0.1613691924465859
0.13170190053222455
0.09902148614207831
0.07297181787059863
0.052360021001079345
0.7429665290224676
0.5931548798210399
0.4670747926490715
0.3629320019831802
0.2782133165157467
0.2102247884971379
0.16860210278961005
0.12358074791286557
0.0884783401869984
0.061345944453054795
0.9248521453422337
0.7295021628577171
0.5675162687739636
0.43557695647260974
0.32967351398742667
0.2457960765025994
0.19502736574330906
0.14074579114805985
0.09900523490540891
0.06722142600856304
1.0799688557767952
0.8445073177359137
0.6513365701597346
0.49549978067073075
0.3716238421826065
0.2744273580342303
0.2160821544944685
0.15421942724795015
0.10712616978258471
0.07165780590483556
1.2170378094459893
0.9453169389752171
0.7241807718724275
0.5471684553534312
0.4074860834582612
0.29867591899052126
0.23379219793009523
0.16543410264733713
0.11380501903163677
0.07525461319311816
1.3408747221047135
1.0358185868990848
0.7891782080390086
0.5929658428608785
0.4390683487982364
0.3198867771361088
0.24919209812958473
0.1751070565155497
0.1195139220824326
0.07829706226310426
1.4544800984942532
1.1184159157585203
0.8481886868873137
0.6343318841100508
0.46743832472611296
0.3388339556652042
0.26289038205120085
0.18365332236933885
0.12452174465482851
0.080944664214456
1.5599034713055875
1.1947098406779773
0.9024602478072983
0.6722087382254042
0.49329769083601754
0.35602888158186885
0.27526652915877703
0.19133535653348174
0.12899680359251456
0.08329541955976297
1.6585077240843202
1.265837473368004
0.9528644336593188
0.707252685301233
0.5171297906159181
0.3717991410073022
0.2865891993451786
0.19833127640724782
0.13305199692293426
0.08541445875273727
1.7514292654845804
1.332618840426125
1.0000371182617636
0.7399409554876076
0.5392843529093435
0.3864131223239221
0.29704780132033526
0.20476752855777355
0.13676684130104225
0.08734703434468778
1.839432536303305
1.3956921497944754
1.044461133433936
0.7706344408708923
0.5600236995980613
0.4000496479961549
0.306782961930026
0.21073755037932632
0.14019970560099196
0.08912615236517105
1.923172571972811
1.455552484736382
1.086512204530341
0.7996116772930797
0.5795501435855632
0.4128520202209781
0.315902394813508
0.21631236695658215
0.1433948083320364
0.09077649877067916
2.0031721733944132
1.5125955225877121
1.126489277914564
0.8270940904036426
0.5980233860981504
0.42493835838472055
0.3244903828695511
0.22154752228198327
0.14638616630609172
0.09231716888389556
2.0798311169766515
1.5671431719347906
1.1646365661182734
0.8532595613189393
0.615572029515879
0.4363876624898011
0.3326169906027663
0.22648704688961935
0.14920117367108518
0.09376332795590596