# datat/BKevo/ATAN_BKevo/atan19.dat
# N(r,Y=0), r, *FL(x,Q^2)
# 1e-05 < r < 100.0
# 1 < Q^2 < 50, n=15, log grid
# 1e-5 < x < 1e-2, n=10, log grid
###
0.003906624825455053
0.004170879647552286
0.004450427551663945
0.004749439798745946
0.005070412897423865
0.00541091958997456
0.005774135069408348
0.006164003733450615
0.006578763262164803
0.007019971607799797
0.007493528332642168
0.007998734209855224
0.008534687681028524
0.009109901978827295
0.009725279617992062
0.01037632979112652
0.011075030726947446
0.01182460783920557
0.012615479169881521
0.013464184574194342
0.014375300147654119
0.015337959309459085
0.01636888319666163
0.017475551442354915
0.018648128484214654
0.01990040498617456
0.02124460967511
0.022672883688762586
0.024194054048764745
0.02582679521404714
0.02756652974088816
0.02941434891815243
0.03139757970250245
0.03351670051474403
0.03576133209598934
0.03817031174765866
0.04075155962139121
0.04347824246087123
0.04640439482234041
0.04954580437614507
0.0528608445675268
0.05641523037608338
0.06023086206461856
0.06426877132681777
0.0685863051761232
0.073220899391684
0.07813931012028708
0.08338387860785688
0.08901324315465779
0.09500414409300326
0.10137480737971027
0.10821245595143822
0.11550963464736982
0.12324810711283354
0.13155324542088864
0.14044124070819158
0.14984080531748784
0.15992777846875897
0.1707524218417969
0.18216819765153797
0.19441714418737907
0.2075645106571096
0.22145683498122423
0.23632397527316196
0.2522761491609502
0.26917242383510104
0.28719404765870543
0.306515362479607
0.32701490424691637
0.3487853399136524
0.3720785694981913
0.39679170386064716
0.42285507374936854
0.450598354188907
0.47991061601368545
0.5104082632638891
0.5424659276929451
0.5758913434176661
0.6097024444149041
0.64428164682419
0.6792277684895024
0.7129253745929468
0.7457302163298178
0.7772063881507375
0.8058667603548267
0.8320740635452725
0.8559274530761203
0.87666910149523
0.8946927663925165
0.910553792005664
0.9240634492819927
0.9354491107632834
0.9453258296528408
0.953720732292309
0.9606780549623634
0.9666888378948365
0.9718295247864437
0.9760450838591594
0.9796863350260494
0.9828280337271639
###
1e-05
1.1768119524349992e-05
1.3848863713938717e-05
1.6297508346206434e-05
1.917910261672489e-05
2.2570197196339216e-05
2.656087782946684e-05
3.1257158496882356e-05
3.678379771828634e-05
4.328761281083062e-05
5.0941380148163754e-05
5.994842503189409e-05
7.054802310718646e-05
8.302175681319735e-05
9.770099572992247e-05
0.00011497569953977356
0.00013530477745798074
0.00015922827933410923
0.0001873817422860383
0.00022051307399030456
0.00025950242113997375
0.0003053855508833416
0.00035938136638046257
0.0004229242874389499
0.0004977023564332109
0.0005857020818056661
0.0006892612104349695
0.0008111308307896872
0.0009545484566618337
0.0011233240329780276
0.0013219411484660286
0.0015556761439304723
0.0018307382802953678
0.002154434690031882
0.0025353644939701114
0.0029836472402833374
0.003511191734215131
0.004132012400115334
0.004862601580065354
0.005722367659350214
0.006734150657750821
0.007924828983539169
0.0093260334688322
0.010974987654930556
0.01291549665014884
0.01519911082952933
0.01788649529057435
0.0210490414451202
0.02477076355991709
0.029150530628251757
0.034304692863149154
0.040370172585965536
0.047508101621027934
0.05590810182512223
0.06579332246575675
0.0774263682681127
0.09111627561154886
0.10722672220103231
0.1261856883066021
0.14849682622544635
0.1747528400007683
0.20565123083486514
0.24201282647943834
0.2848035868435799
0.3351602650938841
0.3944206059437656
0.46415888336127725
0.5462277217684337
0.642807311728432
0.7564633275546291
0.8902150854450375
1.0476157527896641
1.232846739442066
1.4508287784959402
1.7073526474706886
2.009233002565046
2.364489412645407
2.782559402207126
3.274549162877725
3.8535285937105273
4.534878508128582
5.3366992312063015
6.280291441834247
7.390722033525775
8.697490026177835
10.235310218990248
12.045035402587812
14.174741629268048
16.68100537200059
19.630406500402685
23.10129700083158
27.1858824273294
31.992671377973846
37.64935806792464
44.30621457583877
52.14008287999685
61.35907273413163
72.20809018385457
84.97534359086438
100.0
###
0.3957128718152054
0.39564374102446925
0.3953735468285493
0.39426683700784904
0.39009993610089616
0.37695036852301933
0.35492900738207317
0.3026737133426244
0.2301270213287225
0.15710730541660428
1.9289982588785113
1.9281502811255502
1.9249236404974883
1.9131379874677001
1.8747503843559956
1.7706803039800785
1.6180013995693252
1.30285541083763
0.9233282491958384
0.5835925514897806
3.4663910319269764
3.4641684482219626
3.4560516067340497
3.428023763145809
3.3413803210859654
3.119960052737404
2.8126370551327446
2.211948680298617
1.5266260215591458
0.9389776891283477
5.004052377777391
4.999996271755975
4.985551419542955
4.937290201789588
4.793544237515197
4.440627098876552
3.967336522256184
3.0734619847776696
2.086897689749609
1.2629974826083916
6.541679144485823
6.535378370338037
6.513420181068998
6.441834075722827
6.234451363017246
5.740021477601988
5.093562788937121
3.902615217183785
2.6194124758426724
1.5673213350705089
8.07938952340491
8.07028219133156
8.03978024199602
7.9422684359531
7.665873308996146
7.022335034049368
6.197531055231533
4.707327209716501
3.1312375202182223
1.8574838609879154
9.616816309424534
9.603916098628599
9.564656234806982
9.43904639872523
9.089195902347972
8.290304610308798
7.283190210746993
5.4924702801611875
3.62689116069756
2.136705522184368
11.154127399759258
11.137780134914593
11.088426812793536
10.932515044670549
10.505326971458704
9.545873880854582
8.353277217164221
6.261283167454982
4.109287611100303
2.4070736825955725
12.690733785104257
12.672128983245283
12.610897015124648
12.422949389270448
11.9149704740752
10.790495119515434
9.409806517220677
7.0161158054420465
4.580465382055426
2.670044162614686
14.227607741375078
14.205229037742392
14.132230881448931
13.910477868354965
13.314263281909122
12.025302821652476
10.454324853746812
7.75874845254238
5.042149430013011
2.9266862826956763
15.764327914707657
15.738283009724165
15.652489215449785
15.39546131558787
14.71185639006886
13.251207045465115
11.488059475009614
8.4905449678244
5.495209183193072
3.1778166471174627
17.30089622505678
17.270656689822772
17.171282550504742
16.877979357345687
16.10439292343047
14.468955933531285
12.51200721505867
9.212620925631771
5.940718671413582
3.4240777681771006
18.838424459852874
18.80265995582984
18.68947116987747
18.35816876985266
17.492206849380818
15.679176061317554
13.526994832271958
9.925887691607953
6.379438056080583
3.665954544442942
20.37357737901381
20.33430493686228
20.20672008056031
19.83614896712423
18.875587604001936
16.882400532586818
14.533725369424673
10.631100934035482
6.81199577506584
3.9039382879762354
21.909682936370203
21.865602644151533
21.72306598446273
21.31202521198275
20.254789297834474
18.07908875010799
15.532786901548382
11.32890605634858
7.238919669370222
4.138348450438108