# datat/BKevo/GBW_BKevo/gbw69.dat
# N(r,Y=0), r, *FL(x,Q^2)
# 1e-05 < r < 100.0
# 1 < Q^2 < 50, n=15, log grid
# 1e-5 < x < 1e-2, n=10, log grid
###
6.906568616111105e-16
1.0897314680352965e-15
1.7189142671324697e-15
2.718373374365259e-15
4.289892308433764e-15
6.837646306783037e-15
1.0754294301969664e-14
1.6903412113950696e-14
2.6773009341738366e-14
4.234709952593841e-14
6.656919533850555e-14
1.0483937130822467e-13
1.6625020047059957e-13
2.6160747552211696e-13
4.1080126446367164e-13
6.524162009963956e-13
1.0278094476517432e-12
1.6095830185369178e-12
2.5601378136113276e-12
4.037842550663827e-12
6.323531048760411e-12
1.0044010117273515e-11
1.586049170755719e-11
2.4864114209149056e-11
3.939667350157182e-11
6.228886306779825e-11
9.775107838978056e-11
1.544961544919268e-10
2.445830546347233e-10
3.842415852571559e-10
6.057296714575603e-10
9.602008247430673e-10
1.510147812562292e-09
2.3743259535230284e-09
3.768906210172542e-09
5.934243330424889e-09
9.304629628118328e-09
1.479053302876793e-08
2.331525648423383e-08
3.649758772228191e-08
5.803167230023926e-08
9.158873915516322e-08
1.4351722102125275e-07
2.2764415467880543e-07
3.5972364502101905e-07
5.642614520453685e-07
8.928022922810778e-07
1.4125984325983469e-06
2.218152723440082e-06
3.5007276632138825e-06
5.546111850505295e-06
8.71835868973769e-06
1.3723389829729255e-05
2.177080285908374e-05
3.426141984227439e-05
5.37844332765726e-05
8.544092697345753e-05
0.00013461364795739006
0.00021072783549172985
0.0003352198819756333
0.0005287315067485321
0.0008280222793876316
0.0013144447044823747
0.0020751500743933786
0.003251727667381829
0.005145508000829321
0.00812410457957715
0.012722032474335626
0.020023716476100618
0.03151091328226765
0.04906726604184454
0.07620631242896231
0.11795930273279509
0.17916945384690525
0.26683962239949743
0.3873636774805072
0.5372306130908845
0.70347035542393
0.8484661955448705
0.9468018398680891
0.991306487343202
0.9991855555622043
0.9999725034922518
0.9999999027218126
0.9999999999987885
1.0
1.0
1.0
1.0
1.0
1.0
1.0
1.0
1.0
1.0
1.0
1.0
1.0
1.0
1.0
###
1e-05
1.1768119524349992e-05
1.3848863713938717e-05
1.6297508346206434e-05
1.917910261672489e-05
2.2570197196339216e-05
2.656087782946684e-05
3.1257158496882356e-05
3.678379771828634e-05
4.328761281083062e-05
5.0941380148163754e-05
5.994842503189409e-05
7.054802310718646e-05
8.302175681319735e-05
9.770099572992247e-05
0.00011497569953977356
0.00013530477745798074
0.00015922827933410923
0.0001873817422860383
0.00022051307399030456
0.00025950242113997375
0.0003053855508833416
0.00035938136638046257
0.0004229242874389499
0.0004977023564332109
0.0005857020818056661
0.0006892612104349695
0.0008111308307896872
0.0009545484566618337
0.0011233240329780276
0.0013219411484660286
0.0015556761439304723
0.0018307382802953678
0.002154434690031882
0.0025353644939701114
0.0029836472402833374
0.003511191734215131
0.004132012400115334
0.004862601580065354
0.005722367659350214
0.006734150657750821
0.007924828983539169
0.0093260334688322
0.010974987654930556
0.01291549665014884
0.01519911082952933
0.01788649529057435
0.0210490414451202
0.02477076355991709
0.029150530628251757
0.034304692863149154
0.040370172585965536
0.047508101621027934
0.05590810182512223
0.06579332246575675
0.0774263682681127
0.09111627561154886
0.10722672220103231
0.1261856883066021
0.14849682622544635
0.1747528400007683
0.20565123083486514
0.24201282647943834
0.2848035868435799
0.3351602650938841
0.3944206059437656
0.46415888336127725
0.5462277217684337
0.642807311728432
0.7564633275546291
0.8902150854450375
1.0476157527896641
1.232846739442066
1.4508287784959402
1.7073526474706886
2.009233002565046
2.364489412645407
2.782559402207126
3.274549162877725
3.8535285937105273
4.534878508128582
5.3366992312063015
6.280291441834247
7.390722033525775
8.697490026177835
10.235310218990248
12.045035402587812
14.174741629268048
16.68100537200059
19.630406500402685
23.10129700083158
27.1858824273294
31.992671377973846
37.64935806792464
44.30621457583877
52.14008287999685
61.35907273413163
72.20809018385457
84.97534359086438
100.0
###
0.2021734821709746
0.18231326034477557
0.16394021657166213
0.1472568512244213
0.13238353999420235
0.119334270303379
0.11071459193282146
0.10069964788692413
0.09227488824128943
0.0853238897378245
0.6157205346833065
0.5241802978848263
0.4430610632795371
0.3721530616064121
0.31084430730033397
0.25815889108509826
0.22367394123058482
0.18353007499350713
0.14910080342863075
0.11940346785544302
0.8829003344482772
0.7336133253168798
0.6042010000596895
0.49323341784028546
0.3989283523702557
0.31924437254887145
0.2677972427049634
0.20866356672464573
0.15863232700126914
0.116029970769838
1.092778777554814
0.8943081956832941
0.724463439214461
0.5807983586938669
0.46024718736230386
0.35963800551210745
0.29538876051048657
0.22235950084644143
0.1614042206043096
0.11026749893317914
1.269724061618288
1.0276529094393945
0.8226430276620524
0.6508809839938557
0.5081741687490312
0.39022184665843224
0.31558169017069715
0.23153835405037715
0.16221889883696736
0.10485545802959576
1.4246446321303101
1.1430786631257595
0.9065362976794745
0.7099473639508455
0.5478820294609267
0.4150310915989787
0.33158958698081636
0.23838778037962322
0.16230671582368708
0.10018903545450168
1.5635382345474544
1.2456459372164919
0.9803895664492834
0.7613722235494053
0.5820225928141781
0.43601573569259544
0.34490264374260643
0.24384082997810183
0.1620928653405163
0.09598618960614902
1.6901313627892116
1.3384515085607034
1.0466824248346178
0.8071360970921343
0.6120983256873589
0.45426771058032356
0.356334390640761
0.24837292495820776
0.16175110537243306
0.09238243868845561
1.8069050070083503
1.4235293375259819
1.10705937211038
0.8485141151405633
0.6390762405952064
0.47046527579962294
0.36637501142956136
0.2522557705095626
0.16136070362665778
0.0892065950427773
1.9155971109053171
1.5023128377177624
1.1626557569127514
0.8863800863956651
0.6635796877794309
0.48505900630571813
0.37534618041263296
0.2556582511603595
0.1609571519658485
0.08637942687338201
2.0175165708463445
1.5758450923534715
1.2142945075758658
0.9213613689987925
0.6860781940842382
0.4983599978911737
0.38346636067670914
0.2586897593099352
0.16055785261617428
0.08385329669384758
2.1136517608676257
1.644935601252359
1.2625926871195179
0.953942963514284
0.7069095264816548
0.5105973845916318
0.39089317485008995
0.2614303177979112
0.16017458304529048
0.08156873023220779
2.204775825721249
1.7101750859403888
1.308029304137211
0.9844507467082434
0.7263301686904883
0.5219425142861597
0.3977432614617202
0.2639296408366987
0.15981000890100636
0.0794873174869365
2.2915069528014578
1.7720657867388176
1.3509804146582463
1.0131722730565116
0.7445399459530299
0.5325275726162408
0.4041060004045852
0.2662319376604095
0.15946642283327053
0.07758739383249713
2.374348207346017
1.8310027375265454
1.3917496390906232
1.0403436266227508
0.7616977165453325
0.5424567047974537
0.4100510626005401
0.2683701798300813
0.15914108239182917
0.07584688673872841