# datat/BKevo/GBW_BKevo/gbw33.dat
# N(r,Y=0), r, *FL(x,Q^2)
# 1e-05 < r < 100.0
# 1 < Q^2 < 50, n=15, log grid
# 1e-5 < x < 1e-2, n=10, log grid
###
2.898172795742974e-16
4.372586909867758e-16
6.374125286412036e-16
1.07490116661823e-15
1.6150012735821144e-15
2.530789029877038e-15
4.068324569772117e-15
6.442938896151061e-15
1.01391345052834e-14
1.6048872279427574e-14
2.5188490903814822e-14
3.9737640750819374e-14
6.301507023724715e-14
9.908343254187472e-14
1.5565591097834391e-13
2.4722667191202405e-13
3.8945836323471324e-13
6.099388326937903e-13
9.701013741868104e-13
1.5300166375391354e-12
2.3961834138925573e-12
3.8059966206109686e-12
6.010033127357275e-12
9.421793823235018e-12
1.4928591952933842e-11
2.3603096439043896e-11
3.704071258291095e-11
5.854305859674803e-11
9.267967682761288e-11
1.45600289993436e-10
2.295285834663629e-10
3.638480629864604e-10
5.722390008736985e-10
8.997012837008684e-10
1.428148369041622e-09
2.248657731436937e-09
3.5257952687926958e-09
5.604564045054647e-09
8.834830187685416e-09
1.3829999749875218e-08
2.19898922262467e-08
3.4705643321800266e-08
5.4382859838549525e-08
8.62610103754083e-08
1.3630978767679317e-07
2.1381514549011942e-07
3.383089022149827e-07
5.352749532112656e-07
8.405232942511529e-07
1.32652919797383e-06
2.101587131110049e-06
3.3036492704820344e-06
5.200214802038493e-06
8.249649099967198e-06
1.2982791317487236e-05
2.0380832307804957e-05
3.237694180297411e-05
5.101121531873667e-05
7.98561489835657e-05
0.0001270381876536739
0.0002003855130645645
0.00031384279376977386
0.0004982903328549287
0.0007868559553605944
0.0012334307349171404
0.0019529830085688025
0.0030864852708084845
0.004840154119043611
0.007636258676125709
0.012062825599152088
0.01888862856119094
0.029601401120301525
0.04650220875146741
0.07216639620832663
0.1110673838008336
0.17015278903054115
0.2544142407322695
0.36949270088238284
0.5163237808392067
0.6803126131696036
0.8360056274260033
0.9381665112097032
0.9860287017379328
0.9989315262187447
0.9999740520420631
0.9999997835024039
0.9999999998530037
1.0
1.0
1.0
1.0
1.0
1.0
1.0
1.0
1.0
1.0
1.0
1.0
1.0
###
1e-05
1.1768119524349992e-05
1.3848863713938717e-05
1.6297508346206434e-05
1.917910261672489e-05
2.2570197196339216e-05
2.656087782946684e-05
3.1257158496882356e-05
3.678379771828634e-05
4.328761281083062e-05
5.0941380148163754e-05
5.994842503189409e-05
7.054802310718646e-05
8.302175681319735e-05
9.770099572992247e-05
0.00011497569953977356
0.00013530477745798074
0.00015922827933410923
0.0001873817422860383
0.00022051307399030456
0.00025950242113997375
0.0003053855508833416
0.00035938136638046257
0.0004229242874389499
0.0004977023564332109
0.0005857020818056661
0.0006892612104349695
0.0008111308307896872
0.0009545484566618337
0.0011233240329780276
0.0013219411484660286
0.0015556761439304723
0.0018307382802953678
0.002154434690031882
0.0025353644939701114
0.0029836472402833374
0.003511191734215131
0.004132012400115334
0.004862601580065354
0.005722367659350214
0.006734150657750821
0.007924828983539169
0.0093260334688322
0.010974987654930556
0.01291549665014884
0.01519911082952933
0.01788649529057435
0.0210490414451202
0.02477076355991709
0.029150530628251757
0.034304692863149154
0.040370172585965536
0.047508101621027934
0.05590810182512223
0.06579332246575675
0.0774263682681127
0.09111627561154886
0.10722672220103231
0.1261856883066021
0.14849682622544635
0.1747528400007683
0.20565123083486514
0.24201282647943834
0.2848035868435799
0.3351602650938841
0.3944206059437656
0.46415888336127725
0.5462277217684337
0.642807311728432
0.7564633275546291
0.8902150854450375
1.0476157527896641
1.232846739442066
1.4508287784959402
1.7073526474706886
2.009233002565046
2.364489412645407
2.782559402207126
3.274549162877725
3.8535285937105273
4.534878508128582
5.3366992312063015
6.280291441834247
7.390722033525775
8.697490026177835
10.235310218990248
12.045035402587812
14.174741629268048
16.68100537200059
19.630406500402685
23.10129700083158
27.1858824273294
31.992671377973846
37.64935806792464
44.30621457583877
52.14008287999685
61.35907273413163
72.20809018385457
84.97534359086438
100.0
###
0.16331422730882428
0.14326080596353347
0.1250530807041708
0.10879520454537103
0.0944887743447796
0.08197878744563557
0.07372288011687235
0.06405980993850664
0.055762334997841626
0.04865038219677457
0.4644196161792418
0.3836671919753591
0.3139692008140336
0.25451349536005363
0.20421855912326592
0.16189360755572924
0.13467535845565648
0.10350905244176682
0.07725644116236596
0.05500484781167938
0.6502128634366409
0.524561452847774
0.41843935017558237
0.3297872766326159
0.25633827760344907
0.19579291391826584
0.15758132365547262
0.11471184521084157
0.0794104546786624
0.05034391565387386
0.7936254004655532
0.630842556549903
0.4953088704063212
0.3836365238536188
0.2923642173921027
0.21821492983946578
0.1720334638013313
0.1209198154259894
0.07972357040040201
0.04645575702094959
0.9131924199911947
0.7182339694429218
0.5575210076951616
0.42645545641246607
0.32043994458430053
0.23523809642908988
0.1827176414075819
0.12523777122054314
0.07956003416769952
0.04339815937769075
1.0170787554229552
0.7933580619515682
0.6104243605054165
0.4624173012918785
0.34367855366990646
0.24908250941793023
0.1912567878408612
0.12854907358701015
0.07932650737137713
0.040941035474905824
1.1096772025740735
0.859773384887508
0.6567860191521643
0.4936332176725088
0.36363407791628155
0.26081655182048513
0.1984038411987198
0.13124656072747493
0.0790767528650421
0.038915191693688476
1.1936765587550935
0.9196344926273678
0.6982790754592734
0.5213507697368072
0.38119979299979906
0.27103956677168817
0.20457155121430817
0.1335273072983149
0.0788383796198715
0.03720719782298667
1.2708578322558917
0.9743268877681286
0.735962845719328
0.5463661505214188
0.39693918237577636
0.2801237401052361
0.21001125898939774
0.135510978538443
0.07861892205807883
0.03574129210241651
1.3424752766117973
1.0248321220280643
0.7705853631717173
0.5692230586430858
0.41123274572872703
0.2883159324775965
0.2148868165221641
0.137269941020907
0.07842094776021706
0.03446386762663377
1.4094404398839222
1.0718602082963513
0.8026813874889305
0.5903105529506163
0.42435004513256486
0.2957889375530275
0.21931175421459298
0.13885321213697768
0.07824292775367274
0.03333690020662276
1.472449689785526
1.1159459963960077
0.8326511413563983
0.6099176663200773
0.43648969087899836
0.3026689946354244
0.22336789483552905
0.14029540562747345
0.07808331423299136
0.03233114657289936
1.5320440309492338
1.1575035098914142
0.8608025830952796
0.628265349349288
0.44780237112185284
0.3090508665829132
0.2271156778388004
0.14162114003005402
0.07794030954709061
0.03142772875953729
1.5886542452181207
1.196860112514417
0.8873784471157674
0.6455317901180107
0.4584054592518368
0.3150075851242218
0.23060240494944312
0.14284930841616428
0.0778111767038634
0.03060924252107759
1.642600274643352
1.2342819085835686
0.9125737399077859
0.661846041090339
0.46839218433124546
0.3205973022561243
0.23386452331049937
0.14399496236979817
0.07769558860303401
0.029861855405474327