# datat/BKevo/GBW_BKevo/gbw32.dat
# N(r,Y=0), r, *FL(x,Q^2)
# 1e-05 < r < 100.0
# 1 < Q^2 < 50, n=15, log grid
# 1e-5 < x < 1e-2, n=10, log grid
###
3.645767538437275e-14
5.3651305132321057e-14
7.95570305383454e-14
1.177445470748231e-13
1.7332695291825737e-13
2.567958788165132e-13
3.802691093046928e-13
5.603260138304342e-13
8.286274094073778e-13
1.2281134964810498e-12
1.8108974198075636e-12
2.673135505164557e-12
3.965448305190694e-12
5.851576853417225e-12
8.622360973924307e-12
1.2802605956236427e-11
1.8906573332404486e-11
2.7808299960638226e-11
4.13282473395915e-11
6.108070988325296e-11
8.984242732903578e-11
1.3339405298070394e-10
1.9730825092923317e-10
2.90420091375805e-10
4.3049358788692685e-10
6.372872204379464e-10
9.387011670180587e-10
1.389107928020096e-09
2.0581296079301785e-09
3.0337693711985196e-09
4.481699160590094e-09
6.645943154097734e-09
9.80372908401644e-09
1.445723737005713e-08
2.1457821874785722e-08
3.16776214530622e-08
4.6629652246152304e-08
6.927211739576094e-08
1.0234468457078101e-07
1.5049157205299166e-07
2.2360099942636845e-07
3.3061942969412775e-07
4.864927866151865e-07
7.216556612161427e-07
1.0679246434589575e-06
1.5725206569607422e-06
2.3287651723117157e-06
3.449058729044916e-06
5.082422081213224e-06
7.513784344566021e-06
1.1137976684365786e-05
1.642469633730818e-05
2.4239620690242445e-05
3.596283249817587e-05
5.3072720683136096e-05
7.81843435575308e-05
0.00011610036941953473
0.00017146646768933905
0.0002521280220508788
0.00037472859855746234
0.0005538337343749764
0.0008145926529629891
0.001208966917575872
0.001787887631427274
0.002630765315909929
0.0038962113580562423
0.005762869110484604
0.008477897780450978
0.01251679796201055
0.018489090293711753
0.027137564542460038
0.03981709572672058
0.0584552674335444
0.08503069545818165
0.12281195407005001
0.17649790797072556
0.2492142020520817
0.34464387161980203
0.46426881080358495
0.6015744837950875
0.7442374662413739
0.863375093957791
0.9453981862474169
0.9870729130853761
0.9981337195778153
0.9998591660564801
0.999997448620519
0.9999999980238519
0.9999999999987099
1.0
1.0
1.0
1.0
1.0
1.0
1.0
1.0
1.0
1.0
1.0
###
1e-05
1.1768119524349992e-05
1.3848863713938717e-05
1.6297508346206434e-05
1.917910261672489e-05
2.2570197196339216e-05
2.656087782946684e-05
3.1257158496882356e-05
3.678379771828634e-05
4.328761281083062e-05
5.0941380148163754e-05
5.994842503189409e-05
7.054802310718646e-05
8.302175681319735e-05
9.770099572992247e-05
0.00011497569953977356
0.00013530477745798074
0.00015922827933410923
0.0001873817422860383
0.00022051307399030456
0.00025950242113997375
0.0003053855508833416
0.00035938136638046257
0.0004229242874389499
0.0004977023564332109
0.0005857020818056661
0.0006892612104349695
0.0008111308307896872
0.0009545484566618337
0.0011233240329780276
0.0013219411484660286
0.0015556761439304723
0.0018307382802953678
0.002154434690031882
0.0025353644939701114
0.0029836472402833374
0.003511191734215131
0.004132012400115334
0.004862601580065354
0.005722367659350214
0.006734150657750821
0.007924828983539169
0.0093260334688322
0.010974987654930556
0.01291549665014884
0.01519911082952933
0.01788649529057435
0.0210490414451202
0.02477076355991709
0.029150530628251757
0.034304692863149154
0.040370172585965536
0.047508101621027934
0.05590810182512223
0.06579332246575675
0.0774263682681127
0.09111627561154886
0.10722672220103231
0.1261856883066021
0.14849682622544635
0.1747528400007683
0.20565123083486514
0.24201282647943834
0.2848035868435799
0.3351602650938841
0.3944206059437656
0.46415888336127725
0.5462277217684337
0.642807311728432
0.7564633275546291
0.8902150854450375
1.0476157527896641
1.232846739442066
1.4508287784959402
1.7073526474706886
2.009233002565046
2.364489412645407
2.782559402207126
3.274549162877725
3.8535285937105273
4.534878508128582
5.3366992312063015
6.280291441834247
7.390722033525775
8.697490026177835
10.235310218990248
12.045035402587812
14.174741629268048
16.68100537200059
19.630406500402685
23.10129700083158
27.1858824273294
31.992671377973846
37.64935806792464
44.30621457583877
52.14008287999685
61.35907273413163
72.20809018385457
84.97534359086438
100.0
###
0.16981673350123044
0.14891794502223366
0.12979261999297947
0.1125869998828399
0.09732994115567148
0.08396520004733429
0.07507201151537793
0.06463644671376094
0.05563518859161388
0.04787991513339725
0.493793047909985
0.40884755617426916
0.33519406062435797
0.27216812237573296
0.21878807326279437
0.17388749825284094
0.14506754695436785
0.11221826545398658
0.08468704289248631
0.06159115525648891
0.6975704771729325
0.5645305122270907
0.45177904183319045
0.35733186087065144
0.27900203288808667
0.21449420787325585
0.17385784668914175
0.12838694875092568
0.09123424784506538
0.060854752938501754
0.8560791502110529
0.6830386176733483
0.5384325852333105
0.41899274900106653
0.32128172302501334
0.24191816378423106
0.19256661551815835
0.13808649252390442
0.09433547171173402
0.05926754800781811
0.9889480597751505
0.7810015360348666
0.609025654389829
0.46838475781225114
0.35449487164070065
0.2629590064491288
0.20659026532318078
0.14500947935636518
0.09621726880485594
0.05772448166895551
1.104820478725778
0.8655859006319023
0.6692897891793556
0.5100501109439167
0.3821279953092868
0.28017741069281016
0.2178828678557488
0.15040061580428446
0.09751776243289789
0.056340259551556936
1.2083985464100857
0.9405855273195735
0.722277945398725
0.5463476376191334
0.40595097403664104
0.2948316003048448
0.22737696984335498
0.15482149812526108
0.09849046070380951
0.055113171285635996
1.302571137742277
1.008332820385971
0.7698151417755079
0.5786648857660375
0.4269880320611696
0.30763531284488355
0.23559390219855744
0.15857407106872207
0.09925768201967329
0.05402185436659836
1.3892694078363597
1.0703520526731525
0.8130867061209393
0.6078957674270611
0.4458737733769703
0.3190370824816033
0.24285301817853303
0.1618383204963841
0.09988692005624045
0.053045676804514344
1.4698447106849255
1.1277245118225252
0.8529135558744088
0.6346534245053294
0.46305621480641124
0.3293361140560081
0.24936682897733628
0.1647303303353395
0.10041805903363388
0.052164635866702315
1.545294906715604
1.18122589349574
0.8898906090368834
0.6593784125920992
0.4788488906989313
0.3387427921661393
0.25528266871237704
0.16732873126864123
0.10086071722038559
0.05136407107105967
1.6163774191210207
1.2314444347538325
0.9244642743796074
0.6823989003245146
0.4934836468319405
0.3474127054612551
0.26070759367883084
0.1696894663071379
0.10127879042699083
0.05063367704198558
1.6836831931141683
1.2788340987163083
0.9569788921171191
0.7039811819272659
0.5071369528844502
0.355461277365715
0.2657218261759215
0.17185381154272125
0.10163744908677282
0.04996005461796346
1.7476836838866272
1.32377095048432
0.9877064396236991
0.7242932028618008
0.5199466230948815
0.3629792828087372
0.27038712870588794
0.17385215941933468
0.10196124161430088
0.04933730516346093
1.8087617613826987
1.3665336384480604
1.016865828778584
0.7435093793960702
0.5320224137023271
0.370038193945946
0.2747514066614324
0.17571195373573398
0.10225607751413342
0.04875910076323614