# datat/BKevo/GBW_BKevo/gbw68.dat
# N(r,Y=0), r, *FL(x,Q^2)
# 1e-05 < r < 100.0
# 1 < Q^2 < 50, n=15, log grid
# 1e-5 < x < 1e-2, n=10, log grid
###
8.373801948373947e-14
1.2325230670736454e-13
1.8279607702103609e-13
2.704763648517491e-13
3.982858408678743e-13
5.89939968328511e-13
8.73703888519556e-13
1.2873596153505852e-12
1.9036040273705e-12
2.8214496220646087e-12
4.1602829557172e-12
6.141177883477446e-12
9.110218145972341e-12
1.3443340800235123e-11
1.9809033521672738e-11
2.941269221869113e-11
4.3435877564843304e-11
6.388678417153656e-11
9.494732842456184e-11
1.4032663599538156e-10
2.0640372018013557e-10
3.064590918794159e-10
4.532953363317736e-10
6.672102179667567e-10
9.890146637285565e-10
1.4641015707051203e-09
2.156569004315394e-09
3.1913318757015862e-09
4.728340239043675e-09
6.96977174479631e-09
1.029624087078441e-08
1.5268367807372657e-08
2.252305481931116e-08
3.321400932344946e-08
4.9297128644350486e-08
7.27760619038773e-08
1.0712680643789514e-07
1.591455272898672e-07
2.3512632568943344e-07
3.4573880878551664e-07
5.137001244870586e-07
7.595638239911098e-07
1.1176665730217131e-06
1.6579285513581867e-06
2.453444827424324e-06
3.6127000710553486e-06
5.350089230795368e-06
7.923838064534689e-06
1.1676300877465815e-05
1.7262058159103796e-05
2.5588162025617688e-05
3.773363612661304e-05
5.568714045780508e-05
8.261892294304256e-05
0.00012192483253488145
0.00017961129169356973
0.0002667080822633714
0.00039388193070789254
0.0005791432870504351
0.0008606866300225063
0.0012719100671365097
0.0018704507470709026
0.0027752564600262083
0.004102627777229209
0.006033537176893861
0.008928136657711144
0.013189083885064366
0.019369109232449423
0.02851945841889122
0.041957340772904875
0.0612386856866101
0.08909662698125784
0.12912809721633955
0.18452817147560657
0.2598102697474737
0.3591187177050659
0.4813044365048651
0.6209704862005139
0.7588518513268186
0.8762262187685722
0.9561289262601103
0.9887723306924237
0.9983920557804875
0.999935516178288
0.9999992999408261
0.9999999966106635
0.9999999999985208
1.0
1.0
1.0
1.0
1.0
1.0
1.0
1.0
1.0
1.0
1.0
1.0
1.0
###
1e-05
1.1768119524349992e-05
1.3848863713938717e-05
1.6297508346206434e-05
1.917910261672489e-05
2.2570197196339216e-05
2.656087782946684e-05
3.1257158496882356e-05
3.678379771828634e-05
4.328761281083062e-05
5.0941380148163754e-05
5.994842503189409e-05
7.054802310718646e-05
8.302175681319735e-05
9.770099572992247e-05
0.00011497569953977356
0.00013530477745798074
0.00015922827933410923
0.0001873817422860383
0.00022051307399030456
0.00025950242113997375
0.0003053855508833416
0.00035938136638046257
0.0004229242874389499
0.0004977023564332109
0.0005857020818056661
0.0006892612104349695
0.0008111308307896872
0.0009545484566618337
0.0011233240329780276
0.0013219411484660286
0.0015556761439304723
0.0018307382802953678
0.002154434690031882
0.0025353644939701114
0.0029836472402833374
0.003511191734215131
0.004132012400115334
0.004862601580065354
0.005722367659350214
0.006734150657750821
0.007924828983539169
0.0093260334688322
0.010974987654930556
0.01291549665014884
0.01519911082952933
0.01788649529057435
0.0210490414451202
0.02477076355991709
0.029150530628251757
0.034304692863149154
0.040370172585965536
0.047508101621027934
0.05590810182512223
0.06579332246575675
0.0774263682681127
0.09111627561154886
0.10722672220103231
0.1261856883066021
0.14849682622544635
0.1747528400007683
0.20565123083486514
0.24201282647943834
0.2848035868435799
0.3351602650938841
0.3944206059437656
0.46415888336127725
0.5462277217684337
0.642807311728432
0.7564633275546291
0.8902150854450375
1.0476157527896641
1.232846739442066
1.4508287784959402
1.7073526474706886
2.009233002565046
2.364489412645407
2.782559402207126
3.274549162877725
3.8535285937105273
4.534878508128582
5.3366992312063015
6.280291441834247
7.390722033525775
8.697490026177835
10.235310218990248
12.045035402587812
14.174741629268048
16.68100537200059
19.630406500402685
23.10129700083158
27.1858824273294
31.992671377973846
37.64935806792464
44.30621457583877
52.14008287999685
61.35907273413163
72.20809018385457
84.97534359086438
100.0
###
0.20815178539831172
0.18748488683172598
0.16812187668847794
0.15035827856150416
0.134342499741762
0.12012871387581843
0.11063175422888957
0.09945720214841039
0.08987532093174287
0.08176169166332943
0.6473915056841958
0.5516269884810175
0.46629779125525633
0.3913852338554849
0.326373994699281
0.2704500619885876
0.23383905634169455
0.19130164339553818
0.15495417403464268
0.12378929227704297
0.9366910877392133
0.7799022096827137
0.6432537896512672
0.5257148093142788
0.4256695076732895
0.341170040769677
0.2867035020016615
0.22432692507327415
0.1719383569069422
0.12764073631061643
1.166023384772023
0.9567416301210486
0.7769202173703519
0.6243304654142527
0.4961858478060557
0.38928722157874435
0.3211685086978793
0.24403867205459295
0.18007858683012354
0.1269103026175856
1.360475892152519
1.1044699094529344
0.8867931044979431
0.7039478431902946
0.5518819697492038
0.42629580754370977
0.34698276573657
0.2579909535253695
0.1850298421013515
0.125151472136246
1.5314313007710452
1.2329336461997409
0.9812129190269625
0.7714715087113488
0.5984248086268682
0.456629642997535
0.3677392696933801
0.268765652940894
0.18840396309037186
0.12317618346854227
1.6851926305994533
1.3474894472211498
1.0646353719480535
0.8305223546014717
0.6386353465184529
0.4824627261755251
0.38516473256277045
0.2775408736571099
0.1908863068321467
0.12122524330917182
1.8256871784704671
1.4514236677793397
1.1397564843423362
0.8832682662676714
0.6742022021688666
0.5050463993918222
0.40022628460338383
0.2849444059199243
0.19280579646815738
0.11937466204222157
1.9555778298972388
1.5469275011230894
1.2083512049909364
0.9310985462997307
0.7061942184514818
0.5251638505796258
0.4135177166655179
0.2913528504224725
0.19435205998758376
0.1176427250441893
2.0766995866106894
1.6355600657351894
1.2716462099336174
0.9749508848047188
0.7353395563387685
0.5433406841295181
0.4254333256742274
0.29700279027514775
0.19563392915776967
0.11602928799950622
2.190486978520032
1.7184009787789063
1.3305444833007045
1.0155487875787466
0.762157929303449
0.559947256726219
0.4362456331780867
0.30200837448098183
0.1967210785128379
0.11452979124475138
2.2979475282099546
1.796352879266892
1.385721456763571
1.0534056938464447
0.7870344647068416
0.5752550241350622
0.4461536574190625
0.30658169038509414
0.19765923685994932
0.11313292278284952
2.3999369799855113
1.8700701145651193
1.437702041323495
1.0889212046325347
0.8102629336852277
0.5894690288500567
0.4553057128009211
0.31082708818596266
0.19848360012614877
0.11182506025224313
2.4971218152862193
1.9400854582818947
1.486901614127468
1.1224100083314132
0.832073081080328
0.6027482769835818
0.46381615518852215
0.31468397481005145
0.19921650965609183
0.11060184284451334
2.590045471034336
2.00683117459234
1.5336554830516638
1.154124717136719
0.8526558852950711
0.6152186003591338
0.47177465809447966
0.31826127911152857
0.19987440851789193
0.1094524005067425