# datat/BKevo/GBW_BKevo/gbw31.dat
# N(r,Y=0), r, *FL(x,Q^2)
# 1e-05 < r < 100.0
# 1 < Q^2 < 50, n=15, log grid
# 1e-5 < x < 1e-2, n=10, log grid
###
5.0176567881993966e-12
6.929932129963135e-12
9.618512011546574e-12
1.3329565940515506e-11
1.841753069637159e-11
2.553757573660004e-11
3.540800618359728e-11
4.8945062690592106e-11
6.779764555844687e-11
9.404923665642454e-11
1.3006388037240372e-10
1.7997547912472127e-10
2.4979098504166934e-10
3.456019458534861e-10
4.777214322255638e-10
6.633844460972724e-10
9.182611963238068e-10
1.2679389504550355e-09
1.761652836485382e-09
2.439644199433469e-09
3.368790684385092e-09
4.677795693759792e-09
6.481214629440569e-09
8.953445925560583e-09
1.2420166050865142e-08
1.7216918911587533e-08
2.3794621931540184e-08
3.297449218460909e-08
4.57322966277842e-08
6.323235023762398e-08
8.753720988767906e-08
1.214670702217121e-07
1.680239770559222e-07
2.3236485222091945e-07
3.22597842699438e-07
4.4645130149925116e-07
6.167520051539996e-07
8.567045353269662e-07
1.1861708481612193e-06
1.6376251416815386e-06
2.274922642386158e-06
3.1513019903122054e-06
4.352532119017206e-06
6.040420862472728e-06
8.371464443537135e-06
1.156754221763782e-05
1.603730003659745e-05
2.2237181578492684e-05
3.0740414149441446e-05
4.2575119232299975e-05
5.9063776703900584e-05
8.168513074680976e-05
0.0001130145618844397
0.00015686168935027435
0.0002170345596996792
0.00029995105792559224
0.00041652775011104726
0.0005765487805749556
0.0007959055391993299
0.001105714056482787
0.0015310243621673957
0.002113635484902605
0.002933302245090921
0.004062085304905318
0.005607602434066652
0.007769125585779131
0.01075374115176872
0.014832898416516516
0.02049262345782254
0.028306622205186014
0.03892947503820183
0.05347719826559591
0.07340588956061414
0.10010107834380393
0.13572647726281334
0.18314047968295594
0.2441682981559006
0.3210163360850958
0.4148832421190306
0.5235291545099999
0.6422615612903613
0.7571878184706123
0.8579222870420461
0.9340235931905732
0.9757530685360145
0.9936561187608856
0.9991336397386172
0.999942309308762
0.999997529958471
0.9999999711334495
0.9999999999942233
0.9999999999999973
1.0
1.0
1.0
1.0
1.0
1.0
1.0
1.0
###
1e-05
1.1768119524349992e-05
1.3848863713938717e-05
1.6297508346206434e-05
1.917910261672489e-05
2.2570197196339216e-05
2.656087782946684e-05
3.1257158496882356e-05
3.678379771828634e-05
4.328761281083062e-05
5.0941380148163754e-05
5.994842503189409e-05
7.054802310718646e-05
8.302175681319735e-05
9.770099572992247e-05
0.00011497569953977356
0.00013530477745798074
0.00015922827933410923
0.0001873817422860383
0.00022051307399030456
0.00025950242113997375
0.0003053855508833416
0.00035938136638046257
0.0004229242874389499
0.0004977023564332109
0.0005857020818056661
0.0006892612104349695
0.0008111308307896872
0.0009545484566618337
0.0011233240329780276
0.0013219411484660286
0.0015556761439304723
0.0018307382802953678
0.002154434690031882
0.0025353644939701114
0.0029836472402833374
0.003511191734215131
0.004132012400115334
0.004862601580065354
0.005722367659350214
0.006734150657750821
0.007924828983539169
0.0093260334688322
0.010974987654930556
0.01291549665014884
0.01519911082952933
0.01788649529057435
0.0210490414451202
0.02477076355991709
0.029150530628251757
0.034304692863149154
0.040370172585965536
0.047508101621027934
0.05590810182512223
0.06579332246575675
0.0774263682681127
0.09111627561154886
0.10722672220103231
0.1261856883066021
0.14849682622544635
0.1747528400007683
0.20565123083486514
0.24201282647943834
0.2848035868435799
0.3351602650938841
0.3944206059437656
0.46415888336127725
0.5462277217684337
0.642807311728432
0.7564633275546291
0.8902150854450375
1.0476157527896641
1.232846739442066
1.4508287784959402
1.7073526474706886
2.009233002565046
2.364489412645407
2.782559402207126
3.274549162877725
3.8535285937105273
4.534878508128582
5.3366992312063015
6.280291441834247
7.390722033525775
8.697490026177835
10.235310218990248
12.045035402587812
14.174741629268048
16.68100537200059
19.630406500402685
23.10129700083158
27.1858824273294
31.992671377973846
37.64935806792464
44.30621457583877
52.14008287999685
61.35907273413163
72.20809018385457
84.97534359086438
100.0
###
0.18170607057506424
0.15938394410899334
0.13866866455140342
0.11982480269947937
0.10295362629689561
0.08805460725611136
0.07812972604775648
0.06641712099144298
0.05628042959224366
0.0475471122761852
0.5482187644111814
0.45541781926496494
0.37426357369458285
0.3044154017060706
0.2450661232528915
0.19514320698029405
0.16316711145168636
0.12686543651434154
0.09675802624912146
0.07179678186840291
0.7862657152220869
0.6392365093199998
0.5136665630919404
0.40799404218406865
0.3201077249979732
0.24775052082841803
0.2022742752072563
0.15161624790262807
0.11054947666853161
0.07733691673066738
0.9742233166718149
0.78145431905239
0.6192495091423295
0.48459964204377853
0.37419126174172074
0.2845213814733408
0.22885320389849673
0.16762497287785738
0.11878959149071222
0.07992672859126788
1.1332952395249791
0.9002467874651148
0.7062178282655396
0.5467895516297488
0.4173745920558785
0.31331408962456775
0.24930644088447423
0.1795715668263471
0.12457699680326545
0.08145533220043188
1.2729981743105472
1.0035780304761748
0.7811027497071059
0.5997648413116499
0.45371106717565823
0.33720966339960723
0.2660723461520067
0.18915325364471816
0.12907213738979895
0.08247432558627704
1.398570374044383
1.0957603624821697
0.8473864965314315
0.6462727067564578
0.4853114346156222
0.35776481136966215
0.2803551818499016
0.19718060781831806
0.13273227704332538
0.08320626663823723
1.5132621066898517
1.17945129039829
0.9071673194896194
0.6879147056807084
0.5133972887344841
0.3758772360888374
0.292842872806546
0.204105481723625
0.135818690922627
0.08376020644414878
1.619252076998856
1.2563765563253866
0.9618269678189891
0.7257702126080057
0.5387650882694628
0.39211709034194864
0.3039670106567812
0.2102055855263911
0.13847096930819627
0.08419486341276566
1.718125172749584
1.3278013935599153
1.0123340095158095
0.7605713557158329
0.5619578361598516
0.40687851848957624
0.31401756637958306
0.21566532749147452
0.1408382312979635
0.08454587713991267
1.810947864922953
1.3946037477974853
1.0593803394078924
0.7928488182722742
0.5833685157894053
0.4204219762176275
0.3231987849621514
0.22061208355495182
0.1429397763458558
0.08483551641353491
1.8986239663815834
1.457480686762706
1.1035000629477678
0.82300031393968
0.6032808009463265
0.4329579197015926
0.33166071263763436
0.22513843648679624
0.14484005476425282
0.0850794582854833
1.98179715064904
1.5169671658079833
1.1451032920557107
0.8513322635669706
0.6219280917499966
0.44464077606753294
0.3395166169137833
0.22931368266257598
0.14657455611943473
0.08528764456393233
2.06108510057929
1.57348943912296
1.1845152280056286
0.8780864538832157
0.6394534987219828
0.45559106969387086
0.34685446907539413
0.23319109924798587
0.14816931089193103
0.08546787652120247
2.1369459771068553
1.6273932708044032
1.2219985620103604
0.9034573718161777
0.6560496215671434
0.46590473525778464
0.3537439496798375
0.23681137662761612
0.14964810742797668
0.08562539249824747