# datat/BKevo/GBW_BKevo/gbw78.dat
# N(r,Y=0), r, *FL(x,Q^2)
# 1e-05 < r < 100.0
# 1 < Q^2 < 50, n=15, log grid
# 1e-5 < x < 1e-2, n=10, log grid
###
8.016791640736261e-16
1.3049455540970409e-15
2.0794148466295586e-15
3.224703499854691e-15
5.041881793993564e-15
8.058603041499421e-15
1.276008522162893e-14
1.9976649305780367e-14
3.151795563689977e-14
4.9965785121188885e-14
7.85212913512395e-14
1.2360680400724955e-13
1.9602970316740604e-13
3.0848485988596815e-13
4.843751957930076e-13
7.694422652695809e-13
1.2120470937388817e-12
1.898096908755582e-12
3.0190788380800586e-12
4.761681679147878e-12
7.457138801263039e-12
1.1844696878703006e-11
1.8703827831483486e-11
2.932157365572632e-11
4.645940101208256e-11
7.345547156411778e-11
1.1527503862112411e-10
1.8219281866711018e-10
2.884296491237708e-10
4.5312480528919344e-10
7.143192742157401e-10
1.1323368012515477e-09
1.780873138722687e-09
2.7999731459472348e-09
4.444560894210561e-09
6.99807969438147e-09
1.0972677594157701e-08
1.744204312566009e-08
2.7495000264085817e-08
4.3040537968921666e-08
6.843505411461581e-08
1.0800792135361479e-07
1.692456606137786e-07
2.684540903494208e-07
4.2421156326549074e-07
6.654169990325407e-07
1.0528555541589388e-06
1.6658358142549015e-06
2.6158021274056824e-06
4.128304462254143e-06
6.540364204122428e-06
1.0281297332792665e-05
1.618357220631076e-05
2.567361968085018e-05
4.0403364141312514e-05
6.342610139378939e-05
0.00010075719243931225
0.00015874397997544317
0.00024850047641448514
0.0003953027852166985
0.0006234873056525778
0.0009763896986770835
0.0015498985968629155
0.002446695960396535
0.0038335397653202694
0.0060650766591465125
0.009573326374215025
0.014985349735175499
0.023569891742120704
0.03705091422161397
0.05760167211830537
0.08923101281911199
0.1375415736401777
0.20765169084404417
0.3064500655842391
0.4384617015630124
0.596339447447115
0.7614208981320355
0.8909529593652292
0.9677406148744143
0.9962400495274968
0.9997616965558929
0.9999951650927313
0.9999999917308391
0.9999999999999908
1.0
1.0
1.0
1.0
1.0
1.0
1.0
1.0
1.0
1.0
1.0
1.0
1.0
1.0
1.0
###
1e-05
1.1768119524349992e-05
1.3848863713938717e-05
1.6297508346206434e-05
1.917910261672489e-05
2.2570197196339216e-05
2.656087782946684e-05
3.1257158496882356e-05
3.678379771828634e-05
4.328761281083062e-05
5.0941380148163754e-05
5.994842503189409e-05
7.054802310718646e-05
8.302175681319735e-05
9.770099572992247e-05
0.00011497569953977356
0.00013530477745798074
0.00015922827933410923
0.0001873817422860383
0.00022051307399030456
0.00025950242113997375
0.0003053855508833416
0.00035938136638046257
0.0004229242874389499
0.0004977023564332109
0.0005857020818056661
0.0006892612104349695
0.0008111308307896872
0.0009545484566618337
0.0011233240329780276
0.0013219411484660286
0.0015556761439304723
0.0018307382802953678
0.002154434690031882
0.0025353644939701114
0.0029836472402833374
0.003511191734215131
0.004132012400115334
0.004862601580065354
0.005722367659350214
0.006734150657750821
0.007924828983539169
0.0093260334688322
0.010974987654930556
0.01291549665014884
0.01519911082952933
0.01788649529057435
0.0210490414451202
0.02477076355991709
0.029150530628251757
0.034304692863149154
0.040370172585965536
0.047508101621027934
0.05590810182512223
0.06579332246575675
0.0774263682681127
0.09111627561154886
0.10722672220103231
0.1261856883066021
0.14849682622544635
0.1747528400007683
0.20565123083486514
0.24201282647943834
0.2848035868435799
0.3351602650938841
0.3944206059437656
0.46415888336127725
0.5462277217684337
0.642807311728432
0.7564633275546291
0.8902150854450375
1.0476157527896641
1.232846739442066
1.4508287784959402
1.7073526474706886
2.009233002565046
2.364489412645407
2.782559402207126
3.274549162877725
3.8535285937105273
4.534878508128582
5.3366992312063015
6.280291441834247
7.390722033525775
8.697490026177835
10.235310218990248
12.045035402587812
14.174741629268048
16.68100537200059
19.630406500402685
23.10129700083158
27.1858824273294
31.992671377973846
37.64935806792464
44.30621457583877
52.14008287999685
61.35907273413163
72.20809018385457
84.97534359086438
100.0
###
0.20887626571582435
0.18919938796388122
0.17092996901966653
0.1543068622068072
0.1394659454735682
0.12644153879561965
0.11784521127213773
0.1078829338766146
0.09955158372318028
0.09274256976697044
0.6439084218289718
0.5509671033023991
0.46825736332630646
0.3956831174305554
0.33272231195344715
0.2784620087803504
0.2428661489965236
0.2013624280052058
0.1657107007766887
0.13493616659036625
0.9273237058613355
0.7745055004218095
0.6413615568691383
0.5267383528458587
0.42894076099795303
0.34599686502262134
0.2922693787543943
0.23032042703757627
0.17771429801099153
0.1327459282818859
1.150704501647213
0.9464714949681498
0.7708970620097609
0.6217354126442193
0.4960352684461746
0.39068752662627754
0.3231556974152235
0.24609844016207177
0.18146843496763326
0.12695468316554331
1.3394143494889137
1.0894664996230496
0.8768252446945366
0.6978620201660414
0.5485079458923088
0.42451528486279794
0.34572912085124224
0.25663337360858507
0.18273807462994046
0.12119728266149012
1.50487268401378
1.2134119527455676
0.9674385523407566
0.7620688147864393
0.5919998255604588
0.4519437081661156
0.363596272754036
0.26446134718937264
0.18304727365324727
0.11602366266584599
1.6533751574203672
1.3236604487327435
1.047256685693404
0.8179994809020263
0.6293987401466685
0.47513331589681396
0.3784374662464601
0.27066580429392206
0.18293934907778261
0.11146211489509404
1.788830407719905
1.4234807916131458
1.1189545487816641
0.8677940951453852
0.6623607604049587
0.49529629070263087
0.391168079379051
0.2758066819862108
0.18263864402799
0.10743809263462288
1.9138827617746599
1.5150486753908208
1.1842867849910275
0.9128318808022592
0.6919078816609983
0.5131839645310493
0.40233916885447496
0.2801970975528898
0.18234375919824242
0.1038682246413159
2.030350187101229
1.599886137955567
1.2444713540136099
0.9540586962895853
0.7187582356117516
0.5292958338656515
0.41231317729235406
0.28403421447681676
0.1818329434179409
0.10067319137482544
2.139630497622732
1.679079407190797
1.3003918372502796
0.9921539330973448
0.7434133438233144
0.543979158881659
0.42133823459940833
0.2874450485218168
0.18140625338984384
0.0978033080303863
2.2427065168364164
1.7535665900291453
1.3527122492066705
1.0276457445034983
0.7662428985575344
0.5574846337792405
0.4295814953703166
0.29052094529960676
0.1809855782873505
0.09520460031580315
2.3405241421564535
1.8239048256045576
1.4019455174903512
1.060874413387065
0.7875276690388988
0.5700034225123642
0.43718614764518127
0.29332460201777677
0.1805816721020131
0.09283228454385717
2.4336235588032005
1.8906524970163856
1.4484961954649873
1.0921747762072382
0.8074864141940999
0.581681939615431
0.44424523296238405
0.2959058098080034
0.18019544383530828
0.09066691224859062
2.5225770878514546
1.9542324949776377
1.4926930535431353
1.1217860405058497
0.8262930566484973
0.5926355066465161
0.45083591584438437
0.2982899996854745
0.1798253783510685
0.08866704052802497