# datat/BKevo/ATAN_BKevo/atan38.dat
# N(r,Y=0), r, *FL(x,Q^2)
# 1e-05 < r < 100.0
# 1 < Q^2 < 50, n=15, log grid
# 1e-5 < x < 1e-2, n=10, log grid
###
0.00033182233604658683
0.00036599311535121404
0.00040344792185106833
0.00044480575622615873
0.0004905835744204598
0.000540855244761011
0.0005962646143227802
0.0006575925943913856
0.000725067597890974
0.0007993031688327642
0.00088146414754456
0.0009720303908652868
0.0010714894462374037
0.0011815612105954935
0.0013031220314265938
0.0014363759681163078
0.0015838412008728174
0.0017470053428634254
0.0019255386355845616
0.0021231021531829502
0.002341795378699517
0.002581310347347187
0.002845994088106369
0.0031389714543201804
0.003460446108766238
0.0038150562800251756
0.0042075531229670326
0.004639037082908171
0.0051141299683776275
0.005639955445043638
0.0062190992293904325
0.0068556151572110756
0.007560065575574977
0.008337407233662582
0.00919019980869248
0.010133961954423584
0.011177338861221853
0.012319903696332294
0.01358428446911443
0.014983922604912658
0.0165155656514674
0.018209498212492365
0.02008454438402833
0.022140285557611983
0.024409713687504858
0.02692165635062845
0.02968084019110852
0.03272128160428065
0.03608644414006801
0.03978975399208123
0.04386309596492678
0.048371189916689206
0.05334152658072176
0.05879839546729365
0.06483717534084077
0.0715073818246054
0.07881663525605834
0.08690420692411381
0.09585321889784924
0.10563975189857557
0.11646528181542515
0.1284424704007526
0.14155224076741854
0.15602137709830016
0.17201551786224417
0.18953206251567162
0.20879598755980847
0.23004197318185243
0.25327692752284486
0.2786646194977519
0.30650279569235594
0.336756934838076
0.3693622358592701
0.404612502152115
0.44228363094460094
0.4816905289463344
0.5230046829579678
0.5656417952434476
0.6078173335793244
0.6497778646447194
0.690760938845492
0.7284968760713718
0.7637302324725821
0.7961882762097932
0.8245105001321047
0.8495660985859299
0.8717858919708505
0.8906830896925747
0.9068556357309545
0.9209517054210871
0.9328796821366199
0.9428968350743082
0.9515759552525281
0.9589534223042228
0.9650741387265144
0.9703698933328468
0.9749070930156167
0.978635663362083
0.9818620271440459
0.984650597703246
###
1e-05
1.1768119524349992e-05
1.3848863713938717e-05
1.6297508346206434e-05
1.917910261672489e-05
2.2570197196339216e-05
2.656087782946684e-05
3.1257158496882356e-05
3.678379771828634e-05
4.328761281083062e-05
5.0941380148163754e-05
5.994842503189409e-05
7.054802310718646e-05
8.302175681319735e-05
9.770099572992247e-05
0.00011497569953977356
0.00013530477745798074
0.00015922827933410923
0.0001873817422860383
0.00022051307399030456
0.00025950242113997375
0.0003053855508833416
0.00035938136638046257
0.0004229242874389499
0.0004977023564332109
0.0005857020818056661
0.0006892612104349695
0.0008111308307896872
0.0009545484566618337
0.0011233240329780276
0.0013219411484660286
0.0015556761439304723
0.0018307382802953678
0.002154434690031882
0.0025353644939701114
0.0029836472402833374
0.003511191734215131
0.004132012400115334
0.004862601580065354
0.005722367659350214
0.006734150657750821
0.007924828983539169
0.0093260334688322
0.010974987654930556
0.01291549665014884
0.01519911082952933
0.01788649529057435
0.0210490414451202
0.02477076355991709
0.029150530628251757
0.034304692863149154
0.040370172585965536
0.047508101621027934
0.05590810182512223
0.06579332246575675
0.0774263682681127
0.09111627561154886
0.10722672220103231
0.1261856883066021
0.14849682622544635
0.1747528400007683
0.20565123083486514
0.24201282647943834
0.2848035868435799
0.3351602650938841
0.3944206059437656
0.46415888336127725
0.5462277217684337
0.642807311728432
0.7564633275546291
0.8902150854450375
1.0476157527896641
1.232846739442066
1.4508287784959402
1.7073526474706886
2.009233002565046
2.364489412645407
2.782559402207126
3.274549162877725
3.8535285937105273
4.534878508128582
5.3366992312063015
6.280291441834247
7.390722033525775
8.697490026177835
10.235310218990248
12.045035402587812
14.174741629268048
16.68100537200059
19.630406500402685
23.10129700083158
27.1858824273294
31.992671377973846
37.64935806792464
44.30621457583877
52.14008287999685
61.35907273413163
72.20809018385457
84.97534359086438
100.0
###
0.3940309908599548
0.3913800969207826
0.3853958388563781
0.3729634300091624
0.3505793448187815
0.31593679263322016
0.2826065843149154
0.23237949605827743
0.18179814550248222
0.13657205847577542
1.9086211549213123
1.8810234053652533
1.8244004764705721
1.7207419898729877
1.5564560367264737
1.333357587250406
1.1411217345369424
0.880365465454376
0.6446911325498272
0.453048938429307
3.4149556201551916
3.34961740241507
3.221546246919473
2.9990443324967018
2.6643033420131954
2.232935536842337
1.8769533056958723
1.4128349737708785
1.0096000369056932
0.692892017153926
4.912531312681298
4.80113990388236
4.589401008743989
4.233376280674124
3.7155945942056325
3.0700840890362358
2.5515828252987935
1.8917064904403438
1.3320131745570079
0.9014330770313764
6.40263510490705
6.238821855819408
5.934586929333127
5.435155994683197
4.726771461686999
3.8648091779172176
3.185668416435629
2.336301596946664
1.628095020520657
1.0911142049917952
7.886201355953928
7.664695281828436
7.26093292671439
6.610901063313134
5.706798502786622
4.627200247627714
3.789713328925348
2.7561064374824116
1.9054516829954824
1.2676333066886074
9.363916374127504
9.08042634412339
8.571235167333304
7.7648803396438435
6.661356249710974
5.36403266122738
4.370091199506532
3.1567108506720385
2.168498777568042
1.4342052974716695
10.83631374882311
10.486909514446896
9.867150061248656
8.90011400090332
7.594377882375374
6.079501052998212
4.930810414271392
3.541635356364509
2.42007119374649
1.5928889452127675
12.303815263981358
11.885064791235585
11.150749252693139
10.018866041305849
8.508567342749025
6.776729035966619
5.475212902142837
3.913345097990361
2.6621333361849904
1.7450771590841623
13.76676782158943
13.27557992191677
12.422836785229478
11.122899795122985
9.40647196005323
7.458072749011925
6.005388948913618
4.2739987300274604
2.8961192107502214
1.8917847417470628
15.225462094975374
14.659022876369091
13.685430664835335
12.213629696600703
10.289690338311605
8.125371220471882
6.5230743448578705
4.624907144744717
3.123116955799764
2.0337754303014224
16.68014618940561
16.035872249921503
14.937728797695046
13.29221717670466
11.159642009047886
8.78009834255037
7.0296462324204
4.967206934296791
3.343875296746206
2.1716428678557933
18.131034792124396
17.406537659551876
16.181107948674775
14.35963377003456
12.017501023802275
9.423460764111478
7.526229080126847
5.30181365982458
3.5591638991388317
2.305860110007567
19.578316062500367
18.771374495513285
17.41615398697578
15.416704919017171
12.865588702354726
10.056463925729172
8.01375070985864
5.629481660074521
3.7696192793703602
2.4368120190020988
21.022156478320095
20.13069444440731
18.643375910841772
16.464140976274678
13.70223711849047
10.67995792311477
8.492992441537803
5.950841166916754
3.9758270808681444
2.564816856400115