# datat/BKevo/GBW_BKevo/gbw43.dat
# N(r,Y=0), r, *FL(x,Q^2)
# 1e-05 < r < 100.0
# 1 < Q^2 < 50, n=15, log grid
# 1e-5 < x < 1e-2, n=10, log grid
###
0.0
0.0
0.0
0.0
0.0
0.0
5.674273045358823e-17
1.110223024625157e-16
1.2791420227700295e-16
2.733225202478388e-16
5.07142761109322e-16
8.23831920228497e-16
1.4504766656608482e-15
2.4274707716985254e-15
3.995901507427836e-15
6.82479697252455e-15
1.1463408660864026e-14
1.9094204311930973e-14
3.2549792038809606e-14
5.4812026258086167e-14
9.130873885338557e-14
1.5529460430595153e-13
2.6172505736438526e-13
4.3683944762990487e-13
7.401469163684425e-13
1.2499708194416394e-12
2.089268717280397e-12
3.527452699739951e-12
5.967771757068107e-12
9.989224693721587e-12
1.6804945240358024e-11
2.8484269809590313e-11
4.7750796882191345e-11
8.003307315492247e-11
1.3591940442421216e-10
2.282115035932575e-10
3.810249945534764e-10
6.483948643709005e-10
1.0904293153705586e-09
1.816352642901293e-09
3.0922493144551923e-09
5.209039434748983e-09
8.688670367473922e-09
1.4742869557475884e-08
2.4877959731575474e-08
4.155483195884815e-08
7.026799809001219e-08
1.1878607983462312e-07
1.987020270019176e-07
3.348083988043485e-07
5.670305752451752e-07
9.499328862487379e-07
1.5947517246159496e-06
2.7060361841481935e-06
4.540359048335935e-06
7.59349360356163e-06
1.2910458162318655e-05
2.16964604044903e-05
3.6143691563493404e-05
6.15771777765314e-05
0.00010365124420982802
0.00017278063241647678
0.00029358321288527927
0.0004949814137290311
0.0008261464576743108
0.0013986760734153885
0.0023613770869779036
0.00394445255679589
0.006647249588990147
0.011221320220593608
0.01871592298944519
0.031264963642969
0.052392489086787376
0.08628002234105803
0.14028684840231798
0.2256724192324578
0.348876992074574
0.5127742518639796
0.6984966757460076
0.8636966402337708
0.9671363342864913
0.9956715273492663
0.9997990252492807
0.9999990696302264
0.999999999989653
1.0
1.0
1.0
1.0
1.0
1.0
1.0
1.0
1.0
1.0
1.0
1.0
1.0
1.0
1.0
###
1e-05
1.1768119524349992e-05
1.3848863713938717e-05
1.6297508346206434e-05
1.917910261672489e-05
2.2570197196339216e-05
2.656087782946684e-05
3.1257158496882356e-05
3.678379771828634e-05
4.328761281083062e-05
5.0941380148163754e-05
5.994842503189409e-05
7.054802310718646e-05
8.302175681319735e-05
9.770099572992247e-05
0.00011497569953977356
0.00013530477745798074
0.00015922827933410923
0.0001873817422860383
0.00022051307399030456
0.00025950242113997375
0.0003053855508833416
0.00035938136638046257
0.0004229242874389499
0.0004977023564332109
0.0005857020818056661
0.0006892612104349695
0.0008111308307896872
0.0009545484566618337
0.0011233240329780276
0.0013219411484660286
0.0015556761439304723
0.0018307382802953678
0.002154434690031882
0.0025353644939701114
0.0029836472402833374
0.003511191734215131
0.004132012400115334
0.004862601580065354
0.005722367659350214
0.006734150657750821
0.007924828983539169
0.0093260334688322
0.010974987654930556
0.01291549665014884
0.01519911082952933
0.01788649529057435
0.0210490414451202
0.02477076355991709
0.029150530628251757
0.034304692863149154
0.040370172585965536
0.047508101621027934
0.05590810182512223
0.06579332246575675
0.0774263682681127
0.09111627561154886
0.10722672220103231
0.1261856883066021
0.14849682622544635
0.1747528400007683
0.20565123083486514
0.24201282647943834
0.2848035868435799
0.3351602650938841
0.3944206059437656
0.46415888336127725
0.5462277217684337
0.642807311728432
0.7564633275546291
0.8902150854450375
1.0476157527896641
1.232846739442066
1.4508287784959402
1.7073526474706886
2.009233002565046
2.364489412645407
2.782559402207126
3.274549162877725
3.8535285937105273
4.534878508128582
5.3366992312063015
6.280291441834247
7.390722033525775
8.697490026177835
10.235310218990248
12.045035402587812
14.174741629268048
16.68100537200059
19.630406500402685
23.10129700083158
27.1858824273294
31.992671377973846
37.64935806792464
44.30621457583877
52.14008287999685
61.35907273413163
72.20809018385457
84.97534359086438
100.0
###
0.1719808890450185
0.15237188988343975
0.13455508985227105
0.11864896963851
0.10465323706409281
0.09248427179855145
0.08448135076835056
0.07518228146108571
0.0673036577302986
0.060689977475362714
0.49274210255785833
0.4105447294342569
0.3391974094131917
0.277962747578008
0.2257962243359288
0.18155900507311676
0.1528811709381086
0.11974453554746808
0.09148639172845854
0.06717557559225462
0.6911293354598607
0.5617831807701573
0.45184226745081346
0.3593550240535864
0.2821029730322096
0.21781811043055382
0.17684998574634944
0.13036927567109322
0.09148103790207712
0.05884922803668799
0.8442689779807249
0.6757819009723405
0.534545347166637
0.4173231320811711
0.3207030347554365
0.24143910284749803
0.19157203218000163
0.13572966649553947
0.09001647815030113
0.052330966010234174
0.9720166628350081
0.769480383548149
0.601400688580729
0.46331058677074627
0.35066798898604806
0.25925316447028857
0.20233573628202528
0.1393195643588822
0.0884948104081013
0.04739773851210138
1.0830395695631918
0.8500182669455647
0.6582125835245171
0.5018836675001979
0.37541955359559387
0.2736949244832191
0.21089717052213253
0.1420302938488279
0.08714124481002801
0.04355130537917484
1.182011134227542
0.9212098107408797
0.7079749831392163
0.5353369926366226
0.3966457351079184
0.28591606284086263
0.21805360506967153
0.14422961747446572
0.08603858319889965
0.04045887797256609
1.2718027854912761
0.9853631432368191
0.7524958519656965
0.5650240135716021
0.41531682124670777
0.2965562149975989
0.22422687253328985
0.14609812641891143
0.08510541587290267
0.03790886076844526
1.3543143347716136
1.0439842896309686
0.7929214634992793
0.5918057928827029
0.43203871959577456
0.3060085964408863
0.22967520317217266
0.14773298729119894
0.08430946153004362
0.03576169193045503
1.4308850580044594
1.098108819159037
0.8300532303577373
0.616269203315445
0.4472198725203857
0.314533241173374
0.2345630326998297
0.14919407654643838
0.08362463760460857
0.033923021990193515
1.502486413398513
1.1485046714773224
0.8644707994889795
0.6388335868694803
0.4611490261032217
0.32231105116159503
0.2390044934511495
0.15051996784220228
0.08303020353329202
0.03232623091787504
1.5698621956841547
1.1957457068602384
0.8966041454033662
0.6598101012763624
0.4740384598079635
0.3294736447905855
0.24308095677255967
0.15173777545692702
0.08251013526887693
0.03092321978124791
1.6335898958805959
1.2402760808495887
0.9267846584284791
0.6794363974740206
0.48604900967450193
0.3361197925755157
0.2468526985389343
0.15286652238336226
0.082051758061754
0.029677973373112666
1.6941294125807378
1.2824469299144805
0.9552734236101078
0.6978986027236149
0.4973058001824337
0.3423256828487409
0.2503662230320898
0.15392111843246564
0.08164508504426314
0.028563367268939346
1.751853637571484
1.322543648952901
0.9822801156856333
0.7153513667331646
0.5079081229136041
0.34815064944066926
0.2536575375767778
0.15491083547083656
0.08128284491248933
0.027558227462921244