# datat/BKevo/GBW_BKevo/gbw74.dat
# N(r,Y=0), r, *FL(x,Q^2)
# 1e-05 < r < 100.0
# 1 < Q^2 < 50, n=15, log grid
# 1e-5 < x < 1e-2, n=10, log grid
###
1.5490047400159744e-07
1.88260163811138e-07
2.2893875933465794e-07
2.7835981226265334e-07
3.3832646183258136e-07
4.1138077473439786e-07
5.002147499871984e-07
6.080088053540076e-07
7.392044432262766e-07
8.988817716125335e-07
1.0926475262836624e-06
1.3282535812560446e-06
1.6152684508311254e-06
1.9635707436373144e-06
2.3866744920934597e-06
2.9025707643090724e-06
3.5286547485474937e-06
4.288456804027244e-06
5.215749904864304e-06
6.341146413725477e-06
7.706601306479962e-06
9.372303102807026e-06
1.139520499399359e-05
1.3849710141704812e-05
1.6841127447082934e-05
2.0477259318927575e-05
2.4889364921790036e-05
3.02615146806247e-05
3.679731335478104e-05
4.4728198082941965e-05
5.437556216043597e-05
6.612317426267512e-05
8.037886768227498e-05
9.770315194859114e-05
0.0001188180127666772
0.00014444166151777522
0.00017555037338610262
0.00021349995626122778
0.00025955428267197253
0.00031542888318663204
0.00038361262317362455
0.00046638023255164116
0.0005667968273486026
0.0006892145954753628
0.0008379387632166094
0.0010183711484187256
0.0012381093599162728
0.0015052752681499434
0.0018293744085812495
0.0022236393723807563
0.0027033329462655665
0.00328514306628081
0.003992040448440827
0.0048525570752025494
0.005895880102466409
0.0071616864948286715
0.00870288930626849
0.010570214412483993
0.01283166412673215
0.015584071409193902
0.0189146368585173
0.022941550323604416
0.027828639414662414
0.0337321902305275
0.040850251991849135
0.04944816520188164
0.059795966324443735
0.07220981537699311
0.08709216718425154
0.1048684899680774
0.12600024611872268
0.15102234232343448
0.18047473323811555
0.21491391809496982
0.25485462372173207
0.30058009466235464
0.35248198409668546
0.41058733196096786
0.47375340213613715
0.5417231085782418
0.6132143847033469
0.6841202925868043
0.7533383847363567
0.8182881908858163
0.8735137602660287
0.9185183754913888
0.9529741144041105
0.9754819254711997
0.9886807953282518
0.9957565592529141
0.9987092203043437
0.9996597399344782
0.9999384959608594
0.9999935531307028
0.9999993246149008
0.999999961025709
0.9999999995544193
0.9999999999901686
0.999999999999906
1.0
###
1e-05
1.1768119524349992e-05
1.3848863713938717e-05
1.6297508346206434e-05
1.917910261672489e-05
2.2570197196339216e-05
2.656087782946684e-05
3.1257158496882356e-05
3.678379771828634e-05
4.328761281083062e-05
5.0941380148163754e-05
5.994842503189409e-05
7.054802310718646e-05
8.302175681319735e-05
9.770099572992247e-05
0.00011497569953977356
0.00013530477745798074
0.00015922827933410923
0.0001873817422860383
0.00022051307399030456
0.00025950242113997375
0.0003053855508833416
0.00035938136638046257
0.0004229242874389499
0.0004977023564332109
0.0005857020818056661
0.0006892612104349695
0.0008111308307896872
0.0009545484566618337
0.0011233240329780276
0.0013219411484660286
0.0015556761439304723
0.0018307382802953678
0.002154434690031882
0.0025353644939701114
0.0029836472402833374
0.003511191734215131
0.004132012400115334
0.004862601580065354
0.005722367659350214
0.006734150657750821
0.007924828983539169
0.0093260334688322
0.010974987654930556
0.01291549665014884
0.01519911082952933
0.01788649529057435
0.0210490414451202
0.02477076355991709
0.029150530628251757
0.034304692863149154
0.040370172585965536
0.047508101621027934
0.05590810182512223
0.06579332246575675
0.0774263682681127
0.09111627561154886
0.10722672220103231
0.1261856883066021
0.14849682622544635
0.1747528400007683
0.20565123083486514
0.24201282647943834
0.2848035868435799
0.3351602650938841
0.3944206059437656
0.46415888336127725
0.5462277217684337
0.642807311728432
0.7564633275546291
0.8902150854450375
1.0476157527896641
1.232846739442066
1.4508287784959402
1.7073526474706886
2.009233002565046
2.364489412645407
2.782559402207126
3.274549162877725
3.8535285937105273
4.534878508128582
5.3366992312063015
6.280291441834247
7.390722033525775
8.697490026177835
10.235310218990248
12.045035402587812
14.174741629268048
16.68100537200059
19.630406500402685
23.10129700083158
27.1858824273294
31.992671377973846
37.64935806792464
44.30621457583877
52.14008287999685
61.35907273413163
72.20809018385457
84.97534359086438
100.0
###
0.2895049474928303
0.26330178270295596
0.2354714139799864
0.20710147378172802
0.17927968602213004
0.15290629101569148
0.13449525606760046
0.11216225667497472
0.09250536006413687
0.07555785523609847
1.106541690970109
0.9601936109049232
0.8173653173091999
0.6830567085692104
0.5610805817033585
0.4535378687737711
0.38286326980670227
0.30175805839320136
0.2345892571144924
0.17988272870436614
1.7561811792840385
1.494092441125229
1.2465270042658185
1.0208521408304048
0.8217285235643118
0.6508970795153912
0.5410892037074347
0.4176481913597872
0.3177534016799655
0.23815014827416278
2.323212855309895
1.951741517510554
1.607836628710571
1.300271508169807
1.0336678789408933
0.8086835017431118
0.666011630721718
0.5076662797996518
0.38123791616080693
0.2818589468818884
2.836677599675633
2.3611592933032695
1.9273128269431739
1.5445506165606084
1.2169347987187262
0.9437129650220158
0.7720810214325057
0.58326160248699
0.43404286352170973
0.31785370319237766
3.311077547162825
2.736051164884361
2.217366239699434
1.7645118177718127
1.3806589815952908
1.0634010196109942
0.865593904733905
0.6494739918446696
0.4799418116025232
0.3489326937025053
3.7551830096177063
3.084563985088927
2.4851745882476517
1.9662975958435178
1.52993658159497
1.1718962469563383
0.9499969724139241
0.7088416532227978
0.5209428034809244
0.37654506740830157
4.174770431437412
3.4119283564343825
2.73533669388979
2.1538116382231554
1.6679631729970903
1.2717373394832951
1.0274093028309428
0.7630981472304865
0.5582128731413633
0.4015567411327408
4.57390900203027
3.7218888325831045
2.9710435287850094
2.3297076421941543
1.7968904762094833
1.36462615477828
1.0992260979708264
0.8132570227111012
0.5925443465766708
0.42452914657018415
4.9556268453251375
4.0169957033388926
3.1945360202037576
2.4958575879903266
1.9182845242964002
1.4517745599646508
1.1664555872213618
0.8600655091460959
0.6244975357295108
0.445859996712384
5.322227998237048
4.299304044766921
3.407736058788377
2.6537916546874296
2.033286824876132
1.5341086085400713
1.2298250321419812
0.9041015800879213
0.6544634039084691
0.46581270143876463
5.675528407448121
4.5703741540582845
3.611720044410396
2.8045754480474874
2.1427819244499284
1.6123015993537735
1.2898685246847925
0.9457165963447997
0.682741934734864
0.4846066608812259
6.016996182207366
4.831760309979941
3.807892913723722
2.949089817710546
2.2474671244867195
1.686882926569482
1.3470688203596646
0.9852659081224814
0.7095510459656893
0.5024047229761747
6.347858469706607
5.084338037224813
3.99695752322043
3.088047120352777
2.3479039355356175
1.7582937554591875
1.4017568173238548
1.0230041974085926
0.7351111631166705
0.5193311058119247
6.669118802299916
5.328940672581697
4.1796248583792535
3.22203438611783
2.4445524952248125
1.8268771424775192
1.454209379454268
1.059141990579016
0.7595477240422991
0.5354922983508849