# datat/BKevo/GBW_BKevo/gbw47.dat
# N(r,Y=0), r, *FL(x,Q^2)
# 1e-05 < r < 100.0
# 1 < Q^2 < 50, n=15, log grid
# 1e-5 < x < 1e-2, n=10, log grid
###
1.21450134042389e-07
1.476058893125343e-07
1.795000527067777e-07
2.1824876385378727e-07
2.6526577942483115e-07
3.2254421401909955e-07
3.921947374180291e-07
4.767109657627743e-07
5.795752724807251e-07
7.047707323659632e-07
8.566933245062768e-07
1.0414209319939583e-06
1.2664557825888717e-06
1.5395432349432258e-06
1.8712790187657427e-06
2.275769108568329e-06
2.766652277226522e-06
3.3623776149502885e-06
4.08942501442886e-06
4.9717962713756685e-06
6.042386452597339e-06
7.348386851907099e-06
8.934452083895194e-06
1.0858918641827584e-05
1.3204355246708143e-05
1.605528577299628e-05
1.951462588287506e-05
2.372669953181688e-05
2.8851147476306522e-05
3.506943355362316e-05
4.2633556316630956e-05
5.184442428923687e-05
6.302181578239005e-05
7.660522791578378e-05
9.316078318847905e-05
0.00011325164599212765
0.00013764335221611606
0.00016739909229109554
0.00020350996223059787
0.00024732128835068426
0.00030078502568134315
0.00036568518297269
0.0004444258089863786
0.0005404209510240703
0.0006570479127694974
0.0007985446444481562
0.0009708732882946744
0.0011804080986090645
0.0014346102381257778
0.0017438706593165165
0.0021201782108627165
0.0025766432835548107
0.0031313243208069613
0.003806668620865727
0.004625642477087847
0.005619499619574189
0.006829992154219972
0.008297147661671434
0.010074714702116053
0.012239526436584845
0.01486074418148422
0.018032397467958674
0.02188573169251365
0.02654599281885621
0.03217265938037657
0.03898206898153087
0.0471951373738426
0.05707231661333748
0.0689529945647138
0.08320071434476016
0.10021318930721711
0.12047457785949699
0.14449933527383987
0.172817653382
0.20599180624692873
0.24448793060206775
0.28881806291109746
0.3393210994132527
0.395603898289489
0.45775350061876785
0.525168242017262
0.5950731639220568
0.6665763579597562
0.737484438132805
0.8026002008448214
0.8603795210641263
0.9091894955941718
0.9455772666713241
0.9704794961269648
0.9863303012675397
0.9946082663971152
0.9981387761167663
0.9995203216976922
0.9999156967955428
0.99998624162576
0.9999986236444381
0.9999999537935074
0.9999999978334122
0.9999999999500367
0.9999999999999429
###
1e-05
1.1768119524349992e-05
1.3848863713938717e-05
1.6297508346206434e-05
1.917910261672489e-05
2.2570197196339216e-05
2.656087782946684e-05
3.1257158496882356e-05
3.678379771828634e-05
4.328761281083062e-05
5.0941380148163754e-05
5.994842503189409e-05
7.054802310718646e-05
8.302175681319735e-05
9.770099572992247e-05
0.00011497569953977356
0.00013530477745798074
0.00015922827933410923
0.0001873817422860383
0.00022051307399030456
0.00025950242113997375
0.0003053855508833416
0.00035938136638046257
0.0004229242874389499
0.0004977023564332109
0.0005857020818056661
0.0006892612104349695
0.0008111308307896872
0.0009545484566618337
0.0011233240329780276
0.0013219411484660286
0.0015556761439304723
0.0018307382802953678
0.002154434690031882
0.0025353644939701114
0.0029836472402833374
0.003511191734215131
0.004132012400115334
0.004862601580065354
0.005722367659350214
0.006734150657750821
0.007924828983539169
0.0093260334688322
0.010974987654930556
0.01291549665014884
0.01519911082952933
0.01788649529057435
0.0210490414451202
0.02477076355991709
0.029150530628251757
0.034304692863149154
0.040370172585965536
0.047508101621027934
0.05590810182512223
0.06579332246575675
0.0774263682681127
0.09111627561154886
0.10722672220103231
0.1261856883066021
0.14849682622544635
0.1747528400007683
0.20565123083486514
0.24201282647943834
0.2848035868435799
0.3351602650938841
0.3944206059437656
0.46415888336127725
0.5462277217684337
0.642807311728432
0.7564633275546291
0.8902150854450375
1.0476157527896641
1.232846739442066
1.4508287784959402
1.7073526474706886
2.009233002565046
2.364489412645407
2.782559402207126
3.274549162877725
3.8535285937105273
4.534878508128582
5.3366992312063015
6.280291441834247
7.390722033525775
8.697490026177835
10.235310218990248
12.045035402587812
14.174741629268048
16.68100537200059
19.630406500402685
23.10129700083158
27.1858824273294
31.992671377973846
37.64935806792464
44.30621457583877
52.14008287999685
61.35907273413163
72.20809018385457
84.97534359086438
100.0
###
0.27261462718896845
0.24474799775118114
0.21586335868226447
0.18708932043864002
0.15952005555250912
0.1339203239580124
0.11636162350839586
0.09541148172064784
0.07729879736796992
0.06194294130384593
1.0131810708546756
0.8666467919730076
0.7270259229291998
0.5986479632126266
0.4846026362602673
0.38595383260685934
0.322146118980403
0.2500598223938927
0.19132751987360794
0.14425472031077158
1.5895031885528115
1.3329280955496239
1.0961104367103525
0.8848364021497656
0.7023430557254039
0.5485031268090148
0.4511353370183257
0.34328591990792223
0.25733915807704993
0.18989082118347503
2.0874240398356005
1.7286604940712944
1.4039528978874092
1.1195563466257676
0.8780158982413478
0.6775691124143776
0.5523767739896049
0.41532593828688535
0.3075732256954467
0.22408463565259606
2.535200844744895
2.080423025155893
1.6745379077898572
1.3236668502178646
1.029211110466606
0.7875648788987755
0.6380255370306944
0.47570179882033836
0.34929113876683215
0.2522411614772928
2.946888842497287
2.4010406859379456
1.9191575663527596
1.5067644863497331
1.1638285306457343
0.8848334728508028
0.7133704668437082
0.5284590513819245
0.38551729355195435
0.2765430125402519
3.330778300228989
2.6980076185746698
2.14427735874234
1.6742403785944597
1.2862563481683764
0.9727979840910408
0.781251990770649
0.5757554893992204
0.41785353707107137
0.2981371175790488
3.692300874763857
2.976129850182171
2.3540246687077673
1.8295096258690942
1.399227271630586
1.053612619056375
0.843419742060863
0.6188993639918828
0.4472379541266449
0.31769388840330814
4.035230662915421
3.2387993853710424
2.5512014472339275
1.974872216614505
1.5045827782544328
1.1287049236988644
0.900968644773337
0.6587532786528674
0.47429271466107237
0.335659711679005
4.36246380286908
3.4883601775494415
2.737862251858797
2.1120084453394408
1.6036379078951783
1.1990848742171913
0.9548372154498341
0.6959206852667044
0.49945864576436366
0.35234335759321633
4.67617125743137
3.726585331838517
2.9155312810638394
2.2421334801568555
1.6973663909853267
1.2654977575945932
1.0056644623366866
0.7308426657808449
0.5230581254811862
0.3679456999832378
4.977780514101978
3.9552566717544253
3.0853494595872015
2.366211821792848
1.7865055132420615
1.3285122386516337
1.0537339734227464
0.7638530582040195
0.5453238312653959
0.38264675871361664
5.268917954870523
4.175004866211159
3.2483931861766053
2.4849910489081575
1.8716476720973623
1.3885780941214465
1.0994823153810758
0.7952114738245841
0.5664348287481655
0.3965735439218827
5.550588817794879
4.387265424432525
3.4053023857118214
2.5990957166581388
1.9532647074973082
1.4460438561973972
1.143194069763406
0.8251241444562271
0.5865502768631539
0.40981471313234735
5.823713274549538
4.592581714915455
3.556837896701421
2.709017935129122
2.031742558937674
1.5012038497152136
1.1851007413894803
0.8537593190939984
0.6057801579145562
0.4224626297851735