# datat/BKevo/GBW_BKevo/gbw75.dat
# N(r,Y=0), r, *FL(x,Q^2)
# 1e-05 < r < 100.0
# 1 < Q^2 < 50, n=15, log grid
# 1e-5 < x < 1e-2, n=10, log grid
###
1.322049536982708e-09
1.71320288154933e-09
2.2253430086466627e-09
2.8885253842069966e-09
3.743947742075875e-09
4.860804913146288e-09
6.310874605281701e-09
8.181574611884769e-09
1.0617022307356414e-08
1.3787566611093834e-08
1.7878453620408027e-08
2.3188910587946057e-08
3.012105593467521e-08
3.906688386052724e-08
5.064549237310636e-08
6.580168988686783e-08
8.536368576434845e-08
1.1060731242779188e-07
1.4374341850948656e-07
1.8651893149288968e-07
2.416818312077868e-07
3.139949979443121e-07
4.075283676132293e-07
5.281665910033309e-07
6.858688554513415e-07
8.903847406869225e-07
1.1542077268064314e-06
1.4981067104992583e-06
1.945280535301265e-06
2.5222195568976097e-06
3.2721061648763952e-06
4.249825423458729e-06
5.511467956170541e-06
7.146518304633502e-06
9.284183663012185e-06
1.2043052097558589e-05
1.560785941095613e-05
2.0281460242537845e-05
2.6314166300539585e-05
3.409332272197024e-05
4.4303274041898094e-05
5.7494226194068015e-05
7.45063810416686e-05
9.677204979097137e-05
0.00012561335918665154
0.00016281462890552673
0.00021136545450724844
0.00027441927144194073
0.00035575957006173516
0.00046160636770466
0.0005994312814976973
0.0007772408647216904
0.0010079249228737654
0.0013090741955670687
0.0016975827913309298
0.0022000218973241997
0.002857519234501504
0.003705550101712633
0.004798469399740687
0.006231553018549607
0.008078624763061463
0.010455914909340183
0.013561624421078715
0.017565798425051536
0.02270795473804923
0.02938370508341362
0.03797550016786338
0.04895327493218875
0.06306075023364985
0.08108742468650532
0.10386093847756651
0.13259499962680704
0.1686091458905515
0.21298255605933922
0.2670213311044935
0.3316778202359098
0.40708546025959536
0.4926158515969426
0.5846026760829888
0.6798056947426344
0.7727992816901829
0.8521734561513002
0.9155619039627351
0.9602934868334398
0.9842417113350124
0.9951266005821763
0.9990460581804285
0.9998772827571744
0.9999883766494755
0.9999995481549709
0.9999999970183112
0.9999999999730079
0.9999999999999376
1.0
1.0
1.0
1.0
1.0
1.0
1.0
###
1e-05
1.1768119524349992e-05
1.3848863713938717e-05
1.6297508346206434e-05
1.917910261672489e-05
2.2570197196339216e-05
2.656087782946684e-05
3.1257158496882356e-05
3.678379771828634e-05
4.328761281083062e-05
5.0941380148163754e-05
5.994842503189409e-05
7.054802310718646e-05
8.302175681319735e-05
9.770099572992247e-05
0.00011497569953977356
0.00013530477745798074
0.00015922827933410923
0.0001873817422860383
0.00022051307399030456
0.00025950242113997375
0.0003053855508833416
0.00035938136638046257
0.0004229242874389499
0.0004977023564332109
0.0005857020818056661
0.0006892612104349695
0.0008111308307896872
0.0009545484566618337
0.0011233240329780276
0.0013219411484660286
0.0015556761439304723
0.0018307382802953678
0.002154434690031882
0.0025353644939701114
0.0029836472402833374
0.003511191734215131
0.004132012400115334
0.004862601580065354
0.005722367659350214
0.006734150657750821
0.007924828983539169
0.0093260334688322
0.010974987654930556
0.01291549665014884
0.01519911082952933
0.01788649529057435
0.0210490414451202
0.02477076355991709
0.029150530628251757
0.034304692863149154
0.040370172585965536
0.047508101621027934
0.05590810182512223
0.06579332246575675
0.0774263682681127
0.09111627561154886
0.10722672220103231
0.1261856883066021
0.14849682622544635
0.1747528400007683
0.20565123083486514
0.24201282647943834
0.2848035868435799
0.3351602650938841
0.3944206059437656
0.46415888336127725
0.5462277217684337
0.642807311728432
0.7564633275546291
0.8902150854450375
1.0476157527896641
1.232846739442066
1.4508287784959402
1.7073526474706886
2.009233002565046
2.364489412645407
2.782559402207126
3.274549162877725
3.8535285937105273
4.534878508128582
5.3366992312063015
6.280291441834247
7.390722033525775
8.697490026177835
10.235310218990248
12.045035402587812
14.174741629268048
16.68100537200059
19.630406500402685
23.10129700083158
27.1858824273294
31.992671377973846
37.64935806792464
44.30621457583877
52.14008287999685
61.35907273413163
72.20809018385457
84.97534359086438
100.0
###
0.24650232364911975
0.22277724093839685
0.19929032844769803
0.17667873838253723
0.15542313094810967
0.13588296012090567
0.12245298984634974
0.10624359115228205
0.09194471038029695
0.07946607977809798
0.850138964235917
0.7312282517377755
0.6211603533164092
0.5216954646181187
0.4335903915083663
0.3569057616884583
0.306551561876779
0.24824898484317515
0.19902799223334985
0.1577080946972107
1.2869302307802652
1.0844752829026392
0.9019990918666
0.7412357587143312
0.6022023659279367
0.4839184995730018
0.40770740215661966
0.3210518737142962
0.24940769528070147
0.19050037480602822
1.6496405624196995
1.3721641470149162
1.1262114181815566
0.9129191842797223
0.7312117788199636
0.5787935010823044
0.4817986859697385
0.3728144772794874
0.2839328885783606
0.21186816893174873
1.966885059053451
1.6205977981405666
1.3173353829087735
1.0573215015776225
0.8382087089808742
0.6563090491844084
0.5415981997274419
0.41381549502720266
0.31065058117640654
0.22790012250290212
2.2523381339759307
1.8420347347957184
1.4860588624552664
1.1835656945278097
0.9308238523769617
0.722663604859356
0.5923154708424913
0.4481291337751568
0.3326552581252888
0.24082016101796258
2.51387155137903
2.043407489896104
1.638353932494784
1.29665120673037
1.0131034585265688
0.781132081959154
0.6366880816556302
0.4778269392881655
0.3514728944916481
0.25169170855338835
2.7565267679056187
2.229081933710522
1.7779294734400921
1.3996384227664496
1.0875466990882563
0.8336549188568573
0.6763353003143704
0.5041597796460865
0.3679835753239751
0.2611084152832647
2.9837746988661973
2.402081207891964
1.9072900597487406
1.4945864090354262
1.155796743508745
0.8815311492377443
0.7123139130031773
0.5278758332014676
0.3827375266760864
0.2694369837685603
3.1981288849557403
2.564532262151799
2.0282187109379106
1.582940592384551
1.2190099011903244
0.9256501672289913
0.7453294649006127
0.5495142490225196
0.3961066008339516
0.2769185090720944
3.4014799794498893
2.7180366160178075
2.1420991908610425
1.665767796938452
1.2780230881660306
0.9666587647738007
0.7759085026559578
0.5694530615761555
0.40835241960383367
0.283721110223917
3.5952972716878646
2.863873186593104
2.2498305648002854
1.7438792651252528
1.3334779301535873
1.005041082068231
0.8044401622700431
0.5879725444933016
0.41966735383114767
0.289966653553237
3.78074573884162
3.002941886395061
2.3522601340663045
1.8179087208651947
1.3858576283475241
1.0411714678891004
0.8312230268216707
0.6052865497248868
0.4301969370815428
0.2957464071386319
3.9587705780883575
3.136051590542464
2.4500262230542567
1.8883623088043326
1.4355582878818351
1.0753458409358456
0.8564921580636962
0.6215670497379905
0.4400542330185368
0.3011306203133515
4.130150863990828
3.2638444599898393
2.543649993137046
1.955651486313879
1.4828986022924444
1.1078025688808872
0.8804361866293888
0.6369390266923401
0.44932883559656833
0.30617402580766245