# datat/BKevo/GBW_BKevo/gbw62.dat
# N(r,Y=0), r, *FL(x,Q^2)
# 1e-05 < r < 100.0
# 1 < Q^2 < 50, n=15, log grid
# 1e-5 < x < 1e-2, n=10, log grid
###
0.0
0.0
0.0
0.0
0.0
0.0
0.0
0.0
0.0
0.0
0.0
0.0
0.0
8.138924153728435e-17
1.17500003711915e-16
2.6249219125094427e-16
4.846165867814824e-16
7.824279529407803e-16
1.4668170246144012e-15
2.630152063698491e-15
4.704968470718175e-15
8.539182219525572e-15
1.5295906670698412e-14
2.7171363288405704e-14
4.9256672657337215e-14
8.87914032308044e-14
1.580102108031539e-13
2.850846324397219e-13
5.155628266576496e-13
9.19126185759432e-13
1.6501919212620227e-12
2.9916657128312227e-12
5.3443506565640396e-12
9.547758879972974e-12
1.7354506015376506e-11
3.1066393734729564e-11
5.521458258747886e-11
1.0063620145425722e-10
1.805339306510845e-10
3.1984975546909116e-10
5.833531836491502e-10
1.048810986657052e-09
1.8614379477192148e-09
3.3801595149698787e-09
6.091172600256253e-09
1.0830357444856959e-08
1.9577795368583802e-08
3.536429002789055e-08
6.29977670113542e-08
1.133453613574691e-07
2.0525044646614705e-07
3.663463482603751e-07
6.559170872548733e-07
1.190838141976498e-06
2.1297994953119642e-06
3.7939385585059778e-06
6.906596689029823e-06
1.2378271201150901e-05
2.1933904044505582e-05
4.004117846415213e-05
7.191874420779925e-05
0.0001275397449451129
0.00023203026787388465
0.000417663589221389
0.000741911563928709
0.0013433794798767581
0.002422677567367658
0.004308166855343868
0.007753084022678993
0.013977438893104531
0.02479097451084649
0.04402840089237685
0.07830537854402995
0.13557282830760034
0.2289712761703899
0.37401088203091903
0.5664872922622552
0.7769713549658172
0.9252524298680932
0.9882585876822226
0.9997739185778178
0.9999992348142224
0.9999999998073517
0.9999999999999998
1.0
1.0
1.0
1.0
1.0
1.0
1.0
1.0
1.0
1.0
1.0
1.0
1.0
1.0
1.0
1.0
###
1e-05
1.1768119524349992e-05
1.3848863713938717e-05
1.6297508346206434e-05
1.917910261672489e-05
2.2570197196339216e-05
2.656087782946684e-05
3.1257158496882356e-05
3.678379771828634e-05
4.328761281083062e-05
5.0941380148163754e-05
5.994842503189409e-05
7.054802310718646e-05
8.302175681319735e-05
9.770099572992247e-05
0.00011497569953977356
0.00013530477745798074
0.00015922827933410923
0.0001873817422860383
0.00022051307399030456
0.00025950242113997375
0.0003053855508833416
0.00035938136638046257
0.0004229242874389499
0.0004977023564332109
0.0005857020818056661
0.0006892612104349695
0.0008111308307896872
0.0009545484566618337
0.0011233240329780276
0.0013219411484660286
0.0015556761439304723
0.0018307382802953678
0.002154434690031882
0.0025353644939701114
0.0029836472402833374
0.003511191734215131
0.004132012400115334
0.004862601580065354
0.005722367659350214
0.006734150657750821
0.007924828983539169
0.0093260334688322
0.010974987654930556
0.01291549665014884
0.01519911082952933
0.01788649529057435
0.0210490414451202
0.02477076355991709
0.029150530628251757
0.034304692863149154
0.040370172585965536
0.047508101621027934
0.05590810182512223
0.06579332246575675
0.0774263682681127
0.09111627561154886
0.10722672220103231
0.1261856883066021
0.14849682622544635
0.1747528400007683
0.20565123083486514
0.24201282647943834
0.2848035868435799
0.3351602650938841
0.3944206059437656
0.46415888336127725
0.5462277217684337
0.642807311728432
0.7564633275546291
0.8902150854450375
1.0476157527896641
1.232846739442066
1.4508287784959402
1.7073526474706886
2.009233002565046
2.364489412645407
2.782559402207126
3.274549162877725
3.8535285937105273
4.534878508128582
5.3366992312063015
6.280291441834247
7.390722033525775
8.697490026177835
10.235310218990248
12.045035402587812
14.174741629268048
16.68100537200059
19.630406500402685
23.10129700083158
27.1858824273294
31.992671377973846
37.64935806792464
44.30621457583877
52.14008287999685
61.35907273413163
72.20809018385457
84.97534359086438
100.0
###
0.18910581843998414
0.17004231301944658
0.1526587212444506
0.13712571839710022
0.12349010668256952
0.11171342351217675
0.10405381619360037
0.09530845888249978
0.08813554196734788
0.08242406720733646
0.5555271430544436
0.4697559590389641
0.39457802645565415
0.3294079591501
0.27338724493210315
0.22544900057003575
0.19412281449383423
0.15763549583728254
0.12622650809376557
0.0989351532406939
0.7853395851058601
0.647324444291229
0.5287366607058002
0.42778593289401473
0.342466717208096
0.27056696874724995
0.22418089907459351
0.17077368567884216
0.12537538220272545
0.08640626801371906
0.9636451731862654
0.7816805517355442
0.6273705191734611
0.49773018100835786
0.3894890194712313
0.2994311874069458
0.24197772030745446
0.1766196315557688
0.12189551068397891
0.07573695647952079
1.1128491190008023
0.8923493825002998
0.7071930754756813
0.5531691199061494
0.42584758221884417
0.3209908424989947
0.254741190255553
0.18016204082774218
0.11857724747312769
0.06749387457848491
1.2428004825702499
0.9876237639311028
0.7750641905854212
0.5996534192340433
0.4558208226215599
0.33838419247607404
0.2647938593589606
0.18270713342676886
0.11574930492933837
0.06104427573698528
1.3588468849219477
1.071960297741537
0.8345819950412975
0.6399663734061424
0.48149900709367216
0.3530639768468432
0.2731575746089386
0.18472922645415404
0.11338030708973706
0.05587482793072718
1.4642692559639916
1.148019110397963
0.8878375166260806
0.6757439732411821
0.5040744519377932
0.3658292279438104
0.28035678827650207
0.18643671364227607
0.11138937259787128
0.05163685151074063
1.5612412527507018
1.2175701119298346
0.9362219714622775
0.7080255555781507
0.5242889260172249
0.37716381655986225
0.2867073747859835
0.187938634217713
0.10970027625834704
0.048094757146850006
1.6513399925441408
1.281839018962708
0.9806890471343205
0.7375187611571724
0.5426404217452699
0.38738495703595366
0.29240722333886043
0.18929226855351827
0.1082546076358283
0.04508482932062053
1.735650325685709
1.3417144626182862
1.0219222903968408
0.7647286210195721
0.559479839167819
0.3967124468594798
0.29759133492270445
0.19053489621558317
0.10700445861431429
0.04249146615957634
1.8150429685802698
1.3978788997867986
1.0604339275073393
0.790029571098951
0.5750646143358097
0.405305153630542
0.3023552480676244
0.19169017868917304
0.10591443578218547
0.040230544672293055
1.8901856656874985
1.450845899297061
1.0966180149484421
0.8137074445544409
0.5895894679138723
0.41328168972169904
0.30676911350672065
0.19277320071585727
0.10495630799453631
0.03823925225105427
1.9616107888039258
1.5010365643271606
1.1307850656394771
0.8359859958268702
0.6032056588171193
0.42073347009476325
0.31088648728977647
0.1937971044343169
0.10410879512386677
0.036470071573244896
2.02975044929429
1.548768034746798
1.1631845092148085
0.8570438979739476
0.6160331015620013
0.42773227171301925
0.3147489659089105
0.1947709254354459
0.10335402871102843
0.03488604906631305