# datat/BKevo/GBW_BKevo/gbw87.dat
# N(r,Y=0), r, *FL(x,Q^2)
# 1e-05 < r < 100.0
# 1 < Q^2 < 50, n=15, log grid
# 1e-5 < x < 1e-2, n=10, log grid
###
9.80474141185408e-16
1.5269901590220718e-15
2.3288931236641312e-15
3.7444931541603424e-15
5.9048935820158786e-15
9.368435336660075e-15
1.4765876141288192e-14
2.3142607602624642e-14
3.657907693963422e-14
5.790907115201001e-14
9.10045145006844e-14
1.431980686265029e-13
2.272138362621587e-13
3.5751591423598073e-13
5.613510509099625e-13
8.917078529112699e-13
1.404694179200967e-12
2.1997760106521862e-12
3.4989812223642217e-12
5.518530938799659e-12
8.642443014859671e-12
1.3727172215516433e-11
2.1676580264790433e-11
3.398189812863487e-11
5.3843538322881227e-11
8.513041366375889e-11
1.3359675020823885e-10
2.1115030612183962e-10
3.3427230755729613e-10
5.251439732218943e-10
8.278522094669772e-10
1.3123089426599012e-09
2.0639229071541426e-09
3.2449973821034125e-09
5.1509738478134606e-09
8.110345769831557e-09
1.2716661359570118e-08
2.021425978904581e-08
3.186502133081939e-08
4.9881347457505745e-08
7.931203612784837e-08
1.2517456505163025e-07
1.9614535290748822e-07
3.111218430852361e-07
4.916352048740014e-07
7.711775086532772e-07
1.2201950030678977e-06
1.930601425261551e-06
3.031553827992373e-06
4.784450443442461e-06
7.579877504468156e-06
1.1915384053081772e-05
1.875574459857379e-05
2.9754090343443637e-05
4.682487125591659e-05
7.35065935981124e-05
0.00011677045246498025
0.00018397217676938629
0.00028799113978832656
0.00045811691141706004
0.0007225468891494682
0.0011314877019812548
0.0017960102624941722
0.002835004032893934
0.004441472049867385
0.0070255765495885105
0.011086192832674407
0.017346087505143038
0.027263498069496312
0.04280822801172645
0.06644143130503664
0.10264923666158993
0.15753684426460293
0.23635431031302845
0.3455564368579094
0.487212801344305
0.6499080368676602
0.809913497069811
0.9225016087021725
0.980727336711054
0.998424219976732
0.9999338146277686
0.999999208664644
0.9999999993601109
0.9999999999999999
1.0
1.0
1.0
1.0
1.0
1.0
1.0
1.0
1.0
1.0
1.0
1.0
1.0
1.0
1.0
###
1e-05
1.1768119524349992e-05
1.3848863713938717e-05
1.6297508346206434e-05
1.917910261672489e-05
2.2570197196339216e-05
2.656087782946684e-05
3.1257158496882356e-05
3.678379771828634e-05
4.328761281083062e-05
5.0941380148163754e-05
5.994842503189409e-05
7.054802310718646e-05
8.302175681319735e-05
9.770099572992247e-05
0.00011497569953977356
0.00013530477745798074
0.00015922827933410923
0.0001873817422860383
0.00022051307399030456
0.00025950242113997375
0.0003053855508833416
0.00035938136638046257
0.0004229242874389499
0.0004977023564332109
0.0005857020818056661
0.0006892612104349695
0.0008111308307896872
0.0009545484566618337
0.0011233240329780276
0.0013219411484660286
0.0015556761439304723
0.0018307382802953678
0.002154434690031882
0.0025353644939701114
0.0029836472402833374
0.003511191734215131
0.004132012400115334
0.004862601580065354
0.005722367659350214
0.006734150657750821
0.007924828983539169
0.0093260334688322
0.010974987654930556
0.01291549665014884
0.01519911082952933
0.01788649529057435
0.0210490414451202
0.02477076355991709
0.029150530628251757
0.034304692863149154
0.040370172585965536
0.047508101621027934
0.05590810182512223
0.06579332246575675
0.0774263682681127
0.09111627561154886
0.10722672220103231
0.1261856883066021
0.14849682622544635
0.1747528400007683
0.20565123083486514
0.24201282647943834
0.2848035868435799
0.3351602650938841
0.3944206059437656
0.46415888336127725
0.5462277217684337
0.642807311728432
0.7564633275546291
0.8902150854450375
1.0476157527896641
1.232846739442066
1.4508287784959402
1.7073526474706886
2.009233002565046
2.364489412645407
2.782559402207126
3.274549162877725
3.8535285937105273
4.534878508128582
5.3366992312063015
6.280291441834247
7.390722033525775
8.697490026177835
10.235310218990248
12.045035402587812
14.174741629268048
16.68100537200059
19.630406500402685
23.10129700083158
27.1858824273294
31.992671377973846
37.64935806792464
44.30621457583877
52.14008287999685
61.35907273413163
72.20809018385457
84.97534359086438
100.0
###
0.2148647653491488
0.19538428639925726
0.1772417308962597
0.16070485707768975
0.14592420743164825
0.13295186948612844
0.1243989790300469
0.11451590252621044
0.10628861438229419
0.09963268233312379
0.6696631252378791
0.5756014855283703
0.49158184600830757
0.4176116954234238
0.35326836401428147
0.29766864253981157
0.26112878898015857
0.21847255766900509
0.18188662083891
0.1501510040483685
0.9682169954671915
0.8123573821701204
0.6760176169400552
0.5582118499264823
0.45734781858746804
0.37153087172549226
0.3157871187419367
0.2513482190726642
0.19646954231814318
0.1494195022303517
1.2042539594459976
0.9950085374641363
0.8143926457529023
0.6603521492505964
0.5300560818962761
0.4204581658459529
0.3499720025950324
0.26927813347279933
0.2013304743248459
0.1437615986311084
1.4040334146283653
1.1471525190399166
0.927703007739587
0.7423004086414214
0.5869564748078705
0.45748680869783037
0.3749290614686108
0.28121902369806123
0.2031345850926197
0.13775636714864803
1.5794175362632268
1.2791835734861325
1.0247503656179962
0.8114649340276435
0.6341334949742794
0.48750210130785865
0.3946582312741335
0.29005964098383036
0.2037208146778759
0.13221604428616118
1.736990366337215
1.3967217968125856
1.1102779288494529
0.8717448664770396
0.6747083786121906
0.5128676837520332
0.41102700399365877
0.2970452111750966
0.20375689816729928
0.12725821777736926
1.8808338488572116
1.5032191550925023
1.1871552087386161
0.9254325274101783
0.7104725399199924
0.5349149404265319
0.42505405745137487
0.3028139370789852
0.2035265296589254
0.12284215790347278
2.0136921076005008
1.6009678678311845
1.2572392361545808
0.9740066142440399
0.7425352806821154
0.5544723376642087
0.4373541085985454
0.30772682356556297
0.2031660965962477
0.1188975397329965
2.137540955654415
1.6915744991371753
1.3218341254732373
1.0184970359178611
0.7716739008972217
0.572078631277276
0.44832727556956137
0.3120104148190165
0.2027495267324316
0.11534783465487825
2.253768947502133
1.776228480101218
1.3818650269474215
1.059609502911509
0.7984317447537765
0.5881224210813024
0.4582495174077984
0.315809848844003
0.2023066296768892
0.1121480273749569
2.3635134488420024
1.8558048247048762
1.4380475139272482
1.0978948611823234
0.8232096623106503
0.6028758915701116
0.4673093871349302
0.3192296325036225
0.20186121335387142
0.10923956540463908
2.467624038662536
1.9310102941345002
1.4909285368388154
1.133760019735007
0.846312078140992
0.6165508130512832
0.47566289161573033
0.3223411492009907
0.20142446357995072
0.106582899247873
2.566770128158236
2.0023969938842425
1.5409407566566244
1.1675517949996352
0.8679761996439994
0.6293053847763197
0.4834139100630141
0.32520195918455724
0.20100091785912247
0.1041465701741632
2.661530077499704
2.070368611721298
1.588432919088853
1.1995244610393183
0.8883906313200383
0.6412668000237663
0.49065150122119666
0.3278410968166805
0.20059103432117917
0.10189378714345423