# datat/BKevo/GBW_BKevo/gbw76.dat
# N(r,Y=0), r, *FL(x,Q^2)
# 1e-05 < r < 100.0
# 1 < Q^2 < 50, n=15, log grid
# 1e-5 < x < 1e-2, n=10, log grid
###
1.1289714062808761e-11
1.559234046189819e-11
2.164165888439782e-11
2.999152000127768e-11
4.143949014050042e-11
5.7459517651774476e-11
7.966804290024872e-11
1.1012635841917782e-10
1.525447218161311e-10
2.116107931798161e-10
2.926437863490595e-10
4.0494476376775853e-10
5.620296692584135e-10
7.776043393532083e-10
1.0748732683021178e-09
1.4926149533679397e-09
2.066087671464877e-09
2.8528626662794062e-09
3.963718874766015e-09
5.489199365458578e-09
7.579778849889337e-09
1.0525040296085369e-08
1.4582732860730128e-08
2.014525320129343e-08
2.7945373436194078e-08
3.873806704603542e-08
5.35378986678891e-08
7.419260598896807e-08
1.028976643853743e-07
1.4227278230227667e-07
1.9695871133911445e-07
2.733008869164019e-07
3.780539083036449e-07
5.228208412044315e-07
7.258449975196509e-07
1.0045151449265202e-06
1.387691475558787e-06
1.9275841572812514e-06
2.668882404703213e-06
3.68465279463914e-06
5.118568567018362e-06
7.090415320923245e-06
9.793170543323202e-06
1.359089498327093e-05
1.883569501113064e-05
2.6026780816913548e-05
3.608355940821921e-05
5.003295267810323e-05
6.916459319332588e-05
9.579144616608465e-05
0.00013288851659607986
0.00018378207500012255
0.00025426468395817566
0.00035290367068644855
0.0004882608062013831
0.000674762882634102
0.000936939826371094
0.0012967616413023452
0.0017898962997180783
0.0024861130492619806
0.0034414650642845606
0.004749385255888659
0.006587674222717249
0.009116167008402896
0.012572712659114962
0.017394718138541234
0.0240310503397513
0.033063028880907425
0.04551314575338512
0.06254919400684276
0.08544994888972339
0.11629143228410205
0.15752725985131005
0.21112977084890305
0.27967405974395215
0.3650996501407618
0.46662993268104097
0.5813554037119137
0.6988839301543994
0.8093889797475368
0.9008239665075465
0.9572672369114359
0.9865977521037833
0.9976536115973279
0.9997369914862922
0.9999829874532024
0.9999997052003553
0.9999999996368677
0.9999999999994659
0.9999999999999999
1.0
1.0
1.0
1.0
1.0
1.0
1.0
1.0
1.0
1.0
###
1e-05
1.1768119524349992e-05
1.3848863713938717e-05
1.6297508346206434e-05
1.917910261672489e-05
2.2570197196339216e-05
2.656087782946684e-05
3.1257158496882356e-05
3.678379771828634e-05
4.328761281083062e-05
5.0941380148163754e-05
5.994842503189409e-05
7.054802310718646e-05
8.302175681319735e-05
9.770099572992247e-05
0.00011497569953977356
0.00013530477745798074
0.00015922827933410923
0.0001873817422860383
0.00022051307399030456
0.00025950242113997375
0.0003053855508833416
0.00035938136638046257
0.0004229242874389499
0.0004977023564332109
0.0005857020818056661
0.0006892612104349695
0.0008111308307896872
0.0009545484566618337
0.0011233240329780276
0.0013219411484660286
0.0015556761439304723
0.0018307382802953678
0.002154434690031882
0.0025353644939701114
0.0029836472402833374
0.003511191734215131
0.004132012400115334
0.004862601580065354
0.005722367659350214
0.006734150657750821
0.007924828983539169
0.0093260334688322
0.010974987654930556
0.01291549665014884
0.01519911082952933
0.01788649529057435
0.0210490414451202
0.02477076355991709
0.029150530628251757
0.034304692863149154
0.040370172585965536
0.047508101621027934
0.05590810182512223
0.06579332246575675
0.0774263682681127
0.09111627561154886
0.10722672220103231
0.1261856883066021
0.14849682622544635
0.1747528400007683
0.20565123083486514
0.24201282647943834
0.2848035868435799
0.3351602650938841
0.3944206059437656
0.46415888336127725
0.5462277217684337
0.642807311728432
0.7564633275546291
0.8902150854450375
1.0476157527896641
1.232846739442066
1.4508287784959402
1.7073526474706886
2.009233002565046
2.364489412645407
2.782559402207126
3.274549162877725
3.8535285937105273
4.534878508128582
5.3366992312063015
6.280291441834247
7.390722033525775
8.697490026177835
10.235310218990248
12.045035402587812
14.174741629268048
16.68100537200059
19.630406500402685
23.10129700083158
27.1858824273294
31.992671377973846
37.64935806792464
44.30621457583877
52.14008287999685
61.35907273413163
72.20809018385457
84.97534359086438
100.0
###
0.22550885351006592
0.203764335612724
0.18293208548121048
0.1634226019050653
0.14552137447364177
0.12935565172207797
0.11840378702854255
0.10533711500073485
0.09394631150981955
0.0841086364070962
0.7340581074345253
0.6294422968698689
0.5347620298216714
0.4505681652003337
0.37680696126870616
0.3129069971162246
0.270979252954963
0.22222301941348047
0.18066338336929164
0.1452493843551794
1.082713689720329
0.9083576948088399
0.7542567823406693
0.6202835871368096
0.5053084775335109
0.40772754172876785
0.3447457747003351
0.27266946093745376
0.21236848082783635
0.16181906876271057
1.3643843241128144
1.1289069487629055
0.9239087562689705
0.7482360873897353
0.5995287489738423
0.4749721368820771
0.39548729437306906
0.30557224532111465
0.2312985642559769
0.1699935612601489
1.6061878084065409
1.3155967885833888
1.0654007764786355
0.8532248775610436
0.6754629534032004
0.5280249427736396
0.4347615026690618
0.3301818141979569
0.24470791009115905
0.17496234506350794
1.8207221871549604
1.4795167378910052
1.1882933348386564
0.943346057018007
0.7397821904705005
0.572289334530589
0.46706887247192896
0.3499284994490782
0.25503063184845043
0.17833665395313172
2.0150291540919723
1.6267974474182163
1.2977616822420686
1.0228879980470513
0.7959689560625268
0.6104828504312061
0.4946477200317217
0.36647140028146713
0.2634035687786914
0.18079361206778888
2.1936313880111658
1.7612535968529368
1.3969971665164185
1.094450517835288
0.8461178486122304
0.6442264312605553
0.5188016596704592
0.3807381612918332
0.27043701192468045
0.18267194651818772
2.359542015488931
1.885468708850912
1.4881146178934603
1.159740543530242
0.8915289201678976
0.6745459877341282
0.5403459404941267
0.39330100222697223
0.27649848964820306
0.18415832176650346
2.514933345545687
2.0012224974897377
1.5725976313284709
1.219951013487087
0.9331582735210672
0.7021403878198915
0.5598310707242145
0.404540012303115
0.2818194114064321
0.18536692630824797
2.6614609570336802
2.109876505620852
1.6515589931291226
1.275939347194996
0.9716598673345244
0.7275083729624426
0.5776524538613476
0.41471879930093447
0.28656281346818635
0.1863708205540322
2.800366099069707
2.2124842940274023
1.7257921346234126
1.3283595962345531
1.0075235023921298
0.7510194546130196
0.5940898054719865
0.42402911324837694
0.290840644206725
0.18721861374581006
2.9325410665416345
2.309797752731939
1.7959600348951226
1.3777165920190537
1.041158801824146
0.7729554143138776
0.6093545562554834
0.432613279690896
0.29473521973254396
0.18794675687982035
3.05884830671998
2.402485980430418
1.8625757064552533
1.4244096668703567
1.072856250283735
0.7935432985421298
0.6236207660250846
0.4405838546964962
0.29831046765498964
0.1885784636013679
3.179906534168655
2.491074092028222
1.9260102532777146
1.4687610453584232
1.1028581616265982
0.8129461219062678
0.6370219658961295
0.4480251362019465
0.30161698882296595
0.18913229070299445