# datat/BKevo/ATAN_BKevo/atan31.dat
# N(r,Y=0), r, *FL(x,Q^2)
# 1e-05 < r < 100.0
# 1 < Q^2 < 50, n=15, log grid
# 1e-5 < x < 1e-2, n=10, log grid
###
1.2732395461883361e-06
1.4983635162665944e-06
1.7632920950337688e-06
2.0750632130678144e-06
2.4419591911930947e-06
2.873726763549016e-06
3.381836003367803e-06
3.9797850299239615e-06
4.6834585913126995e-06
5.511550048951976e-06
6.486057973988289e-06
7.632870547874169e-06
8.982453291957052e-06
1.0570658395894091e-05
1.2439677144960396e-05
1.4639160747881633e-05
1.722753934055004e-05
2.0273574205140593e-05
2.3858184439970818e-05
2.8076596607250087e-05
3.304087446303731e-05
3.8882895973151945e-05
4.575785670429075e-05
5.38483926523055e-05
6.3369432033174e-05
7.45739049391414e-05
8.775946251938973e-05
0.00010327638417694478
0.00012153688288416409
0.0001430260557753784
0.00016831477085213543
0.00019807483228672396
0.00023309682722188004
0.0002743111276617739
0.00032281260579402075
0.0003798897203281104
0.0004470587434161101
0.0005261040382593258
0.00061912546580109
0.0007285941618660879
0.0008574181690804259
0.001009019712005662
0.0011874260816604897
0.0013973765654542922
0.0016444484113007321
0.0019352049112836467
0.002277369523319857
0.002680031184814959
0.0031538856221762436
0.0037115185171932505
0.004367739835882057
0.005139977524452992
0.0060487364998784475
0.007118140596328176
0.008376578476222434
0.009857441451399628
0.011599986441344827
0.01365041816475005
0.016063050087299944
0.018901589236475228
0.022241076542321995
0.026169552341566184
0.030789770888366014
0.036222752569685164
0.04260996257937543
0.05011454119625984
0.058927765279950646
0.06927176150140597
0.08139518165955201
0.09558288680523025
0.11216281614161147
0.13147479720570282
0.1538686941023337
0.1797527693163976
0.20945983334046914
0.2431369599496456
0.2810781996419134
0.32326595537398173
0.3688169937420247
0.4176313615106647
0.46892505742789925
0.5201885745794835
0.5712594806171598
0.6211363297333284
0.667268479282387
0.7099494208503329
0.7491947783806474
0.7836954436044253
0.8139893431678463
0.8409067660122215
0.864071462474974
0.883792679146272
0.9010481410569274
0.9158402534146481
0.9282020649397691
0.9389523799668561
0.9482030910888093
0.9558355326121949
0.9624581328678766
0.9681954985939719
###
1e-05
1.1768119524349992e-05
1.3848863713938717e-05
1.6297508346206434e-05
1.917910261672489e-05
2.2570197196339216e-05
2.656087782946684e-05
3.1257158496882356e-05
3.678379771828634e-05
4.328761281083062e-05
5.0941380148163754e-05
5.994842503189409e-05
7.054802310718646e-05
8.302175681319735e-05
9.770099572992247e-05
0.00011497569953977356
0.00013530477745798074
0.00015922827933410923
0.0001873817422860383
0.00022051307399030456
0.00025950242113997375
0.0003053855508833416
0.00035938136638046257
0.0004229242874389499
0.0004977023564332109
0.0005857020818056661
0.0006892612104349695
0.0008111308307896872
0.0009545484566618337
0.0011233240329780276
0.0013219411484660286
0.0015556761439304723
0.0018307382802953678
0.002154434690031882
0.0025353644939701114
0.0029836472402833374
0.003511191734215131
0.004132012400115334
0.004862601580065354
0.005722367659350214
0.006734150657750821
0.007924828983539169
0.0093260334688322
0.010974987654930556
0.01291549665014884
0.01519911082952933
0.01788649529057435
0.0210490414451202
0.02477076355991709
0.029150530628251757
0.034304692863149154
0.040370172585965536
0.047508101621027934
0.05590810182512223
0.06579332246575675
0.0774263682681127
0.09111627561154886
0.10722672220103231
0.1261856883066021
0.14849682622544635
0.1747528400007683
0.20565123083486514
0.24201282647943834
0.2848035868435799
0.3351602650938841
0.3944206059437656
0.46415888336127725
0.5462277217684337
0.642807311728432
0.7564633275546291
0.8902150854450375
1.0476157527896641
1.232846739442066
1.4508287784959402
1.7073526474706886
2.009233002565046
2.364489412645407
2.782559402207126
3.274549162877725
3.8535285937105273
4.534878508128582
5.3366992312063015
6.280291441834247
7.390722033525775
8.697490026177835
10.235310218990248
12.045035402587812
14.174741629268048
16.68100537200059
19.630406500402685
23.10129700083158
27.1858824273294
31.992671377973846
37.64935806792464
44.30621457583877
52.14008287999685
61.35907273413163
72.20809018385457
84.97534359086438
100.0
###
0.30797143818329176
0.27940513055590716
0.24774448344635006
0.21451605376262126
0.18145053255276591
0.1501204955021871
0.1284800966379013
0.1027110913829621
0.08075709183132133
0.06258350345814952
1.234106796634625
1.0679133071753346
0.9005050209702516
0.7403625312456082
0.5943320468468573
0.4668187883985075
0.3843702418713265
0.2919483450888043
0.21809682388403637
0.16044886825131177
2.0048894815537457
1.700495775526141
1.4049961899364025
1.1319534714619595
0.8909210975381509
0.6864890703798544
0.5573739003369419
0.4157108611382272
0.30500103045077837
0.22035571967133774
2.6953432763256604
2.2569810850793988
1.8409730073097026
1.4647246675274435
1.1390592171898084
0.8675093201157612
0.6985016710423458
0.5153610198228044
0.3741378565119099
0.26747609799618594
3.332166406766947
2.7640857490086606
2.233779394052981
1.7612754772334231
1.3579130327510707
1.0257590428278587
0.8211161471271812
0.6012648184004449
0.43332851460244726
0.30756310576888013
3.9291810385856434
3.2352550954848507
2.595661673521971
2.0323513060536267
1.5565720834325754
1.1685329677806666
0.9311995231603155
0.6779811292070849
0.4859346529186698
0.343064634510446
4.494801120253336
3.678501522718947
2.933848865456126
2.284113236302783
1.7400646888011257
1.2997258123096613
1.0320414999380156
0.747982937851747
0.533766126475351
0.3752393476685488
5.034671807334838
4.0991139066307465
3.252898306886982
2.5205624669464823
1.911549491779073
1.421922491752847
1.1257001515558585
0.8127886052580798
0.5779305722233794
0.404881380319137
5.552823753604347
4.500825128692094
3.556345362313982
2.74448259250302
2.0734798770433924
1.5367874325415378
1.2135546446243672
0.8734246295189483
0.6191615803616044
0.43250701957928767
6.052270094671108
4.886394363573838
3.8464413098449253
2.9576997812916894
2.227164668976578
1.6455249833600094
1.2966040291630339
0.9306063931079439
0.6579740102930723
0.4584799920767474
6.535340835954266
5.257940659451287
4.125020562678827
3.1618271906890345
2.37373983977215
1.7491176107594841
1.3755734790504945
0.9848849282881422
0.6948093409434881
0.4830617350207386
7.003885347951736
5.617135528663848
4.393514922024421
3.3579863357160638
2.514409204734171
1.8482353778457283
1.4510256629163394
1.036646157251828
0.7298089340809555
0.506454876032148
7.460301485023421
5.965327957476613
4.6530714709550365
3.547268150393927
2.649770768451849
1.9434329664352665
1.5234116111378766
1.086248999872058
0.7633355579169205
0.5288179075838726
7.9042843357425445
6.303627568507029
4.904627806522952
3.7302955744797353
2.780412264376421
2.0351575990005597
1.5930714906023102
1.1339255575504044
0.7955306596988109
0.5502750327487197
8.337583337078595
6.632960076950162
5.148962877955469
3.9077015094296583
2.906828545483632
2.1237772979401135
1.660299241556361
1.179887985842852
0.8265410474864492
0.570928075988732