# datat/BKevo/ATAN_BKevo/atan14.dat
# N(r,Y=0), r, *FL(x,Q^2)
# 1e-05 < r < 100.0
# 1 < Q^2 < 50, n=15, log grid
# 1e-5 < x < 1e-2, n=10, log grid
###
3.6714820702716834e-08
4.4621801970095367e-08
5.426352546420284e-08
6.597740452238854e-08
8.01908232169015e-08
9.750630802839428e-08
1.1856192285754164e-07
1.4411149798421016e-07
1.7520776954957136e-07
2.130548382240908e-07
2.589816277340686e-07
3.148255101995242e-07
3.828544456742705e-07
4.6540989442375827e-07
5.656950020430907e-07
6.879740883402803e-07
8.363702357039819e-07
1.0164607250925228e-06
1.236250636566246e-06
1.5029958996754121e-06
1.8266409837483465e-06
2.221452344308519e-06
2.700929576652246e-06
3.282708558378901e-06
3.991751206641169e-06
4.8536106110327e-06
5.899400265940666e-06
7.172753170169306e-06
8.721933584037553e-06
1.0601804093631327e-05
1.2888554957444168e-05
1.5673166908046538e-05
1.9052327120577848e-05
2.3158928014913468e-05
2.8164162758610412e-05
3.423833153694978e-05
4.161295150533901e-05
5.0609610531698605e-05
6.152808860700931e-05
7.477536761421228e-05
9.09421369162833e-05
0.00011056825704858556
0.00013438139628304356
0.0001634154969916809
0.00019869347687733678
0.00024149937115571293
0.0002936412592956314
0.000357052961788309
0.0004339991017333966
0.000527638257156752
0.0006416187112987925
0.0007799322962856592
0.0009480906200921602
0.001152963041616682
0.0014015814817464522
0.0017035513943245073
0.0020717825337400143
0.0025186524149962866
0.003060876034293621
0.00372266496265489
0.0045257807336837414
0.005500117860869241
0.006688363075918779
0.008131291993348177
0.009881626726388168
0.012013676904306143
0.01460409479981713
0.01774510969810431
0.021564937980418742
0.02620572796771872
0.03182648095984861
0.038643734363171596
0.046912386792794365
0.05689619531983682
0.06894158839848617
0.08346547008986693
0.10086185627413491
0.12161124849991393
0.14622219573829515
0.17512829790163492
0.20875274362571872
0.2471283179548574
0.2903359571167546
0.33813289542937097
0.3891009676791986
0.442460168784542
0.4972117911561518
0.5508595939411737
0.6023562396341461
0.6513937377547704
0.696268603194226
0.736411588822232
0.7727836266589502
0.8048850856133065
0.8323631248904739
0.8566435232047249
0.8778094007854359
0.8954685785932838
0.9109020820795249
0.9243503001364977
###
1e-05
1.1768119524349992e-05
1.3848863713938717e-05
1.6297508346206434e-05
1.917910261672489e-05
2.2570197196339216e-05
2.656087782946684e-05
3.1257158496882356e-05
3.678379771828634e-05
4.328761281083062e-05
5.0941380148163754e-05
5.994842503189409e-05
7.054802310718646e-05
8.302175681319735e-05
9.770099572992247e-05
0.00011497569953977356
0.00013530477745798074
0.00015922827933410923
0.0001873817422860383
0.00022051307399030456
0.00025950242113997375
0.0003053855508833416
0.00035938136638046257
0.0004229242874389499
0.0004977023564332109
0.0005857020818056661
0.0006892612104349695
0.0008111308307896872
0.0009545484566618337
0.0011233240329780276
0.0013219411484660286
0.0015556761439304723
0.0018307382802953678
0.002154434690031882
0.0025353644939701114
0.0029836472402833374
0.003511191734215131
0.004132012400115334
0.004862601580065354
0.005722367659350214
0.006734150657750821
0.007924828983539169
0.0093260334688322
0.010974987654930556
0.01291549665014884
0.01519911082952933
0.01788649529057435
0.0210490414451202
0.02477076355991709
0.029150530628251757
0.034304692863149154
0.040370172585965536
0.047508101621027934
0.05590810182512223
0.06579332246575675
0.0774263682681127
0.09111627561154886
0.10722672220103231
0.1261856883066021
0.14849682622544635
0.1747528400007683
0.20565123083486514
0.24201282647943834
0.2848035868435799
0.3351602650938841
0.3944206059437656
0.46415888336127725
0.5462277217684337
0.642807311728432
0.7564633275546291
0.8902150854450375
1.0476157527896641
1.232846739442066
1.4508287784959402
1.7073526474706886
2.009233002565046
2.364489412645407
2.782559402207126
3.274549162877725
3.8535285937105273
4.534878508128582
5.3366992312063015
6.280291441834247
7.390722033525775
8.697490026177835
10.235310218990248
12.045035402587812
14.174741629268048
16.68100537200059
19.630406500402685
23.10129700083158
27.1858824273294
31.992671377973846
37.64935806792464
44.30621457583877
52.14008287999685
61.35907273413163
72.20809018385457
84.97534359086438
100.0
###
0.1812213291716566
0.15195525608154017
0.12494804806190561
0.10089150198403445
0.08007053109148196
0.06254026494346215
0.051451423365001
0.03916630675448184
0.029394507460316188
0.021737711050993515
0.5854438262807837
0.4677673130317672
0.3669319926486091
0.28292999806398267
0.21470240480261157
0.16047331549471222
0.1277681957262477
0.09308475316265734
0.06678641483327119
0.04711028515574733
0.8699932717085758
0.6827073920327464
0.5263775741862221
0.3992064852872113
0.2981444097844784
0.21942708721979112
0.17272328619376118
0.12395484886688528
0.08759664829350462
0.060840883870689276
1.1049290035289043
0.8576070662754426
0.654358375232185
0.49134823887873763
0.36347690255690446
0.26506067860799504
0.20724608015135146
0.14741630724313434
0.10326133402240828
0.07109056466527539
1.310185312668292
1.0090129054572679
0.7642034527522212
0.5698097953923585
0.4187001419396441
0.3033693821182252
0.23608604135209052
0.16689882892341518
0.11620234473558576
0.07952086761604359
1.4949672618050298
1.1444217350306018
0.8618470450946683
0.6391598006669416
0.4672572418510051
0.3368890600779158
0.2612431995573108
0.18382204679503267
0.1274010098385585
0.08679994955055695
1.664506996215484
1.268012332321492
0.9505438242055063
0.7018866455105494
0.5110013239817307
0.3669759237112736
0.2837567728478581
0.19892546967490035
0.13737032921523237
0.0932654391597373
1.8220578893843131
1.3823968152482624
1.0323210003881789
0.7595191925354554
0.5510715714792261
0.3944526480797532
0.30427880701682514
0.2126589562607722
0.14641582768999656
0.0991222050114176
1.9698769274611116
1.48934381274074
1.1085376433772272
0.8130747168547948
0.5882063876313952
0.41985602766034547
0.3232220941776805
0.2253059539224025
0.1547355731467417
0.10450415917241594
2.1095777637714996
1.5901168900836562
1.1801605844715104
0.863273106555465
0.6229288386586788
0.4435664084064955
0.3408781953643183
0.2370764540886584
0.16246729811665875
0.10950044517625335
2.2423692888891695
1.6856503643978151
1.2479043107047556
0.910656447675504
0.6556489787593588
0.4658607204650711
0.35745982218621875
0.24811246226855949
0.16970843040629038
0.11417829422729167
2.3691367767532605
1.776677545762589
1.3123132719962474
0.9556233107788572
0.6866412828926051
0.48694863909057245
0.3731276153729656
0.2585296560548858
0.17653627661193036
0.1185855827242121
2.490653699112249
1.863763158721823
1.3738186288729448
0.9984908329569707
0.7161307126064295
0.5069938641783099
0.3880125004405464
0.26841424642601697
0.18300704357730038
0.12276037176234984
2.607584496060353
1.9473659206974694
1.4327651310940328
1.039512689975888
0.7443229723255999
0.526125196696189
0.40220152356532607
0.2778332038242628
0.18916996619512258
0.12673271763266047
2.720351509644958
2.027861838215434
1.4894344654664358
1.0788955203477115
0.7713556203188109
0.5444484420829289
0.41578096383876606
0.2868325515106298
0.1950541348633913
0.13052879489039118