# datat/BKevo/GBW_BKevo/gbw52.dat
# N(r,Y=0), r, *FL(x,Q^2)
# 1e-05 < r < 100.0
# 1 < Q^2 < 50, n=15, log grid
# 1e-5 < x < 1e-2, n=10, log grid
###
0.0
0.0
0.0
0.0
0.0
2.2146742018245447e-17
1.110223024625157e-16
1.110223024625157e-16
2.3893650473951855e-16
3.843448227103545e-16
7.052029904327253e-16
1.1568988276160443e-15
1.875236108477666e-15
3.2267500086229563e-15
5.36703534447442e-15
9.146779107457135e-15
1.5335061440950013e-14
2.5570400704679064e-14
4.3571140235746324e-14
7.337494079563694e-14
1.2222033257058753e-13
2.0788160694924695e-13
3.5041566453660546e-13
5.848581749898823e-13
9.909463069740617e-13
1.6734082513169023e-12
2.7969170718153887e-12
4.722214522782877e-12
7.98919778164854e-12
1.3372780719539962e-11
2.2497059040742473e-11
3.81324111135371e-11
6.392497417348149e-11
1.071419274228863e-10
1.8195815244736102e-10
3.055115128390961e-10
5.100860110470815e-10
8.680197071905423e-10
1.4597803671427373e-09
2.4315889703473576e-09
4.1396583134511905e-09
6.973449164819385e-09
1.1631703171399909e-08
1.973658535328494e-08
3.330464071976964e-08
5.5630315256607765e-08
9.406922568257155e-08
1.5902138607930174e-07
2.6600651676026866e-07
4.482149234587219e-07
7.590955189696107e-07
1.2716946531704167e-06
2.134926630864244e-06
3.6226250533269907e-06
6.0782680592597725e-06
1.0165554203685217e-05
1.7283458907500234e-05
2.9045391810178496e-05
4.838601313689972e-05
8.243375295883184e-05
0.00013875755604016775
0.0002312982160402559
0.0003930056946095911
0.0006625843804818627
0.0011058230796124903
0.001871978583015145
0.0031599125217126856
0.005276937087064813
0.008888498619662987
0.014992492216582966
0.024974094803059593
0.041627067014036845
0.06948506358757257
0.11374417692157199
0.18313625828047608
0.28951806116203027
0.4362606236529202
0.6178885328581812
0.7968807375458421
0.9283098827390994
0.9895074798721774
0.9992552425497947
0.9999852591976152
0.9999999808605272
0.9999999999999979
1.0
1.0
1.0
1.0
1.0
1.0
1.0
1.0
1.0
1.0
1.0
1.0
1.0
1.0
1.0
###
1e-05
1.1768119524349992e-05
1.3848863713938717e-05
1.6297508346206434e-05
1.917910261672489e-05
2.2570197196339216e-05
2.656087782946684e-05
3.1257158496882356e-05
3.678379771828634e-05
4.328761281083062e-05
5.0941380148163754e-05
5.994842503189409e-05
7.054802310718646e-05
8.302175681319735e-05
9.770099572992247e-05
0.00011497569953977356
0.00013530477745798074
0.00015922827933410923
0.0001873817422860383
0.00022051307399030456
0.00025950242113997375
0.0003053855508833416
0.00035938136638046257
0.0004229242874389499
0.0004977023564332109
0.0005857020818056661
0.0006892612104349695
0.0008111308307896872
0.0009545484566618337
0.0011233240329780276
0.0013219411484660286
0.0015556761439304723
0.0018307382802953678
0.002154434690031882
0.0025353644939701114
0.0029836472402833374
0.003511191734215131
0.004132012400115334
0.004862601580065354
0.005722367659350214
0.006734150657750821
0.007924828983539169
0.0093260334688322
0.010974987654930556
0.01291549665014884
0.01519911082952933
0.01788649529057435
0.0210490414451202
0.02477076355991709
0.029150530628251757
0.034304692863149154
0.040370172585965536
0.047508101621027934
0.05590810182512223
0.06579332246575675
0.0774263682681127
0.09111627561154886
0.10722672220103231
0.1261856883066021
0.14849682622544635
0.1747528400007683
0.20565123083486514
0.24201282647943834
0.2848035868435799
0.3351602650938841
0.3944206059437656
0.46415888336127725
0.5462277217684337
0.642807311728432
0.7564633275546291
0.8902150854450375
1.0476157527896641
1.232846739442066
1.4508287784959402
1.7073526474706886
2.009233002565046
2.364489412645407
2.782559402207126
3.274549162877725
3.8535285937105273
4.534878508128582
5.3366992312063015
6.280291441834247
7.390722033525775
8.697490026177835
10.235310218990248
12.045035402587812
14.174741629268048
16.68100537200059
19.630406500402685
23.10129700083158
27.1858824273294
31.992671377973846
37.64935806792464
44.30621457583877
52.14008287999685
61.35907273413163
72.20809018385457
84.97534359086438
100.0
###
0.18229987881364265
0.16273038028455641
0.14486947293778335
0.1288666563423721
0.11475567834391757
0.1024830567184735
0.09442367568272834
0.0850971968348623
0.07726308124263977
0.07078443761098548
0.531886971159714
0.44681304587175885
0.37244010462687605
0.3082350947949806
0.2532396804489271
0.20635301037422987
0.1758273017822445
0.14041409323058632
0.1100836157922595
0.08388147831354191
0.7506600656651589
0.6150988677492435
0.49906215797289566
0.40077652877257913
0.3181529903512634
0.24894143532993332
0.20456526035175301
0.15385002639322423
0.11117204281610378
0.07498705921934122
0.9202952789836801
0.7424329537609433
0.592305962143021
0.4668255402370911
0.36267459797095647
0.2766081902448704
0.22209133908861947
0.16058903616296208
0.1097451405606379
0.06735409103466594
1.062191295972816
0.8473604959070736
0.6678319503903046
0.5192861205774273
0.3972291573257052
0.297423842952689
0.2348301231781046
0.16497284271364598
0.10797153737623934
0.0613749327871976
1.1857354045422406
0.937696204844308
0.7320802974665759
0.5633081429159701
0.4257681364746923
0.31427063541674294
0.24492260039430694
0.1682282367951534
0.10640876484013131
0.056625148213268625
1.2960440744945854
1.017659601969858
0.7884366507758583
0.6015130930188076
0.45024111313227605
0.32850912479791017
0.2533285711169628
0.17083638462529344
0.1050479172342685
0.052759954460613635
1.3962289474774081
1.0897733821030036
0.8388688529359865
0.635431129580516
0.4717670931323853
0.34089556015186684
0.2605661206149477
0.17303202503541024
0.10387307961563359
0.049545838889649606
1.488382249207182
1.155714136183174
0.8846953917877343
0.6660408847535455
0.4910456787987624
0.3518917935688318
0.26694323924243796
0.17493993053939536
0.1028558719374145
0.046822655576993034
1.5739639165359405
1.2166428855005362
0.9268124887788531
0.6940096168828694
0.5085482870509783
0.3618039926157849
0.27265705140395113
0.17663648854866149
0.10197006040777516
0.0444794282089085
1.6540494707364308
1.2734082859428562
0.9658675125218199
0.7198143251212524
0.5246079760838831
0.37084449557385357
0.27784432956036925
0.17816986747392216
0.10119341795253962
0.04243665535501726
1.729454882918071
1.3266473705999968
1.0023449036757193
0.7438090617129763
0.5394695813816026
0.3791675459508843
0.2826018078948398
0.1795748981324638
0.10050791107334779
0.04063607367238028
1.8008162366924378
1.3768538388603904
1.0366175032855167
0.7662643323788044
0.5533185597200525
0.38688881679002507
0.28700127190086683
0.18087461625548623
0.09989890605687794
0.039033792466344926
1.8686406010269938
1.4244151585803284
1.0689792124553505
0.787392042129049
0.5662991444014512
0.39409740770586366
0.29109741315412596
0.18208708300522697
0.09935485870609935
0.03759643261422635
1.933339488628122
1.4696733257574879
1.0996661820235676
0.8073683571035694
0.5785257817809303
0.400863053999966
0.29493317853533635
0.18322334678115434
0.09886619102226817
0.03629770050349113