# datat/BKevo/GBW_BKevo/gbw73.dat
# N(r,Y=0), r, *FL(x,Q^2)
# 1e-05 < r < 100.0
# 1 < Q^2 < 50, n=15, log grid
# 1e-5 < x < 1e-2, n=10, log grid
###
1.8159212673278677e-05
2.0689855049967355e-05
2.3563985298055833e-05
2.684025914039732e-05
3.0579517166210206e-05
3.483029365944449e-05
3.967144786893294e-05
4.5196548471157636e-05
5.1483372656523656e-05
5.86368500118312e-05
6.680068324287411e-05
7.609879061907839e-05
8.666900658851399e-05
9.873174399579997e-05
0.00011248344701666376
0.0001281022265620966
0.00014592574404317173
0.00016626405427745978
0.0001893423782481357
0.00021567740457227933
0.00024573456466228986
0.00027985638453335127
0.000318766494565613
0.0003631741587653578
0.0004136336122795197
0.00047112105046505094
0.0005367275691644973
0.0006113433021648827
0.0006962722076171571
0.0007931901378266799
0.0009035175750668402
0.0010289748326190768
0.0011721319874254785
0.0013352432088350626
0.0015205419470814014
0.0017319637039545012
0.001973067872271595
0.002246691790809594
0.002558852564030534
0.0029150361265314066
0.0033190640173876226
0.003779793756103337
0.0043054031636212756
0.00490206159239997
0.0055816960096588385
0.006356839241264764
0.007237352301247319
0.00823908115865414
0.009381169367300709
0.010679231713421507
0.012153918681844995
0.013834357795213477
0.015745047210495456
0.017912110372261102
0.020379655969171625
0.023185753406837244
0.026361833604971338
0.029974297094870067
0.03408169623231521
0.03871836891290824
0.04398352491748409
0.049960023881758096
0.056695938896312435
0.06431957081494889
0.07295001161470645
0.08265479981132832
0.09358642936719355
0.10591284145032659
0.11972260370550843
0.13517347969898932
0.1524941256788904
0.17178905627013394
0.1931671436867044
0.21692586292911853
0.24316775069282742
0.2718293118848345
0.30327772399643677
0.3375781559114268
0.37425514637102436
0.4137445548655527
0.45597015880991304
0.499839104004011
0.5457085901524984
0.5932389219911031
0.640790896169083
0.6882779435984644
0.7352513319369083
0.7797588807542286
0.8212366399906712
0.859549270595944
0.893121800396032
0.9213157580374063
0.9448637108670318
0.9633077116267252
0.9765497966313081
0.9860961948965444
0.9924582527001964
0.996066084955967
0.9981676425819836
0.9992765244308273
###
1e-05
1.1768119524349992e-05
1.3848863713938717e-05
1.6297508346206434e-05
1.917910261672489e-05
2.2570197196339216e-05
2.656087782946684e-05
3.1257158496882356e-05
3.678379771828634e-05
4.328761281083062e-05
5.0941380148163754e-05
5.994842503189409e-05
7.054802310718646e-05
8.302175681319735e-05
9.770099572992247e-05
0.00011497569953977356
0.00013530477745798074
0.00015922827933410923
0.0001873817422860383
0.00022051307399030456
0.00025950242113997375
0.0003053855508833416
0.00035938136638046257
0.0004229242874389499
0.0004977023564332109
0.0005857020818056661
0.0006892612104349695
0.0008111308307896872
0.0009545484566618337
0.0011233240329780276
0.0013219411484660286
0.0015556761439304723
0.0018307382802953678
0.002154434690031882
0.0025353644939701114
0.0029836472402833374
0.003511191734215131
0.004132012400115334
0.004862601580065354
0.005722367659350214
0.006734150657750821
0.007924828983539169
0.0093260334688322
0.010974987654930556
0.01291549665014884
0.01519911082952933
0.01788649529057435
0.0210490414451202
0.02477076355991709
0.029150530628251757
0.034304692863149154
0.040370172585965536
0.047508101621027934
0.05590810182512223
0.06579332246575675
0.0774263682681127
0.09111627561154886
0.10722672220103231
0.1261856883066021
0.14849682622544635
0.1747528400007683
0.20565123083486514
0.24201282647943834
0.2848035868435799
0.3351602650938841
0.3944206059437656
0.46415888336127725
0.5462277217684337
0.642807311728432
0.7564633275546291
0.8902150854450375
1.0476157527896641
1.232846739442066
1.4508287784959402
1.7073526474706886
2.009233002565046
2.364489412645407
2.782559402207126
3.274549162877725
3.8535285937105273
4.534878508128582
5.3366992312063015
6.280291441834247
7.390722033525775
8.697490026177835
10.235310218990248
12.045035402587812
14.174741629268048
16.68100537200059
19.630406500402685
23.10129700083158
27.1858824273294
31.992671377973846
37.64935806792464
44.30621457583877
52.14008287999685
61.35907273413163
72.20809018385457
84.97534359086438
100.0
###
0.36498674760017946
0.34522173097965747
0.31786254793765334
0.28333795960184516
0.24360403774864173
0.20173212766415258
0.17095994490302524
0.13315434560552322
0.10055114674752616
0.07396409376167151
1.6438132218784172
1.4988869646648515
1.3201854381079727
1.1192527768348972
0.912395481146508
0.7160841405916467
0.5833973601417598
0.4321485501166835
0.3114414008692744
0.21937529897439031
2.8252929707337717
2.532006410741569
2.1866812124642148
1.8154396178658736
1.449134375538971
1.1144142228005223
0.8949663724211111
0.6513178453159567
0.46197411663033305
0.3208023696719693
3.9471156907346603
3.496296321108009
2.980741757351927
2.441857402130895
1.9236957458498998
1.461112137175261
1.163280280925235
0.8376927160428322
0.5886972852061959
0.40544326991357504
5.025346585362483
4.412193587986374
3.72561897045189
3.0223219734576388
2.3585014800459163
1.7755871062206137
1.4050526475999865
1.0043753404428355
0.7013294050565768
0.4802847666888189
6.069144765551062
5.29068232698126
4.433385141771452
3.5689340629186574
2.7645636238806364
2.067143981507647
1.6281523385739836
1.1573596059367828
0.8042501172195613
0.5484501948988908
7.084657674355136
6.138822551749712
5.111506571767184
4.0892519417614235
3.148291906505096
2.341178145025475
1.8370849977798016
1.3000443603299578
0.8999342660950608
0.6116350709158874
8.075733023199502
6.961468918480851
5.765151231702782
4.587552445949266
3.5141750615925105
2.60117469706475
2.034737563264088
1.43458603202066
0.9899253720371168
0.6709500195436248
9.04560303611896
7.762268776689654
6.39792775041376
5.067537029427049
3.864972885854616
2.849509553788467
2.2231054039992597
1.5623997380807608
1.0752754191496363
0.7271113671384017
9.99676131388419
8.543682348054285
7.012590926045252
5.531766876435616
4.202497610742816
3.088074234007696
2.403642420627282
1.6847323767170286
1.1567401966749316
0.7806408226899888
10.93119273607909
9.30797740232278
7.611288216495464
5.982219544302401
4.52982743243543
3.31809906704852
2.577425814487673
1.8022034330959935
1.2348853149080274
0.8319272746679081
11.849519855437286
10.056884900912594
8.19573898631252
6.42046362651967
4.846872862694153
3.540670471719188
2.745307964119645
1.9154942647274853
1.3101477843277034
0.8812703809596466
12.754352731980394
10.791759089044826
8.76734776459927
6.847771561446068
5.155203281903669
3.756624453659186
2.9079953387203945
2.0250986407363034
1.3828697629848452
0.9289067829221279
13.64627716383004
11.51385959947709
9.327284185701306
7.265193583979719
5.455673574717541
3.966666750616742
3.0659936319934515
2.131371410158348
1.4533394940052806
0.9750278208083842
14.526238902466018
12.224163650177454
9.876592484925117
7.67361374364162
5.749019716422067
4.171355039893689
3.219805117677069
2.2347316494391567
1.5217840515800718
1.0197906859290704