# datat/BKevo/GBW_BKevo/gbw85.dat
# N(r,Y=0), r, *FL(x,Q^2)
# 1e-05 < r < 100.0
# 1 < Q^2 < 50, n=15, log grid
# 1e-5 < x < 1e-2, n=10, log grid
###
1.2544139072265564e-11
1.732482349438898e-11
2.4046377334332845e-11
3.332397036244e-11
4.604393147157351e-11
6.384388383034888e-11
8.852001669057244e-11
1.2236257315597396e-10
1.6949415251536852e-10
2.351231130467831e-10
3.2515981195331166e-10
4.4993859262397606e-10
6.2447745293929e-10
8.64004838755625e-10
1.194303574086208e-09
1.658461044668465e-09
2.2956529150346774e-09
3.169847430330782e-09
4.404132000620633e-09
6.099110332050219e-09
8.421976544429277e-09
1.1694489204651153e-08
1.6203036462579123e-08
2.2383614652407996e-08
3.105041493057485e-08
4.3042296661097943e-08
5.948655391678703e-08
8.243622852012383e-08
1.1433073755239572e-07
1.5808086793597174e-07
2.1884301020501634e-07
3.0366764741780785e-07
4.200598892011738e-07
5.809120288015419e-07
8.064944086396825e-07
1.1161278758127633e-06
1.5418792980605894e-06
2.1417599420386155e-06
2.9654244488264007e-06
4.0940578219926156e-06
5.6872967681330755e-06
7.878236099378544e-06
1.0881294664971537e-05
1.5100982879786421e-05
2.0928527793201596e-05
2.8918603314001168e-05
4.00927625266136e-05
5.559201278339513e-05
7.68492505211132e-05
0.00010643436861770265
0.00014765280047648486
0.0002042002013807569
0.00028251229789918027
0.00039210738353805477
0.0005424971300659639
0.0007497083188179616
0.0010409892385823739
0.0014407411624584381
0.0019885757089256177
0.0027619605913259964
0.003823108487382657
0.005275697416434995
0.0073169186141827085
0.010123857608231908
0.013959843564368886
0.019308470731111856
0.026664732886042153
0.03666810901297429
0.05043927069581317
0.06924932337405118
0.09447798428678507
0.12834117939553996
0.1733981799191928
0.2316177652079166
0.30543500271335716
0.39623701821202845
0.502460996053712
0.6199309228749208
0.7361592752475108
0.8410739690976506
0.9232434756342285
0.9697039644881812
0.9915589675647483
0.9987822818066832
0.9998927156042803
0.9999946505003224
0.9999999348645153
0.9999999999668068
0.999999999999975
1.0
1.0
1.0
1.0
1.0
1.0
1.0
1.0
1.0
1.0
1.0
###
1e-05
1.1768119524349992e-05
1.3848863713938717e-05
1.6297508346206434e-05
1.917910261672489e-05
2.2570197196339216e-05
2.656087782946684e-05
3.1257158496882356e-05
3.678379771828634e-05
4.328761281083062e-05
5.0941380148163754e-05
5.994842503189409e-05
7.054802310718646e-05
8.302175681319735e-05
9.770099572992247e-05
0.00011497569953977356
0.00013530477745798074
0.00015922827933410923
0.0001873817422860383
0.00022051307399030456
0.00025950242113997375
0.0003053855508833416
0.00035938136638046257
0.0004229242874389499
0.0004977023564332109
0.0005857020818056661
0.0006892612104349695
0.0008111308307896872
0.0009545484566618337
0.0011233240329780276
0.0013219411484660286
0.0015556761439304723
0.0018307382802953678
0.002154434690031882
0.0025353644939701114
0.0029836472402833374
0.003511191734215131
0.004132012400115334
0.004862601580065354
0.005722367659350214
0.006734150657750821
0.007924828983539169
0.0093260334688322
0.010974987654930556
0.01291549665014884
0.01519911082952933
0.01788649529057435
0.0210490414451202
0.02477076355991709
0.029150530628251757
0.034304692863149154
0.040370172585965536
0.047508101621027934
0.05590810182512223
0.06579332246575675
0.0774263682681127
0.09111627561154886
0.10722672220103231
0.1261856883066021
0.14849682622544635
0.1747528400007683
0.20565123083486514
0.24201282647943834
0.2848035868435799
0.3351602650938841
0.3944206059437656
0.46415888336127725
0.5462277217684337
0.642807311728432
0.7564633275546291
0.8902150854450375
1.0476157527896641
1.232846739442066
1.4508287784959402
1.7073526474706886
2.009233002565046
2.364489412645407
2.782559402207126
3.274549162877725
3.8535285937105273
4.534878508128582
5.3366992312063015
6.280291441834247
7.390722033525775
8.697490026177835
10.235310218990248
12.045035402587812
14.174741629268048
16.68100537200059
19.630406500402685
23.10129700083158
27.1858824273294
31.992671377973846
37.64935806792464
44.30621457583877
52.14008287999685
61.35907273413163
72.20809018385457
84.97534359086438
100.0
###
0.2311416734897446
0.20961419048091495
0.18891529756480704
0.16947077443522998
0.15156525095437073
0.13535710573883444
0.12435792222553084
0.11122255656800756
0.09976985400019694
0.08988889997977084
0.7599515266057058
0.654301922178381
0.5582635766168771
0.47261780821755894
0.39720251330150463
0.33163341776876115
0.2884872061622578
0.23817690987310927
0.19517157750308187
0.15846168995217227
1.125184535103642
0.9478502992788423
0.7904328547616345
0.6531571740715194
0.5347207703340264
0.43382329943857323
0.3684882243605863
0.29347733233623957
0.2304896625491834
0.1774852252916395
1.4211924081940095
1.1806971493864993
0.9704079964548501
0.7896248970076502
0.6358116752786042
0.5064644680539149
0.4236322448259557
0.32960988687359055
0.2516241744477702
0.1869753922686905
1.6758361169421643
1.3781662836561128
1.1207529679955022
0.9018107189825009
0.7174019288135175
0.5638384685597031
0.46636047112246565
0.35665071418387684
0.26659805357891314
0.19277100721112728
1.9020787776038626
1.5517984580499893
1.251513414969216
0.9982065819443637
0.7865781158991191
0.611746584361721
0.5015187113429199
0.37835217691814366
0.2781231412611496
0.19671957817777544
2.107257396574633
1.7079718158414385
1.3681123230187116
1.083357400159152
0.8470500905756466
0.6531061474543276
0.5315471783165419
0.3965346319202344
0.2874673514748547
0.1996030710781405
2.295933533940397
1.850716326983114
1.4738972056557
1.160016397807372
0.9010517931467892
0.6896616850908482
0.5578530114420199
0.41221338633615484
0.2953131169630823
0.20180894805271202
2.4713878046783013
1.9825475037934557
1.5710866006771025
1.2299968794498166
0.9499830092016046
0.7225184136207035
0.5813214330998561
0.426019708130757
0.3020716762400803
0.20355781657678926
2.6358238515845764
2.1055462136906087
1.6612556528956977
1.2945550079089687
0.9948418599603981
0.7524298055343069
0.6025500600749568
0.4383706146899083
0.30800203132677867
0.20498152574295403
2.7909282335048706
2.2210594343302263
1.745557577572393
1.3546083648950247
1.0363337477463206
0.7799339289651124
0.6219741790581597
0.4495555882109056
0.3132865014236236
0.20616527748615376
2.937999260897767
2.330164607590962
1.8248536833472362
1.4108547917212293
1.0750197775657424
0.805429630644539
0.6398803795021899
0.4597849525907096
0.3180513299296387
0.20716605263556317
3.0782292684297827
2.4338222146802857
1.8999440467212738
1.4638344110133858
1.111299195489531
0.8292212020391061
0.6565164421920682
0.46921798194534425
0.3223859143907943
0.20802563961339063
3.2121317339297555
2.5324894262471025
1.971034335448532
1.513973314253292
1.1454957252336033
0.8515539840802674
0.6720654910000027
0.47797411404838946
0.32636481248614435
0.20877209029534788
3.3405293204432263
2.62682284782901
2.0389048616928602
1.5616028314026908
1.1778692509559237
0.8726039075867232
0.686672769301026
0.4861490948016028
0.3300436710384468
0.20942689008132387