# datat/BKevo/GBW_BKevo/gbw88.dat
# N(r,Y=0), r, *FL(x,Q^2)
# 1e-05 < r < 100.0
# 1 < Q^2 < 50, n=15, log grid
# 1e-5 < x < 1e-2, n=10, log grid
###
0.0
0.0
0.0
0.0
9.843898662361054e-17
1.110223024625157e-16
1.6776503291610388e-16
3.1476570993963623e-16
5.888953119415528e-16
9.309898632060323e-16
1.5454126589295944e-15
2.5708491124002845e-15
4.351429996982546e-15
7.282412315095576e-15
1.2209749127208534e-14
2.0655987936172766e-14
3.4728572804145495e-14
5.795270062734539e-14
9.871874018074194e-14
1.6614868569419197e-13
2.7688501155061147e-13
4.70697626873342e-13
7.934892592432802e-13
1.3243159179497622e-12
2.243808589632806e-12
3.789315030105508e-12
6.333350530681419e-12
1.0693201625487746e-11
1.8090932337170615e-11
3.028155071426799e-11
5.0942899810414353e-11
8.63480803891985e-11
1.4475336883551226e-10
2.426149397691867e-10
4.1203068203238137e-10
6.918079532807942e-10
1.155051793042699e-09
1.9655657938004846e-09
3.305563571645498e-09
5.506151573104845e-09
9.373947066447842e-09
1.5790854621048103e-08
2.633912284266601e-08
4.469202267147134e-08
7.541586949062202e-08
1.2597068909559732e-07
2.1301272195673753e-07
3.6009201307865483e-07
6.023517846212198e-07
1.014948919447017e-06
1.7189142444666527e-06
2.879655187320684e-06
4.834375236265908e-06
8.203144307236566e-06
1.3763729757231555e-05
2.30189885892262e-05
3.913665725261374e-05
6.576987713407925e-05
0.00010956315624790517
0.00018665497787372193
0.00031417766371507906
0.000523680580014845
0.0008897030134686104
0.0014997223111427832
0.00250228579777669
0.0042337770665945105
0.007140564777046567
0.01190879079187741
0.02001120301708863
0.033615784098539526
0.055644013267197166
0.09173859938110972
0.1502257306133712
0.2388447545810562
0.3669830101829206
0.535868201775749
0.7229559569962932
0.8862290603854124
0.9699628930992421
0.9964214028573093
0.9999535092429018
0.9999998781499853
0.9999999999645802
0.9999999999999999
1.0
1.0
1.0
1.0
1.0
1.0
1.0
1.0
1.0
1.0
1.0
1.0
1.0
1.0
1.0
1.0
###
1e-05
1.1768119524349992e-05
1.3848863713938717e-05
1.6297508346206434e-05
1.917910261672489e-05
2.2570197196339216e-05
2.656087782946684e-05
3.1257158496882356e-05
3.678379771828634e-05
4.328761281083062e-05
5.0941380148163754e-05
5.994842503189409e-05
7.054802310718646e-05
8.302175681319735e-05
9.770099572992247e-05
0.00011497569953977356
0.00013530477745798074
0.00015922827933410923
0.0001873817422860383
0.00022051307399030456
0.00025950242113997375
0.0003053855508833416
0.00035938136638046257
0.0004229242874389499
0.0004977023564332109
0.0005857020818056661
0.0006892612104349695
0.0008111308307896872
0.0009545484566618337
0.0011233240329780276
0.0013219411484660286
0.0015556761439304723
0.0018307382802953678
0.002154434690031882
0.0025353644939701114
0.0029836472402833374
0.003511191734215131
0.004132012400115334
0.004862601580065354
0.005722367659350214
0.006734150657750821
0.007924828983539169
0.0093260334688322
0.010974987654930556
0.01291549665014884
0.01519911082952933
0.01788649529057435
0.0210490414451202
0.02477076355991709
0.029150530628251757
0.034304692863149154
0.040370172585965536
0.047508101621027934
0.05590810182512223
0.06579332246575675
0.0774263682681127
0.09111627561154886
0.10722672220103231
0.1261856883066021
0.14849682622544635
0.1747528400007683
0.20565123083486514
0.24201282647943834
0.2848035868435799
0.3351602650938841
0.3944206059437656
0.46415888336127725
0.5462277217684337
0.642807311728432
0.7564633275546291
0.8902150854450375
1.0476157527896641
1.232846739442066
1.4508287784959402
1.7073526474706886
2.009233002565046
2.364489412645407
2.782559402207126
3.274549162877725
3.8535285937105273
4.534878508128582
5.3366992312063015
6.280291441834247
7.390722033525775
8.697490026177835
10.235310218990248
12.045035402587812
14.174741629268048
16.68100537200059
19.630406500402685
23.10129700083158
27.1858824273294
31.992671377973846
37.64935806792464
44.30621457583877
52.14008287999685
61.35907273413163
72.20809018385457
84.97534359086438
100.0
###
0.21166296297586457
0.19272224016848113
0.17525977562915965
0.15947599475419577
0.1455078914379769
0.1333879214164037
0.12549361362763606
0.11651145320906017
0.1092199231345149
0.10354222792190779
0.6512450509189314
0.5596847126490906
0.47825437044494845
0.40682005515170033
0.3447977506251963
0.2913133320619693
0.25619943305842546
0.21521321266598803
0.17994627131218688
0.14947377064779627
0.9362401629396628
0.7847421809431777
0.6527191237366495
0.5388342179462844
0.44143450881304314
0.3585507790436444
0.3046507223779687
0.242193007677642
0.18877043176796768
0.14267568051448346
1.1602824330241799
0.957249233185629
0.7825556091142688
0.6337527640956229
0.5079550321531029
0.40206334637697366
0.3338422742675765
0.2555042772506898
0.18919902006319364
0.13261409483021647
1.3492355621153012
1.100433011552706
0.8883331961615885
0.7094511189241044
0.5595966323530314
0.4345916966842269
0.3547314009406984
0.26380228897793584
0.18765032282733085
0.12343804861547439
1.5147090920656163
1.2242800603638884
0.978672350434648
0.7730936761396677
0.6022031238402459
0.46077011648970817
0.37105648743536496
0.2696898894386882
0.18562559273918855
0.11564896363942691
1.6630893100022208
1.3343013646104345
1.0581305489000856
0.8284182041668617
0.6387292436786339
0.48279997413200826
0.38451623323149725
0.27422419841463835
0.18356998117414602
0.10881993943914815
1.7983339233535294
1.4338326159306463
1.129394422169371
0.8775913912342561
0.6708423273112355
0.5018965740258059
0.3960086604919209
0.27791381520246716
0.18163886867071827
0.10302690963776252
1.9231118352300676
1.525062188667782
1.1942679468033435
0.9220124381799097
0.6995941392539288
0.5188059920612591
0.406067732735777
0.2810323105960906
0.17985909312326465
0.0979957309224733
2.039284237554428
1.6095323597588982
1.2539821987986661
0.9626353973665709
0.7256919107557969
0.5340163247264521
0.4150355990501662
0.28374656678076654
0.1782380663481117
0.09358308103749481
2.1482113594384518
1.688366255681748
1.3094289052795232
1.0001433351635454
0.7496351518767276
0.5478629952160293
0.42314240780599227
0.2861595918161977
0.1767639045799637
0.08967736904532479
2.250963948356308
1.7624271950822388
1.3612757741245802
1.0350437761757294
0.771805236635154
0.5605942202344626
0.43055211412995115
0.2883346354374367
0.17542550832627885
0.08619440037084282
2.348366798286244
1.8323594277579343
1.4100407016362562
1.0677248883251569
0.7924504867116026
0.5723939664545828
0.437384443637502
0.2903261967999344
0.17420643728649032
0.08305793334535741
2.4410793406050892
1.898697774061861
1.4561299361271887
1.098516568251929
0.8118014244374722
0.5833983503314677
0.44373119995062726
0.2921658874718085
0.17309466530448486
0.0802221264739738
2.529638415847708
1.9618669839041567
1.499871262967909
1.1275807245463854
0.8300291845471248
0.5937191041996615
0.44966541630802337
0.29387881300432767
0.17207505598765385
0.0776402950916877