# datat/BKevo/GBW_BKevo/gbw45.dat
# N(r,Y=0), r, *FL(x,Q^2)
# 1e-05 < r < 100.0
# 1 < Q^2 < 50, n=15, log grid
# 1e-5 < x < 1e-2, n=10, log grid
###
0.0
0.0
0.0
0.0
0.0
0.0
0.0
0.0
0.0
0.0
0.0
0.0
0.0
0.0
0.0
0.0
0.0
0.0
0.0
0.0
1.0671039401439082e-16
1.407706255581109e-16
2.866926603491138e-16
5.3495152913432e-16
1.0104151433345946e-15
1.916372016972583e-15
3.569188418089067e-15
6.8884978207067005e-15
1.3268729071997823e-14
2.5156886241162692e-14
4.8325007920878757e-14
9.36192738422388e-14
1.7823228362156084e-13
3.393338404994999e-13
6.603032920819453e-13
1.2599300510921019e-12
2.3830751589163123e-12
4.654460586160327e-12
8.905551550532776e-12
1.677418784570812e-11
3.2792942182927454e-11
6.29212142286382e-11
1.187759203790556e-10
2.3092276667472326e-10
4.443901962383798e-10
8.407785245463518e-10
1.6252474335023442e-09
3.1372930954568418e-09
5.949724289148474e-09
1.1432122155442363e-08
2.213918289501777e-08
4.208903258433774e-08
8.036678757733488e-08
1.561622379391196e-07
2.9764078256591525e-07
5.646190749793347e-07
1.101006306049756e-06
2.1040753667387056e-06
3.964139929960857e-06
7.758768893203338e-06
1.4868504707874713e-05
2.8039970029516066e-05
5.464715144765965e-05
0.00010502405747812678
0.00019849603289595838
0.0003846345033363847
0.0007413292506719841
0.0014039766951732253
0.0027029445846251912
0.0052199335885928545
0.009889818143837367
0.018846789433262408
0.036214958378505815
0.06781045288595212
0.1250041775260315
0.22765681099588073
0.3885077742595962
0.607668839298308
0.8253102348366216
0.9595895583952974
0.9983832979738474
0.9999874149251675
0.9999999935997461
0.9999999999999878
1.0
1.0
1.0
1.0
1.0
1.0
1.0
1.0
1.0
1.0
1.0
1.0
1.0
1.0
1.0
1.0
###
1e-05
1.1768119524349992e-05
1.3848863713938717e-05
1.6297508346206434e-05
1.917910261672489e-05
2.2570197196339216e-05
2.656087782946684e-05
3.1257158496882356e-05
3.678379771828634e-05
4.328761281083062e-05
5.0941380148163754e-05
5.994842503189409e-05
7.054802310718646e-05
8.302175681319735e-05
9.770099572992247e-05
0.00011497569953977356
0.00013530477745798074
0.00015922827933410923
0.0001873817422860383
0.00022051307399030456
0.00025950242113997375
0.0003053855508833416
0.00035938136638046257
0.0004229242874389499
0.0004977023564332109
0.0005857020818056661
0.0006892612104349695
0.0008111308307896872
0.0009545484566618337
0.0011233240329780276
0.0013219411484660286
0.0015556761439304723
0.0018307382802953678
0.002154434690031882
0.0025353644939701114
0.0029836472402833374
0.003511191734215131
0.004132012400115334
0.004862601580065354
0.005722367659350214
0.006734150657750821
0.007924828983539169
0.0093260334688322
0.010974987654930556
0.01291549665014884
0.01519911082952933
0.01788649529057435
0.0210490414451202
0.02477076355991709
0.029150530628251757
0.034304692863149154
0.040370172585965536
0.047508101621027934
0.05590810182512223
0.06579332246575675
0.0774263682681127
0.09111627561154886
0.10722672220103231
0.1261856883066021
0.14849682622544635
0.1747528400007683
0.20565123083486514
0.24201282647943834
0.2848035868435799
0.3351602650938841
0.3944206059437656
0.46415888336127725
0.5462277217684337
0.642807311728432
0.7564633275546291
0.8902150854450375
1.0476157527896641
1.232846739442066
1.4508287784959402
1.7073526474706886
2.009233002565046
2.364489412645407
2.782559402207126
3.274549162877725
3.8535285937105273
4.534878508128582
5.3366992312063015
6.280291441834247
7.390722033525775
8.697490026177835
10.235310218990248
12.045035402587812
14.174741629268048
16.68100537200059
19.630406500402685
23.10129700083158
27.1858824273294
31.992671377973846
37.64935806792464
44.30621457583877
52.14008287999685
61.35907273413163
72.20809018385457
84.97534359086438
100.0
###
0.16860271801370438
0.14960833486245928
0.1324827391686319
0.11730678134302312
0.10405570788824627
0.09268428611254234
0.08525172965140675
0.07663112138590474
0.06950168926148424
0.0636607874907748
0.4756173665859002
0.3958876527662486
0.3268784860398738
0.26772861200117765
0.21735852327574653
0.17464767124473807
0.1468111256083211
0.11457147351756075
0.08688643353118133
0.06283908723816793
0.6630267813948869
0.5379025125958508
0.43173854361850217
0.3425047084374393
0.26793035992017883
0.20576814147241843
0.16607917878638562
0.12075646738362264
0.08255367322261979
0.05021061653862065
0.8069876050300882
0.6443424645662307
0.5082351268757193
0.3953490733119837
0.30227154017100044
0.22578404164812788
0.17753931485636223
0.12330722377651786
0.07859354864196787
0.04158349740584265
0.9267792292022079
0.7315728447504661
0.5698827272091258
0.4371382145530886
0.32884528123169077
0.2408512441754581
0.18595407344244858
0.12500389484100657
0.07559666888173869
0.03556683808106953
1.0306314303365536
0.8063966649073906
0.6221514780717929
0.4721246527778572
0.3507775449623325
0.25308626231937364
0.19269509916285332
0.1263391603264161
0.0733232673895353
0.031157079423343642
1.123080645714082
0.8724439427157143
0.6678813626416625
0.5024433225231193
0.36958819208932114
0.26346850549233836
0.19837584912148684
0.1274907564085779
0.07155949430480434
0.02778669186633404
1.2068544893990902
0.9318897977793676
0.7087470443308879
0.5293396998675578
0.38613852277993743
0.2725327420034735
0.2033196947330746
0.12852936708226978
0.0701596046825166
0.025123728299404024
1.2837622762254042
0.9861544875476177
0.745829445828592
0.5535868766939357
0.40096767130169714
0.2806078404801186
0.20771492206382883
0.12948865307037485
0.06902617785416337
0.022963956587700406
1.3550694581279743
1.0362234548696416
0.7798814549197131
0.5757286976556698
0.4144368709849786
0.2879085287430391
0.21168583488113707
0.13038651089553488
0.06809290886648334
0.021174234171001637
1.4217100035269843
1.0828138871147088
0.8114087156280196
0.5961472818122002
0.42680111961875805
0.29458486518210153
0.21531609201486332
0.13123501879458788
0.06731324341452838
0.01966478203045255
1.4843762649854004
1.1264634420915267
0.8408398255095219
0.6151257869971938
0.43824733928304527
0.30074572375870606
0.21866616062736022
0.13204086004166454
0.06665414354487592
0.01837355556491971
1.5436173089151004
1.1675882527215007
0.8684718557486747
0.6328802428058905
0.4489176290812806
0.3064729269196268
0.22178072062583454
0.1328092690423009
0.06609114151617428
0.017255193212189587
1.599872610578116
1.206517617071303
0.8945616645147885
0.6495797136801013
0.4589221111323809
0.3118291305786765
0.22469449039127865
0.133544548599116
0.06560601707225054
0.016275842907651304
1.6534868625064572
1.2435170641594142
0.9192730562836291
0.665359158345275
0.46834826472640373
0.3168655679858846
0.22743444646525598
0.1342502522223644
0.06518500948255475
0.01541175831567295