# datat/BKevo/ATAN_BKevo/atan18.dat
# N(r,Y=0), r, *FL(x,Q^2)
# 1e-05 < r < 100.0
# 1 < Q^2 < 50, n=15, log grid
# 1e-5 < x < 1e-2, n=10, log grid
###
4.0671476784227426e-13
5.61717916058642e-13
7.796487782467391e-13
1.0804544573888363e-12
1.4928717501206543e-12
2.0699973717327618e-12
2.8700658412839197e-12
3.967335416933891e-12
5.495470129444558e-12
7.623344701547852e-12
1.0542583567804665e-11
1.4588259563919446e-11
2.024729338806024e-11
2.801343754100024e-11
3.8722641193318206e-11
5.3771916670872014e-11
7.443144830721947e-11
1.0277526095287702e-10
1.4279419952439738e-10
1.9775010740627527e-10
2.730638840202671e-10
3.7916783836784613e-10
5.253474718440391e-10
7.257389949147936e-10
1.0067407493604947e-09
1.395550891094362e-09
1.928719431505644e-09
2.6728117045520553e-09
3.7069204105271446e-09
5.125421385112274e-09
7.095499220358455e-09
9.84575032886623e-09
1.3619511468709786e-08
1.883478714919309e-08
2.6148799410044934e-08
3.618798552183158e-08
4.999204599189809e-08
6.944187633511037e-08
9.61474300425066e-08
1.3274097424566094e-07
1.8439844022149596e-07
2.554352179313383e-07
3.528035305365355e-07
4.896191724178944e-07
6.785674637622677e-07
9.376336557707939e-07
1.2999423092353677e-06
1.8024929696002864e-06
2.491752416128362e-06
3.4510635500452663e-06
4.78763470056962e-06
6.621347462800412e-06
9.1609975181032e-06
1.2715472212390805e-05
1.7593574082871145e-05
2.4315801667635914e-05
3.376770257315366e-05
4.674328725988239e-05
6.453251807029762e-05
8.966268477329252e-05
0.00012417082180419403
0.0001714580683066588
0.00023802408563574118
0.00032975885432369115
0.0004554770144717668
0.0006315652197892374
0.0008751764785478798
0.001208950511182081
0.0016738331555066685
0.0023190484294661677
0.003202022445833042
0.0044232202514857735
0.006120274053893368
0.008434282001299358
0.011601613779385567
0.015985544191514527
0.02190456423382076
0.029860182693789608
0.040683299452586495
0.0549418036122851
0.07347477397397789
0.09749914063971912
0.12754011816612765
0.16418934002369232
0.2076021554730615
0.25722174133792064
0.3121919751124992
0.37033353675646147
0.4298656306625327
0.4896089017948989
0.5470420817613818
0.6006574286189702
0.6508485573130834
0.6964734281570201
0.7365798554249466
0.7727170513685915
0.8047662104007087
0.8319447486385946
0.8559741772523473
0.8771239661072516
###
1e-05
1.1768119524349992e-05
1.3848863713938717e-05
1.6297508346206434e-05
1.917910261672489e-05
2.2570197196339216e-05
2.656087782946684e-05
3.1257158496882356e-05
3.678379771828634e-05
4.328761281083062e-05
5.0941380148163754e-05
5.994842503189409e-05
7.054802310718646e-05
8.302175681319735e-05
9.770099572992247e-05
0.00011497569953977356
0.00013530477745798074
0.00015922827933410923
0.0001873817422860383
0.00022051307399030456
0.00025950242113997375
0.0003053855508833416
0.00035938136638046257
0.0004229242874389499
0.0004977023564332109
0.0005857020818056661
0.0006892612104349695
0.0008111308307896872
0.0009545484566618337
0.0011233240329780276
0.0013219411484660286
0.0015556761439304723
0.0018307382802953678
0.002154434690031882
0.0025353644939701114
0.0029836472402833374
0.003511191734215131
0.004132012400115334
0.004862601580065354
0.005722367659350214
0.006734150657750821
0.007924828983539169
0.0093260334688322
0.010974987654930556
0.01291549665014884
0.01519911082952933
0.01788649529057435
0.0210490414451202
0.02477076355991709
0.029150530628251757
0.034304692863149154
0.040370172585965536
0.047508101621027934
0.05590810182512223
0.06579332246575675
0.0774263682681127
0.09111627561154886
0.10722672220103231
0.1261856883066021
0.14849682622544635
0.1747528400007683
0.20565123083486514
0.24201282647943834
0.2848035868435799
0.3351602650938841
0.3944206059437656
0.46415888336127725
0.5462277217684337
0.642807311728432
0.7564633275546291
0.8902150854450375
1.0476157527896641
1.232846739442066
1.4508287784959402
1.7073526474706886
2.009233002565046
2.364489412645407
2.782559402207126
3.274549162877725
3.8535285937105273
4.534878508128582
5.3366992312063015
6.280291441834247
7.390722033525775
8.697490026177835
10.235310218990248
12.045035402587812
14.174741629268048
16.68100537200059
19.630406500402685
23.10129700083158
27.1858824273294
31.992671377973846
37.64935806792464
44.30621457583877
52.14008287999685
61.35907273413163
72.20809018385457
84.97534359086438
100.0
###
0.0662559041239032
0.05234958415070828
0.04083522925317262
0.03143732383456394
0.02386989445575354
0.017844745988796262
0.014177063130435342
0.010227181011965744
0.00716027501677906
0.004797667711502592
0.16349172017272967
0.12326159682825227
0.09162875303363793
0.06707656445772185
0.04825345060990669
0.03398445367501696
0.025677770074739748
0.01712455585976943
0.010851351768506925
0.0063159094407910215
0.2187370556248336
0.1620696497485176
0.11833491313727364
0.08500873018930946
0.05991814434674898
0.041253864855976013
0.030572455051170556
0.019782370201526237
0.012050802493336024
0.006613791252287723
0.2601257702961423
0.19068353110017613
0.1376974621059196
0.09777134771825804
0.06805240173844745
0.04620075793191144
0.03383187461803228
0.021482042513306595
0.01276651219208119
0.006747449985699096
0.2940461785753388
0.21390547460281673
0.15324693803830713
0.10790362212779407
0.07442560546034387
0.05001775590678644
0.03631230732773257
0.02274441555428777
0.01328001423632685
0.006824684543394473
0.3231780803572693
0.23370221202749986
0.1663949029980066
0.11640244245019706
0.07972158538209546
0.053155044306833515
0.03833098303275665
0.02375426098573464
0.013671948976384418
0.0068754585393456715
0.3489266417247989
0.25109628579092236
0.17788314128718002
0.12377606319515246
0.0842827229047603
0.055834039630357185
0.04004166079963679
0.0245987632664612
0.01399571894371586
0.00691161751858775
0.37211974907734613
0.266695057069076
0.18813436237924785
0.13032122888666364
0.08830722884325602
0.05818129926288795
0.04153130102695004
0.02532641988023807
0.014269763492485061
0.0069387650530154926
0.39331243883814987
0.2808916124751471
0.19742731501467461
0.13622609702081823
0.09191964928619971
0.06027628892902487
0.04285395265219907
0.02596682689578238
0.014507420218267297
0.006960014171628826
0.41288548857653484
0.29395882397755213
0.2059482141081034
0.1416235860660447
0.09520568072863665
0.06217232691987951
0.04404573645138867
0.026539528368414896
0.014717361125540333
0.006976196776324033
0.43111520503156864
0.3060928652815297
0.21383569827132184
0.1466001001512542
0.09822539591208167
0.06390705424980074
0.045131909467265786
0.027058135922613115
0.014905523419477795
0.006991024377365257
0.44820925773823034
0.3174407312544725
0.22119101264689117
0.1512268773178819
0.10102340380924853
0.06550817615892071
0.04613099475973353
0.02753240841988693
0.015075999879585165
0.007002808326346842
0.46432808524947505
0.328120908554845
0.22809349613769786
0.15555633126895863
0.10363353041427335
0.06699653215837026
0.04705686212949472
0.02796950548372788
0.01523190173527535
0.007012832323057888
0.47959872127883707
0.3382123621458666
0.2346010026030512
0.15962936823906446
0.10608223798019217
0.06838840317807955
0.047920325646135215
0.028375558820341512
0.015375582183972312
0.007021503249056864
0.49412353128042785
0.34779178964323876
0.24077195315478683
0.1634743696676337
0.10839065995257169
0.06969669689089489
0.04872982781027162
0.028754502320628608
0.015508833029549935
0.007029045470873514