# datat/BKevo/MVg_BKevo/mvg23.dat
# N(r,Y=0), r, *FL(x,Q^2)
# 1e-05 < r < 100.0
# 1 < Q^2 < 50, n=15, log grid
# 1e-5 < x < 1e-2, n=10, log grid
###
3.3376382648736674e-13
4.850445716445235e-13
7.102435841815326e-13
1.0372338895073606e-12
1.5077089878467495e-12
2.2031921009554514e-12
3.2183350554668708e-12
4.678789305135017e-12
6.822734494877817e-12
9.968259016972052e-12
1.4493315530353584e-11
2.1088477003013737e-11
3.0815794221780194e-11
4.480651392901676e-11
6.504946670516819e-11
9.506404304333489e-11
1.3822405712836762e-10
2.0020574289919386e-10
2.925957580200727e-10
4.254101602144301e-10
6.15720025238982e-10
8.983263809198425e-10
1.3059158116982294e-09
1.8896926424650682e-09
2.750468913238505e-09
3.997528511246316e-09
5.782681951554784e-09
8.395772847204367e-09
1.2198446336777272e-08
1.7638342313717368e-08
2.554172475170864e-08
3.709362993351718e-08
5.3605915561851896e-08
7.74113529445315e-08
1.1235550684936125e-07
1.6225623265565328e-07
2.336270285977845e-07
3.3882493768375795e-07
4.88872968851054e-07
7.021829939622496e-07
1.016690998267858e-06
1.4653016091534948e-06
2.1020926476117787e-06
3.0334412644406407e-06
4.365919679262271e-06
6.253933933110275e-06
8.992132478681355e-06
1.2920172825655474e-05
1.8473955461849458e-05
2.64582443346649e-05
3.793793884682026e-05
5.412780271310629e-05
7.719128397948796e-05
0.00011041091404203009
0.00015712337993421314
0.00022304335651417297
0.0003181145494991587
0.00045136123006053096
0.0006375975861280765
0.0009064308529897291
0.0012818958079504686
0.0018044406361967622
0.0025525278693667914
0.0035976080983707243
0.0050472523603365994
0.007103629191304303
0.009979313324994367
0.013955977501637299
0.01954666878629186
0.027369213345819734
0.03814219531751744
0.0531180060968249
0.07398176663656403
0.10238847267170521
0.14098305975246506
0.19338974018849386
0.26197132178277954
0.349520378127585
0.4572236499540341
0.5809164427424247
0.7122831964004139
0.8296665300829246
0.9198610953978364
0.974586125510771
0.9945266605952319
0.9993144652975207
0.9999731269325643
0.9999998511814489
0.9999999994618591
0.9999999999998018
1.0
1.0
1.0
1.0
1.0
1.0
1.0
1.0
1.0
1.0
###
1e-05
1.1768119524349992e-05
1.3848863713938717e-05
1.6297508346206434e-05
1.917910261672489e-05
2.2570197196339216e-05
2.656087782946684e-05
3.1257158496882356e-05
3.678379771828634e-05
4.328761281083062e-05
5.0941380148163754e-05
5.994842503189409e-05
7.054802310718646e-05
8.302175681319735e-05
9.770099572992247e-05
0.00011497569953977356
0.00013530477745798074
0.00015922827933410923
0.0001873817422860383
0.00022051307399030456
0.00025950242113997375
0.0003053855508833416
0.00035938136638046257
0.0004229242874389499
0.0004977023564332109
0.0005857020818056661
0.0006892612104349695
0.0008111308307896872
0.0009545484566618337
0.0011233240329780276
0.0013219411484660286
0.0015556761439304723
0.0018307382802953678
0.002154434690031882
0.0025353644939701114
0.0029836472402833374
0.003511191734215131
0.004132012400115334
0.004862601580065354
0.005722367659350214
0.006734150657750821
0.007924828983539169
0.0093260334688322
0.010974987654930556
0.01291549665014884
0.01519911082952933
0.01788649529057435
0.0210490414451202
0.02477076355991709
0.029150530628251757
0.034304692863149154
0.040370172585965536
0.047508101621027934
0.05590810182512223
0.06579332246575675
0.0774263682681127
0.09111627561154886
0.10722672220103231
0.1261856883066021
0.14849682622544635
0.1747528400007683
0.20565123083486514
0.24201282647943834
0.2848035868435799
0.3351602650938841
0.3944206059437656
0.46415888336127725
0.5462277217684337
0.642807311728432
0.7564633275546291
0.8902150854450375
1.0476157527896641
1.232846739442066
1.4508287784959402
1.7073526474706886
2.009233002565046
2.364489412645407
2.782559402207126
3.274549162877725
3.8535285937105273
4.534878508128582
5.3366992312063015
6.280291441834247
7.390722033525775
8.697490026177835
10.235310218990248
12.045035402587812
14.174741629268048
16.68100537200059
19.630406500402685
23.10129700083158
27.1858824273294
31.992671377973846
37.64935806792464
44.30621457583877
52.14008287999685
61.35907273413163
72.20809018385457
84.97534359086438
100.0
###
0.181896146472634
0.16001480924485406
0.13974094605118298
0.12131116413229155
0.10482503896903261
0.0902681249310085
0.08056977925243827
0.06910885980001955
0.05920374624305955
0.050655274135177925
0.5460980470250296
0.4546181935323505
0.3745790588243416
0.30557277754419093
0.24683930291559059
0.19729034673509013
0.1654457046441534
0.1291435291891573
0.09885155615630593
0.07354682146082148
0.7813733520829408
0.6363197072825725
0.5123581602173708
0.40784110478968993
0.3207542385993651
0.2488251653228409
0.20345599214438564
0.15270228373490038
0.11130959180255738
0.07758680690327499
0.9665850644942409
0.7764189036726047
0.6162539021254907
0.483107671621148
0.3736802286885696
0.2845277890289256
0.22899599461104175
0.16766894803678498
0.11844989580471789
0.07907159146306432
1.1230257137296542
0.8931733828315689
0.7016272039061683
0.5439932277193774
0.4157479757863533
0.3123264301957921
0.24851004641533267
0.17871442008801552
0.12338576413454352
0.0797390565560686
1.2602026053413733
0.9945462483727521
0.7749750504980748
0.5957256649772492
0.4510466217801311
0.33530915049136595
0.2644237833142715
0.18750336342001162
0.1271330888951022
0.08005417171313456
1.3833559597090697
1.0848557447967613
0.8397892630199503
0.6410361864607598
0.4816582087917166
0.35501227813650654
0.27792695515061483
0.19482119957799554
0.1301414223503184
0.08019161634797939
1.495722446090441
1.1667351817491305
0.898162689150608
0.6815680563810904
0.508812084336838
0.372328512427745
0.2896924605915313
0.20110238909812317
0.13264918558243158
0.08023041720737838
1.5994713061732337
1.2419477443069573
0.9514761711165184
0.7183472160890292
0.5332947874794515
0.38781968360599467
0.3001447370558617
0.20661192594862485
0.13479609809069745
0.08021023424725798
1.6961252346685476
1.3116773666792425
1.000678174561402
0.7521109816899504
0.5556439016255154
0.40186622685542434
0.3095653217196436
0.21152509225645122
0.13667176748523027
0.08015412813377827
1.7869046179759138
1.3768926336389549
1.0464703372647195
0.7833947135919671
0.576244330051022
0.4147379232335867
0.3181523559957417
0.2159622950483161
0.13833568169177057
0.08007503448507042
1.8725461819197236
1.438207319957664
1.0893777190842169
0.8125885969490934
0.5953860107969252
0.42664189670204206
0.32605213543703515
0.22001054943930223
0.1398301971420901
0.0799808840832145
1.9537800591464363
1.4961777453663918
1.1298067694943283
0.8399957230292034
0.6132759725246631
0.4377125992571744
0.333373098098737
0.22373501985911334
0.1411859984980139
0.07987771983601624
2.031147498911488
1.5512416734878858
1.1680788281328094
0.8658549992017445
0.6301025576290977
0.4480758536383676
0.34020044404935346
0.22718556622021913
0.14242635132630874
0.07976945096862377
2.1050891730520003
1.603649954083077
1.2044551497530074
0.8903583538833072
0.645989006553796
0.4578251337513591
0.3466011896854009
0.23039885896819073
0.14356909942802037
0.07965672191509034