# datat/BKevo/GBW_BKevo/gbw90.dat
# N(r,Y=0), r, *FL(x,Q^2)
# 1e-05 < r < 100.0
# 1 < Q^2 < 50, n=15, log grid
# 1e-5 < x < 1e-2, n=10, log grid
###
0.0
0.0
0.0
0.0
0.0
0.0
0.0
0.0
0.0
0.0
0.0
0.0
0.0
0.0
0.0
0.0
0.0
1.317958925792678e-18
1.110223024625157e-16
1.8121681572620553e-16
3.287549989394221e-16
5.333341791368483e-16
1.0357483389339391e-15
2.028783814074764e-15
3.930638270875862e-15
7.554465765427815e-15
1.4260940605768847e-14
2.7481326059381765e-14
5.307862674137215e-14
1.0078505553182357e-13
1.9310587050293618e-13
3.745253052130713e-13
7.1278861500361e-13
1.3572330763641743e-12
2.641213168327781e-12
5.039876640251273e-12
9.53241165796771e-12
1.861784111701146e-11
3.562212940310041e-11
6.709686061852928e-11
1.311716108253539e-10
2.5168485691455277e-10
4.751035780639355e-10
9.236909556765905e-10
1.7775607354653647e-09
3.3631139027774516e-09
6.500989691066867e-09
1.2549172103742513e-08
2.3798896915517553e-08
4.572848758760641e-08
8.855672847877912e-08
1.6835611931205052e-07
3.214671103606134e-07
6.246487962385855e-07
1.1905625785872777e-06
2.2584743508591163e-06
4.40401749787878e-06
8.416273744016755e-06
1.5856465207954345e-05
3.103469236987781e-05
5.947262759511309e-05
0.00011215513043672453
0.00021856964909103597
0.0004200265229496982
0.0007937443413383214
0.001537603359697763
0.002961833337570243
0.00560383450085589
0.010766006929542951
0.02070716955180607
0.03895986545920165
0.07320879150845166
0.1367449891693312
0.244069933555714
0.4124165686360744
0.6356262016572183
0.8503300456212469
0.9757570291965274
0.9984215388308303
0.9999828977390713
0.9999999980833927
1.0
1.0
1.0
1.0
1.0
1.0
1.0
1.0
1.0
1.0
1.0
1.0
1.0
1.0
1.0
1.0
1.0
1.0
1.0
###
1e-05
1.1768119524349992e-05
1.3848863713938717e-05
1.6297508346206434e-05
1.917910261672489e-05
2.2570197196339216e-05
2.656087782946684e-05
3.1257158496882356e-05
3.678379771828634e-05
4.328761281083062e-05
5.0941380148163754e-05
5.994842503189409e-05
7.054802310718646e-05
8.302175681319735e-05
9.770099572992247e-05
0.00011497569953977356
0.00013530477745798074
0.00015922827933410923
0.0001873817422860383
0.00022051307399030456
0.00025950242113997375
0.0003053855508833416
0.00035938136638046257
0.0004229242874389499
0.0004977023564332109
0.0005857020818056661
0.0006892612104349695
0.0008111308307896872
0.0009545484566618337
0.0011233240329780276
0.0013219411484660286
0.0015556761439304723
0.0018307382802953678
0.002154434690031882
0.0025353644939701114
0.0029836472402833374
0.003511191734215131
0.004132012400115334
0.004862601580065354
0.005722367659350214
0.006734150657750821
0.007924828983539169
0.0093260334688322
0.010974987654930556
0.01291549665014884
0.01519911082952933
0.01788649529057435
0.0210490414451202
0.02477076355991709
0.029150530628251757
0.034304692863149154
0.040370172585965536
0.047508101621027934
0.05590810182512223
0.06579332246575675
0.0774263682681127
0.09111627561154886
0.10722672220103231
0.1261856883066021
0.14849682622544635
0.1747528400007683
0.20565123083486514
0.24201282647943834
0.2848035868435799
0.3351602650938841
0.3944206059437656
0.46415888336127725
0.5462277217684337
0.642807311728432
0.7564633275546291
0.8902150854450375
1.0476157527896641
1.232846739442066
1.4508287784959402
1.7073526474706886
2.009233002565046
2.364489412645407
2.782559402207126
3.274549162877725
3.8535285937105273
4.534878508128582
5.3366992312063015
6.280291441834247
7.390722033525775
8.697490026177835
10.235310218990248
12.045035402587812
14.174741629268048
16.68100537200059
19.630406500402685
23.10129700083158
27.1858824273294
31.992671377973846
37.64935806792464
44.30621457583877
52.14008287999685
61.35907273413163
72.20809018385457
84.97534359086438
100.0
###
0.20885170445248735
0.19062491199452494
0.17397453718084369
0.1591177037170182
0.146144971663192
0.13507599496569847
0.12800323438230032
0.12016493127647977
0.11408426980895252
0.10970544800782925
0.6335595277998383
0.5446786782732904
0.465955951677159
0.3972236023035154
0.33769550470284226
0.28647531396171433
0.2528955561905901
0.21372757054666464
0.1800424627501666
0.15090066906551192
0.9050243773714279
0.7580813759906856
0.630347493964214
0.5203883108615981
0.4264094944954491
0.34638286234573573
0.2942375303176658
0.2336013049493449
0.1814184945952721
0.13600868201520572
1.117160037567913
0.9204585495244805
0.7515354326543398
0.6078392306330683
0.4863619687397104
0.3839184400556535
0.3177353678250178
0.24139078225931507
0.1762853955330648
0.12016326235696259
1.2954229147216991
1.054604719805753
0.8497652475795844
0.6771329521232062
0.532459968053566
0.41156548300694584
0.3340838345072408
0.24545996789245006
0.17068132349939102
0.10700986183635491
1.4511406929615385
1.1704072384649868
0.9334156776333477
0.735164538324044
0.5703376367808647
0.43366400622511575
0.34671669622732904
0.2480379260224136
0.1656435521699275
0.09636570608808388
1.5905061233540145
1.2730363296396545
1.0067895191553375
0.7855016011007074
0.6027238568140089
0.45221339603271543
0.35708954892420053
0.24991760561275583
0.16130056796902925
0.0876829545854722
1.7173513315131284
1.3657327996856903
1.0725067920946438
0.8301825547834805
0.631160572130569
0.4682851708237211
0.3659550250152837
0.25143102610903656
0.15758526027176536
0.08049821963113582
1.834221666826045
1.4505919656138475
1.1322623569396895
0.8704927819580806
0.6566037347003748
0.48252484432679205
0.3737425942598788
0.2527342593786115
0.15439670824275997
0.07446505862721027
1.9429659425392583
1.5290873132660525
1.187213167842802
0.9073277910315091
0.6796936440237424
0.49534934438139344
0.3807144733956632
0.2539060726699851
0.15164348830582156
0.06933010177959854
2.044817017049436
1.6022853188184212
1.238197228747802
0.9413187864730787
0.7008761115628661
0.5070445539790026
0.38704881607872305
0.25499049470633384
0.14924894872847994
0.0649070537661034
2.1408231741837542
1.6709912970540997
1.2858413563343922
0.9729329862114455
0.720479148259326
0.5178137995584416
0.3928697196951186
0.256011173751586
0.14715143203874878
0.06105589974123053
2.2317710957521837
1.7358396314457736
1.330627900603802
1.0025268844005524
0.7387497036147304
0.5278105385377281
0.39826391643640086
0.2569850495379405
0.14530151575076758
0.05767120952804363
2.3182888130332584
1.797315106798726
1.3729370381147574
1.0303792714282711
0.7558791923444086
0.5371507251501374
0.4032995363637677
0.2579229686301303
0.14365972278302544
0.05467229121926853
2.40088694849134
1.8558358437946116
1.4130742437322128
1.0567126332287076
0.7720187485849644
0.5459251341906638
0.40802625725045627
0.25882977679425717
0.14219418087857139
0.05199558848748924