# datat/BKevo/ATAN_BKevo/atan34.dat
# N(r,Y=0), r, *FL(x,Q^2)
# 1e-05 < r < 100.0
# 1 < Q^2 < 50, n=15, log grid
# 1e-5 < x < 1e-2, n=10, log grid
###
3.7033426799844703e-10
4.799046486525493e-10
6.233660304954454e-10
8.091375545128687e-10
1.0487596013457078e-09
1.361615112616611e-09
1.7678105644404362e-09
2.2918335187729e-09
2.97405436961697e-09
3.8621914426986065e-09
5.008136162846281e-09
6.49570841426185e-09
8.437550199012636e-09
1.0943467452422236e-08
1.4186882746326064e-08
1.843245712119516e-08
2.3912189728954936e-08
3.09834685487618e-08
4.026559965825192e-08
5.224793496720654e-08
6.770024273069837e-08
8.795670839742418e-08
1.1415740919052506e-07
1.4795076354604864e-07
1.9212655746500258e-07
2.4941586297540634e-07
3.2331838105170074e-07
4.196519461262982e-07
5.44915084187544e-07
7.065283591976489e-07
9.165881849036429e-07
1.1904692178374387e-06
1.5438838736336385e-06
2.0018991499130944e-06
2.6007096499468343e-06
3.373535519921927e-06
4.372127265546147e-06
5.681325549042561e-06
7.3712531322879225e-06
9.550422922245715e-06
1.2410556925730105e-05
1.6105804022256186e-05
2.08715664440877e-05
2.710916626887642e-05
3.518908431316162e-05
4.561134978028902e-05
5.921386346421567e-05
7.688060313688528e-05
9.967234410656655e-05
0.0001293334415890891
0.0001679600402687149
0.00021779925980391503
0.0002824705398615853
0.0003669173070771969
0.00047589162647349416
0.0006168743370894084
0.0008014646062110802
0.0010396885763649401
0.001346932110142922
0.0017502661618099638
0.002270765299137617
0.0029417070702744785
0.003820274679833714
0.004955989030497428
0.006419089036193061
0.008327327969800243
0.010796684747827363
0.013972017850170632
0.01808926851351543
0.023408881210071213
0.030214717969354946
0.03894830522809511
0.050138253052399176
0.06426801354439249
0.08202758523264786
0.10422843700887077
0.13140853616897277
0.1641932783376896
0.20292851508749757
0.2475486769840526
0.2977129411938521
0.3516380451249762
0.4084706542264489
0.4668218689998399
0.5235700429376762
0.5781806139524931
0.630065576533407
0.6771195370367575
0.7194935873313604
0.7579019359938258
0.7915669901723726
0.820679319307506
0.8464548375579749
0.8687875235249058
0.8876309366262968
0.9041334397779911
0.918422595731956
0.9302818690681952
0.940615358016545
0.9496004126044404
###
1e-05
1.1768119524349992e-05
1.3848863713938717e-05
1.6297508346206434e-05
1.917910261672489e-05
2.2570197196339216e-05
2.656087782946684e-05
3.1257158496882356e-05
3.678379771828634e-05
4.328761281083062e-05
5.0941380148163754e-05
5.994842503189409e-05
7.054802310718646e-05
8.302175681319735e-05
9.770099572992247e-05
0.00011497569953977356
0.00013530477745798074
0.00015922827933410923
0.0001873817422860383
0.00022051307399030456
0.00025950242113997375
0.0003053855508833416
0.00035938136638046257
0.0004229242874389499
0.0004977023564332109
0.0005857020818056661
0.0006892612104349695
0.0008111308307896872
0.0009545484566618337
0.0011233240329780276
0.0013219411484660286
0.0015556761439304723
0.0018307382802953678
0.002154434690031882
0.0025353644939701114
0.0029836472402833374
0.003511191734215131
0.004132012400115334
0.004862601580065354
0.005722367659350214
0.006734150657750821
0.007924828983539169
0.0093260334688322
0.010974987654930556
0.01291549665014884
0.01519911082952933
0.01788649529057435
0.0210490414451202
0.02477076355991709
0.029150530628251757
0.034304692863149154
0.040370172585965536
0.047508101621027934
0.05590810182512223
0.06579332246575675
0.0774263682681127
0.09111627561154886
0.10722672220103231
0.1261856883066021
0.14849682622544635
0.1747528400007683
0.20565123083486514
0.24201282647943834
0.2848035868435799
0.3351602650938841
0.3944206059437656
0.46415888336127725
0.5462277217684337
0.642807311728432
0.7564633275546291
0.8902150854450375
1.0476157527896641
1.232846739442066
1.4508287784959402
1.7073526474706886
2.009233002565046
2.364489412645407
2.782559402207126
3.274549162877725
3.8535285937105273
4.534878508128582
5.3366992312063015
6.280291441834247
7.390722033525775
8.697490026177835
10.235310218990248
12.045035402587812
14.174741629268048
16.68100537200059
19.630406500402685
23.10129700083158
27.1858824273294
31.992671377973846
37.64935806792464
44.30621457583877
52.14008287999685
61.35907273413163
72.20809018385457
84.97534359086438
100.0
###
0.16274657556049418
0.1384513542601209
0.11621157435225538
0.09633506755070671
0.0789264512774854
0.06395500765394947
0.05424815493082698
0.0431568512387502
0.033972300697249574
0.02644936253110977
0.4902266121558628
0.3968160690239362
0.31678907950582164
0.24960763827819826
0.1941443243753441
0.1490454959572889
0.12114887414795711
0.09069315489846212
0.06671509892310276
0.0480136246710408
0.7053501238509684
0.5601729203076239
0.43875171366202886
0.3390971598467113
0.25858404263357315
0.19445163997522374
0.15547374047221008
0.11364956919077075
0.08136522429645048
0.05669389472820436
0.8766448443768596
0.6880620760268741
0.5326234391339666
0.4067870708837436
0.3064375985191276
0.22751169101506805
0.18005921560377597
0.12968197633701917
0.09128887076172038
0.06233160395135289
1.0225549087398254
0.7958320795616619
0.6108966794316851
0.4625997498452803
0.3454403618215241
0.2541191529360747
0.19964431748839925
0.1422611321499231
0.0989303329135775
0.06656726605833158
1.1513805412797817
0.890238458689156
0.678911803196354
0.5107113461373237
0.37877807786574147
0.2766524277230455
0.21611373894944946
0.15272658995246222
0.10520622050594558
0.06998870571233999
1.2676964525276881
0.9749506411791068
0.7395625880617476
0.5533470010995718
0.4081340759948118
0.2963609091784664
0.23043469063718752
0.16174982262288193
0.1105648467916081
0.07287497117630003
1.3743488062774574
1.052236410046894
0.7946177774533316
0.5918510857949957
0.434502049532409
0.3139651135701176
0.24317192193514467
0.16971954911837253
0.11526147553075666
0.07538113079402586
1.473278246717518
1.1236026763057991
0.8452395794657576
0.627102925554388
0.4585350612342068
0.3299404022468368
0.25467899360069424
0.17688153177280344
0.1194555987696413
0.07760253104219679
1.5657927583483504
1.1901123747862545
0.8922464295105563
0.6597143529642904
0.4806828366252687
0.3445920293110577
0.26520585808303915
0.18340254804909287
0.12325404337503561
0.07960213520077139
1.6529198520749075
1.2525482613171481
0.9362329640463608
0.6901317320289406
0.5012708032262861
0.35816877191629165
0.274928838932717
0.18940081528017688
0.12673210158522857
0.08142370572334034
1.7354284788106422
1.311505979542961
0.9776510913447606
0.7186903420795121
0.5205428771373056
0.3708369606408265
0.2839789112314486
0.19496379865952623
0.12994492604001073
0.08309896367258635
1.813922062394258
1.3674509179509255
1.016852376093699
0.7456503384790573
0.5386873062748202
0.382730119066174
0.2924561922480591
0.2001579430516521
0.13293413057166578
0.0846517479314383
1.8888845270998411
1.4207547315680293
1.0541164797548166
0.7712181516316482
0.5558527424331178
0.3939578862126905
0.30044088471703
0.20503491520099423
0.1357320139740833
0.08610033255159298
1.9607204647927245
1.4717197716538357
1.089671970923888
0.7955591772145499
0.572158637048802
0.40459382380188436
0.30799350866271724
0.2096349691225333
0.13836413595148572
0.08745906243440167