# datat/BKevo/ATAN_BKevo/atan8.dat
# N(r,Y=0), r, *FL(x,Q^2)
# 1e-05 < r < 100.0
# 1 < Q^2 < 50, n=15, log grid
# 1e-5 < x < 1e-2, n=10, log grid
###
2.0241105246987264e-12
2.7080229345473696e-12
3.63593157290846e-12
4.87646346746143e-12
6.526195154580728e-12
8.756086757335767e-12
1.174770952814338e-11
1.5727053424891763e-11
2.1085263362026624e-11
2.8299485565640073e-11
3.789779528025375e-11
5.0771757872377764e-11
6.816801286736735e-11
9.131865163634692e-11
1.2224726015358222e-10
1.6419468965944973e-10
2.2003089916658724e-10
2.943265154606666e-10
3.954700313707071e-10
5.301346181764469e-10
7.091616254600659e-10
9.524532272201198e-10
1.2772226948115535e-09
1.7090774645480186e-09
2.2937651280372957e-09
3.076980289881663e-09
4.118679410355473e-09
5.523686656783693e-09
7.4124209406345244e-09
9.92507146972945e-09
1.3300975829174673e-08
1.7855513551365368e-08
2.3915991819249712e-08
3.202668045615341e-08
4.3009179591950655e-08
5.762645811219294e-08
7.711056067431339e-08
1.035919795774597e-07
1.3884617034203945e-07
1.857095758139224e-07
2.4949788806211946e-07
3.3452146197478824e-07
4.4756851643308233e-07
6.008733859619741e-07
8.059197534598821e-07
1.0786102745397526e-06
1.4470180920323129e-06
1.941497914968961e-06
2.599255475692693e-06
3.484490641863065e-06
4.676907959926525e-06
6.26342961622212e-06
8.39031394959633e-06
1.1265659417281058e-05
1.5092224035465776e-05
2.0201764763695204e-05
2.7134923780522934e-05
3.6363855495876204e-05
4.863732206420477e-05
6.53538045334661e-05
8.761067033614556e-05
0.00011719955870176225
0.00015738874493460608
0.00021105765502320534
0.0002824190464893438
0.0003789760821199478
0.0005083552078339911
0.0006804016451807384
0.0009122612562341648
0.0012239490201246203
0.0016383746793261513
0.002194432190235955
0.0029440543796026303
0.0039400516614824365
0.005269432260122527
0.00706438157489768
0.00944383208528877
0.012596597278431694
0.016845442792554517
0.02244227562185116
0.029779687180190376
0.03953420916808463
0.05219075489566056
0.06843938560997359
0.08928272303049781
0.11537302596450204
0.14735492715894377
0.18573086268704725
0.23039384452216552
0.2809157130848166
0.3359289839157666
0.39359006886780346
0.45279048978837017
0.5113183801412682
0.5667386963862152
0.6193719311018915
0.6681576666412408
0.7111765480029405
0.7502013845176894
0.7852705967786857
###
1e-05
1.1768119524349992e-05
1.3848863713938717e-05
1.6297508346206434e-05
1.917910261672489e-05
2.2570197196339216e-05
2.656087782946684e-05
3.1257158496882356e-05
3.678379771828634e-05
4.328761281083062e-05
5.0941380148163754e-05
5.994842503189409e-05
7.054802310718646e-05
8.302175681319735e-05
9.770099572992247e-05
0.00011497569953977356
0.00013530477745798074
0.00015922827933410923
0.0001873817422860383
0.00022051307399030456
0.00025950242113997375
0.0003053855508833416
0.00035938136638046257
0.0004229242874389499
0.0004977023564332109
0.0005857020818056661
0.0006892612104349695
0.0008111308307896872
0.0009545484566618337
0.0011233240329780276
0.0013219411484660286
0.0015556761439304723
0.0018307382802953678
0.002154434690031882
0.0025353644939701114
0.0029836472402833374
0.003511191734215131
0.004132012400115334
0.004862601580065354
0.005722367659350214
0.006734150657750821
0.007924828983539169
0.0093260334688322
0.010974987654930556
0.01291549665014884
0.01519911082952933
0.01788649529057435
0.0210490414451202
0.02477076355991709
0.029150530628251757
0.034304692863149154
0.040370172585965536
0.047508101621027934
0.05590810182512223
0.06579332246575675
0.0774263682681127
0.09111627561154886
0.10722672220103231
0.1261856883066021
0.14849682622544635
0.1747528400007683
0.20565123083486514
0.24201282647943834
0.2848035868435799
0.3351602650938841
0.3944206059437656
0.46415888336127725
0.5462277217684337
0.642807311728432
0.7564633275546291
0.8902150854450375
1.0476157527896641
1.232846739442066
1.4508287784959402
1.7073526474706886
2.009233002565046
2.364489412645407
2.782559402207126
3.274549162877725
3.8535285937105273
4.534878508128582
5.3366992312063015
6.280291441834247
7.390722033525775
8.697490026177835
10.235310218990248
12.045035402587812
14.174741629268048
16.68100537200059
19.630406500402685
23.10129700083158
27.1858824273294
31.992671377973846
37.64935806792464
44.30621457583877
52.14008287999685
61.35907273413163
72.20809018385457
84.97534359086438
100.0
###
0.04271147296682753
0.03257682256352434
0.02450486250174287
0.018171916396277493
0.013266018821958783
0.009512183566959095
0.00730723545681497
0.005019346095284964
0.003322239684354804
0.002079224375129793
0.10103804737161279
0.07394066611006148
0.05333584800399126
0.03787106932420538
0.026408424707745296
0.018013255680656235
0.013280169722893819
0.008570484439043903
0.005257649278896465
0.002974097189168941
0.13343796443783498
0.09617852386675442
0.06830969324920795
0.047728813272866696
0.032714655165796525
0.02190407970044911
0.015901721539928304
0.010025391013933103
0.005978817931439116
0.0032553845292210997
0.15753295605718676
0.11249748008326857
0.07914249696121396
0.054749485191186144
0.037132993284019554
0.024577685780974932
0.017673641229261405
0.010982908113610796
0.00643453337053221
0.0034221094403702555
0.17720726654624816
0.1257074721146616
0.08783429422773084
0.060329298889172496
0.04060705367076717
0.026654927481084396
0.019036240372612513
0.011707372986972709
0.006772865110475426
0.0035415782341490444
0.19406183507406086
0.13695307233271936
0.09518607388942774
0.06501537467930231
0.0435023325226164
0.02837126335481475
0.020153899771283106
0.012294806428825798
0.007043100284263102
0.003634724750383446
0.20893121356123467
0.14682382123107374
0.10160292597277222
0.0690884824659242
0.04600205754068998
0.029843170647625452
0.021106962595812753
0.012791291964231677
0.007268935930694102
0.0037111967310123496
0.22231088834009988
0.15567137067047057
0.10733366681893668
0.07270158083610519
0.04821221132979662
0.031137525332708783
0.021941223747701112
0.013222806664246774
0.007463457712846426
0.0037761710133342725
0.2345266770122354
0.1637205814232934
0.11252419452091539
0.07596737207093172
0.050200026727381344
0.032296342648690614
0.02268523564926055
0.013605341091494782
0.007634603029051989
0.0038327292931217066
0.2457964697093913
0.1711270016081328
0.1172912443994959
0.07895368708974136
0.05201115213498598
0.033347997441234616
0.023358218957311813
0.013949608557628232
0.007787667440650405
0.0038823907289360702
0.25628581752973406
0.17800599993263408
0.12170228504686516
0.08171059285972405
0.05367799003225021
0.03431252169126515
0.023973660875380044
0.014263061157582944
0.007926271053796357
0.003927348074035991
0.2661162141125149
0.1844321770552715
0.12581608956673257
0.08427711438114648
0.05522457041303178
0.03520472148600737
0.024541350775599022
0.014551116748473309
0.00805304718662312
0.003968992440242494
0.27538148255201117
0.19047905689084516
0.12967919551814144
0.08667896038798363
0.05666913464105284
0.036035718325539805
0.025069161064456013
0.014817867813370493
0.008169948057084122
0.004006610673500281
0.28415560164337195
0.19619397819237885
0.13332255125960224
0.08894005885268244
0.05802594821011468
0.036814297966794314
0.025562455041259705
0.015066364268698347
0.008279667286514079
0.004041400286340217
0.2924982874165626
0.20162394811186998
0.1367746257561186
0.09107606788731354
0.05930637388343036
0.03754737961493061
0.026026083592529246
0.015299284579860182
0.008379818338541728
0.004073789371110431