# datat/BKevo/GBW_BKevo/gbw39.dat
# N(r,Y=0), r, *FL(x,Q^2)
# 1e-05 < r < 100.0
# 1 < Q^2 < 50, n=15, log grid
# 1e-5 < x < 1e-2, n=10, log grid
###
8.260945135303654e-10
1.0705101788612964e-09
1.390525476819277e-09
1.804920934332823e-09
2.3394393133426372e-09
3.0373175049780325e-09
3.943406541913557e-09
5.112330170476188e-09
6.634141487307458e-09
8.615284442739616e-09
1.117151188039656e-08
1.4489798376933964e-08
1.8821411522744956e-08
2.4411292221602483e-08
3.1646289604366975e-08
4.1116775502155014e-08
5.334026409207972e-08
6.911397073478174e-08
8.981936426277258e-08
1.1654802817125234e-07
1.5101706260687464e-07
1.9620259694502057e-07
2.546477682367841e-07
3.3002965520727914e-07
4.285713495899493e-07
5.563649695521509e-07
7.212171869915995e-07
9.361056534304363e-07
1.2155264039645742e-06
1.5760322180135375e-06
2.0446060893479025e-06
2.6555435968385334e-06
3.4438936731418615e-06
4.465571942574973e-06
5.8013154715135e-06
7.5252260355459535e-06
9.752739264298802e-06
1.2673100645330334e-05
1.6442724200825278e-05
2.1303654203434917e-05
2.768352942936939e-05
3.5926172811785574e-05
4.655663117214154e-05
6.046998791253608e-05
7.849249878739415e-05
0.00010173929655843342
0.00013207886899851664
0.0001714822512607446
0.00022231446074660877
0.000288463990434756
0.00037460254101694585
0.0004857371695137319
0.0006299305232933053
0.0008181896579160008
0.0010610902185916287
0.0013752725508407448
0.0017865138179439112
0.0023170710644120573
0.003001071956427631
0.00389844699903446
0.005055745279657399
0.006546365728562964
0.008495972706353367
0.011012940816063091
0.014250522650925385
0.018464003932003276
0.023903013353087883
0.030877495797641992
0.03988709844833731
0.05147673346119019
0.06623428357495553
0.08506014297903818
0.1090104477465088
0.13903554124170037
0.17645711779000658
0.2227476347032113
0.2788196305217452
0.3455884763230744
0.42291267044124087
0.5097957340998036
0.6039465129420187
0.6981818265549719
0.788026690804766
0.8672952489970007
0.9261370143425812
0.9652137429790816
0.9874811977041703
0.9965137168299525
0.9992605222607377
0.999913182417894
0.9999955079775736
0.9999997952679337
0.9999999965760329
0.9999999999980311
0.9999999999999963
1.0
1.0
1.0
1.0
1.0
###
1e-05
1.1768119524349992e-05
1.3848863713938717e-05
1.6297508346206434e-05
1.917910261672489e-05
2.2570197196339216e-05
2.656087782946684e-05
3.1257158496882356e-05
3.678379771828634e-05
4.328761281083062e-05
5.0941380148163754e-05
5.994842503189409e-05
7.054802310718646e-05
8.302175681319735e-05
9.770099572992247e-05
0.00011497569953977356
0.00013530477745798074
0.00015922827933410923
0.0001873817422860383
0.00022051307399030456
0.00025950242113997375
0.0003053855508833416
0.00035938136638046257
0.0004229242874389499
0.0004977023564332109
0.0005857020818056661
0.0006892612104349695
0.0008111308307896872
0.0009545484566618337
0.0011233240329780276
0.0013219411484660286
0.0015556761439304723
0.0018307382802953678
0.002154434690031882
0.0025353644939701114
0.0029836472402833374
0.003511191734215131
0.004132012400115334
0.004862601580065354
0.005722367659350214
0.006734150657750821
0.007924828983539169
0.0093260334688322
0.010974987654930556
0.01291549665014884
0.01519911082952933
0.01788649529057435
0.0210490414451202
0.02477076355991709
0.029150530628251757
0.034304692863149154
0.040370172585965536
0.047508101621027934
0.05590810182512223
0.06579332246575675
0.0774263682681127
0.09111627561154886
0.10722672220103231
0.1261856883066021
0.14849682622544635
0.1747528400007683
0.20565123083486514
0.24201282647943834
0.2848035868435799
0.3351602650938841
0.3944206059437656
0.46415888336127725
0.5462277217684337
0.642807311728432
0.7564633275546291
0.8902150854450375
1.0476157527896641
1.232846739442066
1.4508287784959402
1.7073526474706886
2.009233002565046
2.364489412645407
2.782559402207126
3.274549162877725
3.8535285937105273
4.534878508128582
5.3366992312063015
6.280291441834247
7.390722033525775
8.697490026177835
10.235310218990248
12.045035402587812
14.174741629268048
16.68100537200059
19.630406500402685
23.10129700083158
27.1858824273294
31.992671377973846
37.64935806792464
44.30621457583877
52.14008287999685
61.35907273413163
72.20809018385457
84.97534359086438
100.0
###
0.21659855539173742
0.19183644856719112
0.16800185203176368
0.1456373909871152
0.12513632463098381
0.10668632106084563
0.09423781530260422
0.07946478015760011
0.06663294079542494
0.05557574545387152
0.7101548254699594
0.5977215925749286
0.4965984005594035
0.40761668452449096
0.3307462221755001
0.2654211321891938
0.2233669728270755
0.17560238833861205
0.13615128582350708
0.10374701667445432
1.0542469918783277
0.8694132706277853
0.7074801834591364
0.568420969256504
0.4511511856691628
0.35364638972770673
0.29208678094847496
0.2234566830114847
0.1679789274671174
0.12342288419470387
1.3352548613708923
1.0871853154891888
0.8733111658335939
0.6924761769461676
0.5420896249519837
0.41881675684516645
0.3419291035590418
0.25721038481401903
0.18968028952660973
0.1362386824286939
1.578447123289738
1.2733696814837971
1.0133600783455707
0.7959038959452311
0.6169376539525973
0.4717060961207811
0.3819196479212952
0.2838271193365368
0.20644626217726958
0.1458742495667872
1.795599064446067
1.4381397444401658
1.1361913844490121
0.8857865128232086
0.681387576006602
0.5167804259446682
0.4156990158074908
0.30604875479439253
0.22024270898164397
0.15365748542943786
1.9933745002557908
1.587141813178715
1.2465015962286363
0.9659344578479739
0.7384118763052939
0.5563552741880333
0.4451827649153849
0.3252568113752798
0.23203822859523895
0.16022138975492964
2.1759781412003596
1.7239469028188321
1.347211657439851
1.038664840268267
0.7898470736564596
0.5918260204508285
0.4714708061497778
0.34225447318613456
0.24238607895259498
0.16591830038731237
2.3463111627437234
1.8509319253312468
1.440214038339688
1.1055171925886438
0.8368852999294715
0.6240868606067674
0.4952815471964708
0.357552779341397
0.2516332223720031
0.17096564268580175
2.506426238047939
1.9698000713656676
1.5269038111453679
1.1675731512541558
0.8803564269902397
0.6537638670836605
0.5171105455347391
0.3715060473443826
0.2600123677982329
0.17550679320056722
2.6578671669868785
2.0818761499399567
1.6083338103256704
1.2256211790516716
0.9208642471790941
0.6813064693286008
0.5372904841201819
0.3843480446510094
0.26768674463946684
0.1796416566865241
2.801857139066848
2.1880179584020194
1.6852241684549552
1.2802603948202724
0.9588636879412072
0.7070512667829655
0.5561073992289222
0.3962688651001949
0.27478065601277046
0.1834426305402483
2.9392978259817393
2.2890498417627194
1.7581827861374977
1.3319570536260352
0.9947069528181015
0.7312574447657291
0.5737477973728575
0.4074080027681925
0.2813815265059668
0.18696410545276418
3.0709234526716647
2.385565259049759
1.8276994070852381
1.3810823554742433
1.0286731519417012
0.7541294476409542
0.5903821804449173
0.4178745330872077
0.2875614524857233
0.19024791105660996
3.1974016794997366
2.478072661644903
1.8941664241668705
1.4279395703076896
1.0609876911744007
0.7758316800947775
0.6061455000105301
0.42775774612786305
0.2933765958644731
0.19332703844188256