# datat/BKevo/ATAN_BKevo/atan37.dat
# N(r,Y=0), r, *FL(x,Q^2)
# 1e-05 < r < 100.0
# 1 < Q^2 < 50, n=15, log grid
# 1e-5 < x < 1e-2, n=10, log grid
###
0.004792269192929612
0.0051164314300515485
0.0054593537398896505
0.005826153021625916
0.006219891750391525
0.006637592401358143
0.007083149993966193
0.007561403133544839
0.008070189976577971
0.008611421668079019
0.009192335220007562
0.00981207288855543
0.010469528729120684
0.011175145951484541
0.011930031673350949
0.012728677006858174
0.013585775683523376
0.014505284328669403
0.015475448723558128
0.016516558361478105
0.017634226753260613
0.018815123829004153
0.020079761460723867
0.02143731493768169
0.02287571894280105
0.024411890526330145
0.02606083070474778
0.027812898982699855
0.029678923490998346
0.03168181224205007
0.03381595005928282
0.03608267561302606
0.03851551094903143
0.04111504291220143
0.04386853917232564
0.046823641509981064
0.049990065493809
0.05333489447356792
0.056924412619257195
0.060777986388996785
0.0648445516569687
0.06920472056799787
0.0738853571900979
0.07883865682964393
0.08413496500692888
0.08982020098047445
0.09585357782467527
0.10228702775131092
0.10919247203750285
0.11654135787259595
0.12435601524234714
0.13274340766962
0.14169432882299213
0.15118631077406003
0.16137304360078963
0.17227420465604262
0.18380200664853844
0.19617182486950216
0.20944476304422355
0.22343989169046122
0.2384530966296557
0.25456265376241616
0.2715766693522206
0.28977355416507145
0.3092829796344978
0.32992105611421374
0.35189781399611625
0.37541020193465163
0.40027694573627276
0.4265709443865355
0.45455229849601336
0.48400690917755435
0.5147272851731816
0.5469960935258562
0.580478471109704
0.6144203991386264
0.6490815384564733
0.6839490165999639
0.7174952590885061
0.750154071683933
0.7814173262585187
0.8096012390472359
0.8355004768883691
0.8590283235408436
0.8792771335265407
0.8970006691790977
0.9125809194216906
0.925722050595415
0.9368934026656428
0.9465793850468632
0.9547360763124006
0.96155792655279
0.9674501753965461
0.9724446798066527
0.9765778957303548
0.9801474048595127
0.9832005977508008
0.9857057295587379
0.9878710331467933
0.9897407066941224
###
1e-05
1.1768119524349992e-05
1.3848863713938717e-05
1.6297508346206434e-05
1.917910261672489e-05
2.2570197196339216e-05
2.656087782946684e-05
3.1257158496882356e-05
3.678379771828634e-05
4.328761281083062e-05
5.0941380148163754e-05
5.994842503189409e-05
7.054802310718646e-05
8.302175681319735e-05
9.770099572992247e-05
0.00011497569953977356
0.00013530477745798074
0.00015922827933410923
0.0001873817422860383
0.00022051307399030456
0.00025950242113997375
0.0003053855508833416
0.00035938136638046257
0.0004229242874389499
0.0004977023564332109
0.0005857020818056661
0.0006892612104349695
0.0008111308307896872
0.0009545484566618337
0.0011233240329780276
0.0013219411484660286
0.0015556761439304723
0.0018307382802953678
0.002154434690031882
0.0025353644939701114
0.0029836472402833374
0.003511191734215131
0.004132012400115334
0.004862601580065354
0.005722367659350214
0.006734150657750821
0.007924828983539169
0.0093260334688322
0.010974987654930556
0.01291549665014884
0.01519911082952933
0.01788649529057435
0.0210490414451202
0.02477076355991709
0.029150530628251757
0.034304692863149154
0.040370172585965536
0.047508101621027934
0.05590810182512223
0.06579332246575675
0.0774263682681127
0.09111627561154886
0.10722672220103231
0.1261856883066021
0.14849682622544635
0.1747528400007683
0.20565123083486514
0.24201282647943834
0.2848035868435799
0.3351602650938841
0.3944206059437656
0.46415888336127725
0.5462277217684337
0.642807311728432
0.7564633275546291
0.8902150854450375
1.0476157527896641
1.232846739442066
1.4508287784959402
1.7073526474706886
2.009233002565046
2.364489412645407
2.782559402207126
3.274549162877725
3.8535285937105273
4.534878508128582
5.3366992312063015
6.280291441834247
7.390722033525775
8.697490026177835
10.235310218990248
12.045035402587812
14.174741629268048
16.68100537200059
19.630406500402685
23.10129700083158
27.1858824273294
31.992671377973846
37.64935806792464
44.30621457583877
52.14008287999685
61.35907273413163
72.20809018385457
84.97534359086438
100.0
###
0.3957241446763768
0.39568187878221467
0.39551435015048386
0.39485829816063694
0.39220969817729373
0.38320083475183553
0.36706753225870253
0.32516491309058804
0.26071498354747186
0.18940523908096474
1.9291416969283783
1.928608285333262
1.9266578388040732
1.9191935016339
1.8933971172975708
1.817184685973902
1.697502795983168
1.4261744757294454
1.064775672534303
0.7117206371918577
3.4667812691713253
3.4654186091850647
3.460369604662661
3.4421482469958833
3.3825029137864733
3.217111348855601
2.96942331180367
2.4388657078064457
1.7706789853180016
1.14770452720339
5.004782970775109
5.002272580150252
4.993191235514906
4.961395746414441
4.861074252213725
4.593438952766832
4.205794404138477
3.403990913150031
2.428666653156014
1.5452718350619619
6.5428249831803384
6.538899033594184
6.524983881687678
6.477361844334262
6.331133293668029
5.952059771547529
5.416384533523356
4.336369984616541
3.0553364022482437
1.9186784687047909
8.080926586075135
8.075224486594552
8.05563293068409
7.990611213896738
7.7939761955529
7.29631270360407
6.606611196384348
5.243792684250432
3.659039391909764
2.274706738618788
9.618990774893698
9.610960810666489
9.585843353854584
9.50111481281661
9.250584597667542
8.628373295998175
7.779942717900168
6.131066468754292
4.244257882542085
2.617305411355003
11.156893139832919
11.146645562581863
11.11444366932702
11.00932981565902
10.70157697376674
9.949807147558264
8.938813312122175
7.001461979887756
4.814429444907695
2.9490358000090144
12.694260907344983
12.682479786530815
12.642436973635947
12.515270496107284
12.147472278138483
11.2618286337189
10.085034823665062
7.8573185982962235
5.371863289600915
3.2716848109364753
14.23188817781554
14.217742610959135
14.169738322844537
14.019162407603673
13.588789813981153
12.565359646477111
11.219976181515182
8.70048819135032
5.918474938269367
3.5865651227563706
15.769419459248512
15.752693544937893
15.696285077017292
15.522057507895004
15.025783114416678
13.86114570671272
12.344765860524022
9.532341745517812
6.455253744633886
3.8946793580636485
17.306854848343217
17.28739069756143
17.223384498253136
17.021807170773382
16.458776932300225
15.149813504953983
13.460299483493198
10.354016517278932
6.983400789214238
4.196815953384264
18.84419360536704
18.82184181234464
18.747237819449335
18.520332568801514
17.888021217716933
16.431883591855392
14.567339169423244
11.166442258052957
7.503780629417577
4.493570015648332
20.38143321817431
20.35605400982143
20.27169563613314
20.018002111066323
19.31370238412306
17.707802325042536
15.666519955857614
11.970396419876803
8.017104293046538
4.785546114038863
21.91856634642508
21.890033937386566
21.795503702857868
21.513437753358446
20.736054689845215
18.97795575199629
16.75838792818636
12.766539823953105
8.523969768738079
5.073135737077379