# datat/BKevo/GBW_BKevo/gbw30.dat
# N(r,Y=0), r, *FL(x,Q^2)
# 1e-05 < r < 100.0
# 1 < Q^2 < 50, n=15, log grid
# 1e-5 < x < 1e-2, n=10, log grid
###
6.910376479222178e-10
8.954941347999053e-10
1.1631907701025403e-09
1.509837416188049e-09
1.956968228990297e-09
2.5407514424290404e-09
3.298705476510482e-09
4.276523720070154e-09
5.549536546965658e-09
7.2067856843890024e-09
9.34509973298241e-09
1.2120885065614017e-08
1.5744329926476406e-08
2.0420330184238516e-08
2.6472489679158744e-08
3.4394661497805345e-08
4.4619752099113495e-08
5.781464144786821e-08
7.513494444105798e-08
9.749378331255238e-08
1.2632753254560514e-07
1.6412575916733765e-07
2.13015827234724e-07
2.760736562294166e-07
3.5850493603460564e-07
4.6540579557697193e-07
6.033066091290677e-07
7.830633375553014e-07
1.0168020901931505e-06
1.3183694694235972e-06
1.7103370844269326e-06
2.221393621667355e-06
2.8808579679108682e-06
3.7355042866039546e-06
4.852870254759568e-06
6.2949430892665956e-06
8.158286450309093e-06
1.0601207315199923e-05
1.3754548862094142e-05
1.7820785810091e-05
2.3157647522433278e-05
3.005275085869483e-05
3.894531251970568e-05
5.058410090458246e-05
6.566031431868853e-05
8.510681636228654e-05
0.00011048671272125285
0.00014344893001814248
0.00018597203095864641
0.00024130920884160435
0.0003133690778287344
0.00040634103150216606
0.0005269714681108425
0.0006844714103670747
0.0008876918876075629
0.0011505612011258582
0.0014946600669661666
0.0019386272914747708
0.0025110483810567613
0.003262146435351944
0.004230956216952713
0.00547905320392513
0.007111973054731675
0.00922085889140531
0.011934732765591078
0.015469006478009122
0.02003496140527477
0.02589565684568214
0.033477208747575676
0.04324759392623742
0.05571541685522284
0.07166803826986187
0.09204570934199259
0.11771292433430816
0.14990567778023572
0.19009166152963206
0.23927521131095808
0.29862372961262756
0.36875973840955334
0.4493613667457751
0.5392173983708992
0.6331775637771695
0.727255292909707
0.8155209342250289
0.8872510263436683
0.9402105045754033
0.9745588015880088
0.9912857110801614
0.9976674476239548
0.9996193687117456
0.999966929014995
0.9999976348476797
0.9999999305582085
0.9999999998410506
0.9999999999992275
0.9999999999999991
1.0
1.0
1.0
1.0
###
1e-05
1.1768119524349992e-05
1.3848863713938717e-05
1.6297508346206434e-05
1.917910261672489e-05
2.2570197196339216e-05
2.656087782946684e-05
3.1257158496882356e-05
3.678379771828634e-05
4.328761281083062e-05
5.0941380148163754e-05
5.994842503189409e-05
7.054802310718646e-05
8.302175681319735e-05
9.770099572992247e-05
0.00011497569953977356
0.00013530477745798074
0.00015922827933410923
0.0001873817422860383
0.00022051307399030456
0.00025950242113997375
0.0003053855508833416
0.00035938136638046257
0.0004229242874389499
0.0004977023564332109
0.0005857020818056661
0.0006892612104349695
0.0008111308307896872
0.0009545484566618337
0.0011233240329780276
0.0013219411484660286
0.0015556761439304723
0.0018307382802953678
0.002154434690031882
0.0025353644939701114
0.0029836472402833374
0.003511191734215131
0.004132012400115334
0.004862601580065354
0.005722367659350214
0.006734150657750821
0.007924828983539169
0.0093260334688322
0.010974987654930556
0.01291549665014884
0.01519911082952933
0.01788649529057435
0.0210490414451202
0.02477076355991709
0.029150530628251757
0.034304692863149154
0.040370172585965536
0.047508101621027934
0.05590810182512223
0.06579332246575675
0.0774263682681127
0.09111627561154886
0.10722672220103231
0.1261856883066021
0.14849682622544635
0.1747528400007683
0.20565123083486514
0.24201282647943834
0.2848035868435799
0.3351602650938841
0.3944206059437656
0.46415888336127725
0.5462277217684337
0.642807311728432
0.7564633275546291
0.8902150854450375
1.0476157527896641
1.232846739442066
1.4508287784959402
1.7073526474706886
2.009233002565046
2.364489412645407
2.782559402207126
3.274549162877725
3.8535285937105273
4.534878508128582
5.3366992312063015
6.280291441834247
7.390722033525775
8.697490026177835
10.235310218990248
12.045035402587812
14.174741629268048
16.68100537200059
19.630406500402685
23.10129700083158
27.1858824273294
31.992671377973846
37.64935806792464
44.30621457583877
52.14008287999685
61.35907273413163
72.20809018385457
84.97534359086438
100.0
###
0.20505922831095605
0.18017742310097534
0.15647591483535478
0.13446915461205128
0.1145028045324478
0.09667425780248
0.08473177508329655
0.07064964799808417
0.058509948653417444
0.04811218368761905
0.6596303694058596
0.5506557079323362
0.453639917886093
0.3691771045465921
0.2969146426393107
0.23601262342928503
0.19711372452307824
0.1532542409149858
0.11733729861127813
0.08809249643917479
0.9722174180100567
0.795334732566955
0.6419285446549772
0.5114648085044945
0.40245969074475607
0.31259668917580014
0.2562908179994116
0.19398782571484066
0.1440555944058427
0.10432218776702593
1.2259733240055999
0.9903423898892033
0.7891861242642833
0.6206602220350589
0.48182244012294734
0.3689452713320311
0.2990666224809152
0.2226366423712532
0.16224889757686345
0.11490024026690496
1.44475399455202
1.1564801327259433
0.9131465637646013
0.7114572889571184
0.5469730556248573
0.4145739956977417
0.33332157876142304
0.24520642871771917
0.17629836038933
0.12286156241847401
1.6395797660912519
1.303131678168309
1.0216244351525379
0.7902017377429181
0.6029666668744138
0.4534014664487135
0.3622203305657496
0.26403006089482967
0.18785715962452146
0.1292985835171865
1.816636098925775
1.4355147904648775
1.1188712606402862
0.8603356004864127
0.6524534066527804
0.48745304203246553
0.3874231838001872
0.28029315229871565
0.19773930239679188
0.1347315629737918
1.9798573115829772
1.556863002678719
1.207516710505706
0.9238756784194707
0.6970369596012264
0.5179458476392377
0.40987813646756693
0.29467846452067326
0.20640831526660602
0.13945038491143796
2.131885196520655
1.6693559605929051
1.289306312421438
0.9822210243666656
0.7377730868074547
0.5456659987027782
0.4302065820284093
0.30762151185654907
0.2141551277597636
0.143633628516903
2.2746211713740165
1.7745846771284048
1.3654738411837646
1.036331375917362
0.7753927616367907
0.5711464613433348
0.4488262949608732
0.3194162394743116
0.22117492942898526
0.14739936397170372
2.409517501350868
1.8736219251338393
1.4369269824561641
1.0869107572468524
0.8104258052270001
0.5947822330748256
0.4660441056167134
0.33027531640265095
0.2276054785072497
0.15082973969768396
2.537599112790125
1.9673798057254588
1.5043565052688461
1.1344888088458733
0.8432713032676266
0.6168653594703436
0.4820866343741679
0.34036069765676114
0.23354768440876253
0.15398447774874238
2.6597589376057145
2.0565478362649348
1.5683020081685457
1.1794784906700122
0.8742378888152098
0.6376205229538646
0.4971288152878237
0.3497764101466425
0.2390780859048868
0.15690832357012716
2.7767032831220213
2.1416791429908635
1.6291944948200916
1.2222087079371444
0.9035699290957446
0.6572248300396046
0.5113024455887567
0.358622179058466
0.24425586622438863
0.15963566780337385
2.888979415612238
2.2232251311542965
1.6873844363402306
1.2629463009511688
0.9314646010557469
0.675820609059085
0.5247209720583613
0.3669718072932326
0.24912808942279296
0.16219372587745223