# datat/BKevo/ATAN_BKevo/atan10.dat
# N(r,Y=0), r, *FL(x,Q^2)
# 1e-05 < r < 100.0
# 1 < Q^2 < 50, n=15, log grid
# 1e-5 < x < 1e-2, n=10, log grid
###
0.0033217366780927764
0.0035464280611005854
0.0037841228917693827
0.004038367922380336
0.004311285891778251
0.004600812943983666
0.004909648891636484
0.005241147589069737
0.005593810565600559
0.005968962521542294
0.00637161975441791
0.006801187723536207
0.007256899849109204
0.007745994788153238
0.008269239933614253
0.008822816828313039
0.009416910356510447
0.010054263032701394
0.01072672748089911
0.011448367258850395
0.012223073342818191
0.013041606063962435
0.01391818312095161
0.014859164318789208
0.015856186646302853
0.016920976070901813
0.018063930471591386
0.01927836759222163
0.020571792900295014
0.021960084972127248
0.02343935168766855
0.02501052095501862
0.02669682842511774
0.028498680898719233
0.0304072530814456
0.03245556768380594
0.0346503590992241
0.0369688115112208
0.039456869626275266
0.042127957503079315
0.04494668094088284
0.04796891640644401
0.051213285549355565
0.05464665474634963
0.05831778567434756
0.06225851006166338
0.06644056265130571
0.07089994720274535
0.07568652514337529
0.08078052352774197
0.08619744561121671
0.09201146275224126
0.09821624918380285
0.10479631993365361
0.11185829933560837
0.11941599439746334
0.12740886381903138
0.1359864916764648
0.14519173447690115
0.15490024787167828
0.165318055356751
0.1765010212933988
0.18831945291946095
0.20096957227800313
0.21454630800820454
0.22893224951267177
0.2442842391712057
0.2607542983180819
0.27824643835499907
0.29684884290059216
0.3167872317997463
0.3379953834600271
0.36044501330392636
0.3844496167065752
0.4099723677453561
0.4367792788274025
0.46527042826148424
0.4954109219783308
0.5265780417910828
0.5592245939958668
0.5931886547381628
0.6273140123027514
0.6619153552902001
0.6966065072702387
0.7299008976008197
0.7618229018481424
0.7921525808454161
0.8196769694509601
0.8444404641567337
0.8668131523245779
0.886299615285293
0.9030013516842229
0.9176474601863154
0.9301972214241176
0.9406569453345098
0.9497208549178207
0.9574869755580846
0.9638615910354736
0.9693687036488144
0.9741194065810734
###
1e-05
1.1768119524349992e-05
1.3848863713938717e-05
1.6297508346206434e-05
1.917910261672489e-05
2.2570197196339216e-05
2.656087782946684e-05
3.1257158496882356e-05
3.678379771828634e-05
4.328761281083062e-05
5.0941380148163754e-05
5.994842503189409e-05
7.054802310718646e-05
8.302175681319735e-05
9.770099572992247e-05
0.00011497569953977356
0.00013530477745798074
0.00015922827933410923
0.0001873817422860383
0.00022051307399030456
0.00025950242113997375
0.0003053855508833416
0.00035938136638046257
0.0004229242874389499
0.0004977023564332109
0.0005857020818056661
0.0006892612104349695
0.0008111308307896872
0.0009545484566618337
0.0011233240329780276
0.0013219411484660286
0.0015556761439304723
0.0018307382802953678
0.002154434690031882
0.0025353644939701114
0.0029836472402833374
0.003511191734215131
0.004132012400115334
0.004862601580065354
0.005722367659350214
0.006734150657750821
0.007924828983539169
0.0093260334688322
0.010974987654930556
0.01291549665014884
0.01519911082952933
0.01788649529057435
0.0210490414451202
0.02477076355991709
0.029150530628251757
0.034304692863149154
0.040370172585965536
0.047508101621027934
0.05590810182512223
0.06579332246575675
0.0774263682681127
0.09111627561154886
0.10722672220103231
0.1261856883066021
0.14849682622544635
0.1747528400007683
0.20565123083486514
0.24201282647943834
0.2848035868435799
0.3351602650938841
0.3944206059437656
0.46415888336127725
0.5462277217684337
0.642807311728432
0.7564633275546291
0.8902150854450375
1.0476157527896641
1.232846739442066
1.4508287784959402
1.7073526474706886
2.009233002565046
2.364489412645407
2.782559402207126
3.274549162877725
3.8535285937105273
4.534878508128582
5.3366992312063015
6.280291441834247
7.390722033525775
8.697490026177835
10.235310218990248
12.045035402587812
14.174741629268048
16.68100537200059
19.630406500402685
23.10129700083158
27.1858824273294
31.992671377973846
37.64935806792464
44.30621457583877
52.14008287999685
61.35907273413163
72.20809018385457
84.97534359086438
100.0
###
0.39570013748629473
0.3955950439162802
0.39519243352958855
0.39357082491452144
0.38778373115479725
0.3704439624640821
0.34325015140423387
0.2832934921159649
0.20648400609550652
0.13449234930334153
1.9288235162159584
1.9275650486988534
1.9228664436670087
1.9062495466054774
1.855297839079849
1.724634742716795
1.5455388111268553
1.2020443808356367
0.8187579577624083
0.4972271762596749
3.4659210059931076
3.462665570535751
3.4509836966791267
3.4120874254296165
3.2986234824686536
3.0262019293912936
2.6725374832743434
2.029680106834405
1.3485300289903153
0.7993661522531432
5.003180720405257
4.997277922125866
4.976669422438963
4.910363991858892
4.724232076553574
4.29507880072154
3.756491238099762
2.8107119719227116
1.8393400514884064
1.0748384516176144
6.540282778409602
6.531207505292751
6.500051921224893
6.40244835212652
6.135848032109566
5.539983483299481
4.811165418845163
3.560351510400345
2.3047953585212473
1.3335699375182506
8.077534532352468
8.0644329236629
8.021384499761574
7.88921413178554
7.536237995531591
6.765813750937392
5.842121480635904
4.286438179510782
2.7518006633077197
1.5802649215290252
9.614335024903598
9.596990418511629
9.540823189915228
9.37127982967084
8.926872144038724
7.975701944105291
6.8540184320443505
4.993678991651704
3.184274193456106
1.8176607822123607
11.150890657755955
11.128913192205683
11.058455488691491
10.849120349024508
10.306602329238592
9.171937005605795
7.849756950279087
5.685301736133199
3.6048731011837534
2.0475315056194288
12.68649449118165
12.66023242467795
12.574520892812712
12.3231062069771
11.683244787584128
10.356151735307018
8.831536445053302
6.363575143826739
4.015565181743954
2.2711143398973035
14.222470823452046
14.190976394737987
14.08906951413673
13.793537514496624
13.050636636302096
11.529632796686453
9.800967203963712
7.030227564630866
4.417524683467431
2.4893180696457686
15.758225025846121
15.721170138310065
15.60218780230093
15.260662933875421
14.411635249535413
12.693408787886327
10.759344636010926
7.686577788615548
4.811908628918197
2.702836718933199
17.29376054449266
17.250836041069988
17.113950303832606
16.72469267197722
15.766719749769898
13.84893424203997
11.707717970147579
8.333699963734027
5.199559517959943
2.912216387380474
18.82907766949547
18.779994027514892
18.62442194254711
18.185807068520376
17.116300698692942
14.995765053513802
12.646954225953213
8.972471456185968
5.581160197914733
3.1178693820390833
20.364172004627587
20.308662086653328
20.13385397416449
19.64416300410149
18.460726055310957
16.13503374000308
13.577779352890492
9.60362049603893
5.957274796417323
3.3202128609541948
21.899030279712495
21.836856445873266
21.64193560084037
21.099898352998494
19.80029965214345
17.266407805730356
14.50081595436399
10.227763148288448
6.32837663707499
3.519518541172457