# datat/BKevo/GBW_BKevo/gbw60.dat
# N(r,Y=0), r, *FL(x,Q^2)
# 1e-05 < r < 100.0
# 1 < Q^2 < 50, n=15, log grid
# 1e-5 < x < 1e-2, n=10, log grid
###
5.796345591485948e-16
8.745173819735516e-16
1.4694359900978969e-15
2.3230655513383444e-15
3.550486138712871e-15
5.660983056103145e-15
8.97054798723543e-15
1.4052219527046059e-14
2.2189761048482946e-14
3.517250314053799e-14
5.5235264389343455e-14
8.689577052942824e-14
1.37921174439454e-13
2.1699478344688977e-13
3.4075971232816513e-13
5.411546444742157e-13
8.524958250749327e-13
1.3351277902515989e-12
2.12363074327188e-12
3.3493514662930194e-12
5.245351396551031e-12
8.331480057417925e-12
1.315618170017446e-11
2.0624528529298636e-11
3.267918297251225e-11
5.1668082772293094e-11
8.108360792144692e-11
1.281530673033925e-10
2.0287928040268008e-10
3.187246623961636e-10
5.024468455812682e-10
7.964771903691281e-10
1.2526528071623173e-09
1.9694801634156843e-09
3.126270864118163e-09
4.922396849230715e-09
7.718099304627121e-09
1.2268602615848616e-08
1.9339777471190696e-08
3.027439242682802e-08
4.8136705354014646e-08
7.597196477345154e-08
1.1904613387912346e-07
1.8882860562092245e-07
2.9838725787746463e-07
4.680493833477221e-07
7.405708348703959e-07
1.1717367415735793e-06
1.8399363615564712e-06
2.9038202716123955e-06
4.600447825479751e-06
7.231798806199791e-06
1.1383431268860809e-05
1.8058702765706775e-05
2.8419597647424514e-05
4.4613868075772595e-05
7.087294569209859e-05
0.00011166201643603369
0.0001747998241018216
0.0002780697926589079
0.0004385978919079121
0.000686885076323833
0.0010904445744737217
0.0017216297892201473
0.002698031001034174
0.004270070227924999
0.006743682188453729
0.010564440971149735
0.016638645559273187
0.026211194975678045
0.040877101806879576
0.0636425353283257
0.09890885563208247
0.15111052785654244
0.22704601076939868
0.3343161919885732
0.47277302391481263
0.6352968488241355
0.7923003809100395
0.9137793407694061
0.9806146779523678
0.9973646153007611
0.9998545235508512
0.999998943770793
0.999999999875425
0.9999999999999934
1.0
1.0
1.0
1.0
1.0
1.0
1.0
1.0
1.0
1.0
1.0
1.0
1.0
1.0
###
1e-05
1.1768119524349992e-05
1.3848863713938717e-05
1.6297508346206434e-05
1.917910261672489e-05
2.2570197196339216e-05
2.656087782946684e-05
3.1257158496882356e-05
3.678379771828634e-05
4.328761281083062e-05
5.0941380148163754e-05
5.994842503189409e-05
7.054802310718646e-05
8.302175681319735e-05
9.770099572992247e-05
0.00011497569953977356
0.00013530477745798074
0.00015922827933410923
0.0001873817422860383
0.00022051307399030456
0.00025950242113997375
0.0003053855508833416
0.00035938136638046257
0.0004229242874389499
0.0004977023564332109
0.0005857020818056661
0.0006892612104349695
0.0008111308307896872
0.0009545484566618337
0.0011233240329780276
0.0013219411484660286
0.0015556761439304723
0.0018307382802953678
0.002154434690031882
0.0025353644939701114
0.0029836472402833374
0.003511191734215131
0.004132012400115334
0.004862601580065354
0.005722367659350214
0.006734150657750821
0.007924828983539169
0.0093260334688322
0.010974987654930556
0.01291549665014884
0.01519911082952933
0.01788649529057435
0.0210490414451202
0.02477076355991709
0.029150530628251757
0.034304692863149154
0.040370172585965536
0.047508101621027934
0.05590810182512223
0.06579332246575675
0.0774263682681127
0.09111627561154886
0.10722672220103231
0.1261856883066021
0.14849682622544635
0.1747528400007683
0.20565123083486514
0.24201282647943834
0.2848035868435799
0.3351602650938841
0.3944206059437656
0.46415888336127725
0.5462277217684337
0.642807311728432
0.7564633275546291
0.8902150854450375
1.0476157527896641
1.232846739442066
1.4508287784959402
1.7073526474706886
2.009233002565046
2.364489412645407
2.782559402207126
3.274549162877725
3.8535285937105273
4.534878508128582
5.3366992312063015
6.280291441834247
7.390722033525775
8.697490026177835
10.235310218990248
12.045035402587812
14.174741629268048
16.68100537200059
19.630406500402685
23.10129700083158
27.1858824273294
31.992671377973846
37.64935806792464
44.30621457583877
52.14008287999685
61.35907273413163
72.20809018385457
84.97534359086438
100.0
###
0.1945822307658138
0.17457030988756436
0.1561214985468991
0.1394166599128033
0.12455162789160393
0.11154622123625446
0.10290051382907096
0.09286514060272694
0.08437621287499456
0.07730208855470512
0.5845821369567172
0.4948006449398436
0.4156340445065329
0.34674799610807916
0.28740791217680384
0.23659419448756594
0.20342888920057897
0.1649718120940822
0.13196053539621
0.10357933009168678
0.8342254568410641
0.6891941400952482
0.5640999731383898
0.45734453910543055
0.36706029872989215
0.29110665794382606
0.24226022669876518
0.18633454281669337
0.13923848028562297
0.09933121676592861
1.0296062868141198
0.8377826641619235
0.6745668146725804
0.537157456152158
0.42243223459491214
0.32713749856138896
0.26656194456742627
0.19802802457512894
0.14116056652409667
0.0937678258342077
1.1939627111644495
0.9609243751499984
0.7645922342994327
0.6009426207846568
0.46565938052431716
0.3544301666645107
0.2843797447252854
0.20590680659904523
0.14160584471933677
0.08880052341020135
1.337633805704065
1.067329327376389
0.8414330558564759
0.6546589483255018
0.5014780971332762
0.3765814638960545
0.2985284593441629
0.21181500032845924
0.14152816177553773
0.08454585202850162
1.4663011330464888
1.1617848799457147
0.9090206005973895
0.701398317542116
0.532265698548257
0.39532710735924426
0.31031200065600334
0.21654178395022308
0.14124850917197
0.08089807362037421
1.5834461813747691
1.2471720126658505
0.9696479349057511
0.7429735021206615
0.5593841882830259
0.4116373819783881
0.3204420738894255
0.22048418906056147
0.1408937331567258
0.07773947448838767
1.6913923087730616
1.3254031329113765
1.0248349540801078
0.7805503071676064
0.5836963719661118
0.4261175601388743
0.32934790548900794
0.2238739577356514
0.1405185589539348
0.07497468735847453
1.7918467735466157
1.397802933590125
1.0756287887310754
0.8149270809622781
0.6057966610758023
0.43916618165744875
0.33731131921600854
0.226852736121025
0.14014655536863496
0.07252935652482119
1.8859704266814046
1.4653461844404114
1.122787337945303
0.8466763524081492
0.6260768513494946
0.4510622211166819
0.3445241072824685
0.22951336963587762
0.13978892076649782
0.07034336477777918
1.974707238949163
1.5287775198912528
1.1668815890646278
0.8762244093941381
0.6448528441043544
0.46200824766277315
0.35112467301150585
0.23192189313949163
0.1394503520946856
0.06837880931470194
2.0587806970044564
1.588651595633482
1.2083498293224966
0.9039162780972285
0.662356115643264
0.47215924831500466
0.35721551378098965
0.23412444098582452
0.13913363136931117
0.06659804394701745
2.1387687869074927
1.6454327001881095
1.2475389018253686
0.9299745974950776
0.6787670017714326
0.48163068707570866
0.3628753135270977
0.23615597301986055
0.1388380456712284
0.06497130815484205
2.2151414945630292
1.6994873980586862
1.284727984495757
0.9546117228754242
0.6942288566407492
0.490516189322276
0.36816539097308776
0.23804456229602583
0.1385617650319152
0.06348370904802912