# datat/BKevo/GBW_BKevo/gbw54.dat
# N(r,Y=0), r, *FL(x,Q^2)
# 1e-05 < r < 100.0
# 1 < Q^2 < 50, n=15, log grid
# 1e-5 < x < 1e-2, n=10, log grid
###
0.0
0.0
0.0
0.0
0.0
0.0
0.0
0.0
0.0
0.0
0.0
0.0
0.0
0.0
0.0
0.0
0.0
0.0
0.0
7.01945132636899e-17
1.110223024625157e-16
2.5179292802062656e-16
3.9771496281162944e-16
7.469161424702221e-16
1.392376740175929e-15
2.708024571765101e-15
5.1396445555022796e-15
9.859889711946883e-15
1.910467520856e-14
3.6243818378583297e-14
6.955136893230356e-14
1.3478277256195602e-13
2.565684671500879e-13
4.885977192652767e-13
9.508152308635112e-13
1.8143829411437076e-12
3.4316808069014722e-12
6.7024273903318054e-12
1.2824018005741231e-11
2.41548402371746e-11
4.722177723402678e-11
9.060652545038528e-11
1.7103732413463754e-10
3.3252873007992655e-10
6.399218678150713e-10
1.2107209900790073e-09
2.340356293937173e-09
4.517701990717486e-09
8.567602940593212e-09
1.6462255842659598e-08
3.1880423219413314e-08
6.060820629006113e-08
1.1572817199903423e-07
2.2487361433336976e-07
4.2860269778575557e-07
8.130513650786214e-07
1.5854486727454437e-06
3.0298670642821047e-06
5.7083565089898745e-06
1.1172606973012207e-05
2.1410573321119224e-05
4.0377306053212785e-05
7.869089711845226e-05
0.00015123096187870456
0.0002858216242492623
0.0005538243169889764
0.0010673300546274892
0.002021088232597552
0.0038898172995474574
0.0075075475956843975
0.014209407792891014
0.02702232845305618
0.051705960159826175
0.09612094834641424
0.17482286464804286
0.30974088772349234
0.5058079982233075
0.7395986620726474
0.9152214994566696
0.9883130867255115
0.9998703199659684
0.9999998983593689
0.9999999999976292
1.0
1.0
1.0
1.0
1.0
1.0
1.0
1.0
1.0
1.0
1.0
1.0
1.0
1.0
1.0
1.0
1.0
###
1e-05
1.1768119524349992e-05
1.3848863713938717e-05
1.6297508346206434e-05
1.917910261672489e-05
2.2570197196339216e-05
2.656087782946684e-05
3.1257158496882356e-05
3.678379771828634e-05
4.328761281083062e-05
5.0941380148163754e-05
5.994842503189409e-05
7.054802310718646e-05
8.302175681319735e-05
9.770099572992247e-05
0.00011497569953977356
0.00013530477745798074
0.00015922827933410923
0.0001873817422860383
0.00022051307399030456
0.00025950242113997375
0.0003053855508833416
0.00035938136638046257
0.0004229242874389499
0.0004977023564332109
0.0005857020818056661
0.0006892612104349695
0.0008111308307896872
0.0009545484566618337
0.0011233240329780276
0.0013219411484660286
0.0015556761439304723
0.0018307382802953678
0.002154434690031882
0.0025353644939701114
0.0029836472402833374
0.003511191734215131
0.004132012400115334
0.004862601580065354
0.005722367659350214
0.006734150657750821
0.007924828983539169
0.0093260334688322
0.010974987654930556
0.01291549665014884
0.01519911082952933
0.01788649529057435
0.0210490414451202
0.02477076355991709
0.029150530628251757
0.034304692863149154
0.040370172585965536
0.047508101621027934
0.05590810182512223
0.06579332246575675
0.0774263682681127
0.09111627561154886
0.10722672220103231
0.1261856883066021
0.14849682622544635
0.1747528400007683
0.20565123083486514
0.24201282647943834
0.2848035868435799
0.3351602650938841
0.3944206059437656
0.46415888336127725
0.5462277217684337
0.642807311728432
0.7564633275546291
0.8902150854450375
1.0476157527896641
1.232846739442066
1.4508287784959402
1.7073526474706886
2.009233002565046
2.364489412645407
2.782559402207126
3.274549162877725
3.8535285937105273
4.534878508128582
5.3366992312063015
6.280291441834247
7.390722033525775
8.697490026177835
10.235310218990248
12.045035402587812
14.174741629268048
16.68100537200059
19.630406500402685
23.10129700083158
27.1858824273294
31.992671377973846
37.64935806792464
44.30621457583877
52.14008287999685
61.35907273413163
72.20809018385457
84.97534359086438
100.0
###
0.17904446349415498
0.16011798691412932
0.1429848411492486
0.12776481928401892
0.11446681868453673
0.10302158087514815
0.09559043358842281
0.08711480146794609
0.08015675030157379
0.07459758971495452
0.5144597683720696
0.4318807449497441
0.359961454085622
0.2979699301256139
0.24491077060917274
0.19965319931733125
0.17013614623987958
0.13578123956432311
0.10618678200522219
0.08040554081963115
0.7215820312029025
0.5902770421689411
0.47813758466852035
0.38326317197234033
0.3034660142378994
0.2365094638471424
0.1934471349378093
0.14399985012926356
0.1020708771628705
0.0661561704839246
0.8813365279007216
0.7094254970200234
0.564566875540372
0.44360527818121015
0.3431520416083772
0.2599953766278577
0.20716803894152053
0.14738735642363265
0.09744272102415645
0.055613168258834875
1.014549274711176
0.807252859838317
0.634306709374361
0.4913277983485609
0.37381815181747347
0.27757910957286047
0.2170730847823898
0.1493090844671828
0.09372195968224596
0.04799784009309979
1.1302958549388076
0.891292410808585
0.6935114598247184
0.5312983326118984
0.39910457992746157
0.2918103534414255
0.22494605553400146
0.15080035839640993
0.09080519671595748
0.04230156341429019
1.2334635274238541
0.9655581078324206
0.7453400615612876
0.5659528686127792
0.4207814791082012
0.30386174856611264
0.2315484300229499
0.15205119820485488
0.08849197055816808
0.037889363103984754
1.3270532654515392
1.032459801604499
0.7916843908546312
0.596687730181706
0.4398466722827291
0.31436875135687753
0.2372772392518346
0.1531645910007327
0.08662533677471418
0.03437065115983997
1.41304914171164
1.0935752314621692
0.8337702049186744
0.6244103703436139
0.45692700807973297
0.3237214617885543
0.24236033925486597
0.15418761148383728
0.08509368116843405
0.03149638640484966
1.4928497205268223
1.1500011074281329
0.8724042154827077
0.649731801121586
0.47243994706616976
0.3321723165323379
0.24694727786629406
0.1551450223461572
0.0838179238343066
0.029100915470786116
1.567468259031817
1.2025345156083345
0.9082315305566213
0.6730877343447178
0.48667996484995785
0.33989783045769656
0.2511374921148892
0.15605050884801383
0.08274163076981632
0.027072650051119296
1.6376810354029239
1.2517746509073582
0.9416672921486051
0.6948009939058222
0.49986331846058024
0.34702533657421225
0.25500266557552004
0.15691335454226363
0.08182314473620982
0.02533123219783085
1.7040904677804993
1.2981871615794225
0.9730692590600549
0.7151178704023404
0.512153487215769
0.35365028360211437
0.2585953504149925
0.15773851385608112
0.08103171357842434
0.023818523980855846
1.7671792612830852
1.342138810490585
1.0027097531539508
0.7342310961472566
0.5236775520774379
0.35984526450903404
0.2619561157556592
0.15853066763422866
0.08034412485050331
0.022491260055724285
1.8273271985667519
1.3839261370500515
1.030807369583902
0.7522945239244561
0.5345363054967476
0.36567127677522904
0.2651164909568614
0.159293662644646
0.07974246229476295
0.021316450030132907