# datat/BKevo/MVg_BKevo/mvg20.dat
# N(r,Y=0), r, *FL(x,Q^2)
# 1e-05 < r < 100.0
# 1 < Q^2 < 50, n=15, log grid
# 1e-5 < x < 1e-2, n=10, log grid
###
1.036317271559851e-06
1.2438324709101963e-06
1.4931345878934094e-06
1.7919414310493191e-06
2.149763808911852e-06
2.5791403601502246e-06
3.0937350835713754e-06
3.709619320577243e-06
4.447786278133581e-06
5.332305031049175e-06
6.390275645170383e-06
7.656768685344608e-06
9.173951685337495e-06
1.0987419397440513e-05
1.3155625910508326e-05
1.575200992267067e-05
1.885309997632979e-05
2.2556097680415645e-05
2.6988068959714254e-05
3.2277137202697055e-05
3.8586617518840126e-05
4.6128563751912655e-05
5.512308756651699e-05
6.584260747740162e-05
7.863601509999706e-05
9.388227355695463e-05
0.0001120328409854114
0.0001336594260224694
0.00015940834087571553
0.00019002462380529543
0.00022644102032820464
0.0002697477365954225
0.0003211686036418902
0.00038221827649583364
0.000454711782265678
0.0005406490709115001
0.0006424774288682518
0.0007631705829719115
0.0009059780390951075
0.0010748399032495684
0.0012745104790161659
0.001510256598493619
0.0017883770140151782
0.002116283738609623
0.0025024445756142008
0.0029567885276551285
0.0034907273690320062
0.004117511343321942
0.004852609203089198
0.005713351313632091
0.006719747242899524
0.00789559551765836
0.009266848706090345
0.010862313169580477
0.012718165813642449
0.014872806998489575
0.01736507148465825
0.020249484559992183
0.023582536320742836
0.027412006100660576
0.0318200318710463
0.03688659005124087
0.04267435350244056
0.0492976028333007
0.05687257873764884
0.06548794195142153
0.0752971351561651
0.08647622943296422
0.09916279317760564
0.11356095028325605
0.12994482462634185
0.14853709848356014
0.16959971116945657
0.19354543025409812
0.22070430371555105
0.25133837174678975
0.2859866195434329
0.3250123410531977
0.36835430900467914
0.41650853224744255
0.46952193126073755
0.5262102043077067
0.5865201342706495
0.6495061121094993
0.712063752170028
0.772906377420551
0.83026408465325
0.8800321994867225
0.920853846160242
0.9527646126359557
0.9746192001771387
0.9877108500188644
0.99506302941473
0.9984147996895218
0.9995446708565593
0.9999062441324214
0.9999891168774339
0.9999986841138119
0.999999906119182
0.9999999986501108
###
1e-05
1.1768119524349992e-05
1.3848863713938717e-05
1.6297508346206434e-05
1.917910261672489e-05
2.2570197196339216e-05
2.656087782946684e-05
3.1257158496882356e-05
3.678379771828634e-05
4.328761281083062e-05
5.0941380148163754e-05
5.994842503189409e-05
7.054802310718646e-05
8.302175681319735e-05
9.770099572992247e-05
0.00011497569953977356
0.00013530477745798074
0.00015922827933410923
0.0001873817422860383
0.00022051307399030456
0.00025950242113997375
0.0003053855508833416
0.00035938136638046257
0.0004229242874389499
0.0004977023564332109
0.0005857020818056661
0.0006892612104349695
0.0008111308307896872
0.0009545484566618337
0.0011233240329780276
0.0013219411484660286
0.0015556761439304723
0.0018307382802953678
0.002154434690031882
0.0025353644939701114
0.0029836472402833374
0.003511191734215131
0.004132012400115334
0.004862601580065354
0.005722367659350214
0.006734150657750821
0.007924828983539169
0.0093260334688322
0.010974987654930556
0.01291549665014884
0.01519911082952933
0.01788649529057435
0.0210490414451202
0.02477076355991709
0.029150530628251757
0.034304692863149154
0.040370172585965536
0.047508101621027934
0.05590810182512223
0.06579332246575675
0.0774263682681127
0.09111627561154886
0.10722672220103231
0.1261856883066021
0.14849682622544635
0.1747528400007683
0.20565123083486514
0.24201282647943834
0.2848035868435799
0.3351602650938841
0.3944206059437656
0.46415888336127725
0.5462277217684337
0.642807311728432
0.7564633275546291
0.8902150854450375
1.0476157527896641
1.232846739442066
1.4508287784959402
1.7073526474706886
2.009233002565046
2.364489412645407
2.782559402207126
3.274549162877725
3.8535285937105273
4.534878508128582
5.3366992312063015
6.280291441834247
7.390722033525775
8.697490026177835
10.235310218990248
12.045035402587812
14.174741629268048
16.68100537200059
19.630406500402685
23.10129700083158
27.1858824273294
31.992671377973846
37.64935806792464
44.30621457583877
52.14008287999685
61.35907273413163
72.20809018385457
84.97534359086438
100.0
###
0.3279346770654064
0.30235486009880896
0.27226521454600194
0.23884494537543124
0.20388235362299673
0.16930838659110067
0.14470133186665596
0.11478266692410209
0.08891598451703048
0.06737907179207202
1.3637805566658312
1.2045138739540315
1.0351347523007102
0.8646955894901783
0.7024204256370716
0.5553315618446685
0.4578874913343148
0.34666307148536596
0.2566589075351513
0.1860689493492832
2.2526077491954566
1.9525888088345897
1.6458010198821569
1.3484677101135227
1.0750405822299354
0.8349334549992024
0.6798580173693126
0.5067803266831202
0.36989830965229653
0.2647358220038755
3.0613188889458876
2.621513585630753
2.182654589732136
1.766882639759289
1.3925138031058968
1.0699360138759495
0.8648739901073103
0.6388912621513274
0.46259449339698155
0.3287635507220681
3.8152029589992393
3.2377811871595807
2.671596928843797
2.144021004185373
1.676002582645342
1.2781356135702022
1.027790198832262
0.7545445797957439
0.5433731221068807
0.3843881153325285
4.527601450052961
3.815060682122716
3.1257404204717756
2.4916403264960105
1.9354526937693621
1.467533205171597
1.1754879906752713
0.8589546691578452
0.6160573017012334
0.434363827208365
5.206829969846812
4.361564469739932
3.5529116912358965
2.816563564431218
2.176683645487699
1.642848864167317
1.311829346357878
0.9550181755823138
0.682780819133261
0.48015644127260776
5.858546931152633
4.882879968161763
3.9581781571040726
3.12336278611098
2.4034718244411235
1.8070361209266994
1.4392039060586097
1.0445523594952582
0.7448536145358318
0.522712977977994
6.486843819767493
5.382968927182879
4.345153685842561
3.4151058789196544
2.61846124861159
1.9621335065703125
1.5592655030817195
1.1287853649045407
0.8031641045608631
0.5626534308565956
7.094816013809579
5.8647922088506705
4.716512240308781
3.6940807027286446
2.823271559212443
2.1096012057649767
1.6732579743810219
1.2086056909639336
0.8583464345942461
0.6004205185036043
7.684877470713726
6.330650786330682
5.074300309618908
3.9620281949683673
3.019486144862326
2.250548986087324
1.7820470381252873
1.2846681900368908
0.9108721559363093
0.6363474789698088
8.258966658705837
6.782334651218407
5.420137816434297
4.22031270620099
3.2081720373020306
2.3858080807170223
1.8863269550980215
1.3574794165355129
0.9611036968297145
0.6706852094600745
8.818665988391645
7.221367648288782
5.755331365823954
4.470028679544996
3.3902100495572385
2.5160779163995888
1.9866434848486179
1.427440181943369
1.0093278079303802
0.7036329430304099
9.365293872804633
7.648921216945801
6.080951797299211
4.7120713249592034
3.5663166514083118
2.6419022964332095
2.083439611755783
1.4948740563341876
1.0557728795786239
0.7353511193222245
9.899964848551614
8.066093253180567
6.3978949725246395
4.947184774525302
3.7370840171611293
2.763734587589188
2.1770801495579444
1.5600474412274998
1.10062901641667
0.7659711076170215