# datat/BKevo/GBW_BKevo/gbw77.dat
# N(r,Y=0), r, *FL(x,Q^2)
# 1e-05 < r < 100.0
# 1 < Q^2 < 50, n=15, log grid
# 1e-5 < x < 1e-2, n=10, log grid
###
9.645386380645497e-14
1.4193657759847002e-13
2.1060948898653106e-13
3.1155305658854135e-13
4.587573550685433e-13
6.795199596124541e-13
1.0063082239082189e-12
1.4827804420812745e-12
2.192587863801873e-12
3.249790424978627e-12
4.791890438768814e-12
7.073464662424831e-12
1.0493351353934463e-11
1.5484326241927188e-11
2.281631117251694e-11
3.38779761671238e-11
5.0030143173890405e-11
7.358577719458212e-11
1.0936179345384414e-10
1.6163041217086604e-10
2.3773902278492075e-10
3.529844133318019e-10
5.221127616482483e-10
7.685032182285726e-10
1.1391626933759512e-09
1.686375283970681e-09
2.4839701862483135e-09
3.675826447907437e-09
5.446176972311879e-09
8.02789309206089e-09
1.1859372807358392e-08
1.7586347090804305e-08
2.5942410055673934e-08
3.825642019888009e-08
5.678121083321427e-08
8.382461649839756e-08
1.2339034600613949e-07
1.8330632848646975e-07
2.708222089676452e-07
3.9822740782406883e-07
5.916878899355855e-07
8.748775526206352e-07
1.2873458943091054e-06
1.9096280351634266e-06
2.8259159487484054e-06
4.1611638277940445e-06
6.16231469687939e-06
9.126796171812063e-06
1.3448935647797539e-05
1.9882684707626654e-05
2.947279048215235e-05
4.3462071723340976e-05
6.414105370332359e-05
9.516116976655255e-05
0.0001404336275354459
0.0002068762845541564
0.0003071922249366491
0.0004536656272927449
0.0006670370306174189
0.0009912863166689906
0.0014648619296650667
0.0021541077533852064
0.0031958972200580495
0.00472396829662327
0.00694631568773303
0.01027646072710425
0.015175805616010445
0.0222763669988787
0.0327764230380416
0.04816799236240896
0.07019811585806125
0.10190281157342047
0.14718572856360168
0.20935351086508538
0.2928166271225968
0.4007531734661751
0.530197652602587
0.672814256414952
0.8050245121986955
0.9091617036963672
0.9726465723210079
0.9942034264833814
0.9993542045747594
0.9999830123363462
0.9999999153457678
0.9999999998023237
0.9999999999999677
1.0
1.0
1.0
1.0
1.0
1.0
1.0
1.0
1.0
1.0
1.0
1.0
1.0
###
1e-05
1.1768119524349992e-05
1.3848863713938717e-05
1.6297508346206434e-05
1.917910261672489e-05
2.2570197196339216e-05
2.656087782946684e-05
3.1257158496882356e-05
3.678379771828634e-05
4.328761281083062e-05
5.0941380148163754e-05
5.994842503189409e-05
7.054802310718646e-05
8.302175681319735e-05
9.770099572992247e-05
0.00011497569953977356
0.00013530477745798074
0.00015922827933410923
0.0001873817422860383
0.00022051307399030456
0.00025950242113997375
0.0003053855508833416
0.00035938136638046257
0.0004229242874389499
0.0004977023564332109
0.0005857020818056661
0.0006892612104349695
0.0008111308307896872
0.0009545484566618337
0.0011233240329780276
0.0013219411484660286
0.0015556761439304723
0.0018307382802953678
0.002154434690031882
0.0025353644939701114
0.0029836472402833374
0.003511191734215131
0.004132012400115334
0.004862601580065354
0.005722367659350214
0.006734150657750821
0.007924828983539169
0.0093260334688322
0.010974987654930556
0.01291549665014884
0.01519911082952933
0.01788649529057435
0.0210490414451202
0.02477076355991709
0.029150530628251757
0.034304692863149154
0.040370172585965536
0.047508101621027934
0.05590810182512223
0.06579332246575675
0.0774263682681127
0.09111627561154886
0.10722672220103231
0.1261856883066021
0.14849682622544635
0.1747528400007683
0.20565123083486514
0.24201282647943834
0.2848035868435799
0.3351602650938841
0.3944206059437656
0.46415888336127725
0.5462277217684337
0.642807311728432
0.7564633275546291
0.8902150854450375
1.0476157527896641
1.232846739442066
1.4508287784959402
1.7073526474706886
2.009233002565046
2.364489412645407
2.782559402207126
3.274549162877725
3.8535285937105273
4.534878508128582
5.3366992312063015
6.280291441834247
7.390722033525775
8.697490026177835
10.235310218990248
12.045035402587812
14.174741629268048
16.68100537200059
19.630406500402685
23.10129700083158
27.1858824273294
31.992671377973846
37.64935806792464
44.30621457583877
52.14008287999685
61.35907273413163
72.20809018385457
84.97534359086438
100.0
###
0.2147229998552512
0.19423496513150032
0.1749697751031817
0.15725008629741877
0.14123280647773673
0.12699435858396074
0.11747824712561511
0.10628861352822006
0.09671728617284715
0.0886534655344466
0.6756944570622354
0.5785727072532804
0.4916350479484316
0.414972985226645
0.3481737865142266
0.29053403085643636
0.2526938973031554
0.20862038651717696
0.17091487275179792
0.13842765782463745
0.9819017526546104
0.8215348084070454
0.6811516442995718
0.5598302261564618
0.4561239178221201
0.368185537012781
0.3113011730026488
0.24593589497450807
0.19081955945605078
0.14401778222243306
1.2254549756735578
1.0103739946482189
0.8247048045788012
0.6664628532907658
0.5329516323442604
0.4211113385292284
0.3495611996679439
0.26823232509356804
0.20046832495726788
0.1438404532382549
1.4324121148583266
1.1684326199940405
0.9429675277568276
0.7526888503539026
0.5937221737090679
0.4618457471430895
0.37822173562129374
0.28400060853457404
0.20634799936761727
0.14223866928195544
1.6146355361495177
1.3060820720190747
1.0447182907814678
0.825890900232378
0.6445330018362416
0.49524618110378765
0.4012615223364643
0.2961640070210758
0.21035396706658294
0.1402570647076541
1.7787083784728448
1.4289293058246504
1.1346850874426848
0.8899547868282908
0.6884530731630146
0.5236910214868439
0.4206054398605223
0.3060580801187987
0.2132970804240125
0.13822544991595176
1.9287721858722036
1.54049550285705
1.2157572508713732
0.9472277387271852
0.7273159599046705
0.5485624091200085
0.43731291588759
0.3143963606501277
0.21557019158741564
0.13625798123263094
2.0675923804236955
1.6430828142519958
1.289828503016711
0.99915757369483
0.7622834659963733
0.570719125726887
0.452056294950364
0.3216068796627161
0.2173968695616962
0.13439258140644897
2.197142734064785
1.738331666890226
1.3582116608112533
1.0467971400089078
0.7941474613388811
0.5907393681897333
0.465270627738796
0.3279071407086907
0.21887308731742702
0.13263917096178335
2.318929837029334
1.8274714865180401
1.4218661964903554
1.0909187321185425
0.8234736348387907
0.6090306851917134
0.4772609363163009
0.3335811285543047
0.22018497817789748
0.13099901966485553
2.433987846338341
1.9113355840223305
1.481523697376732
1.132073280799162
0.8506813480610541
0.6258918532572165
0.4882455428722516
0.3387149746377269
0.2212849214253485
0.1294630798485282
2.543280976327323
1.9906756475548744
1.5377457725935613
1.1706922918123797
0.8760906224801851
0.6415485950294112
0.4983875139985982
0.3434048002998496
0.22224955753213158
0.12798880493115875
2.6474310471610734
2.066057746691935
1.5909467066634333
1.2071157442718905
0.899959380381991
0.6561759658578108
0.5078231499470663
0.3478017440463992
0.22310435173108512
0.12666329336956433
2.74705043572632
2.13794222894755
1.6415709129255032
1.2416166742482362
0.9224730719674711
0.6699125109413208
0.5166429213704714
0.3518127828886547
0.22387021090123332
0.12538591969322227