# datat/BKevo/ATAN_BKevo/atan25.dat
# N(r,Y=0), r, *FL(x,Q^2)
# 1e-05 < r < 100.0
# 1 < Q^2 < 50, n=15, log grid
# 1e-5 < x < 1e-2, n=10, log grid
###
2.337178711029204e-10
3.0286771305748655e-10
3.9340615804425303e-10
5.106465239972358e-10
6.618719424768656e-10
8.593149834702336e-10
1.115664839415767e-09
1.4463756050157862e-09
1.8769250266149665e-09
2.437428128574931e-09
3.1606335771401135e-09
4.099440081906808e-09
5.3249359844191656e-09
6.906419785162698e-09
8.953338429284898e-09
1.163271943852471e-08
1.509097742433564e-08
1.9553659858286575e-08
2.5411610664043626e-08
3.297365972008619e-08
4.272560759671849e-08
5.5509458428170785e-08
7.20447146937191e-08
9.337169290024387e-08
1.212510263789309e-07
1.574062940988001e-07
2.040461566074528e-07
2.6484224803556605e-07
3.4389578689775525e-07
4.4588988980104906e-07
5.784586015602012e-07
7.513048659960289e-07
9.743447873022816e-07
1.2633981467330862e-06
1.6413073601650004e-06
2.129037667461961e-06
2.759248826955373e-06
3.5854838234680506e-06
4.651997191945697e-06
6.027271546706212e-06
7.83230297535623e-06
1.016437524844678e-05
1.3172051497474066e-05
1.7108608061906144e-05
2.220785810201034e-05
2.87853747506114e-05
3.736996841840016e-05
4.8519534742194156e-05
6.29035564856271e-05
8.162295845614374e-05
0.00010600072568067999
0.0001374551741083903
0.0001782708729125871
0.00023156829095224402
0.0003003473696172242
0.00038933111458248974
0.0005058439233709749
0.0006562185335140063
0.0008501748856106281
0.001104823146440387
0.0014334934479140566
0.0018572444836062138
0.0024123085528205274
0.003130122733791552
0.004055342524625098
0.005263069768520986
0.006827632801981605
0.008842299107463926
0.0114601874554972
0.01485245305578272
0.01920829198583173
0.02482780804799866
0.032082718543189066
0.04132798414881837
0.05309575606456885
0.06808097612942315
0.0868179900009676
0.11002703163865596
0.13853022415781405
0.17269817507917246
0.21288564501074161
0.25873202556361913
0.3097410290500009
0.3650109325852532
0.42204807602531463
0.47971763652029287
0.5368665184791261
0.5908117627306314
0.6409582856108293
0.6875155596978586
0.7291844990191582
0.7658223333355035
0.7986415241781135
0.827355751705044
0.8517802459565527
0.8732873322152335
0.891993557089621
0.9075799848546354
0.9211964056182946
0.933061225982669
###
1e-05
1.1768119524349992e-05
1.3848863713938717e-05
1.6297508346206434e-05
1.917910261672489e-05
2.2570197196339216e-05
2.656087782946684e-05
3.1257158496882356e-05
3.678379771828634e-05
4.328761281083062e-05
5.0941380148163754e-05
5.994842503189409e-05
7.054802310718646e-05
8.302175681319735e-05
9.770099572992247e-05
0.00011497569953977356
0.00013530477745798074
0.00015922827933410923
0.0001873817422860383
0.00022051307399030456
0.00025950242113997375
0.0003053855508833416
0.00035938136638046257
0.0004229242874389499
0.0004977023564332109
0.0005857020818056661
0.0006892612104349695
0.0008111308307896872
0.0009545484566618337
0.0011233240329780276
0.0013219411484660286
0.0015556761439304723
0.0018307382802953678
0.002154434690031882
0.0025353644939701114
0.0029836472402833374
0.003511191734215131
0.004132012400115334
0.004862601580065354
0.005722367659350214
0.006734150657750821
0.007924828983539169
0.0093260334688322
0.010974987654930556
0.01291549665014884
0.01519911082952933
0.01788649529057435
0.0210490414451202
0.02477076355991709
0.029150530628251757
0.034304692863149154
0.040370172585965536
0.047508101621027934
0.05590810182512223
0.06579332246575675
0.0774263682681127
0.09111627561154886
0.10722672220103231
0.1261856883066021
0.14849682622544635
0.1747528400007683
0.20565123083486514
0.24201282647943834
0.2848035868435799
0.3351602650938841
0.3944206059437656
0.46415888336127725
0.5462277217684337
0.642807311728432
0.7564633275546291
0.8902150854450375
1.0476157527896641
1.232846739442066
1.4508287784959402
1.7073526474706886
2.009233002565046
2.364489412645407
2.782559402207126
3.274549162877725
3.8535285937105273
4.534878508128582
5.3366992312063015
6.280291441834247
7.390722033525775
8.697490026177835
10.235310218990248
12.045035402587812
14.174741629268048
16.68100537200059
19.630406500402685
23.10129700083158
27.1858824273294
31.992671377973846
37.64935806792464
44.30621457583877
52.14008287999685
61.35907273413163
72.20809018385457
84.97534359086438
100.0
###
0.13551252104275496
0.112914253058069
0.09280880846623563
0.07530405560367606
0.06035784538751219
0.047812245985638185
0.039833005430627025
0.030893584970112405
0.023648477832511363
0.017831352302112392
0.39011282310196044
0.3096087284827595
0.24236422269446867
0.18718465507625467
0.1426336519316473
0.10717364788972071
0.08563381251539913
0.06253517537992781
0.04471982582329691
0.031114187559894122
0.552276904228656
0.4303824707030709
0.33078629548283406
0.25080632732675856
0.18753190313447274
0.13813752175124216
0.10864251550514746
0.07753078808560307
0.05400615102943794
0.03640929932342003
0.6797666729389427
0.5237923117356169
0.39812938113643165
0.29846577969544086
0.22058099079682664
0.16051105230493115
0.1250097199439808
0.08795774460080738
0.060285862999092416
0.03986095526162717
0.787521392154801
0.6019914681447704
0.45389282660810654
0.33751830375643965
0.24737484857025518
0.17843809903693902
0.13800430785500611
0.0961191068180506
0.06512028306255101
0.0424633614330921
0.8821285579101857
0.6701228663369986
0.502135135366868
0.37105403192261216
0.2702005400547029
0.19358068935710337
0.14890725850461076
0.10289940607665553
0.0690910593735199
0.04457164062254038
0.9671926660145116
0.7310246350729741
0.5450109636403466
0.40069255800972253
0.290246051630345
0.20679172009113286
0.15837051943499408
0.10873980909691312
0.07248211929198069
0.04635422575885852
1.0449181757658446
0.7864156066500828
0.583823838602054
0.42738756964210145
0.3082159326307391
0.21857626301429797
0.16677422280769383
0.11389468917735329
0.07545486950768461
0.047905111728257684
1.1167901764926074
0.8374344146472982
0.6194308495744365
0.45177910128907295
0.32456612542118285
0.22925412799201852
0.17435952516686806
0.1185242313891093
0.07811002975163012
0.04928197884988936
1.1838559256454273
0.8848781192534254
0.6524300862318009
0.47430597258028145
0.339611956878425
0.23903964808663078
0.18129633032659123
0.12273749057144388
0.08051516110230283
0.05052297676053556
1.2468884123078865
0.9293321176588634
0.6832576956765405
0.4952864453917418
0.3535808830141759
0.24809468575744928
0.18769514814253083
0.12661148724272636
0.08271767681540082
0.05165483236031915
1.306464807394339
0.9712403400018839
0.712235388835557
0.5149597369680906
0.3666486764513991
0.2565370020427877
0.19364708951628593
0.1302030573537337
0.08475250314413703
0.052696785845372913
1.3630485659389613
1.0109485885518117
0.7396410018037903
0.5335108006431386
0.3789351047200513
0.2644578667759244
0.19921912101276842
0.1335555114648886
0.08664595657346745
0.053663380901292655
1.417006460021913
1.0487322713592524
0.7656481818138776
0.5510857898368376
0.39054861506529387
0.27192667762111206
0.20446352822345323
0.13670243285314387
0.08841842853253618
0.05456579005441978
1.4686371238548326
1.0848148902920443
0.790441692714463
0.5678026356562332
0.40157208169183817
0.279000294266669
0.20941644939492454
0.13967066772106396
0.09008606763503982
0.05541293213861761