# datat/BKevo/GBW_BKevo/gbw51.dat
# N(r,Y=0), r, *FL(x,Q^2)
# 1e-05 < r < 100.0
# 1 < Q^2 < 50, n=15, log grid
# 1e-5 < x < 1e-2, n=10, log grid
###
4.686122566860792e-16
7.63495079511036e-16
1.1089354106008082e-15
1.8167354258489134e-15
2.896935639776682e-15
4.573195365867522e-15
7.243544402954786e-15
1.1312049242603937e-14
1.782855736015256e-14
2.8322507190708215e-14
4.451949850375318e-14
7.008573067675244e-14
1.1110780110871713e-13
1.7480956214336105e-13
2.7459008399512517e-13
4.361421324992175e-13
6.870402117192481e-13
1.0759564231034879e-12
1.7113925926647939e-12
2.699212472795737e-12
4.227104328042932e-12
6.714178678453986e-12
1.0602328968132485e-11
1.66210653057202e-11
2.633572412532845e-11
4.163860208541405e-11
6.534430944773196e-11
1.0327695605739944e-10
1.634979282077078e-10
2.568562478480785e-10
4.049156526753279e-10
6.41871116551337e-10
1.00949742701072e-09
1.5871797202949586e-09
2.5194230001281275e-09
3.966898762971437e-09
6.219920868946085e-09
9.887115225785881e-09
1.55856876458175e-08
2.4397758715823487e-08
3.87927760155458e-08
6.122486776891414e-08
9.593780888054068e-08
1.521746420186087e-07
2.4046660992700203e-07
3.7719522987914325e-07
5.968169255937522e-07
9.442882669044967e-07
1.4827822389382037e-06
2.3401535352084156e-06
3.707445742118664e-06
5.8280214264381705e-06
9.17377682872474e-06
1.4553311616785235e-05
2.2903066896189533e-05
3.595392176617645e-05
5.711603549241401e-05
8.998803639762282e-05
0.00014087141002887976
0.00022409923114620505
0.00035347604902107607
0.0005535892469798256
0.0008788713527631005
0.0013876784806507
0.0021748843582823554
0.0034426600633101503
0.005438319252045394
0.008522622833648385
0.013431128078263185
0.02117919260562145
0.033077270789322696
0.051619043753904977
0.08053006357247404
0.12371658507091918
0.1874667883180836
0.27987741349507694
0.403458902689918
0.5565390151858662
0.719643656562499
0.8630740612302136
0.958518195250538
0.9919518228477564
0.9992835660508248
0.99998911994393
0.9999999901024911
0.9999999999968073
1.0
1.0
1.0
1.0
1.0
1.0
1.0
1.0
1.0
1.0
1.0
1.0
1.0
1.0
###
1e-05
1.1768119524349992e-05
1.3848863713938717e-05
1.6297508346206434e-05
1.917910261672489e-05
2.2570197196339216e-05
2.656087782946684e-05
3.1257158496882356e-05
3.678379771828634e-05
4.328761281083062e-05
5.0941380148163754e-05
5.994842503189409e-05
7.054802310718646e-05
8.302175681319735e-05
9.770099572992247e-05
0.00011497569953977356
0.00013530477745798074
0.00015922827933410923
0.0001873817422860383
0.00022051307399030456
0.00025950242113997375
0.0003053855508833416
0.00035938136638046257
0.0004229242874389499
0.0004977023564332109
0.0005857020818056661
0.0006892612104349695
0.0008111308307896872
0.0009545484566618337
0.0011233240329780276
0.0013219411484660286
0.0015556761439304723
0.0018307382802953678
0.002154434690031882
0.0025353644939701114
0.0029836472402833374
0.003511191734215131
0.004132012400115334
0.004862601580065354
0.005722367659350214
0.006734150657750821
0.007924828983539169
0.0093260334688322
0.010974987654930556
0.01291549665014884
0.01519911082952933
0.01788649529057435
0.0210490414451202
0.02477076355991709
0.029150530628251757
0.034304692863149154
0.040370172585965536
0.047508101621027934
0.05590810182512223
0.06579332246575675
0.0774263682681127
0.09111627561154886
0.10722672220103231
0.1261856883066021
0.14849682622544635
0.1747528400007683
0.20565123083486514
0.24201282647943834
0.2848035868435799
0.3351602650938841
0.3944206059437656
0.46415888336127725
0.5462277217684337
0.642807311728432
0.7564633275546291
0.8902150854450375
1.0476157527896641
1.232846739442066
1.4508287784959402
1.7073526474706886
2.009233002565046
2.364489412645407
2.782559402207126
3.274549162877725
3.8535285937105273
4.534878508128582
5.3366992312063015
6.280291441834247
7.390722033525775
8.697490026177835
10.235310218990248
12.045035402587812
14.174741629268048
16.68100537200059
19.630406500402685
23.10129700083158
27.1858824273294
31.992671377973846
37.64935806792464
44.30621457583877
52.14008287999685
61.35907273413163
72.20809018385457
84.97534359086438
100.0
###
0.18585810000949174
0.16574161702711096
0.14726586444640438
0.1305987574424001
0.11580219390308737
0.10284160325524133
0.09426719439923921
0.08426160104783455
0.07575088399909513
0.06858838660903414
0.549781323144755
0.462247796904275
0.3855026547187503
0.3190742950365222
0.26212124216394395
0.21357012622634183
0.18202133640454585
0.14544509708807646
0.11426713984747447
0.08751037792070124
0.78031773416602
0.6404097070719215
0.5204381180997011
0.41864042914140304
0.33302276421572835
0.26137494507465
0.21552052283873419
0.16327834448340245
0.1195445954943049
0.08272211316537133
0.9600011674917358
0.7760745804287968
0.6205050638080428
0.4903010358420473
0.38221717954047624
0.29296713836164645
0.23653805963487104
0.17305879772442243
0.12076356590195364
0.07754517300061872
1.110775423523314
0.8882081425657999
0.7018777437110402
0.547491449209678
0.42059795834443797
0.3169122338952232
0.2519828103613227
0.1796914272976355
0.12098490481491216
0.07312132852409893
1.2423498998054545
0.9850287145252731
0.7712966978538248
0.5956117910402082
0.4523982216441028
0.3363592609797376
0.2642704638513942
0.18469598907157503
0.12074145653805124
0.0694150687137058
1.3600132074498217
1.0708430286824417
0.8322617648641407
0.6374544139844208
0.4797214215414078
0.35282379983434875
0.2745196937269005
0.18872253665301916
0.12043505259807366
0.06627955318382192
1.4670285667118104
1.1483525203838003
0.8869161335173843
0.6746549069495781
0.5037847873698534
0.36715638666519074
0.28334178854668024
0.19209537393458706
0.12009538482408826
0.06358903538332514
1.5655749179857255
1.219302988324211
0.9366349470493263
0.7082638004796732
0.5253543632412587
0.3798844541951786
0.29110552760883346
0.19500472343630215
0.11975438862957632
0.06124931964273841
1.6571800115054471
1.2849270473546923
0.9823732457688417
0.7389998104888598
0.5449498810738799
0.3913571358577665
0.2980531673748317
0.19756932971781146
0.1194287113857459
0.05919026316499092
1.7429721881998315
1.346115779333193
1.0248201156314254
0.7673780944254319
0.5629490437021942
0.40181875682719137
0.3043502178354529
0.19986594064348692
0.11912240096091013
0.05735710597527923
1.823808627706231
1.4035426848271406
1.0644928118834527
0.7937871659484678
0.579601862770716
0.4114473979109524
0.31011600893178964
0.20194921440006985
0.11883805963793191
0.05571443681635781
1.9003584550021635
1.4577372643195117
1.1017900584552465
0.8185042777263032
0.5951245174182833
0.42037654029544086
0.3154390266730124
0.20385770240269985
0.1185751139294745
0.054229701545051474
1.9731557180088088
1.5091214305777412
1.137026581450791
0.841794144314455
0.6096772061623165
0.4287096394238077
0.3203873181619686
0.20562066648576666
0.11833266113834195
0.05287692197990148
2.0426342977710457
1.5580163021083173
1.1704555654981605
0.8638022651157752
0.6233872670932754
0.4365280064658401
0.32501394804421435
0.2072613749452049
0.11810838773153319
0.05164157007649417