# datat/BKevo/ATAN_BKevo/atan5.dat
# N(r,Y=0), r, *FL(x,Q^2)
# 1e-05 < r < 100.0
# 1 < Q^2 < 50, n=15, log grid
# 1e-5 < x < 1e-2, n=10, log grid
###
1.5981053922038022e-08
1.9422767420185407e-08
2.361957132966141e-08
2.871833333591397e-08
3.4905083161365445e-08
4.244208568958748e-08
5.1607074364662875e-08
6.272817287398622e-08
7.626361123793034e-08
9.27375047150016e-08
1.127283009545049e-07
1.3703576262357845e-07
1.6664707667360119e-07
2.0258142288132434e-07
2.462330513482822e-07
2.994581150809098e-07
3.6405128992831195e-07
4.424402284325181e-07
5.381093440763287e-07
6.542169636436314e-07
7.950916688318484e-07
9.669432951101582e-07
1.1756478826499877e-06
1.4288818930864624e-06
1.7375106320436102e-06
2.112656727929226e-06
2.5678631159922954e-06
3.122122162551252e-06
3.7964421078202326e-06
4.6147032804295e-06
5.6100694187408715e-06
6.822142190393727e-06
8.293007137576444e-06
1.008050905534169e-05
1.2259164116566214e-05
1.490309980491375e-05
1.811308985789182e-05
2.2029113620470036e-05
2.6781658018538976e-05
3.2547872398226554e-05
3.958486970709189e-05
4.81276384041881e-05
5.84929154209633e-05
7.113075244913285e-05
8.648640293336987e-05
0.00010511877999881982
0.0001278149056243611
0.00015541653775371993
0.00018890943126582138
0.00022966848077327165
0.00027928176412022704
0.0003394869232745897
0.00041268322089044076
0.0005018610793994005
0.000610081772072964
0.0007415271887713416
0.0009018184670471757
0.0010963453557942737
0.0013323873403102342
0.0016204924960070504
0.0019701430359562
0.0023943696385563427
0.002911796118963661
0.0035402220010676976
0.004302682466561018
0.0052317191297156125
0.006360959000941514
0.007730953358259069
0.009398395129209071
0.011426496544269773
0.013886357590544091
0.016876147091519775
0.02051354118057939
0.02492197146365575
0.030269059945213617
0.03676886150684196
0.044630213877574154
0.054129720659413925
0.06563350215278177
0.07947141635937244
0.09606577364220033
0.1159276254090994
0.1394976748205499
0.16726642480164972
0.1995977866714115
0.23675829696859607
0.27887447398879345
0.3253654551471212
0.3755619945417181
0.4287848836377263
0.48313718055886046
0.536878573693913
0.5895388293789124
0.6393907565412839
0.6847435914122708
0.7265445248908206
0.7642708905254386
0.7967049660328566
0.8256005231373759
0.8511633023052559
###
1e-05
1.1768119524349992e-05
1.3848863713938717e-05
1.6297508346206434e-05
1.917910261672489e-05
2.2570197196339216e-05
2.656087782946684e-05
3.1257158496882356e-05
3.678379771828634e-05
4.328761281083062e-05
5.0941380148163754e-05
5.994842503189409e-05
7.054802310718646e-05
8.302175681319735e-05
9.770099572992247e-05
0.00011497569953977356
0.00013530477745798074
0.00015922827933410923
0.0001873817422860383
0.00022051307399030456
0.00025950242113997375
0.0003053855508833416
0.00035938136638046257
0.0004229242874389499
0.0004977023564332109
0.0005857020818056661
0.0006892612104349695
0.0008111308307896872
0.0009545484566618337
0.0011233240329780276
0.0013219411484660286
0.0015556761439304723
0.0018307382802953678
0.002154434690031882
0.0025353644939701114
0.0029836472402833374
0.003511191734215131
0.004132012400115334
0.004862601580065354
0.005722367659350214
0.006734150657750821
0.007924828983539169
0.0093260334688322
0.010974987654930556
0.01291549665014884
0.01519911082952933
0.01788649529057435
0.0210490414451202
0.02477076355991709
0.029150530628251757
0.034304692863149154
0.040370172585965536
0.047508101621027934
0.05590810182512223
0.06579332246575675
0.0774263682681127
0.09111627561154886
0.10722672220103231
0.1261856883066021
0.14849682622544635
0.1747528400007683
0.20565123083486514
0.24201282647943834
0.2848035868435799
0.3351602650938841
0.3944206059437656
0.46415888336127725
0.5462277217684337
0.642807311728432
0.7564633275546291
0.8902150854450375
1.0476157527896641
1.232846739442066
1.4508287784959402
1.7073526474706886
2.009233002565046
2.364489412645407
2.782559402207126
3.274549162877725
3.8535285937105273
4.534878508128582
5.3366992312063015
6.280291441834247
7.390722033525775
8.697490026177835
10.235310218990248
12.045035402587812
14.174741629268048
16.68100537200059
19.630406500402685
23.10129700083158
27.1858824273294
31.992671377973846
37.64935806792464
44.30621457583877
52.14008287999685
61.35907273413163
72.20809018385457
84.97534359086438
100.0
###
0.12088831934529846
0.09661616405230417
0.07579149023938349
0.058436900708935674
0.04433747208374084
0.03313325172561461
0.026375231829864926
0.019209346562491153
0.013778402758947102
0.009714041130717681
0.3569615161430177
0.27323055664348495
0.20570062626719476
0.1525129965590142
0.11145978223706493
0.0803382971953008
0.06228221059906191
0.043811232842616475
0.030355132226819948
0.020672613513785434
0.5136196076830194
0.387124804788239
0.2872440428282462
0.2100829063684109
0.15155570414473135
0.10789604871133628
0.08290218322173798
0.05764453733283578
0.03949625174208268
0.02661385063505714
0.639870322222339
0.4778193632177495
0.3514852472524897
0.2549767870205392
0.18253088902815345
0.12900879643272506
0.0986043394396122
0.0681023436697952
0.04636244429880074
0.031055059663034283
0.7484876916730562
0.5552974419650457
0.40599867044770566
0.2928418899124194
0.20851845853466863
0.14662477664414758
0.11165991230259804
0.07676111486347681
0.0520299526241949
0.034711210889991705
0.845235824194898
0.6239450868103569
0.4540703733568568
0.326089277666557
0.2312427839229681
0.1619785477852526
0.12300990377971806
0.08426724209794913
0.05693092228435843
0.03787007831029223
0.9332709771806723
0.6861559601628253
0.49747302848076186
0.35601114115476074
0.2516387826230817
0.17571803136084638
0.13314813672146147
0.09095774508258661
0.061291870066836396
0.040677005109234374
1.0145593171412797
0.7434061500570726
0.5373015519901448
0.3833941279256353
0.27025043196730825
0.18823027873659884
0.14237240479183377
0.09703404553509633
0.06524725197225381
0.043220428612966884
1.0904006548588354
0.7966822101668131
0.5742748048794275
0.4087586589474828
0.28745804201980524
0.1997796670371239
0.1508713230920395
0.10262966612715757
0.06888394443750849
0.045558264089230444
1.1617424283400783
0.8466694874455364
0.6089073438711747
0.4324694307042181
0.30351750046042963
0.2105419596178304
0.15878469082135027
0.10782765483642555
0.07226372379041507
0.04772888166912117
1.2292804068274075
0.8939085605266514
0.6415689213902732
0.454797041832963
0.3186167288372195
0.2206475544769567
0.16620719059355954
0.11270209148912544
0.07542901029388525
0.04976168381045194
1.2935475248601767
0.9387809424264663
0.6725469846831016
0.4759496758512635
0.332898052451515
0.230194798112926
0.173215766237873
0.11729999836190218
0.07841273462101743
0.05167715476911895
1.354963190702117
0.9816105435114014
0.7020654197997968
0.49606157431602727
0.3464719470868225
0.2392638002589259
0.17986794538359827
0.12165890449574793
0.0812401416908599
0.05349169907980981
1.4138646616046373
1.0226136239807908
0.7303041979215726
0.5152836774066818
0.35942754897256207
0.24790797486629454
0.18620563089416842
0.12581310261593298
0.08393150829594503
0.0552184672596119
1.4705260947352132
1.0620068982432123
0.7573606482042908
0.5337105441302398
0.3718353269907066
0.25618012370824755
0.19226727854064662
0.12977913155900705
0.08650175288924238
0.05686876929195315