# datat/BKevo/MVg_BKevo/mvg21.dat
# N(r,Y=0), r, *FL(x,Q^2)
# 1e-05 < r < 100.0
# 1 < Q^2 < 50, n=15, log grid
# 1e-5 < x < 1e-2, n=10, log grid
###
7.0993240424765494e-09
9.08610857596633e-09
1.164957539798457e-08
1.4925141332531485e-08
1.909597122223473e-08
2.4461144134952184e-08
3.132835740421564e-08
4.006870435300162e-08
5.1277346047965584e-08
6.564760178011263e-08
8.392869556314778e-08
1.0729917118333504e-07
1.373091031893208e-07
1.7546542575301213e-07
2.2408936720295997e-07
2.866208074619039e-07
3.6607816940087235e-07
4.6700634443389154e-07
5.969839886415724e-07
7.620297219190089e-07
9.713850213499035e-07
1.2404262444360084e-06
1.5822956837738942e-06
2.015595353315518e-06
2.570543059584362e-06
3.2764802037271708e-06
4.170390866609879e-06
5.311284787642269e-06
6.763937993034106e-06
8.601461200844689e-06
1.0938284153949434e-05
1.3915837208465726e-05
1.7677719336688506e-05
2.244410748034341e-05
2.8520344015345122e-05
3.618643195453365e-05
4.586236596625402e-05
5.819965206280662e-05
7.373977558202667e-05
9.328980833674328e-05
0.00011818158253124104
0.0001494932109513279
0.00018880702073125914
0.00023863653534548924
0.00030128589791747826
0.00037976511522816144
0.0004787584990835926
0.0006030942296075241
0.0007584245755259333
0.0009533555050638488
0.0011977907265805555
0.0015021886328259169
0.0018821101286268251
0.002357399624403028
0.0029470943569482274
0.003678854989339165
0.004591438926106955
0.005718917200775173
0.007109637350191427
0.00883728709376278
0.010961920522681055
0.013569959417957024
0.01678864972326192
0.020732089042652994
0.025550431843769008
0.031458847853605566
0.038672203481508426
0.04744884403601808
0.058150345966332846
0.07117132361694266
0.08694906938167517
0.1060749151885137
0.12922836025104287
0.15709443919931748
0.190531975278104
0.2304682538868002
0.2777045916358456
0.33302988641595993
0.3966412577089336
0.46856312843877795
0.5480296466725256
0.6312449882581171
0.7157239862236744
0.7971818850495658
0.8669642020583879
0.9223706656942928
0.9620168576391944
0.9844375030189865
0.9948387469559937
0.9988494370220733
0.9998401643979243
0.999982249139543
0.9999990780261058
0.9999999921327877
0.999999999900579
0.9999999999996244
1.0
1.0
1.0
1.0
###
1e-05
1.1768119524349992e-05
1.3848863713938717e-05
1.6297508346206434e-05
1.917910261672489e-05
2.2570197196339216e-05
2.656087782946684e-05
3.1257158496882356e-05
3.678379771828634e-05
4.328761281083062e-05
5.0941380148163754e-05
5.994842503189409e-05
7.054802310718646e-05
8.302175681319735e-05
9.770099572992247e-05
0.00011497569953977356
0.00013530477745798074
0.00015922827933410923
0.0001873817422860383
0.00022051307399030456
0.00025950242113997375
0.0003053855508833416
0.00035938136638046257
0.0004229242874389499
0.0004977023564332109
0.0005857020818056661
0.0006892612104349695
0.0008111308307896872
0.0009545484566618337
0.0011233240329780276
0.0013219411484660286
0.0015556761439304723
0.0018307382802953678
0.002154434690031882
0.0025353644939701114
0.0029836472402833374
0.003511191734215131
0.004132012400115334
0.004862601580065354
0.005722367659350214
0.006734150657750821
0.007924828983539169
0.0093260334688322
0.010974987654930556
0.01291549665014884
0.01519911082952933
0.01788649529057435
0.0210490414451202
0.02477076355991709
0.029150530628251757
0.034304692863149154
0.040370172585965536
0.047508101621027934
0.05590810182512223
0.06579332246575675
0.0774263682681127
0.09111627561154886
0.10722672220103231
0.1261856883066021
0.14849682622544635
0.1747528400007683
0.20565123083486514
0.24201282647943834
0.2848035868435799
0.3351602650938841
0.3944206059437656
0.46415888336127725
0.5462277217684337
0.642807311728432
0.7564633275546291
0.8902150854450375
1.0476157527896641
1.232846739442066
1.4508287784959402
1.7073526474706886
2.009233002565046
2.364489412645407
2.782559402207126
3.274549162877725
3.8535285937105273
4.534878508128582
5.3366992312063015
6.280291441834247
7.390722033525775
8.697490026177835
10.235310218990248
12.045035402587812
14.174741629268048
16.68100537200059
19.630406500402685
23.10129700083158
27.1858824273294
31.992671377973846
37.64935806792464
44.30621457583877
52.14008287999685
61.35907273413163
72.20809018385457
84.97534359086438
100.0
###
0.24986080159640983
0.22299450045136565
0.19598800226129476
0.1697288594260359
0.14495495290474913
0.12223793387761207
0.10674806168673145
0.0882733420260875
0.07227768497599447
0.05860463019342507
0.8842502068460474
0.7518197111613172
0.6285892184502986
0.5172643479781965
0.4192928565282751
0.33505866598321704
0.280660607959965
0.2189776924046977
0.16842599628049995
0.12749745747180888
1.3569580299344943
1.131411382353813
0.9275983100249311
0.7484890652243539
0.5949173352905256
0.4660753273209628
0.38450799151057086
0.2938006488493893
0.22106287630372037
0.16341638596900415
1.7561872309006614
1.4463760564115227
1.17145433987838
0.9339159698984927
0.7334235833063596
0.56767257618577
0.46408383979522877
0.35020431608414415
0.2600832474662948
0.18961787377309014
2.1095545185097
1.7220025033226847
1.3824950537925778
1.092656384853027
0.8507645487172483
0.6529143004081441
0.5303009121617103
0.39665843818066676
0.2919137389965938
0.21079149806914213
2.430506005422107
1.970250058886747
1.5710223406631836
1.233360769142348
0.9539826785775141
0.7273154457351909
0.5878013192885201
0.4367185483136331
0.3191713462954759
0.22881671694648337
2.726793041621702
2.1979067592851678
1.7428455764660855
1.3608123404262638
1.0469282489262481
0.793931531855949
0.6390598436879356
0.47224488195582554
0.343217246613709
0.24462285944906728
3.003527746893642
2.4093881468869363
1.9016163789182527
1.4779960701402743
1.1319858929299313
0.8546062960494959
0.6856165167457615
0.504349709013473
0.3648575189418379
0.25881040919260534
3.2641707559106115
2.60766080720928
2.0498200803146513
1.5869372593562987
1.210725373045266
0.9105605569697072
0.7284110352036196
0.5337690944674109
0.384621446592245
0.2717233291707037
3.511363969732497
2.7949220141329287
2.1892772393855204
1.6890397134407686
1.2842777707555812
0.9626530066388655
0.7681551005014389
0.5610002667937523
0.40286029585979616
0.28361155389624415
3.746778132049435
2.9727296093302087
2.3212341265441245
1.7853850387726546
1.3534813995948176
1.0115133581614864
0.8053541531552646
0.586418126751982
0.41984094614955175
0.2946544987853261
3.9720505373171515
3.1422760926364206
2.446772425024943
1.8767751110547408
1.4189412942928359
1.057619432011028
0.8403903371340988
0.610300343320402
0.435759532036464
0.30498622474230314
4.188483690524771
3.3047437069461796
2.5666913644667195
1.9639044749824193
1.4811586465348938
1.1013435835644432
0.8735604312178028
0.6328618038064859
0.4507672750360469
0.3147142273196555
4.396971796997591
3.460842155629142
2.681642258365871
2.047137031681999
1.5405392316947668
1.142982668283959
0.9051014549495644
0.6542726565513082
0.46498350945804867
0.32390929629878124
4.598322554797363
3.6112735915052467
2.7921610753097386
2.127042348006219
1.5973988833781267
1.182777660948166
0.9352021513825505
0.6746703564837133
0.47850438652588634
0.332641735644914