# datat/BKevo/ATAN_BKevo/atan7.dat
# N(r,Y=0), r, *FL(x,Q^2)
# 1e-05 < r < 100.0
# 1 < Q^2 < 50, n=15, log grid
# 1e-5 < x < 1e-2, n=10, log grid
###
4.029933820182e-11
5.2222657776758245e-11
6.783395612369847e-11
8.804939423362819e-11
1.1412478271505973e-10
1.4816935041164024e-10
1.9237106033706498e-10
2.4939462009849664e-10
3.236330883517602e-10
4.2027911701584743e-10
5.449794697322487e-10
7.068553274315438e-10
9.181642599165829e-10
1.190855219555909e-09
1.5437998460747465e-09
2.0057982417621133e-09
2.6020962807382297e-09
3.3715845014602507e-09
4.38165506111619e-09
5.685558657702469e-09
7.3670605655037546e-09
9.571345273229804e-09
1.2422474641976254e-08
1.6099827625991696e-08
2.0906985458013457e-08
2.7141140190167866e-08
3.5183125180139696e-08
4.5666030368249734e-08
5.9297017783954404e-08
7.688358459305856e-08
9.974204859938191e-08
1.2954546239332475e-07
1.6800363336409766e-07
2.178443244117351e-07
2.8300619330196296e-07
3.671042220593931e-07
4.7576984932090607e-07
6.182353589527713e-07
8.021314553050521e-07
1.0392664380326188e-06
1.3505034077062628e-06
1.7526168291852816e-06
2.2712232049754493e-06
2.9499946945854422e-06
3.829247618918453e-06
4.963396346236076e-06
6.4436244695300725e-06
8.36613186183625e-06
1.0846361080108468e-05
1.4074153944118047e-05
1.827765057387522e-05
2.370143872459926e-05
3.073950779067598e-05
3.9930044485399175e-05
5.179050077616546e-05
6.713561639089549e-05
8.722913865153394e-05
0.00011316403797971627
0.00014661825540742256
0.0001905471208710093
0.00024725503289670277
0.00032038439527588527
0.0004162111262126361
0.0005401923885146175
0.0007000930646378718
0.0009090195527586023
0.0011800148613884415
0.0015295321009986824
0.0019848262250101076
0.0025767987013381806
0.003340159955292033
0.004331189564857024
0.0056222682859728805
0.007285910975665284
0.009436728101239878
0.012240867249520252
0.015846176433044
0.020478882696488242
0.02650352311942848
0.03420271589491771
0.04400124638546679
0.056579419059111666
0.07242089278528985
0.09218496880079882
0.11673189164549047
0.1465965644562101
0.18226145830521828
0.22388324790495398
0.2711281748428796
0.32343095295327906
0.37917907438977067
0.4364867206661427
0.4944165116556619
0.5508667489188196
0.6036119248943913
0.6532069842194246
0.6987703647599409
0.7386099335176213
0.7745334932959353
0.8066476157451856
###
1e-05
1.1768119524349992e-05
1.3848863713938717e-05
1.6297508346206434e-05
1.917910261672489e-05
2.2570197196339216e-05
2.656087782946684e-05
3.1257158496882356e-05
3.678379771828634e-05
4.328761281083062e-05
5.0941380148163754e-05
5.994842503189409e-05
7.054802310718646e-05
8.302175681319735e-05
9.770099572992247e-05
0.00011497569953977356
0.00013530477745798074
0.00015922827933410923
0.0001873817422860383
0.00022051307399030456
0.00025950242113997375
0.0003053855508833416
0.00035938136638046257
0.0004229242874389499
0.0004977023564332109
0.0005857020818056661
0.0006892612104349695
0.0008111308307896872
0.0009545484566618337
0.0011233240329780276
0.0013219411484660286
0.0015556761439304723
0.0018307382802953678
0.002154434690031882
0.0025353644939701114
0.0029836472402833374
0.003511191734215131
0.004132012400115334
0.004862601580065354
0.005722367659350214
0.006734150657750821
0.007924828983539169
0.0093260334688322
0.010974987654930556
0.01291549665014884
0.01519911082952933
0.01788649529057435
0.0210490414451202
0.02477076355991709
0.029150530628251757
0.034304692863149154
0.040370172585965536
0.047508101621027934
0.05590810182512223
0.06579332246575675
0.0774263682681127
0.09111627561154886
0.10722672220103231
0.1261856883066021
0.14849682622544635
0.1747528400007683
0.20565123083486514
0.24201282647943834
0.2848035868435799
0.3351602650938841
0.3944206059437656
0.46415888336127725
0.5462277217684337
0.642807311728432
0.7564633275546291
0.8902150854450375
1.0476157527896641
1.232846739442066
1.4508287784959402
1.7073526474706886
2.009233002565046
2.364489412645407
2.782559402207126
3.274549162877725
3.8535285937105273
4.534878508128582
5.3366992312063015
6.280291441834247
7.390722033525775
8.697490026177835
10.235310218990248
12.045035402587812
14.174741629268048
16.68100537200059
19.630406500402685
23.10129700083158
27.1858824273294
31.992671377973846
37.64935806792464
44.30621457583877
52.14008287999685
61.35907273413163
72.20809018385457
84.97534359086438
100.0
###
0.05674671092857334
0.0438595613118624
0.03343168768458468
0.02513024740594227
0.018622896242943835
0.013588644243078499
0.010605945720740933
0.007484452527300154
0.0051461968316554585
0.003413891654784671
0.14117771886295447
0.10475778445996303
0.07666416165292084
0.05530916670415101
0.039292640598389175
0.027428875500940846
0.02066495154124223
0.013854625197368907
0.008988159970307497
0.005564952890411007
0.19003058461261021
0.1389319333939046
0.10017646098765494
0.07119541581243743
0.0498021197837741
0.03420219023636483
0.025436638474224723
0.01673939565525077
0.010634612274123904
0.006425661832588394
0.22701698835204887
0.16448149898674713
0.11752921274432032
0.08276658510212928
0.05734683550672055
0.03899490078898869
0.028772456762930543
0.018720555447524094
0.011743510450637842
0.006992880435442858
0.2575685832808849
0.18541614315394186
0.1316364961221031
0.09209230985602435
0.06337845655868264
0.04278936337918329
0.031393921291257884
0.02026098631007376
0.012595939247027725
0.00742385960367263
0.28396308876376575
0.20339879304835387
0.1436822801667307
0.10001017675115456
0.0684660074050764
0.04596843916551102
0.03357874936595212
0.02153527597745569
0.01329559539629693
0.007774928306449325
0.30740386991997504
0.2192962536142798
0.15428226481107266
0.1069397669747471
0.07289825806256416
0.0487250969544049
0.035465435584083084
0.02262951688205482
0.013892884496804866
0.00807300760914089
0.32861366342202347
0.23362741490720582
0.1638041321490368
0.11314488303147614
0.07684900818162256
0.05117132023566914
0.03713428868392297
0.023592960852146228
0.014416334850002486
0.00833317957225909
0.3480727051560289
0.24673284625051664
0.17248170719424463
0.1187818631111765
0.08042635031864911
0.053378638202459965
0.03863589815447687
0.024456563761198494
0.014883773841758348
0.008564752729980592
0.36610002049202034
0.25884818894873296
0.1804796286827864
0.12396221212508983
0.0837044972357194
0.05539534234879053
0.040004638251628165
0.025241231170756336
0.015307126035370409
0.008773918661837769
0.38293937412152973
0.2701338845694116
0.18791598530033302
0.12876689904549996
0.08673899216550288
0.05725592882160245
0.041264964907839666
0.02596170374746626
0.015694782996214234
0.008965030248951244
0.39877250206710996
0.2807229714293548
0.1948778485918809
0.13325632898240342
0.08956603786999659
0.058986364731913585
0.04243489208665518
0.026628855941436578
0.01605287593919303
0.009141237939097059
0.4137395210396954
0.2907139028571894
0.20143724747140954
0.13747544546428261
0.09221777716480571
0.060606050694821105
0.04352816683575683
0.027250918604753007
0.0163860510258816
0.009304914933422554
0.4279515876149275
0.3001845075810773
0.2076415797053695
0.14146269792272043
0.09471745024719007
0.06213027999466833
0.04455548872198835
0.027834259133739374
0.016697908531082932
0.009457884227429186
0.44149829384446815
0.3091976348019344
0.213536825381569
0.14524326884796993
0.09708599541665491
0.06357123142508055
0.045525430280474295
0.028384032248857684
0.016991282779132064
0.00960162215957035