# datat/BKevo/ATAN_BKevo/atan17.dat
# N(r,Y=0), r, *FL(x,Q^2)
# 1e-05 < r < 100.0
# 1 < Q^2 < 50, n=15, log grid
# 1e-5 < x < 1e-2, n=10, log grid
###
7.048362229797137e-12
9.429883564350245e-12
1.2661049115595409e-11
1.6980832073945437e-11
2.2725531471964918e-11
3.0490465035402755e-11
4.090790058852574e-11
5.476478087186825e-11
7.34231515877859e-11
9.854453239978835e-11
1.3196778811406704e-10
1.7679752965845e-10
2.3737480799644634e-10
3.179900144758718e-10
4.2568968473406453e-10
5.717591182584686e-10
7.66192092784092e-10
1.0249044551920233e-09
1.3771066340848721e-09
1.8460359614949612e-09
2.469444209299066e-09
3.3166347724657426e-09
4.447547743063755e-09
5.951353393102316e-09
7.987354088103415e-09
1.0714667681605666e-08
1.434207469199645e-08
1.923459406453324e-08
2.5811548793333803e-08
3.456110603676612e-08
4.631668763438172e-08
6.217650883122422e-08
8.328031932945188e-08
1.1152337650282307e-07
1.497666576751205e-07
2.006669741350491e-07
2.6851455318796335e-07
3.607281965168981e-07
4.834903950027231e-07
6.466782079592239e-07
8.688019278889377e-07
1.164871054143423e-06
1.55852348411471e-06
2.092361508132555e-06
2.8063734391942342e-06
3.7559351990831365e-06
5.0388023158556676e-06
6.76067469948159e-06
9.05110806535385e-06
1.2133654294296688e-05
1.6285851667018505e-05
2.18103670400653e-05
2.921647119450119e-05
3.9228743139719755e-05
5.2553139889252224e-05
7.034472512073611e-05
9.448570254926399e-05
0.00012661965527213274
0.000169352852274849
0.00022755222040738785
0.00030503550706868613
0.00040803472587790297
0.0005479128963697925
0.0007346729137174139
0.0009829409509678224
0.0013187363669814646
0.0017684528205792155
0.0023660979773988413
0.003170724456646034
0.004250920060271928
0.005684731030121766
0.007603713028404555
0.010181286839964306
0.01359068706065069
0.018112509910462645
0.024159055941913317
0.03208195911420686
0.0424181651813776
0.05600597878692118
0.07339979626096052
0.09539064669240059
0.12300423017574702
0.15663915528508338
0.1966827882668066
0.242886852858663
0.2945511738723248
0.3507019318100985
0.4089689529875925
0.46767551755342046
0.525823240257982
0.5810389291488612
0.6320382250763644
0.6793924507179683
0.7221223146967025
0.7594351545144704
0.7928917381006704
0.8224360791200509
0.8473886785853821
0.8693863845722017
0.8886993854749959
###
1e-05
1.1768119524349992e-05
1.3848863713938717e-05
1.6297508346206434e-05
1.917910261672489e-05
2.2570197196339216e-05
2.656087782946684e-05
3.1257158496882356e-05
3.678379771828634e-05
4.328761281083062e-05
5.0941380148163754e-05
5.994842503189409e-05
7.054802310718646e-05
8.302175681319735e-05
9.770099572992247e-05
0.00011497569953977356
0.00013530477745798074
0.00015922827933410923
0.0001873817422860383
0.00022051307399030456
0.00025950242113997375
0.0003053855508833416
0.00035938136638046257
0.0004229242874389499
0.0004977023564332109
0.0005857020818056661
0.0006892612104349695
0.0008111308307896872
0.0009545484566618337
0.0011233240329780276
0.0013219411484660286
0.0015556761439304723
0.0018307382802953678
0.002154434690031882
0.0025353644939701114
0.0029836472402833374
0.003511191734215131
0.004132012400115334
0.004862601580065354
0.005722367659350214
0.006734150657750821
0.007924828983539169
0.0093260334688322
0.010974987654930556
0.01291549665014884
0.01519911082952933
0.01788649529057435
0.0210490414451202
0.02477076355991709
0.029150530628251757
0.034304692863149154
0.040370172585965536
0.047508101621027934
0.05590810182512223
0.06579332246575675
0.0774263682681127
0.09111627561154886
0.10722672220103231
0.1261856883066021
0.14849682622544635
0.1747528400007683
0.20565123083486514
0.24201282647943834
0.2848035868435799
0.3351602650938841
0.3944206059437656
0.46415888336127725
0.5462277217684337
0.642807311728432
0.7564633275546291
0.8902150854450375
1.0476157527896641
1.232846739442066
1.4508287784959402
1.7073526474706886
2.009233002565046
2.364489412645407
2.782559402207126
3.274549162877725
3.8535285937105273
4.534878508128582
5.3366992312063015
6.280291441834247
7.390722033525775
8.697490026177835
10.235310218990248
12.045035402587812
14.174741629268048
16.68100537200059
19.630406500402685
23.10129700083158
27.1858824273294
31.992671377973846
37.64935806792464
44.30621457583877
52.14008287999685
61.35907273413163
72.20809018385457
84.97534359086438
100.0
###
0.08054524992827107
0.06436884656791343
0.050778788126430455
0.039546112518514344
0.030395362690088475
0.023038492431558758
0.018525143038704017
0.013632570875209117
0.009806567119314467
0.0068387510998472794
0.20698343455176238
0.15790702988058272
0.11883173949150766
0.08816177373801835
0.06439599731465238
0.04620284286010018
0.03551490632155217
0.02442021914046702
0.016188013173792412
0.010156741912033442
0.28112314229727203
0.21080902776533883
0.15589319029577264
0.11358568980302515
0.08140063444476897
0.05720476874507322
0.04322675098430119
0.02896282316491064
0.01860325516768592
0.011194602676281884
0.33741677394934116
0.2503717261154369
0.18317314316045255
0.13198595881184683
0.09347604788673852
0.06485740726876055
0.048494259771731746
0.03197515273210672
0.02014006263472474
0.01180722836250236
0.38396046016555446
0.2827599596614039
0.20528450613267327
0.14674121590752676
0.10305058748340919
0.0708446646737269
0.05256895640173543
0.03426348987422516
0.021278988231877936
0.012241607828975026
0.4241906706650961
0.310553870768864
0.2241190010760956
0.15921078980006914
0.11107384115286544
0.07581516735311675
0.0559245718342364
0.036123856489440595
0.022189101870736055
0.012578464900368099
0.459905126797734
0.3351053458107753
0.24065760109179554
0.17009340821331995
0.11803071068726283
0.08009310332327323
0.05879452344847048
0.03769933309736975
0.022949834939754693
0.012853966023665234
0.4922122886841827
0.3572092480837204
0.2554819254309651
0.17980555299888856
0.12420225670403057
0.08386546278435512
0.06131245859631547
0.03907062148568672
0.023605074832195736
0.01308723846848997
0.5218330535100367
0.3773985581339596
0.26896849430722974
0.18860098375911
0.1297683092625793
0.08725058790238048
0.06356236081341365
0.040287787430181056
0.024181786879844177
0.013289699639475737
0.5492707838003007
0.39603853615361984
0.28137760195051426
0.19666470065511163
0.13485141656148636
0.09032859032184572
0.06560066907455984
0.0413843018773133
0.024697543837731924
0.013467019740767012
0.5748914226655842
0.4133940714369161
0.29289711693041226
0.2041271445895931
0.13954185900111232
0.09315633061537196
0.06746726060438507
0.04238348455675007
0.02516464717077083
0.013629384327267792
0.5989712574388174
0.4296641570094331
0.30366745769641906
0.21108385500094623
0.14389896391974025
0.09577582171571915
0.06919149211964534
0.04330244038481032
0.02559189229959921
0.013775110614171636
0.621724594789198
0.4450024580233147
0.31379672746428017
0.21761105426024502
0.14797508255110153
0.09821890250748895
0.07079546908472209
0.04415400007596017
0.0259858772322839
0.013908564332808265
0.6433213049542454
0.459530602122264
0.32337554770044397
0.22376386314703134
0.15180905817849863
0.1005104771482443
0.07229658065515164
0.04494809989625074
0.026351697560062927
0.014031679273106733
0.6638923752745406
0.47334656303242284
0.3324617480982605
0.2295936729802761
0.1554279381131607
0.10267042509316976
0.07370844086888745
0.04569252478899698
0.026693295944739084
0.014146016306113528