# datat/BKevo/ATAN_BKevo/atan16.dat
# N(r,Y=0), r, *FL(x,Q^2)
# 1e-05 < r < 100.0
# 1 < Q^2 < 50, n=15, log grid
# 1e-5 < x < 1e-2, n=10, log grid
###
1.221647490637583e-10
1.5830949507878318e-10
2.0563410213709867e-10
2.6691585102194273e-10
3.4596164762071937e-10
4.491654781350891e-10
5.831600061384499e-10
7.560231145607396e-10
9.810720669660125e-10
1.2740480404288606e-09
1.6520688213451282e-09
2.142784659797225e-09
2.783353559010347e-09
3.609997969091872e-09
4.679926003963951e-09
6.080443247905982e-09
7.888080880154963e-09
1.0220732967468524e-08
1.3282694327842597e-08
1.7235390891292848e-08
2.2332751485211282e-08
2.9014893177877942e-08
3.765790120404978e-08
4.880555086627886e-08
6.337812836543647e-08
8.227655152576463e-08
1.0665529119023523e-07
1.3843351714372143e-07
1.797549437339293e-07
2.330674445339785e-07
3.0236134874869574e-07
3.92708403068705e-07
5.092917737469567e-07
6.603804905338037e-07
8.579143288169365e-07
1.112851861908643e-06
1.4422644136286464e-06
1.8741390211893915e-06
2.43160763753799e-06
3.1504663012870825e-06
4.0939600231317785e-06
5.312939371220102e-06
6.885058872493983e-06
8.94270729482217e-06
1.160810024139951e-05
1.5046190151773021e-05
1.9533391434190702e-05
2.5361323657720748e-05
3.2879937006389825e-05
4.266471023089956e-05
5.540721051939726e-05
7.184885361711626e-05
9.31839154821876e-05
0.00012104372224511147
0.00015699669005771766
0.00020351223331191177
0.00026442038366090764
0.0003430332324703283
0.0004444351191347073
0.0005775791621766601
0.0007494442569395834
0.0009710592378158239
0.0012614167138447676
0.0016370180783768912
0.002121327918517206
0.0027538985741765204
0.0035740099984055093
0.004631113893763858
0.006006853472849399
0.0077933046405309165
0.01009327433753158
0.013072096014779249
0.016939454903110805
0.0219017066318118
0.028278701526832328
0.03651692374868179
0.046993161353012805
0.06025854932602815
0.07710931837107962
0.09806953872870969
0.12384464627003419
0.15519591750604472
0.19239496158352243
0.2356118499206691
0.2841841984994255
0.33731798276525066
0.39397032738438087
0.45164526709122055
0.5088253241257275
0.5647231923627754
0.6171528687811224
0.6650655782593058
0.709192219625807
0.7487170560302966
0.7830025023792115
0.8135950489249846
0.8404941790728087
0.8631203567214636
0.8830095417903385
0.9004275658420022
###
1e-05
1.1768119524349992e-05
1.3848863713938717e-05
1.6297508346206434e-05
1.917910261672489e-05
2.2570197196339216e-05
2.656087782946684e-05
3.1257158496882356e-05
3.678379771828634e-05
4.328761281083062e-05
5.0941380148163754e-05
5.994842503189409e-05
7.054802310718646e-05
8.302175681319735e-05
9.770099572992247e-05
0.00011497569953977356
0.00013530477745798074
0.00015922827933410923
0.0001873817422860383
0.00022051307399030456
0.00025950242113997375
0.0003053855508833416
0.00035938136638046257
0.0004229242874389499
0.0004977023564332109
0.0005857020818056661
0.0006892612104349695
0.0008111308307896872
0.0009545484566618337
0.0011233240329780276
0.0013219411484660286
0.0015556761439304723
0.0018307382802953678
0.002154434690031882
0.0025353644939701114
0.0029836472402833374
0.003511191734215131
0.004132012400115334
0.004862601580065354
0.005722367659350214
0.006734150657750821
0.007924828983539169
0.0093260334688322
0.010974987654930556
0.01291549665014884
0.01519911082952933
0.01788649529057435
0.0210490414451202
0.02477076355991709
0.029150530628251757
0.034304692863149154
0.040370172585965536
0.047508101621027934
0.05590810182512223
0.06579332246575675
0.0774263682681127
0.09111627561154886
0.10722672220103231
0.1261856883066021
0.14849682622544635
0.1747528400007683
0.20565123083486514
0.24201282647943834
0.2848035868435799
0.3351602650938841
0.3944206059437656
0.46415888336127725
0.5462277217684337
0.642807311728432
0.7564633275546291
0.8902150854450375
1.0476157527896641
1.232846739442066
1.4508287784959402
1.7073526474706886
2.009233002565046
2.364489412645407
2.782559402207126
3.274549162877725
3.8535285937105273
4.534878508128582
5.3366992312063015
6.280291441834247
7.390722033525775
8.697490026177835
10.235310218990248
12.045035402587812
14.174741629268048
16.68100537200059
19.630406500402685
23.10129700083158
27.1858824273294
31.992671377973846
37.64935806792464
44.30621457583877
52.14008287999685
61.35907273413163
72.20809018385457
84.97534359086438
100.0
###
0.10129103677621609
0.08200271555744461
0.06546909675979436
0.051578723372595926
0.04011309489230062
0.030785540232086153
0.025016074359202604
0.018716778129882886
0.0137588226671688
0.009891792357378706
0.2748352860924363
0.2124462844769176
0.1619691558444073
0.1217941560779989
0.09029520700853418
0.06591614220795644
0.05147003143633916
0.036348326905950364
0.02501586167053743
0.01662278071215092
0.3811230114083782
0.2896084205527157
0.21707242029831816
0.16045584152815867
0.1168745743466952
0.08375098575907623
0.0644377276664884
0.04453812387624528
0.029910742007073682
0.019298490448134104
0.4633374335331023
0.3484557493004845
0.2584877159548316
0.18906975648266894
0.1362338540126945
0.09652418913125213
0.07359328445532966
0.0502034034002012
0.03321601402366168
0.021053518402289355
0.5321824552576179
0.39727239456663943
0.2925087192005549
0.21235779369264762
0.1518354841006569
0.10670792824478555
0.08083146062011944
0.054625874367037856
0.03575979025047184
0.02238223128594342
0.5922431791236851
0.43954881983094285
0.3217862832054069
0.23225636849667786
0.1650667401607194
0.11528200113814187
0.08688788186273573
0.05829377608609095
0.03784905324526368
0.023461914280414192
0.6459332195640622
0.4771629499012984
0.34769694993089495
0.24977368989732698
0.17665379493057717
0.12273986506660046
0.09213351140847972
0.061449297043757865
0.039633470305242224
0.024376964887304217
0.6947940634959395
0.5112452806835595
0.37108100535931593
0.26550922471651284
0.18701462709278133
0.12937877882338972
0.09678385552300744
0.06423174306231012
0.041197770434334216
0.025174453913185704
0.7398187925121958
0.5425392044851929
0.39246873941816973
0.2798525804260745
0.19642243436418982
0.135382864286813
0.10097633733978655
0.06672887786921052
0.04259508207933063
0.02588353063441338
0.7817075895152629
0.5715637103381677
0.4122438543349246
0.29307572189999104
0.2050648686199872
0.14088223559950352
0.10480407881164963
0.06899998739127447
0.04386087843936954
0.026523453776260492
0.8209736097918975
0.5986972862876242
0.4306803463163042
0.3053663641813678
0.21307768017298007
0.14596227100665482
0.10833291798076945
0.07108706669125589
0.04502013361636242
0.027107664242927924
0.858005887470815
0.6242207273837144
0.4479842924689199
0.31687349401871384
0.22055935570962895
0.15069363684497777
0.11161318689617902
0.07302113608139209
0.04609115985055087
0.02764596058880721
0.8931074752216425
0.6483658801966452
0.4643150016531007
0.3277093560394109
0.22758837059088846
0.15512804774691083
0.114681097408254
0.07482564098387012
0.04708780872799775
0.02814569758571143
0.9265198783255272
0.6713040158085073
0.4797986877299557
0.3379623398698459
0.2342240000573473
0.1593053612357246
0.11756696676033036
0.07651888586423371
0.04802080443277344
0.028612561870082025
0.9584389657760055
0.6931776982642965
0.49453711272515183
0.3477038947891455
0.2405226298821923
0.16326022711889002
0.12029391789629026
0.07811551974776265
0.0488986247379659
0.029051032043418464