# datat/BKevo/ATAN_BKevo/atan3.dat
# N(r,Y=0), r, *FL(x,Q^2)
# 1e-05 < r < 100.0
# 1 < Q^2 < 50, n=15, log grid
# 1e-5 < x < 1e-2, n=10, log grid
###
6.340975208477061e-06
7.224653640018589e-06
8.228278029037016e-06
9.372331362710147e-06
1.0678060036350195e-05
1.2162414494820265e-05
1.3852934306612407e-05
1.578229602854715e-05
1.797766454826789e-05
2.0475687097063727e-05
2.332655053262538e-05
2.6573538266684406e-05
3.02647975167714e-05
3.4477310163169984e-05
3.927969850742943e-05
4.473419737166979e-05
5.0958749067053714e-05
5.806167564182461e-05
6.612171727766885e-05
7.531936991969537e-05
8.581727496901125e-05
9.773524507163349e-05
0.00011132613840707992
0.00012683787581552555
0.0001444644222056398
0.0001645470753271589
0.00018746737409788732
0.00021353704553025066
0.00024321242364937136
0.0002770798456850477
0.00031563720541034646
0.00035948760301647044
0.00040953091538614353
0.00046655816475418594
0.0005313548690314084
0.0006053004126419293
0.0006896457296460552
0.0007853947658442304
0.000894659501047647
0.0010193724019326251
0.0011608976678782305
0.0013223521396481064
0.001506627919480413
0.0017159414841695934
0.00195451496141499
0.0022268020695443255
0.0025363757632234623
0.002888905842429152
0.0032912407601884287
0.003749101952770584
0.004270022979341848
0.004864520243496434
0.005541703593983117
0.0063114516887061165
0.007189892640468482
0.008191459928920116
0.00932888971595228
0.010626885937369136
0.012108217135511488
0.013788935886004806
0.015706835695523905
0.017895808473915156
0.020381095047363285
0.023214787376735553
0.026448772781703166
0.03012376726267277
0.03430984786656621
0.03908665041507803
0.0445191636799775
0.05070029201671264
0.05775162223947396
0.06577543638538899
0.0748914954864632
0.08528342191094689
0.09710836986669663
0.11051020284299211
0.1257592732984523
0.14308545126023092
0.1626239454460096
0.1847488884745723
0.20974509171282116
0.23764162726122162
0.2688369812512682
0.30353826962465125
0.3414143731659183
0.38254066129156833
0.4267721071907161
0.47295434514084655
0.5203809760913424
0.5685398316457595
0.6156572185552849
0.6604642709185543
0.7030233452932899
0.7421618830888418
0.7768284368553293
0.8081478631364255
0.8359158010026342
0.8593877203229947
0.8800482789447405
0.8981356332677073
###
1e-05
1.1768119524349992e-05
1.3848863713938717e-05
1.6297508346206434e-05
1.917910261672489e-05
2.2570197196339216e-05
2.656087782946684e-05
3.1257158496882356e-05
3.678379771828634e-05
4.328761281083062e-05
5.0941380148163754e-05
5.994842503189409e-05
7.054802310718646e-05
8.302175681319735e-05
9.770099572992247e-05
0.00011497569953977356
0.00013530477745798074
0.00015922827933410923
0.0001873817422860383
0.00022051307399030456
0.00025950242113997375
0.0003053855508833416
0.00035938136638046257
0.0004229242874389499
0.0004977023564332109
0.0005857020818056661
0.0006892612104349695
0.0008111308307896872
0.0009545484566618337
0.0011233240329780276
0.0013219411484660286
0.0015556761439304723
0.0018307382802953678
0.002154434690031882
0.0025353644939701114
0.0029836472402833374
0.003511191734215131
0.004132012400115334
0.004862601580065354
0.005722367659350214
0.006734150657750821
0.007924828983539169
0.0093260334688322
0.010974987654930556
0.01291549665014884
0.01519911082952933
0.01788649529057435
0.0210490414451202
0.02477076355991709
0.029150530628251757
0.034304692863149154
0.040370172585965536
0.047508101621027934
0.05590810182512223
0.06579332246575675
0.0774263682681127
0.09111627561154886
0.10722672220103231
0.1261856883066021
0.14849682622544635
0.1747528400007683
0.20565123083486514
0.24201282647943834
0.2848035868435799
0.3351602650938841
0.3944206059437656
0.46415888336127725
0.5462277217684337
0.642807311728432
0.7564633275546291
0.8902150854450375
1.0476157527896641
1.232846739442066
1.4508287784959402
1.7073526474706886
2.009233002565046
2.364489412645407
2.782559402207126
3.274549162877725
3.8535285937105273
4.534878508128582
5.3366992312063015
6.280291441834247
7.390722033525775
8.697490026177835
10.235310218990248
12.045035402587812
14.174741629268048
16.68100537200059
19.630406500402685
23.10129700083158
27.1858824273294
31.992671377973846
37.64935806792464
44.30621457583877
52.14008287999685
61.35907273413163
72.20809018385457
84.97534359086438
100.0
###
0.30425939283844955
0.26709019185142296
0.22565769318718312
0.18330614462325362
0.1433779746911203
0.10840790848839714
0.08612942651063446
0.0619275890062526
0.04352087364760614
0.030011487105862864
1.2394332857405064
1.0341543250815515
0.829165105653161
0.6396712195811404
0.4765830826979825
0.344614231684349
0.26558757067933003
0.1841056657531079
0.12522446744399504
0.08386017314315704
2.0360902545201087
1.6641400536604631
1.307437734139463
0.9895747380294333
0.7246416749679432
0.5160217258723427
0.3935787436867891
0.2696515313615994
0.18158158841563818
0.12054689910911642
2.7608507509795768
2.227201444588756
1.727986250910926
1.2928402662615608
0.9370152338796581
0.6612276959530319
0.5013885156630318
0.3411954392858801
0.22844650973520206
0.15094735351984667
3.4372073011378523
2.746679878128697
2.1119233863579727
1.5671996573917693
1.1276937699712517
0.7908263762342608
0.5972233128398209
0.4045352868889551
0.2698196915492587
0.1777212141621318
4.077591146162978
3.234183100305568
2.4695399805136855
1.8211010774895597
1.3031991163920316
0.909577567434701
0.6848223805622711
0.46227009303308075
0.3074423319959757
0.20204024182382302
4.68926828828807
3.6968326660921793
2.8068424062629673
2.0593802423076792
1.467243424380879
1.020235668216802
0.7662654990798693
0.5158407543350438
0.3423084391080836
0.22455090465711827
5.277544741542007
4.138604531114706
3.1278120456234766
2.2851985918282565
1.6221928549082318
1.1244668545492296
0.8428876509341179
0.5661494081366961
0.37501266096868685
0.2456491734517597
5.8457258168075885
4.564521409626965
3.4351832140774565
2.500711281075724
1.7696492913215225
1.2234718893454628
0.9155633267485318
0.6138064307279251
0.4059633140860965
0.2656035565748552
6.396279759160198
4.975255644404558
3.730973880076341
2.7075201269670557
1.9108571036118605
1.3180828256283323
0.984938849748907
0.65924897616329
0.43546517859282285
0.2846054829508671
6.931962192524102
5.3732530130471705
4.016699844514849
2.906805513827616
2.046646618813852
1.4089319507732432
1.0514948688964483
0.7028032361167447
0.46371102604452163
0.302797126246625
7.454542277971588
5.759296597830562
4.293631896633228
3.099509726455954
2.177711108662543
1.4965089080280238
1.115602577993158
0.7447206013120741
0.4908792162286642
0.32028787263511543
7.964593333651755
6.135934448039279
4.562709527547241
3.2863824527811816
2.304619258615171
1.5812633140967898
1.1775558338680492
0.7851999802702323
0.517101616628779
0.33716400030836186
8.463319291180806
6.504252492344901
4.824731419389726
3.4680327612140776
2.4278050575935497
1.6633516914422724
1.2375919224018037
0.8243917853521453
0.5424822733656138
0.35349503134764143
8.952257753438252
6.863584643547306
5.080451410583019
3.6449715780045637
2.5476519679456193
1.7431707510523016
1.2959048001735889
0.8624527615287327
0.5671135342228254
0.3693380066129572