# datat/BKevo/ATAN_BKevo/atan39.dat
# N(r,Y=0), r, *FL(x,Q^2)
# 1e-05 < r < 100.0
# 1 < Q^2 < 50, n=15, log grid
# 1e-5 < x < 1e-2, n=10, log grid
###
2.2979049394905942e-05
2.6181410176944424e-05
2.9818442912567867e-05
3.396437586455917e-05
3.869620380915212e-05
4.407535343496107e-05
5.020162533790652e-05
5.719343603726272e-05
6.514922832360172e-05
7.420180803665105e-05
8.453304724545352e-05
9.629980063270878e-05
0.00010967654881857559
0.0001249422663089912
0.0001423456333460853
0.0001621121825950356
0.00018466932499674375
0.00021040960863582465
0.00023961837991566548
0.0002729497377798242
0.0003109930781133655
0.0003541825897294601
0.0004034346049245707
0.00045964756355660447
0.0005235243746076646
0.0005963018662688994
0.0006793626965595437
0.0007738365320134392
0.000881377080097017
0.001004109166450238
0.0011438371057685027
0.0013027464691064189
0.0014840983154703032
0.0016907592227057933
0.0019255758163793147
0.002193546832633079
0.002499205506261938
0.002846189986456218
0.0032421538243135833
0.0036940999966831355
0.0042069720273971
0.004792064835670512
0.005459858769108126
0.006218385380611135
0.007082944395782836
0.008069674336786117
0.009191520493256998
0.010469026075703176
0.011927004167741008
0.013586178525554238
0.015473834840128022
0.017628064176333773
0.020081842253724107
0.022870904166188095
0.02605362226481512
0.029682164715750563
0.03380241563742668
0.03850361431911774
0.04386777226658958
0.04995192713267324
0.056891946553568204
0.06480870721314264
0.07378938042652738
0.0840181435902371
0.09567556580661088
0.10889332480647357
0.12390602424778818
0.14097410451386358
0.16027580483057688
0.18206887846667502
0.2066918534547025
0.2343194254040549
0.2650853983777101
0.2993199665821124
0.3370004162483238
0.37767420374772653
0.42145311392739015
0.4678032981946129
0.5149404804884369
0.5628663877140727
0.6106250392914272
0.6555386274592047
0.6981464080379197
0.7379502325276519
0.7731640374649444
0.8046498307268994
0.8328180282254374
0.8569733975863185
0.8777847980466518
0.8960196426970116
0.9115245275736724
0.9245993211674182
0.935962990392986
0.945649563859312
0.9537063941674467
0.9606902451746272
0.9666835892401716
0.9716164821312752
0.9758897040782581
0.9795866664873806
###
1e-05
1.1768119524349992e-05
1.3848863713938717e-05
1.6297508346206434e-05
1.917910261672489e-05
2.2570197196339216e-05
2.656087782946684e-05
3.1257158496882356e-05
3.678379771828634e-05
4.328761281083062e-05
5.0941380148163754e-05
5.994842503189409e-05
7.054802310718646e-05
8.302175681319735e-05
9.770099572992247e-05
0.00011497569953977356
0.00013530477745798074
0.00015922827933410923
0.0001873817422860383
0.00022051307399030456
0.00025950242113997375
0.0003053855508833416
0.00035938136638046257
0.0004229242874389499
0.0004977023564332109
0.0005857020818056661
0.0006892612104349695
0.0008111308307896872
0.0009545484566618337
0.0011233240329780276
0.0013219411484660286
0.0015556761439304723
0.0018307382802953678
0.002154434690031882
0.0025353644939701114
0.0029836472402833374
0.003511191734215131
0.004132012400115334
0.004862601580065354
0.005722367659350214
0.006734150657750821
0.007924828983539169
0.0093260334688322
0.010974987654930556
0.01291549665014884
0.01519911082952933
0.01788649529057435
0.0210490414451202
0.02477076355991709
0.029150530628251757
0.034304692863149154
0.040370172585965536
0.047508101621027934
0.05590810182512223
0.06579332246575675
0.0774263682681127
0.09111627561154886
0.10722672220103231
0.1261856883066021
0.14849682622544635
0.1747528400007683
0.20565123083486514
0.24201282647943834
0.2848035868435799
0.3351602650938841
0.3944206059437656
0.46415888336127725
0.5462277217684337
0.642807311728432
0.7564633275546291
0.8902150854450375
1.0476157527896641
1.232846739442066
1.4508287784959402
1.7073526474706886
2.009233002565046
2.364489412645407
2.782559402207126
3.274549162877725
3.8535285937105273
4.534878508128582
5.3366992312063015
6.280291441834247
7.390722033525775
8.697490026177835
10.235310218990248
12.045035402587812
14.174741629268048
16.68100537200059
19.630406500402685
23.10129700083158
27.1858824273294
31.992671377973846
37.64935806792464
44.30621457583877
52.14008287999685
61.35907273413163
72.20809018385457
84.97534359086438
100.0
###
0.37322642760185254
0.35778228570327847
0.3355749335210048
0.30631520698069215
0.27112293492486184
0.23229754487368276
0.20258189491590486
0.16448812596406703
0.13010053856775522
0.10069949487124887
1.7088889333766888
1.5868709886419046
1.4296406083195132
1.244389228119038
1.0447167167304683
0.8462745675753216
0.7069382923737273
0.5418738110668976
0.4048259448161919
0.2960433668269679
2.9610958292011893
2.7068791937717975
2.3935551327308278
2.0409139339699736
1.6764864736005016
1.3285029093390706
1.0917898327147602
0.8193082414060077
0.5997470765638855
0.4298049208781383
4.159917176153222
3.7619893289034176
3.2857941721564035
2.764168087068272
2.239602737111328
1.7505939040731786
1.4244309422905574
1.0553747743016209
0.763071963911327
0.5405485581168338
5.319006467316022
4.770557947135208
4.1280517547552416
3.4383526265344426
2.758030279818841
2.1347853851359884
1.7248084865083584
1.2665114325907156
0.9081184057579105
0.6379880337193488
6.4462556955274195
5.742735545471836
4.932220081589718
4.075970170276601
3.24389730183701
2.4918467818844747
2.0023922724823815
1.4603173176976585
1.0403932193930463
0.7264967818550945
7.546861286815304
6.685139512529038
5.705733968859039
4.684659357669253
3.704394189960462
2.828070285427569
2.262606119179414
1.6410802850658832
1.1632217176835618
0.8083571144756987
8.624513994250737
7.6021400008486175
6.453636278904277
5.269473764197471
4.144267473643746
3.147541376765768
2.508998210669132
1.8115058263722643
1.2786371021542133
0.8850524645763339
9.682067125481007
8.497125438469649
7.179618165858376
5.834137216765857
4.56638854667728
3.453109601367996
2.743975112084085
1.9735019873078943
1.3880190369388974
0.9575680112399823
10.721587097248955
9.37291324524812
7.8864797300821
6.381375970043116
4.974680982598953
3.7468644400437325
2.9693109108560756
2.1283950849019746
1.4923550179428433
1.0266051940261671
11.744868809830342
10.231276261915845
8.576367357605186
6.913312961374597
5.369585482312688
4.030385164424631
3.1862626965388725
2.2772041799561498
1.5923901844459838
1.0926852962720488
12.752901596202003
11.07399401821075
9.251106499911202
7.431646826282725
5.753120818628116
4.304938860321394
3.3959913714597136
2.4207155787614063
1.68869105093936
1.1562082552600397
13.747740428410834
11.90245096975795
9.912172985420911
7.937759447848176
6.126491497997659
4.571518891629204
3.5993222914777383
2.5595546712126187
1.7817092530784042
1.2174898616658951
14.729997763186633
12.71781359343019
10.560602304642527
8.432780757140646
6.490699822422025
4.8309665724044955
3.796924228643557
2.6941901339091117
1.8717977987479755
1.2767843926669649
15.700552589392819
13.521077947636108
11.197607775541927
8.917716882598903
6.846583283582033
5.083901042306162
3.989259248796674
2.825114793236372
1.9592723479806025
1.3343003342213104