# datat/BKevo/ATAN_BKevo/atan12.dat
# N(r,Y=0), r, *FL(x,Q^2)
# 1e-05 < r < 100.0
# 1 < Q^2 < 50, n=15, log grid
# 1e-5 < x < 1e-2, n=10, log grid
###
1.1040279079170698e-05
1.2578852591871658e-05
1.4326264146265057e-05
1.631817669440175e-05
1.8591582359095258e-05
2.1175993578991732e-05
2.4119359527816912e-05
2.7478573395461852e-05
3.130093199840156e-05
3.5650241872313084e-05
4.0613883411652985e-05
4.6267217413332484e-05
5.2694073052007254e-05
6.0028483566132146e-05
6.838992732218032e-05
7.788676143893532e-05
8.872433540710388e-05
0.00010109124886668573
0.00011512459643620554
0.00013113863980853348
0.00014941655410947234
0.00017016694526998552
0.0001938300649491923
0.0002208375683977504
0.0002515271681292011
0.00028649309803109406
0.00032639965592964096
0.0003717895900496019
0.0004234574240377945
0.00048242403025386806
0.0005495562920042427
0.0006259042675482706
0.0007130347333411258
0.0008123249387086023
0.0009251425490813485
0.0010538892114683167
0.0012007429271873407
0.0013674516645014315
0.001557692590897118
0.0017748303211234267
0.002021240052484861
0.00230234850824816
0.0026231911106493356
0.0029876269258728902
0.003403007055012919
0.0038770857939807507
0.0044160838539254645
0.005029872715678269
0.005730375927392141
0.006527554478755876
0.007434524147477686
0.008469593895679492
0.0096486226419304
0.010988806274383294
0.01251822100484277
0.01426198873076832
0.01624226814361234
0.018502054141204857
0.021080959022290464
0.024006863623464367
0.02734550445218004
0.03115577352153879
0.035481358054009024
0.040412676879934065
0.04603961784061295
0.05243210419418691
0.0597109593429602
0.06801309644678397
0.07744809127274291
0.08817268456324817
0.10039194154727389
0.11427091758216011
0.12999732390063093
0.14786615288956864
0.16810502150412482
0.190881354604578
0.21657873427498742
0.24544627495521837
0.2774168649299197
0.31287631076623046
0.3518874820606846
0.39366331067688787
0.4382984015810609
0.48530762858888327
0.5328653523292721
0.5805133516758108
0.6275614485399215
0.6719281819534797
0.7131597838416621
0.7514038982392568
0.7855481134219383
0.8154461083782129
0.8420964932169847
0.8652726786360668
0.8848484081450007
0.9019781646103419
0.9167824340328941
0.9290336769835132
0.9396790835328926
0.9489086182778624
###
1e-05
1.1768119524349992e-05
1.3848863713938717e-05
1.6297508346206434e-05
1.917910261672489e-05
2.2570197196339216e-05
2.656087782946684e-05
3.1257158496882356e-05
3.678379771828634e-05
4.328761281083062e-05
5.0941380148163754e-05
5.994842503189409e-05
7.054802310718646e-05
8.302175681319735e-05
9.770099572992247e-05
0.00011497569953977356
0.00013530477745798074
0.00015922827933410923
0.0001873817422860383
0.00022051307399030456
0.00025950242113997375
0.0003053855508833416
0.00035938136638046257
0.0004229242874389499
0.0004977023564332109
0.0005857020818056661
0.0006892612104349695
0.0008111308307896872
0.0009545484566618337
0.0011233240329780276
0.0013219411484660286
0.0015556761439304723
0.0018307382802953678
0.002154434690031882
0.0025353644939701114
0.0029836472402833374
0.003511191734215131
0.004132012400115334
0.004862601580065354
0.005722367659350214
0.006734150657750821
0.007924828983539169
0.0093260334688322
0.010974987654930556
0.01291549665014884
0.01519911082952933
0.01788649529057435
0.0210490414451202
0.02477076355991709
0.029150530628251757
0.034304692863149154
0.040370172585965536
0.047508101621027934
0.05590810182512223
0.06579332246575675
0.0774263682681127
0.09111627561154886
0.10722672220103231
0.1261856883066021
0.14849682622544635
0.1747528400007683
0.20565123083486514
0.24201282647943834
0.2848035868435799
0.3351602650938841
0.3944206059437656
0.46415888336127725
0.5462277217684337
0.642807311728432
0.7564633275546291
0.8902150854450375
1.0476157527896641
1.232846739442066
1.4508287784959402
1.7073526474706886
2.009233002565046
2.364489412645407
2.782559402207126
3.274549162877725
3.8535285937105273
4.534878508128582
5.3366992312063015
6.280291441834247
7.390722033525775
8.697490026177835
10.235310218990248
12.045035402587812
14.174741629268048
16.68100537200059
19.630406500402685
23.10129700083158
27.1858824273294
31.992671377973846
37.64935806792464
44.30621457583877
52.14008287999685
61.35907273413163
72.20809018385457
84.97534359086438
100.0
###
0.3420439244771582
0.31389903491413845
0.2787991076369369
0.23879460555886603
0.19704320543508633
0.15683157698107547
0.1293505712739499
0.0975270113302013
0.07164796205497313
0.05157438885569926
1.4765266916180535
1.2953773238787307
1.093982699860352
0.8884132749589656
0.6947153252128528
0.5248207255326053
0.41695572462493236
0.2999104371468673
0.21080986809000005
0.14544838251224992
2.4874110348447633
2.139531407341672
1.7695543956453965
1.4072784521528097
1.078508157296508
0.7995922655359721
0.6270815545429448
0.4439461522981965
0.30755361543810317
0.20940572971061305
3.4284320829841217
2.9111192041308853
2.3759542125049142
1.8650879960440792
1.4118958529146652
1.0350922153568263
0.8054162366870286
0.5649246780993413
0.38822271610300035
0.2623874964034483
4.320618865601557
3.6336865645037544
2.9369643480173298
2.283999965660357
1.7139612775167763
1.2466753175385927
0.9648441437646654
0.6724456951570844
0.45960982658982663
0.3090373067277526
5.175025649945698
4.319102461542874
3.4646009377249807
2.6747889268562877
1.9937824415203442
1.4415090975340044
1.1111037244862705
0.7706690798446765
0.5244595375751224
0.35140517270648036
5.998943583383319
4.975253814278935
3.9660818511504474
3.0438601922401474
2.2566134448190773
1.6237988777909578
1.2474523159119535
0.8619582063506867
0.5847521977560642
0.3906193187632039
6.797279505555776
5.606991916162806
4.44619946480621
3.3953567029446012
2.5059314791839404
1.7958435101363048
1.3759788747958623
0.947797220030499
0.6411508777082595
0.4273706088977869
7.573600999841758
6.218275216893754
4.908353644193615
3.7323626185966186
2.7438404715456035
1.95964693842729
1.498101324280408
1.0291987722041975
0.6946605184073618
0.4621275709207942
8.330625801156355
6.8115561405159575
5.35507397219502
4.0567395036167095
2.972309266612277
2.1166033776559825
1.614851683246965
1.1068855975688363
0.7456446749843213
0.495224159325423
9.070434585800012
7.389071908533107
5.78831198213416
4.3703730867458335
3.192558370530876
2.267521161720928
1.726997205278113
1.1813998091386535
0.7944920876103935
0.5269083369971828
9.795421457111583
7.952536768071709
6.209607380995744
4.674589607676572
3.4056071144975326
2.4131130768755273
1.8351358234289483
1.2531596872598234
0.8414882129917327
0.5573710027731327
10.506148397934034
8.503340414516058
6.620215170318673
4.9702341639852134
3.6122716029166138
2.554308174224625
1.9397417528621925
1.3224999368071526
0.8868589630886153
0.5867625074505757
11.204074448177176
9.042647565135317
7.021171773567851
5.258250206423301
3.813218185506948
2.691144204273135
2.0411158432445715
1.389682699748783
0.9307812448510709
0.6152041417434491
11.890278020420256
9.571437667588654
7.413338584758896
5.53919951733221
4.009012535111359
2.8243922427179387
2.1397230726433794
1.4549156673872554
0.9734055235979618
0.6427952657580682