# datat/BKevo/GBW_BKevo/gbw80.dat
# N(r,Y=0), r, *FL(x,Q^2)
# 1e-05 < r < 100.0
# 1 < Q^2 < 50, n=15, log grid
# 1e-5 < x < 1e-2, n=10, log grid
###
0.0
0.0
0.0
0.0
0.0
0.0
0.0
0.0
0.0
0.0
0.0
1.166895074772187e-17
1.110223024625157e-16
1.110223024625157e-16
2.285223061744306e-16
4.1396208003937283e-16
7.066611917065136e-16
1.2304710395682208e-15
2.349218155077752e-15
4.161542167905786e-15
7.335008462233552e-15
1.3382744498108664e-14
2.4044256400405634e-14
4.274543758283576e-14
7.74280784494544e-14
1.39580035300367e-13
2.4839692180706686e-13
4.481465786080925e-13
8.104305264416178e-13
1.4448854536106996e-12
2.5942215946188585e-12
4.702908380919087e-12
8.401484498084249e-12
1.5009429838170407e-11
2.728168486938485e-11
4.8837206153675384e-11
8.679886660693582e-11
1.5820275935971203e-10
2.8380424630339354e-10
5.028125393429219e-10
9.170470578822256e-10
1.6487594281376504e-09
2.926230988611472e-09
5.313702547039926e-09
9.575488721512579e-09
1.7025616022721794e-08
3.0776825822751416e-08
5.5593623852400916e-08
9.903419883357978e-08
1.7818198038040528e-07
3.2265925641598567e-07
5.759063473531557e-07
1.0311192773242088e-06
1.8720292320620737e-06
3.3481005471269064e-06
5.964167888543156e-06
1.0857335052952591e-05
1.9458907130888356e-05
3.448047616229894e-05
6.294506400026115e-05
0.0001130557997883165
0.0002004885867546565
0.00036473255762446905
0.0006564966284471859
0.0011660546010767128
0.0021109832877869144
0.003805751899917811
0.006764052831097815
0.012160021441825281
0.021880640845595895
0.03868819176996236
0.06831236131988798
0.12017801807057896
0.20446292548624473
0.33517715865650566
0.5188420488145175
0.7279498804444559
0.9050707941295106
0.9813913984813584
0.9987160152897467
0.9999958741815805
0.9999999997065472
0.9999999999999991
1.0
1.0
1.0
1.0
1.0
1.0
1.0
1.0
1.0
1.0
1.0
1.0
1.0
1.0
1.0
1.0
1.0
###
1e-05
1.1768119524349992e-05
1.3848863713938717e-05
1.6297508346206434e-05
1.917910261672489e-05
2.2570197196339216e-05
2.656087782946684e-05
3.1257158496882356e-05
3.678379771828634e-05
4.328761281083062e-05
5.0941380148163754e-05
5.994842503189409e-05
7.054802310718646e-05
8.302175681319735e-05
9.770099572992247e-05
0.00011497569953977356
0.00013530477745798074
0.00015922827933410923
0.0001873817422860383
0.00022051307399030456
0.00025950242113997375
0.0003053855508833416
0.00035938136638046257
0.0004229242874389499
0.0004977023564332109
0.0005857020818056661
0.0006892612104349695
0.0008111308307896872
0.0009545484566618337
0.0011233240329780276
0.0013219411484660286
0.0015556761439304723
0.0018307382802953678
0.002154434690031882
0.0025353644939701114
0.0029836472402833374
0.003511191734215131
0.004132012400115334
0.004862601580065354
0.005722367659350214
0.006734150657750821
0.007924828983539169
0.0093260334688322
0.010974987654930556
0.01291549665014884
0.01519911082952933
0.01788649529057435
0.0210490414451202
0.02477076355991709
0.029150530628251757
0.034304692863149154
0.040370172585965536
0.047508101621027934
0.05590810182512223
0.06579332246575675
0.0774263682681127
0.09111627561154886
0.10722672220103231
0.1261856883066021
0.14849682622544635
0.1747528400007683
0.20565123083486514
0.24201282647943834
0.2848035868435799
0.3351602650938841
0.3944206059437656
0.46415888336127725
0.5462277217684337
0.642807311728432
0.7564633275546291
0.8902150854450375
1.0476157527896641
1.232846739442066
1.4508287784959402
1.7073526474706886
2.009233002565046
2.364489412645407
2.782559402207126
3.274549162877725
3.8535285937105273
4.534878508128582
5.3366992312063015
6.280291441834247
7.390722033525775
8.697490026177835
10.235310218990248
12.045035402587812
14.174741629268048
16.68100537200059
19.630406500402685
23.10129700083158
27.1858824273294
31.992671377973846
37.64935806792464
44.30621457583877
52.14008287999685
61.35907273413163
72.20809018385457
84.97534359086438
100.0
###
0.2037169640858941
0.18498438519692034
0.16783617199654952
0.15246748103836819
0.13896824130683955
0.12734613671061412
0.1198321361497017
0.11135432108598003
0.10455837748381505
0.09936595627578437
0.6145222992695399
0.5256639198069092
0.44707327013840426
0.3785230717787495
0.3192379876874437
0.2682450803722979
0.23482013670303703
0.19582126851676437
0.16224033398143078
0.1331255458699782
0.8766732128861853
0.7309204510250977
0.6045832661750676
0.4961039954074378
0.4036933946692892
0.32522292440407746
0.27426174508428275
0.21527911162526656
0.1646593680471833
0.12092096794610416
1.081408655949821
0.8871582912533778
0.72089484175821
0.5799209202074418
0.46118352759844283
0.36148021282403964
0.29735251426020837
0.2237673917776372
0.16146798268546006
0.1082422507170191
1.253404761516288
1.0162591411959603
0.8152618542984025
0.6464572795536259
0.5055759828665124
0.3884099804630307
0.3136979112507907
0.22874408500096324
0.15765539383373658
0.09774347598085013
1.4036133879515835
1.1277181006476469
0.8956556710088485
0.702248302015076
0.5421326106766475
0.410036466946318
0.32644194125084275
0.23216258938525197
0.15412312918879945
0.0892077236306839
1.5380412134949502
1.2264983618020544
0.9661955903374234
0.7506705329806334
0.5734284927500113
0.42822789790632027
0.3369529090736392
0.23477162391994338
0.15102206835576173
0.08219677259545416
1.6603630902958089
1.3157169798626982
1.029385636208664
0.7936665177157933
0.6009247131682997
0.44400519817704337
0.3459488352677469
0.23690649832377828
0.1483325435036298
0.07634943528576775
1.7730470403889071
1.3973902738291233
1.0868490242195794
0.8324669453938046
0.625534394197225
0.45798737504198017
0.3538508114065731
0.23873783628119608
0.1459978911000608
0.07139778658671922
1.87784008283015
1.4729351169143114
1.1396942532520926
0.8679262249814451
0.6478691308130083
0.47057767583057375
0.36091663052523343
0.24036136055919038
0.14396193691548104
0.06714886913557302
1.9760127794283908
1.5433783011883377
1.1887253586108761
0.900649167566782
0.6683589624610827
0.4820542890524365
0.3673283840697785
0.24183129756788224
0.1421753118492191
0.06345838913339241
2.068541426917821
1.6094947600297895
1.2345441909936792
0.9310841656062121
0.687319315249977
0.49261718439017743
0.37320597172863595
0.24318600822730965
0.1405975188208603
0.06021995091731448
2.1561862094958766
1.6718972174808773
1.2776141227760904
0.9595735597754463
0.7049884325960913
0.5024158634529705
0.37864726653973113
0.24445054978215186
0.13919541029848173
0.05735214468768591
2.2395540672030902
1.7310497304548365
1.318300528914225
0.9863853452859915
0.7215511896841608
0.5115652137138624
0.3837098452523099
0.2456404980251995
0.13794239673971775
0.05479256014034024
2.3191382934573506
1.787357808949469
1.3568970908362006
1.0117540539561614
0.7371540230410899
0.5201546237809194
0.38845746336337705
0.24676794247805767
0.13681655808800008
0.05249141249945516