# datat/BKevo/ATAN_BKevo/atan22.dat
# N(r,Y=0), r, *FL(x,Q^2)
# 1e-05 < r < 100.0
# 1 < Q^2 < 50, n=15, log grid
# 1e-5 < x < 1e-2, n=10, log grid
###
9.54929659641815e-07
1.1237726372008551e-06
1.3224690712768194e-06
1.556297409803299e-06
1.8314693933987668e-06
2.1552950726682178e-06
2.536377002536408e-06
2.9848387724600785e-06
3.512593943512433e-06
4.133662536759685e-06
4.864543480565374e-06
5.724652911026226e-06
6.736839969165608e-06
7.927993797241972e-06
9.329757859241312e-06
1.0979370561767263e-05
1.2920654506805258e-05
1.5205180656105656e-05
1.7893638333681604e-05
2.1057447461471384e-05
2.4780655857026803e-05
2.9162171995882536e-05
3.4318392554353646e-05
4.038629453150686e-05
4.75270740941477e-05
5.593042881753949e-05
6.581959707285681e-05
7.745728843215454e-05
9.115266265317402e-05
0.00010726954262623739
0.00012623607943327528
0.00014855612633635405
0.00017482262386097518
0.00020573335133805776
0.00024210946352608032
0.0002849173051734208
0.0003352940817152688
0.0003945780684166823
0.0004643441640273359
0.0005464457258437681
0.0006430637986376528
0.0007567650641761121
0.0008905700142215341
0.001048033167183089
0.0012333375219002372
0.0014514056476864926
0.001708030355262553
0.002010028642817381
0.002365422732456061
0.0027836527745205763
0.003275827622639424
0.003855020055869843
0.0045366123789023815
0.005338703888122001
0.006282593817652867
0.007393340269211597
0.00870041572097443
0.01023850656189525
0.012048406481788768
0.014178033435183124
0.016683807214803028
0.01963200973757037
0.02310028179827193
0.0271800326082464
0.031978429375921304
0.03762017083677605
0.044251694486778265
0.0520440537465575
0.06119307684816967
0.07192580160183298
0.08450610471210626
0.0992241929499155
0.11639867583587533
0.1364010205641906
0.15959857819327156
0.18630122043980793
0.21691249552932726
0.2517058758540941
0.29048781597998774
0.3334258018855617
0.3802467657905251
0.42935770145738883
0.4804686511154671
0.5325883824323088
0.5831147462066985
0.6316996688675163
0.6778439225721464
0.7196516286809211
0.757228083854467
0.7911938036888582
0.820850191009667
0.8463796459131043
0.8688841737398357
0.8882912103818932
0.9045856601982502
0.9187979038598614
0.9310556659966681
0.9411880002304819
0.9499896788838961
0.9576213918243491
###
1e-05
1.1768119524349992e-05
1.3848863713938717e-05
1.6297508346206434e-05
1.917910261672489e-05
2.2570197196339216e-05
2.656087782946684e-05
3.1257158496882356e-05
3.678379771828634e-05
4.328761281083062e-05
5.0941380148163754e-05
5.994842503189409e-05
7.054802310718646e-05
8.302175681319735e-05
9.770099572992247e-05
0.00011497569953977356
0.00013530477745798074
0.00015922827933410923
0.0001873817422860383
0.00022051307399030456
0.00025950242113997375
0.0003053855508833416
0.00035938136638046257
0.0004229242874389499
0.0004977023564332109
0.0005857020818056661
0.0006892612104349695
0.0008111308307896872
0.0009545484566618337
0.0011233240329780276
0.0013219411484660286
0.0015556761439304723
0.0018307382802953678
0.002154434690031882
0.0025353644939701114
0.0029836472402833374
0.003511191734215131
0.004132012400115334
0.004862601580065354
0.005722367659350214
0.006734150657750821
0.007924828983539169
0.0093260334688322
0.010974987654930556
0.01291549665014884
0.01519911082952933
0.01788649529057435
0.0210490414451202
0.02477076355991709
0.029150530628251757
0.034304692863149154
0.040370172585965536
0.047508101621027934
0.05590810182512223
0.06579332246575675
0.0774263682681127
0.09111627561154886
0.10722672220103231
0.1261856883066021
0.14849682622544635
0.1747528400007683
0.20565123083486514
0.24201282647943834
0.2848035868435799
0.3351602650938841
0.3944206059437656
0.46415888336127725
0.5462277217684337
0.642807311728432
0.7564633275546291
0.8902150854450375
1.0476157527896641
1.232846739442066
1.4508287784959402
1.7073526474706886
2.009233002565046
2.364489412645407
2.782559402207126
3.274549162877725
3.8535285937105273
4.534878508128582
5.3366992312063015
6.280291441834247
7.390722033525775
8.697490026177835
10.235310218990248
12.045035402587812
14.174741629268048
16.68100537200059
19.630406500402685
23.10129700083158
27.1858824273294
31.992671377973846
37.64935806792464
44.30621457583877
52.14008287999685
61.35907273413163
72.20809018385457
84.97534359086438
100.0
###
0.28711006113040327
0.2556852684824826
0.22216454708306496
0.18829708508803059
0.15583938713026999
0.12614265211251033
0.1061901703233992
0.08304363375658556
0.0638777090895873
0.048399844742616605
1.1130518562222262
0.9435030382454962
0.7790201274431066
0.627234279707976
0.4933588088844287
0.37992272008538586
0.3083195785169701
0.2298148751681833
0.16852355772927893
0.12167357724267705
1.7832696674265043
1.4814491802974288
1.1988772530917557
0.9466541565802774
0.7307732856820901
0.5527523318386517
0.44285040048787366
0.3246417609303805
0.2342255698457811
0.16642440502667627
2.3762041279240047
1.9490256968663413
1.5577321483855633
1.2154207182990744
0.9277127396870818
0.6942158742017893
0.5519581503634501
0.40069856677970095
0.2863964658655745
0.20164268354238954
2.9185549861474547
2.371898344118698
1.8788015539019587
1.4534625290475789
1.1005288482344027
0.8174045417730943
0.646441239400949
0.46612798783844805
0.33102218288514246
0.23162961826603531
3.4239198029830127
2.7625424350320076
2.173025768975349
1.670101399972854
1.256845929609174
0.9281589576328605
0.7310707959098643
0.5244606365957157
0.37066096554202776
0.258177100166719
3.9004050515587254
3.128407699100431
2.4469212897318373
1.8706458588010337
1.4008248769882508
1.0297443784246332
0.808467061797672
0.5776405134349839
0.40668776706543125
0.28225204742620796
4.353432338071096
3.474207390118539
2.7045983486401233
2.058436716370756
1.5351097363100261
1.1241807030706308
0.8802625390557284
0.6268372667968337
0.43994577661880446
0.3044383322017178
4.7867453765571515
3.8035709245226466
2.948933180157106
2.235892167226558
1.6615628645502296
1.21283475624842
0.9475352943667122
0.6728237534146166
0.47098239753045396
0.32512022000724755
5.203216169498497
4.118870540559969
3.1819730113433082
2.4045926832919204
1.7814412310432737
1.2967601754274203
1.0110666552830607
0.7161756014330901
0.5001948304268967
0.34456569193683695
5.605025340338904
4.422006141950784
3.405324908818633
2.5658318482648284
1.895756646896463
1.3764812182467379
1.071431899317793
0.7573068882273468
0.5279191723734478
0.36297348144622815
5.993896885056433
4.714469172843453
3.6202170181350755
2.7205934472503444
2.005239010890083
1.4527634288670668
1.1290562998654554
0.7965269141837876
0.5542774619478575
0.38049340374611074
6.3712507141327555
4.997457898590209
3.8276310872933395
2.869631040664359
2.110481471411882
1.525965131453484
1.184292224440883
0.8340706699529068
0.5794858748687413
0.3972431515297044
6.738159907470502
5.271953743672267
4.028369923094341
3.0135873208196227
2.2119630683963116
1.5964366996342922
1.2374531611546855
0.8701630815252269
0.6036942882977927
0.4133157389242591
7.095649965926853
5.538777153086173
4.223097733352034
3.152984729938303
2.310078297227505
1.6645077127401593
1.288735097766625
0.9049469827465858
0.6270194671305984
0.42878717938712