# datat/BKevo/ATAN_BKevo/atan35.dat
# N(r,Y=0), r, *FL(x,Q^2)
# 1e-05 < r < 100.0
# 1 < Q^2 < 50, n=15, log grid
# 1e-5 < x < 1e-2, n=10, log grid
###
2.454382283781521e-11
3.283676179496574e-11
4.408833375785149e-11
5.913069170855293e-11
7.913489689596432e-11
1.0617396604593666e-10
1.4244958360057129e-10
1.9070204334379296e-10
2.556742638886026e-10
3.4315199274977715e-10
4.59538529096887e-10
6.156447560939708e-10
8.265870911791084e-10
1.1073055447589623e-09
1.4823375790824756e-09
1.9909808893965342e-09
2.6680358309733422e-09
3.5689246015380993e-09
4.795363821005332e-09
6.428270578864255e-09
8.599104179288633e-09
1.1549193057988809e-08
1.5487260735445523e-08
2.0723816127909825e-08
2.781358227688141e-08
3.731063970866446e-08
4.994200437757771e-08
6.697874598825057e-08
8.988103186625598e-08
1.2034875855388012e-07
1.6128406892133077e-07
2.1651116954880136e-07
2.8999889791586406e-07
3.8834692029712365e-07
5.215177314157932e-07
6.987628760049564e-07
9.350217740770577e-07
1.256128146190603e-06
1.6836106156716841e-06
2.2518629843408143e-06
3.0253415224891324e-06
4.056311950455544e-06
5.427085459951163e-06
7.286009935244699e-06
9.77233007522971e-06
1.3078871283959307e-05
1.7546026476765155e-05
2.354184564627024e-05
3.151743777776217e-05
4.225118549526524e-05
5.67094068935093e-05
7.594585731195436e-05
0.00010173349812830146
0.00013659459788211562
0.00018298622455489944
0.0002449280211865172
0.0003289683311760789
0.0004408227321074486
0.000589551859250599
0.0007920634579359903
0.0010616029395575388
0.0014197764669926802
0.001905905690438565
0.002554492380439145
0.0034158662861084634
0.004579140199281961
0.006133982144739289
0.00819505176578116
0.010959125565265298
0.01465017135686411
0.019517085548756967
0.0259675147763281
0.034511538950296156
0.04562298773560189
0.060017980195977955
0.07860859410693422
0.10200857332560305
0.131007952833624
0.16631419726451002
0.20797629399146897
0.2558787641022018
0.3086370176284601
0.36529260856335
0.4244380971860913
0.48292763348613116
0.5399565215545483
0.5947325165885984
0.6449256937590878
0.6905087061981997
0.7321006484805712
0.7687793793572679
0.8006634367042994
0.8290044937985918
0.8536474123801835
0.8745066737091081
0.8928174232463273
0.9087052144859376
0.921917232113912
0.9334455507720567
0.9434817555680624
###
1e-05
1.1768119524349992e-05
1.3848863713938717e-05
1.6297508346206434e-05
1.917910261672489e-05
2.2570197196339216e-05
2.656087782946684e-05
3.1257158496882356e-05
3.678379771828634e-05
4.328761281083062e-05
5.0941380148163754e-05
5.994842503189409e-05
7.054802310718646e-05
8.302175681319735e-05
9.770099572992247e-05
0.00011497569953977356
0.00013530477745798074
0.00015922827933410923
0.0001873817422860383
0.00022051307399030456
0.00025950242113997375
0.0003053855508833416
0.00035938136638046257
0.0004229242874389499
0.0004977023564332109
0.0005857020818056661
0.0006892612104349695
0.0008111308307896872
0.0009545484566618337
0.0011233240329780276
0.0013219411484660286
0.0015556761439304723
0.0018307382802953678
0.002154434690031882
0.0025353644939701114
0.0029836472402833374
0.003511191734215131
0.004132012400115334
0.004862601580065354
0.005722367659350214
0.006734150657750821
0.007924828983539169
0.0093260334688322
0.010974987654930556
0.01291549665014884
0.01519911082952933
0.01788649529057435
0.0210490414451202
0.02477076355991709
0.029150530628251757
0.034304692863149154
0.040370172585965536
0.047508101621027934
0.05590810182512223
0.06579332246575675
0.0774263682681127
0.09111627561154886
0.10722672220103231
0.1261856883066021
0.14849682622544635
0.1747528400007683
0.20565123083486514
0.24201282647943834
0.2848035868435799
0.3351602650938841
0.3944206059437656
0.46415888336127725
0.5462277217684337
0.642807311728432
0.7564633275546291
0.8902150854450375
1.0476157527896641
1.232846739442066
1.4508287784959402
1.7073526474706886
2.009233002565046
2.364489412645407
2.782559402207126
3.274549162877725
3.8535285937105273
4.534878508128582
5.3366992312063015
6.280291441834247
7.390722033525775
8.697490026177835
10.235310218990248
12.045035402587812
14.174741629268048
16.68100537200059
19.630406500402685
23.10129700083158
27.1858824273294
31.992671377973846
37.64935806792464
44.30621457583877
52.14008287999685
61.35907273413163
72.20809018385457
84.97534359086438
100.0
###
0.1369063447143226
0.11504104505047719
0.09550054618434829
0.07838506388888988
0.0636470565487097
0.051142861815161554
0.04310743440642503
0.03400136476985938
0.026514580418502173
0.020409105201760265
0.38980076129750457
0.31152034552457747
0.24575189767452
0.19142191650246193
0.14718166437244004
0.11160557854205796
0.08978343746803176
0.06612085049469947
0.047615389657686226
0.03326145425887267
0.548572269932858
0.4300660602018886
0.3327498298907126
0.25405395897705985
0.19128283441839186
0.14181149835329454
0.11199281121193257
0.08022506786255601
0.0558914501452297
0.037429447722848536
0.6724078959324074
0.5209468868190733
0.39825470564851434
0.30032416797314304
0.2231923311629354
0.16315817820259734
0.12737043587104918
0.08966462002391998
0.06116901626100416
0.03986356079126323
0.776483708400113
0.596482936436007
0.45208925893935165
0.3378910758361248
0.24876031803086057
0.18000816486466206
0.13935345768136742
0.09686609276937577
0.06507642001580116
0.04156844580108325
0.8674638325772717
0.6619771806459203
0.49837647554700193
0.3699073178304306
0.2703367780553786
0.19408129511739491
0.14926889954458097
0.10273571148346104
0.0681944131571436
0.04287658085429234
0.9489631034524004
0.7203048378356594
0.5393074136723316
0.3980280092039336
0.2891531896542236
0.20624641821120324
0.15777832144634318
0.10771513478465278
0.07079710229377957
0.043936410686685926
1.023209565726562
0.7731420897801144
0.5762042452137939
0.4232372318737305
0.3059200542867433
0.21701210114391362
0.1652646260036337
0.11205461131710201
0.07303641922911353
0.04482698310727424
1.0916814949453806
0.8216568065219793
0.6099299250621794
0.4461682463839813
0.321091783405367
0.2266987974789499
0.17196859105479803
0.11591046054339704
0.07500483029134322
0.045595009828711605
1.1554215994105794
0.8666480762261249
0.6410855418706162
0.4672650334405005
0.3349891700213621
0.23553294963099852
0.17805320856735746
0.11938680256011665
0.0767638190950794
0.04627046549205331
1.2151965497667239
0.9087021426299621
0.6701071042580394
0.4868462429903177
0.34783790510716645
0.24366115582844716
0.1836340335491339
0.12255685815903929
0.07835544868091125
0.04687343979371103
1.2715892192381406
0.9482597176351377
0.6973230105095888
0.5051505648779405
0.3598073826224719
0.25120415327470086
0.1887962120418171
0.12547410061597702
0.07981022413277139
0.0474181180425587
1.3250546317482361
0.9856648288417876
0.7229875342158398
0.5223618192500992
0.371028500829659
0.25825036469123064
0.19360433283198056
0.12817845453856358
0.08115096289354079
0.04791495031865082
1.3759558746350373
1.0211911119183925
0.7473019035155198
0.5386251412059211
0.38160468133572256
0.2648690537708664
0.19810875989095206
0.13070236910775665
0.0823951077030414
0.048372041243295895
1.424588117994091
1.055060486489875
0.77042856842998
0.5540570111994435
0.3916105043404804
0.2711153082103549
0.20234948936996547
0.13306917212279978
0.08355552654981997
0.04879484587058744