# datat/BKevo/GBW_BKevo/gbw83.dat
# N(r,Y=0), r, *FL(x,Q^2)
# 1e-05 < r < 100.0
# 1 < Q^2 < 50, n=15, log grid
# 1e-5 < x < 1e-2, n=10, log grid
###
1.6500885041484675e-07
2.005455012484289e-07
2.4387866893398704e-07
2.9652480244973766e-07
3.60404708777551e-07
4.3822634254949986e-07
5.32857374919206e-07
6.476857687175055e-07
7.87442865588784e-07
9.575402863975797e-07
1.1639506458495374e-06
1.4149316817928964e-06
1.7206763197081607e-06
2.0917078152788643e-06
2.5424220826295706e-06
3.0919842253332317e-06
3.758924581710867e-06
4.5683090172753305e-06
5.556114395101247e-06
6.754950719184395e-06
8.209510767635417e-06
9.983910663454424e-06
1.2138820078166887e-05
1.475349731506446e-05
1.7940123035020524e-05
2.1813534080304016e-05
2.6513554584447245e-05
3.2236265650257415e-05
3.9198557120707335e-05
4.764696705993253e-05
5.792385819337194e-05
7.04380372704246e-05
8.562394528501078e-05
0.00010407865752576778
0.00012657125492018464
0.0001538667972931687
0.00018700523407273365
0.00022743078143361403
0.0002764897257722553
0.0003360094417160851
0.0004086409839005394
0.0004968073193077954
0.0006037732416527632
0.0007341742516477864
0.0008925957923136417
0.0010847911053850107
0.0013188514574924226
0.0016034261524918876
0.0019486376155296798
0.002368575433916235
0.002879489366965968
0.003499145623569356
0.004251994157844468
0.005168397408328376
0.006279413577098663
0.007627249447945015
0.009268162263107513
0.011256083382699924
0.013663276282021764
0.016592520334952836
0.020136383288498556
0.02442021144308894
0.02961738317656418
0.03589328083449534
0.04345717184225406
0.052588347353107585
0.0635707506642055
0.07673611024988843
0.09250357241111942
0.11131441833583208
0.13364599184021084
0.16004259600705786
0.19104392929852104
0.22720677722124455
0.2690192258841151
0.3166923746599635
0.3705701358609
0.43057011908876625
0.495308475294523
0.5644286836763817
0.6364567417894159
0.7069428215439675
0.7747898988283544
0.8374000379984458
0.8894165172025286
0.930734515621412
0.9614450804795406
0.9807257212075211
0.9915195743803484
0.9970165918093616
0.999161575367378
0.9997959404116175
0.9999667870715255
0.9999970338653956
0.9999997275125883
0.9999999866054152
0.9999999998903858
0.9999999999980711
0.9999999999999858
1.0
###
1e-05
1.1768119524349992e-05
1.3848863713938717e-05
1.6297508346206434e-05
1.917910261672489e-05
2.2570197196339216e-05
2.656087782946684e-05
3.1257158496882356e-05
3.678379771828634e-05
4.328761281083062e-05
5.0941380148163754e-05
5.994842503189409e-05
7.054802310718646e-05
8.302175681319735e-05
9.770099572992247e-05
0.00011497569953977356
0.00013530477745798074
0.00015922827933410923
0.0001873817422860383
0.00022051307399030456
0.00025950242113997375
0.0003053855508833416
0.00035938136638046257
0.0004229242874389499
0.0004977023564332109
0.0005857020818056661
0.0006892612104349695
0.0008111308307896872
0.0009545484566618337
0.0011233240329780276
0.0013219411484660286
0.0015556761439304723
0.0018307382802953678
0.002154434690031882
0.0025353644939701114
0.0029836472402833374
0.003511191734215131
0.004132012400115334
0.004862601580065354
0.005722367659350214
0.006734150657750821
0.007924828983539169
0.0093260334688322
0.010974987654930556
0.01291549665014884
0.01519911082952933
0.01788649529057435
0.0210490414451202
0.02477076355991709
0.029150530628251757
0.034304692863149154
0.040370172585965536
0.047508101621027934
0.05590810182512223
0.06579332246575675
0.0774263682681127
0.09111627561154886
0.10722672220103231
0.1261856883066021
0.14849682622544635
0.1747528400007683
0.20565123083486514
0.24201282647943834
0.2848035868435799
0.3351602650938841
0.3944206059437656
0.46415888336127725
0.5462277217684337
0.642807311728432
0.7564633275546291
0.8902150854450375
1.0476157527896641
1.232846739442066
1.4508287784959402
1.7073526474706886
2.009233002565046
2.364489412645407
2.782559402207126
3.274549162877725
3.8535285937105273
4.534878508128582
5.3366992312063015
6.280291441834247
7.390722033525775
8.697490026177835
10.235310218990248
12.045035402587812
14.174741629268048
16.68100537200059
19.630406500402685
23.10129700083158
27.1858824273294
31.992671377973846
37.64935806792464
44.30621457583877
52.14008287999685
61.35907273413163
72.20809018385457
84.97534359086438
100.0
###
0.2936952599677797
0.2680044053418161
0.24052413653868637
0.21233659953513528
0.18452570496031845
0.1580316864583667
0.1394538231729012
0.11679350747781793
0.09677375520638434
0.07944660466128788
1.1305794867875043
0.9847765625910363
0.8414424228162773
0.7059205177696362
0.5821032008482374
0.4724321005695828
0.40002314381189336
0.31652453345650106
0.24710684616907086
0.19034530395301585
1.7997102518518342
1.5369904015131535
1.2871366431290157
1.0581216969911
0.8549080106949961
0.6797977380623836
0.5667467552928442
0.4390978307340041
0.33538045764519603
0.2524198180025969
2.385370309999534
2.011604373664665
1.6633297627301562
1.3501605865829407
1.0772295744621037
0.8458861539669434
0.6985887866832698
0.5343858558355756
0.4028266805702246
0.29901035340139365
2.9163120274136283
2.4369229867327973
1.9964735430596474
1.60583909076
1.269718838391489
0.9881505361370068
0.8106203706771817
0.6144943042695451
0.4589525670833353
0.337370575751409
3.408086374182927
2.826894484351373
2.299304131123691
1.8363063144133396
1.4418346627308358
1.114364248843933
0.9094651462430207
0.6846885757342326
0.5077522966990347
0.3705023545477746
3.868310599998314
3.1897644740940017
2.579192934513158
2.0478999301610976
1.59887505669628
1.2288380331968418
0.9987143297277481
0.7477035514250969
0.5513542453947902
0.39994487025675457
4.303817288480257
3.5308347548249506
2.84079907795453
2.2446454287332247
1.744160090346935
1.3342305177071307
1.080600963362076
0.8052542512505644
0.5909937021412341
0.4266077203884686
4.718392036801848
3.853955723679805
3.087425581325816
2.4293095944609786
1.879932905494824
1.4323309328622418
1.15660115350337
0.8584760079586953
0.6275118185311978
0.45109668068764897
5.115113029726068
4.161928649533159
3.3214259174141683
2.6039263646711315
2.0078226733526052
1.5243907358596862
1.2277606605627465
0.9081496973195122
0.661503574146277
0.47383522158647284
5.496333502927555
4.456619590592824
3.544768790822071
2.769825385446353
2.1290491511706144
1.611390261544727
1.2948620495956653
0.9548556089936819
0.6933836698056356
0.4951044585140637
5.863911453641336
4.7397008268964385
3.7586197658128353
2.928329487226258
2.2444772510262454
1.694032140500779
1.3584702292223414
0.9990318997405783
0.7234707557681886
0.5151382096291794
6.219346907393468
5.012773605653504
3.9641042743393253
3.0802923389670727
2.354865866291767
1.7728755622371195
1.4190549128509233
1.0410172908829298
0.7519911653067846
0.5341100975569333
6.563873511663898
5.276743721639333
4.16234374918865
3.2264502047539256
2.460799292128753
1.848376508706526
1.4769895631034773
1.081088665896587
0.7791909474004876
0.5521527579542785
6.8985216395998314
5.532463588529396
4.353961475827553
3.367402590262765
2.5627581184415633
1.9209050853800427
1.5325553321077436
1.1194749909985517
0.8051948508784713
0.5693794405697092