# datat/BKevo/ATAN_BKevo/atan29.dat
# N(r,Y=0), r, *FL(x,Q^2)
# 1e-05 < r < 100.0
# 1 < Q^2 < 50, n=15, log grid
# 1e-5 < x < 1e-2, n=10, log grid
###
0.00029024156601661135
0.00032013039331969177
0.0003528917252508583
0.00038906699530394167
0.00042910837949740083
0.0004730804896930894
0.0005215464922696246
0.0005751894422533446
0.0006342091300671969
0.0006991422163134852
0.0007710075747818218
0.0008502249312876909
0.0009372207385383354
0.0010334993725983478
0.0011398273655544703
0.0012563832060448873
0.0013853695202614123
0.0015280875080649352
0.0016842487331166702
0.0018570554991274482
0.0020483442022259575
0.0022578454688476374
0.002489361600340174
0.0027456258736908
0.003026816430794722
0.0033369902824248996
0.0036803032149001513
0.004057717776931693
0.004473276617408569
0.00493321073401968
0.005439781828158034
0.005996535751010606
0.006612711281796086
0.007292644044187717
0.008038572972664965
0.00886407208523281
0.009776703261819803
0.010776093199406603
0.011882034425605814
0.013106284088256396
0.014445997460017035
0.015927664321282578
0.01756775017029184
0.019365889394224605
0.021350940303050694
0.02354811897451906
0.025961561579715697
0.028621024194334106
0.031564527055735
0.034803820055933625
0.038366801337479765
0.04231009155983206
0.04665775713418079
0.051431077813359594
0.05671351822338682
0.06254845752320294
0.06894269118137347
0.07601816956557998
0.08384782420289216
0.09241122843221995
0.10188506465823849
0.11236867133248277
0.12384705838022832
0.136520321910196
0.15053608991963957
0.1658977266556283
0.1828085723921806
0.2014831315023924
0.22194554863116767
0.24436272406328194
0.26902418650436066
0.2959530830550776
0.3251686508366119
0.3570049052565867
0.3913923660335761
0.42791309827176843
0.46684133663955274
0.5078337929488612
0.5495108154656242
0.5920753286159702
0.6348246603267848
0.6755188122312408
0.7145669429486827
0.7514479495910787
0.7844352690390655
0.8141632335274833
0.8409074881634802
0.8639349267099626
0.8838162587159125
0.9012485352738415
0.9160680831035488
0.928553708838743
0.9393924010751173
0.9486179440245965
0.9562785697760493
0.9629094152066138
0.9685916637296806
0.9732614733667786
0.9773020959421406
0.9807940792778571
###
1e-05
1.1768119524349992e-05
1.3848863713938717e-05
1.6297508346206434e-05
1.917910261672489e-05
2.2570197196339216e-05
2.656087782946684e-05
3.1257158496882356e-05
3.678379771828634e-05
4.328761281083062e-05
5.0941380148163754e-05
5.994842503189409e-05
7.054802310718646e-05
8.302175681319735e-05
9.770099572992247e-05
0.00011497569953977356
0.00013530477745798074
0.00015922827933410923
0.0001873817422860383
0.00022051307399030456
0.00025950242113997375
0.0003053855508833416
0.00035938136638046257
0.0004229242874389499
0.0004977023564332109
0.0005857020818056661
0.0006892612104349695
0.0008111308307896872
0.0009545484566618337
0.0011233240329780276
0.0013219411484660286
0.0015556761439304723
0.0018307382802953678
0.002154434690031882
0.0025353644939701114
0.0029836472402833374
0.003511191734215131
0.004132012400115334
0.004862601580065354
0.005722367659350214
0.006734150657750821
0.007924828983539169
0.0093260334688322
0.010974987654930556
0.01291549665014884
0.01519911082952933
0.01788649529057435
0.0210490414451202
0.02477076355991709
0.029150530628251757
0.034304692863149154
0.040370172585965536
0.047508101621027934
0.05590810182512223
0.06579332246575675
0.0774263682681127
0.09111627561154886
0.10722672220103231
0.1261856883066021
0.14849682622544635
0.1747528400007683
0.20565123083486514
0.24201282647943834
0.2848035868435799
0.3351602650938841
0.3944206059437656
0.46415888336127725
0.5462277217684337
0.642807311728432
0.7564633275546291
0.8902150854450375
1.0476157527896641
1.232846739442066
1.4508287784959402
1.7073526474706886
2.009233002565046
2.364489412645407
2.782559402207126
3.274549162877725
3.8535285937105273
4.534878508128582
5.3366992312063015
6.280291441834247
7.390722033525775
8.697490026177835
10.235310218990248
12.045035402587812
14.174741629268048
16.68100537200059
19.630406500402685
23.10129700083158
27.1858824273294
31.992671377973846
37.64935806792464
44.30621457583877
52.14008287999685
61.35907273413163
72.20809018385457
84.97534359086438
100.0
###
0.3935168678183071
0.3901460295756405
0.3827338089504157
0.3678707553967646
0.34202349703561374
0.30359234834112064
0.2678821745890787
0.21580361327905612
0.16515387341181587
0.12135215164422428
1.9028826419591123
1.868886006308751
1.801297267223353
1.681970224173211
1.4999660342981391
1.262722041119163
1.0653216808332189
0.8055427745192081
0.5781503141451824
0.39853713264823004
3.4011048605348653
3.3216091819373608
3.1710562942940865
2.9186964629499066
2.553809657627888
2.102295361664538
1.7421589424235036
1.2862653056335966
0.901965127920156
0.6082373917089319
4.888600854897217
4.754236092445495
4.507224393996528
4.107772507994336
3.548958641188749
2.879775358896341
2.3599279699819955
1.7170617859113622
1.187529947224315
0.7905516385764029
6.367099854106219
6.170756337412063
5.8187298130750715
5.26190051533399
4.502932349663903
3.615398442717638
2.9389133689425173
2.116208034699817
1.4494732962537833
0.9563803486633901
7.837789346555765
7.573725486663461
7.108862298797233
6.388319216949488
5.425169651504426
4.319362826500368
3.4893047105636823
2.4924257112320083
1.6946651483252875
1.1107082098258092
9.30153758935817
8.964907776404292
8.381415303694466
7.491713227432753
6.321582971571625
4.99849088623682
4.01723634522395
2.851001821333114
1.9270725346970758
1.2563454731182992
10.758998402777513
10.345610189488669
9.638523292560736
8.575373015883217
7.196288528317545
5.656888264764513
4.526766433011757
3.195336762326197
2.14924011912887
1.3950904406105438
12.210696733536302
11.716846122489365
10.881893964654266
9.641753109714347
8.052253371727442
6.297831430543377
5.020569454032557
3.527419537020227
2.3629286155391545
1.5281602785011108
13.657059085431841
13.079435834374971
12.112874138701843
10.69275676640931
8.891752387238268
6.923019327581419
5.501162605463591
3.849492315417661
2.5694219765591626
1.6564413571470114
15.098434640732629
14.433862527662562
13.332555835081028
11.729904782582208
9.716577636219085
7.535046409446813
5.970018111744312
4.162680067725949
2.769693605936336
1.7806008929556316
16.535138720927755
15.780995397145187
14.541844329370479
12.754439368990326
10.528177011914618
8.134890285634508
6.4284707195435455
4.4681419397711855
2.964418004900625
1.9011574580972668
17.967426744717184
17.121187325118587
15.741503314350654
13.76740273250648
11.32774386588204
8.723838527362263
6.877489006393055
4.766506647721098
3.1555871958720876
2.018524185874997
19.395527074126402
18.454853646391594
16.93218666646089
14.76967211381927
12.11627796179901
9.302871346327832
7.318108915874594
5.058686389708616
3.3399597654558764
2.1330372748688506
20.819641326447904
19.782350155319676
18.114461015757676
15.762002294254934
12.894627730297957
9.872816055072326
7.751115207005886
5.345032611229998
3.5215140683322117
2.244974873859028