# datat/BKevo/MVg_BKevo/mvg27.dat
# N(r,Y=0), r, *FL(x,Q^2)
# 1e-05 < r < 100.0
# 1 < Q^2 < 50, n=15, log grid
# 1e-5 < x < 1e-2, n=10, log grid
###
0.0
0.0
0.0
0.0
0.0
0.0
0.0
0.0
0.0
0.0
0.0
0.0
0.0
0.0
0.0
0.0
0.0
1.317958925792678e-18
1.110223024625157e-16
1.110223024625157e-16
2.1773269647690642e-16
5.03585856041253e-16
9.247260364714239e-16
1.7158768898654751e-15
3.1667150771931923e-15
6.0302959164627644e-15
1.1135841397529844e-14
2.1109582671970166e-14
3.992834087859856e-14
7.444301550965705e-14
1.3980916263113482e-13
2.654853163797463e-13
4.951631822413363e-13
9.234483896221122e-13
1.7563904761750848e-12
3.2793273143957586e-12
6.069667860700907e-12
1.1564834891470098e-11
2.1613065699275854e-11
3.97916393746713e-11
7.574219450076263e-11
1.4166624564210025e-10
2.608888733834036e-10
4.930774210507628e-10
9.228129223964839e-10
1.6995116701958347e-09
3.1879704141207066e-09
5.96869805641685e-09
1.0990036326675775e-08
2.0451437440250972e-08
3.829398746525849e-08
7.04737824414294e-08
1.3004192354908086e-07
2.4343845669181096e-07
4.4763118077741487e-07
8.186720680625219e-07
1.531694160505633e-06
2.8132191999900213e-06
5.0975699301367595e-06
9.529668573791711e-06
1.7479605117026944e-05
3.158876234544195e-05
5.86077982151085e-05
0.00010737191395916383
0.0001937663019235629
0.000356582886487173
0.000652937951118481
0.001177597673869188
0.0021514877432002783
0.00394179860509798
0.0071109087941672415
0.012899196967926475
0.023615427144999517
0.0424441299602739
0.07572825051582181
0.13556016448885477
0.2336518418957329
0.38426854425081414
0.5892868863479835
0.8021497460309226
0.9527112769450424
0.9949051273887277
0.9998592034036384
0.9999997940823458
0.9999999999999972
1.0
1.0
1.0
1.0
1.0
1.0
1.0
1.0
1.0
1.0
1.0
1.0
1.0
1.0
1.0
###
1e-05
1.1768119524349992e-05
1.3848863713938717e-05
1.6297508346206434e-05
1.917910261672489e-05
2.2570197196339216e-05
2.656087782946684e-05
3.1257158496882356e-05
3.678379771828634e-05
4.328761281083062e-05
5.0941380148163754e-05
5.994842503189409e-05
7.054802310718646e-05
8.302175681319735e-05
9.770099572992247e-05
0.00011497569953977356
0.00013530477745798074
0.00015922827933410923
0.0001873817422860383
0.00022051307399030456
0.00025950242113997375
0.0003053855508833416
0.00035938136638046257
0.0004229242874389499
0.0004977023564332109
0.0005857020818056661
0.0006892612104349695
0.0008111308307896872
0.0009545484566618337
0.0011233240329780276
0.0013219411484660286
0.0015556761439304723
0.0018307382802953678
0.002154434690031882
0.0025353644939701114
0.0029836472402833374
0.003511191734215131
0.004132012400115334
0.004862601580065354
0.005722367659350214
0.006734150657750821
0.007924828983539169
0.0093260334688322
0.010974987654930556
0.01291549665014884
0.01519911082952933
0.01788649529057435
0.0210490414451202
0.02477076355991709
0.029150530628251757
0.034304692863149154
0.040370172585965536
0.047508101621027934
0.05590810182512223
0.06579332246575675
0.0774263682681127
0.09111627561154886
0.10722672220103231
0.1261856883066021
0.14849682622544635
0.1747528400007683
0.20565123083486514
0.24201282647943834
0.2848035868435799
0.3351602650938841
0.3944206059437656
0.46415888336127725
0.5462277217684337
0.642807311728432
0.7564633275546291
0.8902150854450375
1.0476157527896641
1.232846739442066
1.4508287784959402
1.7073526474706886
2.009233002565046
2.364489412645407
2.782559402207126
3.274549162877725
3.8535285937105273
4.534878508128582
5.3366992312063015
6.280291441834247
7.390722033525775
8.697490026177835
10.235310218990248
12.045035402587812
14.174741629268048
16.68100537200059
19.630406500402685
23.10129700083158
27.1858824273294
31.992671377973846
37.64935806792464
44.30621457583877
52.14008287999685
61.35907273413163
72.20809018385457
84.97534359086438
100.0
###
0.1525196814976949
0.13348144426520536
0.1164108044144402
0.10135780823183602
0.08820644892745574
0.07681782757138128
0.06936241893628146
0.060697722867201875
0.05332274097705864
0.04706528529083311
0.41955466260443414
0.34445241654799524
0.28009762430620516
0.22550148299816586
0.1794558375310627
0.1407801277684967
0.11585053587703555
0.08715663887243963
0.062828107277161
0.04197310939846331
0.5801722176364522
0.4645784548134951
0.36758757312709656
0.2869944536698544
0.22040404421062296
0.16559553280793693
0.13101447607506364
0.09202268185942615
0.05985780717646251
0.03318620780001513
0.7028960819252772
0.5542439099783493
0.43126553136718015
0.33044187222507515
0.24834051566642007
0.18177682394846026
0.14035089752546537
0.09448584419399837
0.05745576036253139
0.02759568173578094
0.8046341593184425
0.6275366253848664
0.48248390371052846
0.36480520200742994
0.26999984832815677
0.1940316008558942
0.1472919936501405
0.0962128471057422
0.05570847516986937
0.023785220914764264
0.8926834604866033
0.6902789067402932
0.5258629118767606
0.3935574644452585
0.2878884179682581
0.20400810119852303
0.15288021778910044
0.09759901171429196
0.0544092355848557
0.021014093403962406
0.9709094757750799
0.7455973785109636
0.5637785665279922
0.41846121414825943
0.30323282484616315
0.21248143789839996
0.1575970536218024
0.09878619534352502
0.053413744942921844
0.01889911465764756
1.04169255769905
0.7953225888317973
0.597630394921432
0.4405376770744475
0.3167316156375159
0.21988001038776367
0.16170134528637445
0.09983948670896076
0.05263065145099331
0.017225608876000935
1.1065866147711676
0.8406691498165071
0.628325840030706
0.4604426171598162
0.3288231890054937
0.22646937425266309
0.16534690488121487
0.10079403676094797
0.05200097188113742
0.015863771447239838
1.1666990720605737
0.8824756877622992
0.6564972173609649
0.4786039664637167
0.3398024580600886
0.23242392977443047
0.16863522043413326
0.10167208339793955
0.05148568268834642
0.014730926149629965
1.2228226752046751
0.9213489292539212
0.6825689181803788
0.4953448523834164
0.34987743600654275
0.2378661784391066
0.17163723693145225
0.10248739189018821
0.051057646998523776
0.013771663653830618
1.2755579034057105
0.9577450463632965
0.7068806217495576
0.5108989704491326
0.3592009962450654
0.24288532716449276
0.17440311915823364
0.10325061023092441
0.05069786555018805
0.012947433079042408
1.3253825290247605
0.9920163008249163
0.7297037814683173
0.5254446079954649
0.3678895281954417
0.24754665042860746
0.1769707245579939
0.10396866059811143
0.05039223392566751
0.012230319857002634
1.3726590629716957
1.0244412120877302
0.751229539839611
0.5391213037542008
0.3760331659837345
0.2519069234591335
0.17936928611203498
0.10464797937056422
0.05013040757361165
0.011599963318400092
1.417692015156205
1.0552441829874855
0.7716401257688237
0.5520258157019345
0.383703570517864
0.2560022918822314
0.18162167064128512
0.1052932557648752
0.04990447957798224
0.011040880963834335