# datat/BKevo/GBW_BKevo/gbw41.dat
# N(r,Y=0), r, *FL(x,Q^2)
# 1e-05 < r < 100.0
# 1 < Q^2 < 50, n=15, log grid
# 1e-5 < x < 1e-2, n=10, log grid
###
4.763793405359027e-14
7.014928256849272e-14
1.0398748131379447e-13
1.538555003303674e-13
2.2657388922319913e-13
3.3560843831582013e-13
4.970565514163405e-13
7.323651022739016e-13
1.083025670528769e-12
1.6051910707004401e-12
2.366894932270006e-12
3.493821552222815e-12
5.1830665879676496e-12
7.648314884674441e-12
1.1269919276175724e-11
1.6733679946527266e-11
2.471182032097456e-11
3.634681143475185e-11
5.401800887592177e-11
7.983555589881373e-11
1.174285228910132e-10
1.743526277401432e-10
2.5789167943177253e-10
3.795934852723381e-10
5.626764128601192e-10
8.329658934657368e-10
1.2269288401983308e-09
1.8156327353480354e-09
2.6900771710510846e-09
3.965286494159321e-09
5.857802385981116e-09
8.686576268124864e-09
1.2813958568848754e-08
1.8896324044971616e-08
2.8046433976646836e-08
4.1404217257076416e-08
6.094726051005048e-08
9.054208126655013e-08
1.337695605718789e-07
1.966999205259771e-07
2.922575510160088e-07
4.321359183112714e-07
6.358700768543313e-07
9.432395219862007e-07
1.3958300743720381e-06
2.0553617453460717e-06
3.043810109965037e-06
4.508087844165265e-06
6.6429717023862265e-06
9.820876143599653e-06
1.4557860752837638e-05
2.1467835333923085e-05
3.1682263589931585e-05
4.7004934833209635e-05
6.936809610544239e-05
0.00010218956887217434
0.0001517461592831268
0.00022410914946693092
0.0003295310245916227
0.000489760038584303
0.0007238253522118161
0.0010645793029748479
0.0015798804750423996
0.002336202833393992
0.0034371422412478314
0.005089439017240278
0.007525540043400802
0.011066450327118772
0.01632808111669001
0.024095766726869326
0.03531969672688826
0.05171819111889544
0.07569384794587881
0.10963869933894096
0.15738247355338894
0.2240365949771379
0.31227697087740136
0.42433650608656825
0.556991408884715
0.6986524516202649
0.8316059796127153
0.9248973017410561
0.9768241939021796
0.9964701510049837
0.9997141223264001
0.9999889007907351
0.9999999199889187
0.9999999999955256
0.9999999999999997
1.0
1.0
1.0
1.0
1.0
1.0
1.0
1.0
1.0
1.0
1.0
###
1e-05
1.1768119524349992e-05
1.3848863713938717e-05
1.6297508346206434e-05
1.917910261672489e-05
2.2570197196339216e-05
2.656087782946684e-05
3.1257158496882356e-05
3.678379771828634e-05
4.328761281083062e-05
5.0941380148163754e-05
5.994842503189409e-05
7.054802310718646e-05
8.302175681319735e-05
9.770099572992247e-05
0.00011497569953977356
0.00013530477745798074
0.00015922827933410923
0.0001873817422860383
0.00022051307399030456
0.00025950242113997375
0.0003053855508833416
0.00035938136638046257
0.0004229242874389499
0.0004977023564332109
0.0005857020818056661
0.0006892612104349695
0.0008111308307896872
0.0009545484566618337
0.0011233240329780276
0.0013219411484660286
0.0015556761439304723
0.0018307382802953678
0.002154434690031882
0.0025353644939701114
0.0029836472402833374
0.003511191734215131
0.004132012400115334
0.004862601580065354
0.005722367659350214
0.006734150657750821
0.007924828983539169
0.0093260334688322
0.010974987654930556
0.01291549665014884
0.01519911082952933
0.01788649529057435
0.0210490414451202
0.02477076355991709
0.029150530628251757
0.034304692863149154
0.040370172585965536
0.047508101621027934
0.05590810182512223
0.06579332246575675
0.0774263682681127
0.09111627561154886
0.10722672220103231
0.1261856883066021
0.14849682622544635
0.1747528400007683
0.20565123083486514
0.24201282647943834
0.2848035868435799
0.3351602650938841
0.3944206059437656
0.46415888336127725
0.5462277217684337
0.642807311728432
0.7564633275546291
0.8902150854450375
1.0476157527896641
1.232846739442066
1.4508287784959402
1.7073526474706886
2.009233002565046
2.364489412645407
2.782559402207126
3.274549162877725
3.8535285937105273
4.534878508128582
5.3366992312063015
6.280291441834247
7.390722033525775
8.697490026177835
10.235310218990248
12.045035402587812
14.174741629268048
16.68100537200059
19.630406500402685
23.10129700083158
27.1858824273294
31.992671377973846
37.64935806792464
44.30621457583877
52.14008287999685
61.35907273413163
72.20809018385457
84.97534359086438
100.0
###
0.18201449531672256
0.1610257784917181
0.14167929298953835
0.12415076188246599
0.10851683893050981
0.09476593831412196
0.08559833375427019
0.07481235583164594
0.06548816584521505
0.057499362308329305
0.5406092704553486
0.4517661193427182
0.3740353859559436
0.3069492427709454
0.2496876524182032
0.20114550000971593
0.1697721620222249
0.13374836920282943
0.10336618544207776
0.07764338022922096
0.769379828902268
0.6283050545437887
0.5076875134860726
0.40576920749318496
0.32052476534446334
0.24972170906205068
0.20477470134644427
0.15407564229961546
0.11223395089153383
0.07763344330493852
0.9483781571309743
0.7634320443757914
0.6075181017384373
0.4776154733628169
0.370413966808291
0.28259198022695786
0.22752923533132083
0.16622106098389058
0.11644290550506763
0.07603665799051944
1.0989508738489906
0.8755299072608015
0.6890801400547183
0.5352899093141325
0.40968824569722384
0.3078279066786356
0.2445782717119295
0.17486314626369645
0.11898533817763765
0.07430513453453319
1.2305823446610096
0.9724783164593735
0.7588325429050098
0.5840357935573519
0.442392258707696
0.3284880694347853
0.2583010612708208
0.1815752095360265
0.12073090094397668
0.07268595221073894
1.3484673406323036
1.0585971807175245
0.8202592192009763
0.6265420635071429
0.4706154860382481
0.34607462738363287
0.2698336321942976
0.18706744271331885
0.12202728456373205
0.07121756455673282
1.4558189292854076
1.136494602916299
0.8754278699086465
0.6644214720260073
0.4955382875476615
0.3614439890466224
0.2798099621958964
0.19172101479886994
0.12304264073865537
0.06989312384717966
1.5547783273383464
1.2078933310360707
0.9256924055213936
0.6987085835248295
0.5179312157568216
0.37513173975718833
0.2886217215402065
0.19576292108038829
0.1238698019336954
0.06869573927333594
1.6468404615172922
1.2739994516641135
0.9719919299027957
0.7301142445474652
0.5383128046503827
0.3874968041226378
0.29652636354430006
0.19933963769947827
0.12456321227441769
0.0676072475507566
1.7331234248790672
1.335691930087711
1.0150068385336832
0.7591624903354613
0.5570524048934083
0.3987923112160368
0.3037041829917119
0.20254936881440833
0.12515837120371862
0.06661251108959036
1.8144767257589114
1.3936455180126006
1.0552503871081997
0.7862119650659228
0.5744232974673156
0.40920294246809163
0.31028498811831257
0.20546300196174416
0.12567858459305756
0.06570102347572153
1.8915623961743802
1.4483862367174039
1.093117031974961
0.8115597114491483
0.5906336213177265
0.41886862737704195
0.3163666626958959
0.2081324913590154
0.12613950025702447
0.06485665907799754
1.9649093115496228
1.5002951305359655
1.1289192146826856
0.835443590359584
0.6058459863872966
0.42789774743030506
0.3220243660001383
0.2105961169018112
0.12655372619816146
0.06407441696204177
2.034947490440038
1.5496899053010713
1.1629086348258795
0.8580451073639087
0.6201899539322563
0.43637603989414053
0.3273171510288635
0.2128852781454906
0.12692931198536686
0.0633458236691664