# datat/BKevo/GBW_BKevo/gbw48.dat
# N(r,Y=0), r, *FL(x,Q^2)
# 1e-05 < r < 100.0
# 1 < Q^2 < 50, n=15, log grid
# 1e-5 < x < 1e-2, n=10, log grid
###
9.558169342927558e-10
1.2386134436228023e-09
1.6088811614050255e-09
2.0883495080226217e-09
2.7068037429139814e-09
3.514270506199063e-09
4.562643582879693e-09
5.915124474590131e-09
7.675907322688827e-09
9.968151210169017e-09
1.292578557440515e-08
1.6765145977332298e-08
2.1776956705164494e-08
2.824462199196687e-08
3.6615738140387066e-08
4.757338390529499e-08
6.171633910940792e-08
7.996700661912186e-08
1.0392378857456485e-07
1.348496808817589e-07
1.7473142162196356e-07
2.2701248427642283e-07
2.9463535716786863e-07
3.8185453363529485e-07
4.958703224512078e-07
6.437314913515572e-07
8.344705991114267e-07
1.0831031847009295e-06
1.4064016010432277e-06
1.8235179139591823e-06
2.365672256309823e-06
3.072545629194556e-06
3.9846906726061454e-06
5.166803374039972e-06
6.712298782277116e-06
8.706914658360129e-06
1.1284213057144683e-05
1.4663155648016004e-05
1.902471693914546e-05
2.4648947178056262e-05
3.2030631644819656e-05
4.1567577526636984e-05
5.386726842175699e-05
6.996531606112118e-05
9.081768976519848e-05
0.00011771457683362453
0.00015281775079247628
0.000198407584044492
0.00025722021186244
0.0003337541783905934
0.0004334138800127849
0.0005619913987906982
0.0007288129440898786
0.0009466093814223089
0.0012276112442189124
0.0015910606946500621
0.002066759047638586
0.002680431136947342
0.0034715141920393182
0.004509229505020341
0.005847308574196387
0.007570442248896453
0.009823476660128278
0.012731160196847769
0.01646971954768276
0.021332065676263383
0.027603774317327738
0.0356384715487116
0.04600354200699693
0.05931354776052697
0.07622673171422437
0.09774051545541923
0.12500373799598924
0.15902743249221385
0.20117642768354313
0.2528620477582493
0.3148510192682099
0.38773159072810076
0.47051179675536525
0.56153975050471
0.6575349924337469
0.7496764719742154
0.8335134987566708
0.9032579520368207
0.9507489367080085
0.9792685478948339
0.993645371428626
0.9985506514236506
0.9997526504685731
0.9999785872905994
0.9999993384556126
0.9999999803207329
0.9999999998054288
0.999999999999971
1.0
1.0
1.0
1.0
1.0
1.0
###
1e-05
1.1768119524349992e-05
1.3848863713938717e-05
1.6297508346206434e-05
1.917910261672489e-05
2.2570197196339216e-05
2.656087782946684e-05
3.1257158496882356e-05
3.678379771828634e-05
4.328761281083062e-05
5.0941380148163754e-05
5.994842503189409e-05
7.054802310718646e-05
8.302175681319735e-05
9.770099572992247e-05
0.00011497569953977356
0.00013530477745798074
0.00015922827933410923
0.0001873817422860383
0.00022051307399030456
0.00025950242113997375
0.0003053855508833416
0.00035938136638046257
0.0004229242874389499
0.0004977023564332109
0.0005857020818056661
0.0006892612104349695
0.0008111308307896872
0.0009545484566618337
0.0011233240329780276
0.0013219411484660286
0.0015556761439304723
0.0018307382802953678
0.002154434690031882
0.0025353644939701114
0.0029836472402833374
0.003511191734215131
0.004132012400115334
0.004862601580065354
0.005722367659350214
0.006734150657750821
0.007924828983539169
0.0093260334688322
0.010974987654930556
0.01291549665014884
0.01519911082952933
0.01788649529057435
0.0210490414451202
0.02477076355991709
0.029150530628251757
0.034304692863149154
0.040370172585965536
0.047508101621027934
0.05590810182512223
0.06579332246575675
0.0774263682681127
0.09111627561154886
0.10722672220103231
0.1261856883066021
0.14849682622544635
0.1747528400007683
0.20565123083486514
0.24201282647943834
0.2848035868435799
0.3351602650938841
0.3944206059437656
0.46415888336127725
0.5462277217684337
0.642807311728432
0.7564633275546291
0.8902150854450375
1.0476157527896641
1.232846739442066
1.4508287784959402
1.7073526474706886
2.009233002565046
2.364489412645407
2.782559402207126
3.274549162877725
3.8535285937105273
4.534878508128582
5.3366992312063015
6.280291441834247
7.390722033525775
8.697490026177835
10.235310218990248
12.045035402587812
14.174741629268048
16.68100537200059
19.630406500402685
23.10129700083158
27.1858824273294
31.992671377973846
37.64935806792464
44.30621457583877
52.14008287999685
61.35907273413163
72.20809018385457
84.97534359086438
100.0
###
0.22597933508432946
0.20142003846709267
0.17758239306513107
0.1550350176523471
0.13420136312641495
0.11532272306678736
0.10251011731585809
0.08721403789115223
0.07387818863826104
0.0623184449919657
0.7525972162858413
0.6377017811130823
0.5334661721356889
0.44098656719632606
0.36049727671390724
0.29156264657308156
0.24692145060414394
0.19590976410080158
0.15347369257449234
0.11837513363674643
1.1239480639578843
0.9330555882470595
0.7643941959243815
0.6184386147167318
0.49438128755219446
0.3905006371494784
0.3244875000578835
0.250458156785668
0.19018579956887102
0.14141923816093432
1.4287419815809639
1.1709361293689777
0.9468139955825103
0.75583742573345
0.5958862231974276
0.46380394514539874
0.3809088593747563
0.2890244679354165
0.21525073567315167
0.15642451845368988
1.6933609105557101
1.3749178218465186
1.1012944348354652
0.8707130188680505
0.6796378579504535
0.5234187141546964
0.426249210396259
0.31947248815628004
0.2346239190886384
0.16769759194926115
1.9301651993784243
1.5558238725070512
1.2370516935003526
0.9707230665513409
0.7518302525077856
0.574291816863564
0.4646069952779264
0.3449168024631201
0.2505680280464793
0.17679636725082182
2.1462417163271135
1.719688192873588
1.359152546582944
1.0600262510561589
0.8157958272147453
0.6190002295757603
0.4981013344025082
0.36690717913530496
0.26420075802194487
0.18446402441369472
2.346044828710626
1.8703372288501008
1.470739030734955
1.1411462167389959
0.8735449979580289
0.6590966041305277
0.5279856150333122
0.3863815903631952
0.27616120148343953
0.1911155184953953
2.5326325665738185
2.0103261738372527
1.5739464374877048
1.2157801917814786
0.9263972046344413
0.695591031845211
0.5550624314978594
0.403914188032777
0.28684840925414823
0.19700530175396128
2.708203720649688
2.1414897042853873
1.6702045829382532
1.2851073158459165
0.9752723866562371
0.7291798969508233
0.5798891507966626
0.41990847118108193
0.2965328308465338
0.20230188462785725
2.874414656255837
2.2652640977698995
1.7606483522781775
1.3499987023123106
1.0208407752993467
0.7603668009158263
0.6028691383772353
0.43463259736191695
0.30540391037953185
0.20712262854758529
3.032536791818047
2.382576693299039
1.8461474343899587
1.4111138582543108
1.0636077945250852
0.7895292414210588
0.6242853802506342
0.4483028630218775
0.3136010567824314
0.21155247611171626
3.183579068565889
2.494293944878391
1.9273065348095721
1.46896662301458
1.1039651417158616
0.8169581260119034
0.6443803398433079
0.4610786314919863
0.32122965830895445
0.21565525792357285
3.3283568418356486
2.601087888045979
2.0046764689117706
1.5239664633497254
1.1422234651915797
0.8428830635742133
0.6633415169650058
0.47308454096258323
0.32837161282735716
0.21948001301484626
3.4675402359340946
2.703501505117013
2.0786825643331674
1.5764455612885993
1.1786338137685395
0.8674887973790348
0.6812876642082673
0.48442296345472713
0.33509184124308383
0.2230654211325481