# datat/BKevo/GBW_BKevo/gbw61.dat
# N(r,Y=0), r, *FL(x,Q^2)
# 1e-05 < r < 100.0
# 1 < Q^2 < 50, n=15, log grid
# 1e-5 < x < 1e-2, n=10, log grid
###
0.0
0.0
0.0
0.0
0.0
1.110223024625157e-16
1.110223024625157e-16
2.0374340747712053e-16
3.4995880720203426e-16
5.466450404956776e-16
8.40209668496869e-16
1.4022813340365193e-15
2.4110178537569996e-15
4.137051548009904e-15
6.855669185232918e-15
1.1731253433640663e-14
1.961555596812051e-14
3.271800274790545e-14
5.5807956470533946e-14
9.387250685804623e-14
1.5652618667119808e-13
2.6597830568590066e-13
4.484561071978838e-13
7.485013766022356e-13
1.2680714415029833e-12
2.141486898334425e-12
3.5792943535072214e-12
6.04318143917942e-12
1.0223942098266896e-11
1.7113340579592826e-11
2.878989232131416e-11
4.879881395545223e-11
8.180609661369243e-11
1.3711169069733713e-10
2.3285545830963703e-10
3.9096909922267544e-10
6.527671753552218e-10
1.110821928925339e-09
1.8681097326416355e-09
3.111752347735409e-09
5.297602408383006e-09
8.924060370584133e-09
1.4885319975718322e-08
2.5257297408026634e-08
4.262060534353895e-08
7.119121111486054e-08
1.2038224184611415e-07
2.035027995101067e-07
3.404137730923133e-07
5.735894408488788e-07
9.714294002886623e-07
1.6274124339182508e-06
2.7321068858423115e-06
4.635942288592443e-06
7.778472736807435e-06
1.3009041510715323e-05
2.2117927683491808e-05
3.716980535683243e-05
6.192011572349962e-05
0.00010549083697727971
0.0001775672232394399
0.00029598726741858933
0.0005029085014192622
0.0008478409509740689
0.0014149224889225163
0.0023949600475773967
0.0040419473517206055
0.006747935684836308
0.011360221972717013
0.019144259158790648
0.03184535332499269
0.05295096502531298
0.08800893872492183
0.14312418923496226
0.22799420990098168
0.3537758564980047
0.5189266277787834
0.7078373165418681
0.8680129621859143
0.9641085014547923
0.996985187092559
0.9998923310313598
0.9999991624030399
0.9999999997283061
1.0
1.0
1.0
1.0
1.0
1.0
1.0
1.0
1.0
1.0
1.0
1.0
1.0
1.0
1.0
1.0
###
1e-05
1.1768119524349992e-05
1.3848863713938717e-05
1.6297508346206434e-05
1.917910261672489e-05
2.2570197196339216e-05
2.656087782946684e-05
3.1257158496882356e-05
3.678379771828634e-05
4.328761281083062e-05
5.0941380148163754e-05
5.994842503189409e-05
7.054802310718646e-05
8.302175681319735e-05
9.770099572992247e-05
0.00011497569953977356
0.00013530477745798074
0.00015922827933410923
0.0001873817422860383
0.00022051307399030456
0.00025950242113997375
0.0003053855508833416
0.00035938136638046257
0.0004229242874389499
0.0004977023564332109
0.0005857020818056661
0.0006892612104349695
0.0008111308307896872
0.0009545484566618337
0.0011233240329780276
0.0013219411484660286
0.0015556761439304723
0.0018307382802953678
0.002154434690031882
0.0025353644939701114
0.0029836472402833374
0.003511191734215131
0.004132012400115334
0.004862601580065354
0.005722367659350214
0.006734150657750821
0.007924828983539169
0.0093260334688322
0.010974987654930556
0.01291549665014884
0.01519911082952933
0.01788649529057435
0.0210490414451202
0.02477076355991709
0.029150530628251757
0.034304692863149154
0.040370172585965536
0.047508101621027934
0.05590810182512223
0.06579332246575675
0.0774263682681127
0.09111627561154886
0.10722672220103231
0.1261856883066021
0.14849682622544635
0.1747528400007683
0.20565123083486514
0.24201282647943834
0.2848035868435799
0.3351602650938841
0.3944206059437656
0.46415888336127725
0.5462277217684337
0.642807311728432
0.7564633275546291
0.8902150854450375
1.0476157527896641
1.232846739442066
1.4508287784959402
1.7073526474706886
2.009233002565046
2.364489412645407
2.782559402207126
3.274549162877725
3.8535285937105273
4.534878508128582
5.3366992312063015
6.280291441834247
7.390722033525775
8.697490026177835
10.235310218990248
12.045035402587812
14.174741629268048
16.68100537200059
19.630406500402685
23.10129700083158
27.1858824273294
31.992671377973846
37.64935806792464
44.30621457583877
52.14008287999685
61.35907273413163
72.20809018385457
84.97534359086438
100.0
###
0.19111706881802454
0.17165992515267284
0.15383744021170545
0.13782500689308738
0.12368476729859636
0.11142796377161562
0.10332944800599193
0.09404373703652168
0.08631083723476042
0.08001248547083555
0.5664510770405415
0.47913500014878624
0.4023944047586049
0.33582352501493734
0.2785405934597008
0.22951034586826563
0.1975293759755812
0.16023955621368866
0.12825542612796242
0.1005717003963044
0.8037164901776127
0.6630764825562953
0.5420362039233386
0.4389031249029031
0.35174380009848905
0.2783547488632743
0.23107222788548856
0.17677579567012217
0.1308119536803153
0.09158388052033661
0.9884487034171978
0.8028155905027599
0.6451684630233779
0.5126366318252136
0.4019981718781972
0.3100248470800593
0.251449493621561
0.1849788657727141
0.12954553443928465
0.0830210951244009
1.1433381037544756
0.9181550119208236
0.7288412801711374
0.5712519256083026
0.4409868013513451
0.3338034691023785
0.2661848535663784
0.19022771737064176
0.12772381995137144
0.07610120543810679
1.2784259084105487
1.0176495093279123
0.8001176127633873
0.6204616658228665
0.47318407734296997
0.353017632983621
0.27781387884083797
0.19407403591529276
0.12595565310935614
0.0704842212847875
1.3991790492748626
1.1057713925627926
0.8626528423103045
0.6632020147034714
0.5007937392189278
0.36923813452599646
0.28747158767521463
0.19711680956798902
0.1243661705182758
0.06585889088276645
1.5089723005185485
1.185321374505421
0.9186643826936076
0.701153707093948
0.5250752708999671
0.3833350729747786
0.2957698048412195
0.19965566994756054
0.12296482173845355
0.061980210435147426
1.6100452507834013
1.2581115629053656
0.9695898294436868
0.7354139160724633
0.5468207143747515
0.39584196839854047
0.30306789553677804
0.20184565480778102
0.12173563676512489
0.05867348159556867
1.7040184231314672
1.3254057801339874
1.0164141761099879
0.7667262804403682
0.5665625002077705
0.4071100143151078
0.30959923732185374
0.2037820919567594
0.12065213399702834
0.05581445090043036
1.7919822173268487
1.3881364564923173
1.0598511312757062
0.7956225496308045
0.5846767187587005
0.417382960353431
0.31552275426879933
0.20552619434131214
0.1196933349221213
0.05331252557744765
1.8748487083412466
1.4469963029245663
1.1004351443052347
0.8224975276658631
0.6014397565749643
0.4268376506663983
0.3209508572686783
0.20711826813633627
0.11884041485039201
0.05110031186605161
1.9533088470842555
1.502527623425416
1.1385777944338678
0.847652944339824
0.617060932429634
0.4356065410962384
0.32596724919064585
0.20858756299611772
0.11807750311741641
0.049126627993696284
2.027912398840097
1.5551627882838008
1.1746036768648298
0.8713320783260446
0.6317029912655894
0.4437915485575506
0.33063532107373766
0.20995480739965988
0.11739179080970767
0.04735216175079396
2.0991058945981687
1.6052414051964246
1.2087737244045094
0.8937229410782151
0.6454950400235634
0.4514719210688121
0.3350047718860346
0.21123567439457408
0.11677163977622929
0.04574579208549057