# datat/BKevo/ATAN_BKevo/atan20.dat
# N(r,Y=0), r, *FL(x,Q^2)
# 1e-05 < r < 100.0
# 1 < Q^2 < 50, n=15, log grid
# 1e-5 < x < 1e-2, n=10, log grid
###
0.000244228513811111
0.00026937895649918863
0.0002969465151981409
0.00032738678797871904
0.0003610802657488582
0.00039808131721674094
0.000438863827944584
0.0004840025657585141
0.0005336656475784265
0.0005883046552475718
0.0006487769367842689
0.0007154356773426805
0.0007886397225303317
0.0008696549541977102
0.0009591263833102788
0.001057204202055
0.0011657418462764294
0.0012858342318882898
0.0014172386494241177
0.0015626497297368477
0.0017236127384059221
0.001899901006671511
0.0020947140432378305
0.0023103518087931223
0.002546964203860395
0.002807965066652258
0.003096851351738039
0.0034144330118519107
0.003764111800534368
0.004151130893374459
0.004577393437267078
0.005045883148623804
0.005564374151621093
0.006136514731928716
0.00676418888497747
0.007458818698154754
0.008226767252981364
0.009067720455783447
0.009998333080077491
0.01102849841742723
0.012155822829547
0.01340259667412498
0.014782675281619384
0.016295751354347125
0.017966108574649326
0.01981496600897741
0.021845805300171356
0.02408366668138147
0.02656054494516655
0.02928633124864859
0.03228450672220541
0.03560272286030531
0.03926124419071604
0.04327799914696366
0.047723245156497625
0.052633529079062394
0.05801465423262994
0.06396932370599943
0.07055905469270647
0.07776698352609765
0.08574208010306997
0.09456845593464808
0.1042346123921782
0.11491006373777651
0.1267208463783977
0.1396735247693959
0.15394356865438835
0.16971765953356494
0.1870283320785806
0.20603221898512294
0.22699321705286277
0.24996867353865845
0.2750305776445644
0.3025197241144992
0.3324802238976026
0.3647208207798396
0.3996040053365512
0.4370379040231384
0.4761493791411064
0.5172206686053827
0.5597944725203398
0.6020155635034731
0.6440429808690505
0.6851959501142589
0.7234590658479468
0.7590390727864216
0.7918864939735045
0.8208430781677508
0.8462901162737538
0.8688847864606842
0.8882895820120913
0.904759616475614
0.9191235716990654
0.9313915549514454
0.9416029480163913
0.9504531262343673
0.9580434774291926
0.9642844302966154
0.9696853355711701
0.9743529477814914
###
1e-05
1.1768119524349992e-05
1.3848863713938717e-05
1.6297508346206434e-05
1.917910261672489e-05
2.2570197196339216e-05
2.656087782946684e-05
3.1257158496882356e-05
3.678379771828634e-05
4.328761281083062e-05
5.0941380148163754e-05
5.994842503189409e-05
7.054802310718646e-05
8.302175681319735e-05
9.770099572992247e-05
0.00011497569953977356
0.00013530477745798074
0.00015922827933410923
0.0001873817422860383
0.00022051307399030456
0.00025950242113997375
0.0003053855508833416
0.00035938136638046257
0.0004229242874389499
0.0004977023564332109
0.0005857020818056661
0.0006892612104349695
0.0008111308307896872
0.0009545484566618337
0.0011233240329780276
0.0013219411484660286
0.0015556761439304723
0.0018307382802953678
0.002154434690031882
0.0025353644939701114
0.0029836472402833374
0.003511191734215131
0.004132012400115334
0.004862601580065354
0.005722367659350214
0.006734150657750821
0.007924828983539169
0.0093260334688322
0.010974987654930556
0.01291549665014884
0.01519911082952933
0.01788649529057435
0.0210490414451202
0.02477076355991709
0.029150530628251757
0.034304692863149154
0.040370172585965536
0.047508101621027934
0.05590810182512223
0.06579332246575675
0.0774263682681127
0.09111627561154886
0.10722672220103231
0.1261856883066021
0.14849682622544635
0.1747528400007683
0.20565123083486514
0.24201282647943834
0.2848035868435799
0.3351602650938841
0.3944206059437656
0.46415888336127725
0.5462277217684337
0.642807311728432
0.7564633275546291
0.8902150854450375
1.0476157527896641
1.232846739442066
1.4508287784959402
1.7073526474706886
2.009233002565046
2.364489412645407
2.782559402207126
3.274549162877725
3.8535285937105273
4.534878508128582
5.3366992312063015
6.280291441834247
7.390722033525775
8.697490026177835
10.235310218990248
12.045035402587812
14.174741629268048
16.68100537200059
19.630406500402685
23.10129700083158
27.1858824273294
31.992671377973846
37.64935806792464
44.30621457583877
52.14008287999685
61.35907273413163
72.20809018385457
84.97534359086438
100.0
###
0.39261053510326255
0.3881394856772937
0.3784728643280572
0.3600373064584116
0.32948769041857595
0.2863666621432029
0.24810391233701173
0.19462995998280377
0.14492685473818195
0.10358405003692238
1.8934379823333471
1.8496066348744449
1.7657106056609968
1.6250235431821936
1.420975809668368
1.168649703725364
0.967814434154884
0.7137692056042446
0.5001485937888073
0.33696808222394997
3.378597822132385
3.27789841140279
3.094557905086602
2.8029285271009834
2.401971435085682
1.9310684557770985
1.5714081433032085
1.1329235963862774
0.7770923511154244
0.5133252579191814
4.850035723123188
4.681688088034836
4.385035194967971
3.928821500763768
3.3224972268391038
2.632877111389633
2.1194561021928924
1.5070831414411623
1.0207397857349272
0.6666534433095584
6.310301300258594
6.066243324980416
5.6466111631890765
5.017081907276113
4.20111135987156
3.294226374778476
2.63119288108355
1.8528726294521995
1.2439840300753182
0.8061249985826608
7.7607747953736474
7.434737938408792
6.884801366698259
6.0757532962144705
5.047721141394839
3.9254934649001076
3.116514977039254
2.178409822216635
1.4528112466242387
0.9359309177647182
9.202743029018
8.7893819366327
8.103206652418942
7.110194397187713
5.868485521005593
4.532867720090945
3.581127110135357
2.4880364698197024
1.6506011766949622
1.0584334270298528
10.637023899618509
10.131784224945417
9.304537020134056
8.123894227214787
6.667608915993323
5.1206241493057325
4.028833668194249
2.785097693985427
1.8395807330748708
1.1751419545634425
12.064292400172102
11.463187036219702
10.490723298420246
9.119571783063737
7.448187433767501
5.6917082905561545
4.462147104366929
3.071815595049956
2.021271989979544
1.2870806790827491
13.48509614171496
12.784581012658284
11.663313019235336
10.099215382409948
8.212492279777495
6.248357993463239
4.883381868941347
3.3490869579894533
2.1967835849460977
1.3949939679227052
14.899889859073626
14.096781249886002
12.823554646989933
11.064518301420366
8.962359244223626
6.792312354351693
5.293920018713888
3.6187415061815003
2.3669551165151503
1.499442428672928
16.309058608833695
15.400457723444182
13.97247854895031
12.016812131147137
9.699253440606853
7.324944057126364
5.694991058190143
3.881604255152992
2.532296533111842
1.60086178299691
17.712933353987417
16.69619031372077
15.11105963700548
12.957176374269213
10.424379120026197
7.8473871650121545
6.087570486414807
4.138215446333038
2.6936047861581844
1.6995993849628168
19.11180237058724
17.984475726043193
16.239827703376346
13.886560685659743
11.13874318869172
8.360576309272405
6.472488330684666
4.389332594857896
2.8512698816853224
1.7959376374339633
20.505919370187197
19.265747086195155
17.35952047707618
14.805766070273279
11.843199404122192
8.865298621913059
6.850389165065746
4.635193678978191
3.0054824938716393
1.8901103511384336