# datat/BKevo/MVg_BKevo/mvg25.dat
# N(r,Y=0), r, *FL(x,Q^2)
# 1e-05 < r < 100.0
# 1 < Q^2 < 50, n=15, log grid
# 1e-5 < x < 1e-2, n=10, log grid
###
0.0
0.0
2.7433672109541783e-17
1.110223024625157e-16
1.110223024625157e-16
2.220446049250313e-16
3.355300658322077e-16
5.368103148646674e-16
9.38854119143587e-16
1.5289128190245172e-15
2.496644629888979e-15
4.183506100614114e-15
6.9193164209166955e-15
1.1478729984955942e-14
1.8928485204981344e-14
3.1589444339545373e-14
5.2289360208511694e-14
8.584929784803411e-14
1.4372119783437288e-13
2.3800226932829567e-13
3.903583164032783e-13
6.520251112483774e-13
1.0802350206349487e-12
1.7727809010186604e-12
2.9486573612470457e-12
4.8886980029271854e-12
8.026017209144847e-12
1.3293576198100488e-11
2.2052525788444418e-11
3.621543423011416e-11
5.971996751024526e-11
9.911694092715492e-11
1.6280449889229332e-10
2.6723291237769123e-10
4.436906515888031e-10
7.288289610138039e-10
1.1905588118902538e-09
1.977144925327509e-09
3.2474415649575027e-09
5.285642931491385e-09
8.765317316292908e-09
1.4392701734980778e-08
2.34130020155797e-08
3.863373625325717e-08
6.340277709926776e-08
1.0305588809223412e-07
1.691541256054992e-07
2.773731070744602e-07
4.503491597808085e-07
7.350332274322503e-07
1.2038715695117474e-06
1.9518060385907477e-06
3.1665187434902957e-06
5.1782244659850755e-06
8.380071327749037e-06
1.3509080812776967e-05
2.2048732067185175e-05
3.56047663479395e-05
5.701569639910751e-05
9.28496897877134e-05
0.00014957580908620452
0.0002387917644593596
0.00038653632909537805
0.0006212218347098853
0.000989428428558739
0.0015916996354935402
0.002553235708837919
0.004059224889137704
0.006493805498124614
0.010402145284481901
0.01651076393966781
0.026251191989056354
0.04190121079036404
0.06610482588141728
0.10357835448204217
0.16198559071306168
0.24730575963101364
0.36660696285871486
0.5220888039569573
0.6963996300298602
0.858079707996925
0.9545370177478545
0.9923053801004158
0.9996884630305035
0.999998068085651
0.9999999970577146
0.99999999999987
1.0
1.0
1.0
1.0
1.0
1.0
1.0
1.0
1.0
1.0
1.0
1.0
1.0
###
1e-05
1.1768119524349992e-05
1.3848863713938717e-05
1.6297508346206434e-05
1.917910261672489e-05
2.2570197196339216e-05
2.656087782946684e-05
3.1257158496882356e-05
3.678379771828634e-05
4.328761281083062e-05
5.0941380148163754e-05
5.994842503189409e-05
7.054802310718646e-05
8.302175681319735e-05
9.770099572992247e-05
0.00011497569953977356
0.00013530477745798074
0.00015922827933410923
0.0001873817422860383
0.00022051307399030456
0.00025950242113997375
0.0003053855508833416
0.00035938136638046257
0.0004229242874389499
0.0004977023564332109
0.0005857020818056661
0.0006892612104349695
0.0008111308307896872
0.0009545484566618337
0.0011233240329780276
0.0013219411484660286
0.0015556761439304723
0.0018307382802953678
0.002154434690031882
0.0025353644939701114
0.0029836472402833374
0.003511191734215131
0.004132012400115334
0.004862601580065354
0.005722367659350214
0.006734150657750821
0.007924828983539169
0.0093260334688322
0.010974987654930556
0.01291549665014884
0.01519911082952933
0.01788649529057435
0.0210490414451202
0.02477076355991709
0.029150530628251757
0.034304692863149154
0.040370172585965536
0.047508101621027934
0.05590810182512223
0.06579332246575675
0.0774263682681127
0.09111627561154886
0.10722672220103231
0.1261856883066021
0.14849682622544635
0.1747528400007683
0.20565123083486514
0.24201282647943834
0.2848035868435799
0.3351602650938841
0.3944206059437656
0.46415888336127725
0.5462277217684337
0.642807311728432
0.7564633275546291
0.8902150854450375
1.0476157527896641
1.232846739442066
1.4508287784959402
1.7073526474706886
2.009233002565046
2.364489412645407
2.782559402207126
3.274549162877725
3.8535285937105273
4.534878508128582
5.3366992312063015
6.280291441834247
7.390722033525775
8.697490026177835
10.235310218990248
12.045035402587812
14.174741629268048
16.68100537200059
19.630406500402685
23.10129700083158
27.1858824273294
31.992671377973846
37.64935806792464
44.30621457583877
52.14008287999685
61.35907273413163
72.20809018385457
84.97534359086438
100.0
###
0.1607775477914567
0.1409418254871929
0.12295369522880907
0.10692842238639534
0.09285557626718426
0.08057155230612488
0.07247660240645706
0.06301226059155618
0.05489581276656859
0.04794759897758522
0.4541469262865517
0.3746321270274867
0.3061074761428347
0.24772773020876052
0.19838905304958437
0.15689459132604403
0.13021119290932487
0.09964726849712233
0.0738769515274834
0.05200056489750443
0.6342259987978582
0.5108260907156369
0.40673076196461994
0.3198949090195215
0.24802151385774662
0.1888136872262264
0.15145748936942127
0.1095444116306114
0.07502740203820013
0.0465917084298856
0.7729095825414266
0.6133205733623635
0.48060485775614215
0.3714011054258939
0.2822388509470338
0.2098628557016019
0.16481007449882762
0.11496498882322327
0.07480414584734198
0.042394641537303206
0.8884166098400301
0.6974960094818764
0.540324492112051
0.41230254364762564
0.30887267822793174
0.2258274870714048
0.17467420910795603
0.11872933754292983
0.07431087939467565
0.039194953635677286
0.9887298264593285
0.7698005381006656
0.5910498209387172
0.44662792992143324
0.3309042250554784
0.2388063303185757
0.18255939379418543
0.12162072693429112
0.07384957188231447
0.036672352942127714
1.0780483330963717
0.8336824029201659
0.6354818807413987
0.47640565469060586
0.3498127343626815
0.2498051494483039
0.18916188918121415
0.12397967546423513
0.07343349312217001
0.034620409830180894
1.1590277925245445
0.8912197259989978
0.6752274888822419
0.5028345590064851
0.3664524828485913
0.2593881225039959
0.19486259913727152
0.1259850970459502
0.0730678228739457
0.03290866181093479
1.2334005759258886
0.9437710386243761
0.711311823576224
0.5266785084603421
0.38135862244331353
0.2679034178539504
0.19989351443673575
0.12773208091029745
0.07274820734750978
0.03145130451216058
1.3023843220781948
0.9922813155309278
0.7444514224450762
0.548458700324554
0.394892899828793
0.27558313961831404
0.20440484206391382
0.1292855455744961
0.07246855011888717
0.030190206905900532
1.3668659730730555
1.0374374866690943
0.7751643275335753
0.5685478416152956
0.4073115002286032
0.28258920691615774
0.20850108133217324
0.13068726901079655
0.07222307961574735
0.02908411935897748
1.4275205361860828
1.0797560401532182
0.8038352521441005
0.5872226729363708
0.4188030288360669
0.28903830952590864
0.2122574806671368
0.131967116037129
0.0720065637649144
0.028103159838153886
1.484872762438047
1.1196384626227107
0.8307605620045349
0.6046946488739857
0.429510541821487
0.2950237164385054
0.21572989659874034
0.13314648707414042
0.07181425397612826
0.027223560243278433
1.5393451995413132
1.1574009398970786
0.8561737587463888
0.6211341132225235
0.43954543868768725
0.30060909281806913
0.21896157867808902
0.1342403852742866
0.07164339277995585
0.026430858665023028
1.5912703490311093
1.1932991417569045
0.8802623617086306
0.6366648009368177
0.44899618359409943
0.3058509725031643
0.2219860351575923
0.1352630318553477
0.07147390866644565
0.025710558703215865