# datat/BKevo/MVg_BKevo/mvg24.dat
# N(r,Y=0), r, *FL(x,Q^2)
# 1e-05 < r < 100.0
# 1 < Q^2 < 50, n=15, log grid
# 1e-5 < x < 1e-2, n=10, log grid
###
2.2940151897583627e-15
3.4912390090309196e-15
5.517243380894498e-15
8.66145024858521e-15
1.3424788437613873e-14
2.0957028130199175e-14
3.265022938530546e-14
5.0579697724166613e-14
7.876716569807658e-14
1.2293251521785932e-13
1.9056393151549286e-13
2.9576301925783333e-13
4.620981239937048e-13
7.164988683397746e-13
1.108580697475611e-12
1.7328833487473556e-12
2.687832650019999e-12
4.1454516555295614e-12
6.483254937191016e-12
1.0059270028166916e-11
1.5503375850353794e-11
2.419436881770867e-11
3.754854064120006e-11
5.7874889308051386e-11
9.003490935531773e-11
1.397546146484296e-10
2.1540943710482476e-10
3.3400936385732255e-10
5.185020996181498e-10
7.99114439966999e-10
1.2348412224525933e-09
1.916862660713988e-09
2.9536445089430396e-09
4.547753315256811e-09
7.058382485998922e-09
1.0872238011050304e-08
1.667687368582867e-08
2.5874869856924988e-08
3.983480211586429e-08
6.092113853036176e-08
9.437479469477853e-08
1.4518410175908108e-07
2.2183463754996664e-07
3.4224631609831095e-07
5.259796685924743e-07
8.027313154769532e-07
1.233031320424245e-06
1.8925111374446738e-06
2.8840041431010427e-06
4.409140886090375e-06
6.756125430317947e-06
1.0276773296566483e-05
1.5632192348541858e-05
2.3904038306702547e-05
3.627979715081587e-05
5.488915572141274e-05
8.372827998458473e-05
0.00012674764125392423
0.0001906778813906923
0.0002900537037361287
0.0004378300704365972
0.0006565127479101313
0.0009932717560411858
0.0014950102021368836
0.002235397183584696
0.003363425179325147
0.005049359772931427
0.007531361381489754
0.011274141656733974
0.01688526944793874
0.025119816847471853
0.03738153578381337
0.05572706132003067
0.08234368508955246
0.12093075812544184
0.17702137058338466
0.25450840539643305
0.35799025859292294
0.4892245375741677
0.6390062968583066
0.7898416852686462
0.9041823397969811
0.9707311115341429
0.9959641685322723
0.9997469296299075
0.9999935518431007
0.9999999778220854
0.999999999999947
1.0
1.0
1.0
1.0
1.0
1.0
1.0
1.0
1.0
1.0
1.0
1.0
###
1e-05
1.1768119524349992e-05
1.3848863713938717e-05
1.6297508346206434e-05
1.917910261672489e-05
2.2570197196339216e-05
2.656087782946684e-05
3.1257158496882356e-05
3.678379771828634e-05
4.328761281083062e-05
5.0941380148163754e-05
5.994842503189409e-05
7.054802310718646e-05
8.302175681319735e-05
9.770099572992247e-05
0.00011497569953977356
0.00013530477745798074
0.00015922827933410923
0.0001873817422860383
0.00022051307399030456
0.00025950242113997375
0.0003053855508833416
0.00035938136638046257
0.0004229242874389499
0.0004977023564332109
0.0005857020818056661
0.0006892612104349695
0.0008111308307896872
0.0009545484566618337
0.0011233240329780276
0.0013219411484660286
0.0015556761439304723
0.0018307382802953678
0.002154434690031882
0.0025353644939701114
0.0029836472402833374
0.003511191734215131
0.004132012400115334
0.004862601580065354
0.005722367659350214
0.006734150657750821
0.007924828983539169
0.0093260334688322
0.010974987654930556
0.01291549665014884
0.01519911082952933
0.01788649529057435
0.0210490414451202
0.02477076355991709
0.029150530628251757
0.034304692863149154
0.040370172585965536
0.047508101621027934
0.05590810182512223
0.06579332246575675
0.0774263682681127
0.09111627561154886
0.10722672220103231
0.1261856883066021
0.14849682622544635
0.1747528400007683
0.20565123083486514
0.24201282647943834
0.2848035868435799
0.3351602650938841
0.3944206059437656
0.46415888336127725
0.5462277217684337
0.642807311728432
0.7564633275546291
0.8902150854450375
1.0476157527896641
1.232846739442066
1.4508287784959402
1.7073526474706886
2.009233002565046
2.364489412645407
2.782559402207126
3.274549162877725
3.8535285937105273
4.534878508128582
5.3366992312063015
6.280291441834247
7.390722033525775
8.697490026177835
10.235310218990248
12.045035402587812
14.174741629268048
16.68100537200059
19.630406500402685
23.10129700083158
27.1858824273294
31.992671377973846
37.64935806792464
44.30621457583877
52.14008287999685
61.35907273413163
72.20809018385457
84.97534359086438
100.0
###
0.16870390158143664
0.14806848959401323
0.12922114806016283
0.1122993469851787
0.09733838454650637
0.08421776451702565
0.07552448312068248
0.06530019723618129
0.05650810961521441
0.04894633692472942
0.4878971805076765
0.4039911590603763
0.3312940229561154
0.2691063068696095
0.21642014866734982
0.1720632596789839
0.14355661103020662
0.11097772162032297
0.08363605187229257
0.06058563105845849
0.6876918194255491
0.5564011778453423
0.44519162000207607
0.352040286841795
0.2747650798944014
0.21105806289750473
0.1708734022387141
0.1258584165386169
0.08891762574441908
0.05863067221862429
0.8427647276930721
0.6721339027908422
0.5296046244704374
0.41189007429147273
0.3155538164251826
0.2372405379583018
0.1884848325220601
0.1345781293927955
0.0911885211569401
0.05631335626851406
0.9725732332737209
0.7676670989549804
0.5982371434364565
0.45973025725199124
0.3475193056496647
0.2572671085762143
0.2016333880857479
0.14077623893696
0.09246896649627281
0.05427832922325322
1.0856628921067197
0.8500332014597306
0.6567818924630238
0.5000260550945809
0.3740717228468532
0.2736238648719554
0.21219598476940263
0.1455824058751346
0.09330333470868012
0.052536538291421915
1.1866729697753096
0.9230190790876383
0.7081897130940279
0.5350995216478165
0.3969344120094977
0.28752528427969437
0.22106225622639744
0.1495114262436426
0.09389924405138293
0.05103569527248419
1.278452299816928
0.9888968444876928
0.7542889943482559
0.5662973465962545
0.41709783471132333
0.29965793871600493
0.2287263099104611
0.15284163509677554
0.09435245056134312
0.049726422937577314
1.3629008744060878
1.0491770813087984
0.7962170863798805
0.5944959206722814
0.43519167112009705
0.3104534991332344
0.2354909411603097
0.15573433134707357
0.09475607090359392
0.04857104153090507
1.4413492346895584
1.1049080177999162
0.8347863737913962
0.6202933050408926
0.4516509831728403
0.3201980685304176
0.24155692734449713
0.15829539176387478
0.09501021682050385
0.04754060193802088
1.514777774320002
1.156856733190393
0.8705788534218447
0.6441308154304352
0.4667631313209979
0.3290935863479389
0.24706283243830834
0.1605950179101949
0.09526145107153342
0.046612534974788844
1.5839305664837724
1.2055994274491053
0.9040309022507242
0.6662959138146927
0.4807604825179721
0.3372869726987516
0.2521094532263147
0.16268364327044443
0.09547895016489914
0.04577005178414197
1.6493878121437975
1.2515827762305796
0.9354788964880937
0.6870563631669705
0.4938135276089217
0.34489127816804255
0.2567720397806606
0.16459785603793364
0.09567030547510243
0.04500164869170302
1.7116121624790173
1.2951557708880779
0.9651883690333498
0.7066215309437022
0.5060553166258348
0.3519910169799485
0.2611086189719504
0.16636706689001646
0.09584166697567621
0.0442932075926103
1.7709791683264067
1.3366322107566702
0.9933729324971511
0.7250931802646945
0.517591742539092
0.3586548816401829
0.2651621248856386
0.16800912888702774
0.09599661277767561
0.04363841752349564