# datat/BKevo/ATAN_BKevo/atan23.dat
# N(r,Y=0), r, *FL(x,Q^2)
# 1e-05 < r < 100.0
# 1 < Q^2 < 50, n=15, log grid
# 1e-5 < x < 1e-2, n=10, log grid
###
5.972427995499168e-08
7.258662692476302e-08
8.827089235730763e-08
1.073259491119883e-07
1.3044702613151104e-07
1.5861425785534393e-07
1.9286558771619543e-07
2.3442727720218243e-07
2.8501182025459007e-07
3.465779366533889e-07
4.212873967991328e-07
5.121290679871913e-07
6.227922582012346e-07
7.570858387816649e-07
9.202203911909678e-07
1.1191327171058558e-06
1.3605298662105496e-06
1.6534844441312162e-06
2.011018375864643e-06
2.444934937534533e-06
2.9714108734796633e-06
3.6136535359916493e-06
4.393622819936433e-06
5.3400071421530525e-06
6.493412243748601e-06
7.895405530360704e-06
9.596599560189828e-06
1.1667972463522649e-05
1.4188036077745518e-05
1.7246035785364246e-05
2.0965910849931693e-05
2.5495660303036335e-05
3.099256588290757e-05
3.7672804646925236e-05
4.581485771536778e-05
5.569575356312492e-05
6.769210265497706e-05
8.232703384512348e-05
0.00010008820088073291
0.00012163764310853992
0.00014793623651857438
0.0001798621731853093
0.00021859915093143612
0.0002658290784350489
0.00032321592722820417
0.0003928484202269793
0.0004776677138618938
0.0005808194834966645
0.0007059874816722518
0.0008583095194332444
0.001043719849023671
0.0012687114156973232
0.0015422487739986637
0.0018755041186956708
0.0022799135149006665
0.002771096789996896
0.003370042879329002
0.004096873166432343
0.004978754030450878
0.0060550122577109995
0.007360985566733767
0.00894518955375488
0.010876793675138392
0.013221811836166634
0.016065470560241706
0.019527432759629464
0.0237307693671952
0.02882300773934835
0.035007294070231655
0.04250669653882486
0.051568423765815864
0.0625212431386029
0.07574011433100293
0.09160439303484698
0.11058276822195243
0.1331767780872995
0.1598383614182126
0.1910245955125136
0.22692790750154487
0.26774530707148414
0.31339289563349226
0.3626331920873495
0.4150323436910175
0.4695588075196368
0.5235323623449842
0.5763084404917218
0.6271485482684818
0.6738451222007034
0.7162898756168505
0.7550000064084711
0.7890789736050908
0.8186234363022186
0.844806964783612
0.8674957643917038
0.8866284227760287
0.9033692169373767
0.9178483828819566
0.9298487945482036
0.9402929250242481
0.9493636668504816
###
1e-05
1.1768119524349992e-05
1.3848863713938717e-05
1.6297508346206434e-05
1.917910261672489e-05
2.2570197196339216e-05
2.656087782946684e-05
3.1257158496882356e-05
3.678379771828634e-05
4.328761281083062e-05
5.0941380148163754e-05
5.994842503189409e-05
7.054802310718646e-05
8.302175681319735e-05
9.770099572992247e-05
0.00011497569953977356
0.00013530477745798074
0.00015922827933410923
0.0001873817422860383
0.00022051307399030456
0.00025950242113997375
0.0003053855508833416
0.00035938136638046257
0.0004229242874389499
0.0004977023564332109
0.0005857020818056661
0.0006892612104349695
0.0008111308307896872
0.0009545484566618337
0.0011233240329780276
0.0013219411484660286
0.0015556761439304723
0.0018307382802953678
0.002154434690031882
0.0025353644939701114
0.0029836472402833374
0.003511191734215131
0.004132012400115334
0.004862601580065354
0.005722367659350214
0.006734150657750821
0.007924828983539169
0.0093260334688322
0.010974987654930556
0.01291549665014884
0.01519911082952933
0.01788649529057435
0.0210490414451202
0.02477076355991709
0.029150530628251757
0.034304692863149154
0.040370172585965536
0.047508101621027934
0.05590810182512223
0.06579332246575675
0.0774263682681127
0.09111627561154886
0.10722672220103231
0.1261856883066021
0.14849682622544635
0.1747528400007683
0.20565123083486514
0.24201282647943834
0.2848035868435799
0.3351602650938841
0.3944206059437656
0.46415888336127725
0.5462277217684337
0.642807311728432
0.7564633275546291
0.8902150854450375
1.0476157527896641
1.232846739442066
1.4508287784959402
1.7073526474706886
2.009233002565046
2.364489412645407
2.782559402207126
3.274549162877725
3.8535285937105273
4.534878508128582
5.3366992312063015
6.280291441834247
7.390722033525775
8.697490026177835
10.235310218990248
12.045035402587812
14.174741629268048
16.68100537200059
19.630406500402685
23.10129700083158
27.1858824273294
31.992671377973846
37.64935806792464
44.30621457583877
52.14008287999685
61.35907273413163
72.20809018385457
84.97534359086438
100.0
###
0.21950908390813623
0.1894498628202736
0.16039910368394975
0.13331951801545644
0.10891026437897809
0.08756163497450443
0.07362138485651164
0.05771540416510977
0.044658210578116746
0.0341149086133393
0.7506068965481908
0.6164883529527232
0.49680222812213404
0.3932037353527866
0.3060182466971475
0.23450168578706038
0.19019390367696537
0.14203772108619725
0.1045176663510981
0.0757039067168791
1.1394376438766893
0.9180902498200468
0.7261876565586263
0.5644302388095728
0.4315962833276154
0.32505952739121224
0.2602682609732336
0.19105421912870427
0.13813180964383698
0.0982178328498489
1.4660418131190864
1.1673654531941353
0.9128821916974033
0.7017741547256326
0.5309320985111222
0.39574800843793906
0.31443981826483886
0.22847123831193888
0.16348047427374726
0.11499805211280646
1.7544726027035813
1.3852650791316001
1.0744930251494755
0.8195819159084143
0.6153937779526751
0.4553768042868016
0.3598692796897789
0.25962426107567754
0.18443464314290375
0.1287843439197892
2.016174912757555
1.5814846929815065
1.219012054509815
0.9242426041682638
0.6900222744646854
0.507725426308088
0.3996164324372584
0.28672052195431463
0.2025777051307741
0.14067810268574973
2.257722462170381
1.7615013454102175
1.3508959160344194
1.0192764592297188
0.7574462055585439
0.5548271257867279
0.4352214190396874
0.31093903019179847
0.21873451470158922
0.15123680530709493
2.4832879189735597
1.928841889510358
1.4729525802315555
1.1068556661445443
0.8193451639603173
0.5979210148091569
0.46773955899149605
0.3329742034095244
0.23339704332458372
0.16079742486084808
2.695778256567272
2.0858550609584428
1.5870438957946864
1.1884491237156314
0.8768257539533025
0.6378345056211336
0.4977919659580932
0.3532750111621387
0.2468918500749489
0.169579700280318
2.897297154795024
2.234234841536405
1.6945332728420646
1.2650971618384301
0.930677971984798
0.6751312066764723
0.5258301223681613
0.3721850138681879
0.25942115450577174
0.17773097958199408
3.089409800908661
2.3753033432668262
1.7963963379045684
1.337575272255632
0.9814868208738515
0.7102313556775401
0.5521844914600077
0.38992766410799656
0.2711656663133146
0.1853600993569633
3.273242528977055
2.5100082528737646
1.8934804705114177
1.4064637677497347
1.0296816617768387
0.7434691193885298
0.5771448298840828
0.406678749478786
0.2822396523457683
0.19254662786939122
3.4500159078293806
2.6391361195498924
1.9863075202957456
1.472229477316408
1.0756079568020205
0.7751044568090931
0.6008275664878614
0.42258822759458076
0.292734468356082
0.19935294136073406
3.6203480664696692
2.763338857613395
2.0754308188601187
1.5352437558132144
1.1195407814446392
0.8053105340359921
0.6234253511879329
0.437738450850795
0.30273321438921214
0.2058283561025774
3.7850006463291797
2.8830875715795394
2.161231696964639
1.595810002839666
1.1617042021141193
0.8342608145317101
0.6450635944011496
0.4522287025297122
0.3122774328792412
0.2120153591209715