# datat/BKevo/GBW_BKevo/gbw86.dat
# N(r,Y=0), r, *FL(x,Q^2)
# 1e-05 < r < 100.0
# 1 < Q^2 < 50, n=15, log grid
# 1e-5 < x < 1e-2, n=10, log grid
###
1.0948404845558081e-13
1.610649376994257e-13
2.3894929117820465e-13
3.5359362718948936e-13
5.206344092537082e-13
7.711202104903695e-13
1.141920014097148e-12
1.6825701712384485e-12
2.488109895267622e-12
3.687739848460403e-12
5.4376464795068115e-12
8.026791997669217e-12
1.1907581958755651e-11
1.757114602772559e-11
2.5891321044392354e-11
3.844383705045108e-11
5.6772874704248616e-11
8.35031551663445e-11
1.2410083759309613e-10
1.8341386170963066e-10
2.6977987152409027e-10
4.0055718136206885e-10
5.924794584473409e-10
8.720766864989049e-10
1.2926910474188831e-09
1.9136531339458393e-09
2.818742261292161e-09
4.171228626435327e-09
6.1801744966994955e-09
9.109836219475985e-09
1.3457695807584414e-08
1.9956511630084335e-08
2.9438746078072405e-08
4.34123521067633e-08
6.443378393301461e-08
9.512190983569663e-08
1.400200302282526e-07
2.0801106720228902e-07
3.07321721139549e-07
4.518976927138019e-07
6.714314064495195e-07
9.927873532619024e-07
1.4608452174093133e-06
2.166994023939438e-06
3.20677245662229e-06
4.721974969136816e-06
6.992825299327393e-06
1.035683523902934e-05
1.526147489364157e-05
2.256230286226663e-05
3.3444858575748204e-05
4.931943861685008e-05
7.278521731510518e-05
0.00010798561697123859
0.00015935875590262697
0.00023475432763328066
0.000348586064968152
0.0005147914881498351
0.0007569015490520268
0.001124808206668444
0.0016621184902352471
0.002444067199898981
0.0036258209453585623
0.005358888240139828
0.007878771779817564
0.01165321027890539
0.017203031072888033
0.025240083750417544
0.03710965524492478
0.05447592807121967
0.07926979992477073
0.11480908706926524
0.16525439590032884
0.23394531913397884
0.3250345944534201
0.4404735410198387
0.5753519668016951
0.7184874261877412
0.8429772465658999
0.9336531936147557
0.9831117159093116
0.9970419991955599
0.9997431728444431
0.9999954854302373
0.9999999902319524
0.9999999999891772
0.9999999999999993
1.0
1.0
1.0
1.0
1.0
1.0
1.0
1.0
1.0
1.0
1.0
1.0
1.0
###
1e-05
1.1768119524349992e-05
1.3848863713938717e-05
1.6297508346206434e-05
1.917910261672489e-05
2.2570197196339216e-05
2.656087782946684e-05
3.1257158496882356e-05
3.678379771828634e-05
4.328761281083062e-05
5.0941380148163754e-05
5.994842503189409e-05
7.054802310718646e-05
8.302175681319735e-05
9.770099572992247e-05
0.00011497569953977356
0.00013530477745798074
0.00015922827933410923
0.0001873817422860383
0.00022051307399030456
0.00025950242113997375
0.0003053855508833416
0.00035938136638046257
0.0004229242874389499
0.0004977023564332109
0.0005857020818056661
0.0006892612104349695
0.0008111308307896872
0.0009545484566618337
0.0011233240329780276
0.0013219411484660286
0.0015556761439304723
0.0018307382802953678
0.002154434690031882
0.0025353644939701114
0.0029836472402833374
0.003511191734215131
0.004132012400115334
0.004862601580065354
0.005722367659350214
0.006734150657750821
0.007924828983539169
0.0093260334688322
0.010974987654930556
0.01291549665014884
0.01519911082952933
0.01788649529057435
0.0210490414451202
0.02477076355991709
0.029150530628251757
0.034304692863149154
0.040370172585965536
0.047508101621027934
0.05590810182512223
0.06579332246575675
0.0774263682681127
0.09111627561154886
0.10722672220103231
0.1261856883066021
0.14849682622544635
0.1747528400007683
0.20565123083486514
0.24201282647943834
0.2848035868435799
0.3351602650938841
0.3944206059437656
0.46415888336127725
0.5462277217684337
0.642807311728432
0.7564633275546291
0.8902150854450375
1.0476157527896641
1.232846739442066
1.4508287784959402
1.7073526474706886
2.009233002565046
2.364489412645407
2.782559402207126
3.274549162877725
3.8535285937105273
4.534878508128582
5.3366992312063015
6.280291441834247
7.390722033525775
8.697490026177835
10.235310218990248
12.045035402587812
14.174741629268048
16.68100537200059
19.630406500402685
23.10129700083158
27.1858824273294
31.992671377973846
37.64935806792464
44.30621457583877
52.14008287999685
61.35907273413163
72.20809018385457
84.97534359086438
100.0
###
0.22058606376110076
0.2002912967669931
0.18115189855455976
0.16350052375766558
0.14751324899635787
0.1332845583110775
0.12379771620498624
0.11259705754526958
0.10306277106668348
0.09507207678993122
0.7015997796833593
0.6033317861917445
0.5150337963247427
0.43689829334469127
0.3685853566855332
0.3094613184962873
0.2705689148098804
0.22517074975152643
0.18621155852079357
0.15269147854693785
1.0234962655123392
0.8600810134177679
0.7164045013582325
0.5917772875802813
0.4848392810432558
0.3938502382139641
0.33482478388412806
0.2667924813607153
0.20918081131791813
0.1602022651839599
1.2803639072556678
1.0602404887355033
0.8693632300208375
0.7060800375321409
0.5677777313768446
0.45148368267973243
0.37683554089773424
0.2916975864405022
0.22047496568183564
0.16069251216239916
1.4990609955661856
1.2280810504472637
0.9956111487213963
0.7986430469599088
0.6334492169870937
0.4958636120241333
0.40831116917547167
0.3093025472894326
0.22733712200205264
0.15932379678028794
1.6918860194060434
1.374415002820758
1.1043170268023204
0.8772987171444725
0.6883956753877037
0.5322652726986117
0.43361213109089436
0.322870258809305
0.23201557833605235
0.1573880235792219
1.8656846510219243
1.5051805961588494
1.2005294320497952
0.9462139204741691
0.7359131254056399
0.5632725389674356
0.45484746132083154
0.3338951594971859
0.2354505860832254
0.15531602504426453
2.0247788337336017
1.6240041474024276
1.287288420914557
1.0077987696098039
0.7779743338087612
0.5903851660043093
0.4731903001874492
0.3431775584930526
0.23810134857544354
0.1532608354028355
2.1720551439086155
1.7333223099523163
1.3665937156708676
1.0636778510878042
0.8158303536831534
0.6145419188153207
0.4893705810715357
0.3511974480891573
0.24022744490331746
0.15128393180399072
2.3095780886216115
1.8348902123322093
1.4398448659029262
1.1149799851704374
0.8503345439925751
0.6363695169369928
0.5038709685463648
0.35819951347355367
0.2419426736869875
0.14940828385349694
2.4389229623829287
1.929936294051758
1.508059083764349
1.162497346337995
0.882096865925283
0.6563126389363294
0.5170254042849051
0.3645010866742652
0.24346493350692033
0.14763779401594992
2.5612188656548893
2.01943036587351
1.572012079901962
1.2068321195873422
0.9115697163862584
0.6746968650546623
0.5290741722098087
0.3701991157828
0.2447368279100133
0.14597904482482252
2.67735592649523
2.1041253649523766
1.6322957300199699
1.2484451892595452
0.9390984680571055
0.6917681701845387
0.5402002253501723
0.3754013284642209
0.24585041857296552
0.14440915218896674
2.7881057004306684
2.1846205064045425
1.6893912045710333
1.2877006927180263
0.9649616193634613
0.7077173331012394
0.5505452850866172
0.38027751560603185
0.24683552930117902
0.14292833672715582
2.8940722628231708
2.26140259296633
1.743672883515589
1.3248911893877133
0.9893592091826445
0.7227106783268847
0.5602161583210822
0.3847205740310515
0.24771641805711778
0.1415298342284178