# datat/BKevo/GBW_BKevo/gbw58.dat
# N(r,Y=0), r, *FL(x,Q^2)
# 1e-05 < r < 100.0
# 1 < Q^2 < 50, n=15, log grid
# 1e-5 < x < 1e-2, n=10, log grid
###
8.780864043895156e-12
1.2127374396916625e-11
1.6832389161788473e-11
2.332674376078434e-11
3.223073108397255e-11
4.4690785294625685e-11
6.196403857687086e-11
8.565381792328305e-11
1.186458604176563e-10
1.645862047237974e-10
2.276118461628577e-10
3.1495703003987323e-10
4.371341864024623e-10
6.048033923045556e-10
8.36012552189336e-10
1.1609227303193038e-09
1.6069570733029733e-09
2.2188931355407366e-09
3.0828924010121724e-09
4.269377280425206e-09
5.895383563207943e-09
8.186142449205473e-09
1.1342125546009846e-08
1.5668530288984287e-08
2.173529053400748e-08
3.0129607815910366e-08
4.1640588074884e-08
5.7705360704611916e-08
8.003151766831901e-08
1.1065661021124218e-07
1.5319011226059e-07
2.1256736306641603e-07
2.940419411679059e-07
4.0663845583580696e-07
5.645461553470082e-07
7.812896453967101e-07
1.0793157588456493e-06
1.4992324481260376e-06
2.0757980492946668e-06
2.865842236628602e-06
3.981111180923423e-06
5.514771876269885e-06
7.61691873686817e-06
1.0570712262556746e-05
1.4650016115617233e-05
2.0243110600087142e-05
2.8065104415670883e-05
3.891473835346718e-05
5.3795100058270326e-05
7.450525833138183e-05
0.00010335928474731339
0.0001429445597949918
0.0001977670456716464
0.00027449156175700216
0.00037977923353061315
0.0005248550827889689
0.0007288080024500547
0.001008739557301158
0.0013924187620688233
0.0019341857747740634
0.0026777336754675975
0.0036959235860412176
0.005127556666006845
0.007097663336656977
0.00979256805881587
0.013555869756364962
0.018741966558476392
0.02581207753499649
0.035583328881779404
0.0490016484509308
0.06712060550208661
0.09168601791626103
0.12485082548562286
0.16848233757815032
0.22523574548553515
0.2978452608712522
0.38693026455217616
0.4920386167619998
0.6075150915620171
0.7254114419501868
0.8343706613516491
0.9147013256015568
0.965888096538089
0.9911796199822576
0.9984094956283797
0.9998244028030113
0.9999935243857976
0.9999999564951767
0.9999999997550181
0.9999999999997877
1.0
1.0
1.0
1.0
1.0
1.0
1.0
1.0
1.0
1.0
###
1e-05
1.1768119524349992e-05
1.3848863713938717e-05
1.6297508346206434e-05
1.917910261672489e-05
2.2570197196339216e-05
2.656087782946684e-05
3.1257158496882356e-05
3.678379771828634e-05
4.328761281083062e-05
5.0941380148163754e-05
5.994842503189409e-05
7.054802310718646e-05
8.302175681319735e-05
9.770099572992247e-05
0.00011497569953977356
0.00013530477745798074
0.00015922827933410923
0.0001873817422860383
0.00022051307399030456
0.00025950242113997375
0.0003053855508833416
0.00035938136638046257
0.0004229242874389499
0.0004977023564332109
0.0005857020818056661
0.0006892612104349695
0.0008111308307896872
0.0009545484566618337
0.0011233240329780276
0.0013219411484660286
0.0015556761439304723
0.0018307382802953678
0.002154434690031882
0.0025353644939701114
0.0029836472402833374
0.003511191734215131
0.004132012400115334
0.004862601580065354
0.005722367659350214
0.006734150657750821
0.007924828983539169
0.0093260334688322
0.010974987654930556
0.01291549665014884
0.01519911082952933
0.01788649529057435
0.0210490414451202
0.02477076355991709
0.029150530628251757
0.034304692863149154
0.040370172585965536
0.047508101621027934
0.05590810182512223
0.06579332246575675
0.0774263682681127
0.09111627561154886
0.10722672220103231
0.1261856883066021
0.14849682622544635
0.1747528400007683
0.20565123083486514
0.24201282647943834
0.2848035868435799
0.3351602650938841
0.3944206059437656
0.46415888336127725
0.5462277217684337
0.642807311728432
0.7564633275546291
0.8902150854450375
1.0476157527896641
1.232846739442066
1.4508287784959402
1.7073526474706886
2.009233002565046
2.364489412645407
2.782559402207126
3.274549162877725
3.8535285937105273
4.534878508128582
5.3366992312063015
6.280291441834247
7.390722033525775
8.697490026177835
10.235310218990248
12.045035402587812
14.174741629268048
16.68100537200059
19.630406500402685
23.10129700083158
27.1858824273294
31.992671377973846
37.64935806792464
44.30621457583877
52.14008287999685
61.35907273413163
72.20809018385457
84.97534359086438
100.0
###
0.21193445133573555
0.1897951405034139
0.16879006055829174
0.14929839736552164
0.13152602841685118
0.11558274082308834
0.10482678170747368
0.09205168346593262
0.08088879931871393
0.07125288195015993
0.6735970218457535
0.5719244839476094
0.4809368248808599
0.4008165336143405
0.3312646615416013
0.2715459010645013
0.23263308979105135
0.1876952297953367
0.14970203181344902
0.11751683762668479
0.9846873975403486
0.8180495411145692
0.67229531214953
0.5469272631976564
0.4403687324823659
0.3507286195893787
0.2933357441272371
0.22817855821983266
0.174173239994172
0.12933892215839893
1.234146383530308
1.0112617917707887
0.8192732254641574
0.6563675797467954
0.5198693102051775
0.4065860279791967
0.33491184078766056
0.2544916336669548
0.18873906358179587
0.13505857682083924
1.4473126644203014
1.1741011843740887
0.9413292905085963
0.7458815176447227
0.5837487997803581
0.45055987796438396
0.3670142424019583
0.2741521391995854
0.19906030393137986
0.1384990552154559
1.6357846328428904
1.3166352621250772
1.047029348170947
0.8225205048666535
0.6377524123144216
0.487170115691337
0.39339677610624574
0.28992360152019114
0.20701209515569363
0.1408191922650563
1.8060891073255148
1.4444217314735142
1.1409853422344662
0.8900226185848457
0.6848430580935574
0.5187291379169917
0.4158992764158491
0.3031345460690743
0.21346936856424467
0.14250022596740766
1.9622909343968082
1.5608179221255936
1.2260177481303443
0.9506551496157161
0.7268032845442399
0.5465859086343466
0.43559677210628606
0.31452912268140704
0.21887576013780866
0.14378096977257862
2.10714512048901
1.6681855124087006
1.3039828898483363
1.0059207587180228
0.7647778005253957
0.5715980835572816
0.4531584783244896
0.3245645144992033
0.22358456242123298
0.14477239170209236
2.2426809084073174
1.7681507521448432
1.3761884908747133
1.0568240058850493
0.7995657213943372
0.5943487033811214
0.46903616867614817
0.33354336831512077
0.2277025144257267
0.1456095429263906
2.3702438648780677
1.8618519792256083
1.4435859564912659
1.1041187674282995
0.8317152522576254
0.6152532956848202
0.4835490013936429
0.3416764450941041
0.23137634548874078
0.14628867176061205
2.4910067347370637
1.950226124185425
1.5069259303051867
1.1483661136137666
0.8616543491699341
0.6346193928894575
0.4969314249125211
0.34911663373046636
0.23469253132337445
0.14686264731610446
2.605851054962606
2.0339856262033087
1.5667293047272497
1.1899996308215823
0.8896997684556398
0.6526812729510334
0.5093608329419815
0.35597818825327376
0.2377148221014579
0.14735198360414437
2.715485214092601
2.1137000926522735
1.623467246451279
1.2293614706637688
0.9161229620567167
0.6696219714395022
0.5209860244602544
0.36234756825463993
0.24049001638013798
0.14777738994819314
2.820488231700061
2.189833015124406
1.677499351764522
1.26672971075092
0.9411218620919952
0.6855873406586213
0.5318943171540655
0.36829754926005825
0.24305889154713398
0.14815016744598097