# datat/BKevo/GBW_BKevo/gbw71.dat
# N(r,Y=0), r, *FL(x,Q^2)
# 1e-05 < r < 100.0
# 1 < Q^2 < 50, n=15, log grid
# 1e-5 < x < 1e-2, n=10, log grid
###
0.0
0.0
0.0
0.0
0.0
0.0
0.0
0.0
0.0
0.0
0.0
0.0
4.584626771463529e-17
1.110223024625157e-16
2.220446049250313e-16
3.0293977757685713e-16
5.95638889243998e-16
1.0057905167916043e-15
1.834965603077195e-15
3.3550193266033124e-15
5.9132780724614725e-15
1.0835066894806807e-14
1.9438900026434167e-14
3.4579902368591056e-14
6.260289970444002e-14
1.128908422403231e-13
2.009827894195095e-13
3.625223768709926e-13
6.555833006697067e-13
1.1688847535115682e-12
2.0985657896991865e-12
3.804457515313522e-12
6.79640466386074e-12
1.2141928494833602e-11
2.2069724999741762e-11
3.950720224606783e-11
7.021649241490226e-11
1.2797925716116328e-10
2.2958543540762862e-10
4.0675377682301594e-10
7.418516706838609e-10
1.33377556126763e-09
2.367195224236263e-09
4.298557148137015e-09
7.746159000375854e-09
1.3772991969751429e-08
2.489713005909398e-08
4.497285368230183e-08
8.011441332186878e-08
1.4414157026157904e-07
2.610174859565238e-07
4.658835212055981e-07
8.341312841582845e-07
1.5143915134059692e-06
2.7084704064893453e-06
4.824758398715615e-06
8.783127207576765e-06
1.5741450260228767e-05
2.7893316022988572e-05
5.0920173849152515e-05
9.145831285875108e-05
0.0001621897782542419
0.00029506372656807516
0.0005311123435469003
0.0009433944762138547
0.0017080539476057096
0.003079863025338707
0.0054754378578958105
0.00984883378022974
0.01773963373470254
0.031417374885305854
0.05564298364428819
0.09844914445208962
0.16903009882667447
0.28141460825438136
0.4477922223629674
0.6529514150450603
0.851389623846628
0.9615931513047677
0.995969150667044
0.9999693598796267
0.9999999817572854
0.9999999999994343
1.0
1.0
1.0
1.0
1.0
1.0
1.0
1.0
1.0
1.0
1.0
1.0
1.0
1.0
1.0
1.0
1.0
###
1e-05
1.1768119524349992e-05
1.3848863713938717e-05
1.6297508346206434e-05
1.917910261672489e-05
2.2570197196339216e-05
2.656087782946684e-05
3.1257158496882356e-05
3.678379771828634e-05
4.328761281083062e-05
5.0941380148163754e-05
5.994842503189409e-05
7.054802310718646e-05
8.302175681319735e-05
9.770099572992247e-05
0.00011497569953977356
0.00013530477745798074
0.00015922827933410923
0.0001873817422860383
0.00022051307399030456
0.00025950242113997375
0.0003053855508833416
0.00035938136638046257
0.0004229242874389499
0.0004977023564332109
0.0005857020818056661
0.0006892612104349695
0.0008111308307896872
0.0009545484566618337
0.0011233240329780276
0.0013219411484660286
0.0015556761439304723
0.0018307382802953678
0.002154434690031882
0.0025353644939701114
0.0029836472402833374
0.003511191734215131
0.004132012400115334
0.004862601580065354
0.005722367659350214
0.006734150657750821
0.007924828983539169
0.0093260334688322
0.010974987654930556
0.01291549665014884
0.01519911082952933
0.01788649529057435
0.0210490414451202
0.02477076355991709
0.029150530628251757
0.034304692863149154
0.040370172585965536
0.047508101621027934
0.05590810182512223
0.06579332246575675
0.0774263682681127
0.09111627561154886
0.10722672220103231
0.1261856883066021
0.14849682622544635
0.1747528400007683
0.20565123083486514
0.24201282647943834
0.2848035868435799
0.3351602650938841
0.3944206059437656
0.46415888336127725
0.5462277217684337
0.642807311728432
0.7564633275546291
0.8902150854450375
1.0476157527896641
1.232846739442066
1.4508287784959402
1.7073526474706886
2.009233002565046
2.364489412645407
2.782559402207126
3.274549162877725
3.8535285937105273
4.534878508128582
5.3366992312063015
6.280291441834247
7.390722033525775
8.697490026177835
10.235310218990248
12.045035402587812
14.174741629268048
16.68100537200059
19.630406500402685
23.10129700083158
27.1858824273294
31.992671377973846
37.64935806792464
44.30621457583877
52.14008287999685
61.35907273413163
72.20809018385457
84.97534359086438
100.0
###
0.19686848071946325
0.17795120502572506
0.16067094750814256
0.14520311559472293
0.13161905852486463
0.11990656009040117
0.11230671709546045
0.10368449093395865
0.0966940202625358
0.0912470868098596
0.5864511246060309
0.49896382326633143
0.4218798419689893
0.35486189189940115
0.29705012341088327
0.24743637854858655
0.21499982882732305
0.17716806372819283
0.14444892922817212
0.11612054916996924
0.8330193212292201
0.6908004115848208
0.5680299062629564
0.46303046817021504
0.37391038696030965
0.2984932194058862
0.24965456940614728
0.19322462054372247
0.14505388211182602
0.1035154893218971
1.0249838631780355
0.8364154670185351
0.6757159787568002
0.5400469700688615
0.42622198263799216
0.33104973270049826
0.2700624154017224
0.2003484927064679
0.14161928313380398
0.09172521320332948
1.185948292125538
0.9565477338713019
0.7629789979812138
0.6011292660474427
0.4666410216245763
0.355296304397837
0.2845949163944223
0.20456571387800357
0.13809242593896384
0.08229760587618035
1.326338541710103
1.0601474797306711
0.8372388342696783
0.6523386341446368
0.4999418200686898
0.3748097335112192
0.29598046059234345
0.20752104931713883
0.1347889930873058
0.0747797308730686
1.451856254267623
1.1518903587490597
0.902402509399287
0.6967860542333888
0.5284611579199051
0.39125189163374763
0.3054111078878608
0.20982073239068838
0.13203672594987043
0.06867881338893927
1.5659765076377117
1.2347004374139265
0.9607323413438046
0.7362309367645373
0.5535262197788011
0.40553069386498436
0.313505000316778
0.21173027766865543
0.12968719109605836
0.06363401000995457
1.6710395880636257
1.3104682328081905
1.0137543455399156
0.7718279241927698
0.5759651537703921
0.41819661724807594
0.3206303608896682
0.21339262747577573
0.12767089273283486
0.05939021007838483
1.7686886412672633
1.3805119658216443
1.0624995929296122
0.804355281371701
0.596333001535902
0.4296103451546328
0.3270137745824569
0.214877719715
0.12592813295189728
0.05576587758863946
1.8601256955515497
1.4458038588740807
1.1077140134817673
0.8343688605661138
0.6150207931275091
0.4400203762049387
0.33281207616174896
0.216233069262736
0.12440994439285344
0.052630656036244595
1.946269511369329
1.507065951894811
1.1499557513551562
0.862280717798692
0.6323151198337645
0.44960614888079975
0.33813603546145465
0.21748789329306917
0.12307744549152892
0.049888387887361885
2.027835779841915
1.5648651131957803
1.1896543753137738
0.8884054280259918
0.6484326411493244
0.45850173002582595
0.3430646290842452
0.21866092850784136
0.1218995743625009
0.047466519835280364
2.1053955348621343
1.6196438971723228
1.227148498032766
0.9129892474390545
0.6635415674414813
0.4668099984647057
0.3476595050697087
0.21976882335440143
0.12085192636536074
0.04530985974900128
2.179412592004263
1.6717646974828453
1.2627102095703475
0.9362288245483593
0.6777751926090447
0.47461170141670467
0.35196792776539265
0.220820324794094
0.11991460072741929
0.043375127057559575