# datat/BKevo/GBW_BKevo/gbw38.dat
# N(r,Y=0), r, *FL(x,Q^2)
# 1e-05 < r < 100.0
# 1 < Q^2 < 50, n=15, log grid
# 1e-5 < x < 1e-2, n=10, log grid
###
1.0886524483509132e-07
1.3231069220989934e-07
1.6089992322925347e-07
1.9563342121303438e-07
2.3777844676589397e-07
2.891215845213079e-07
3.5155479278625274e-07
4.2731329499091734e-07
5.195186150525373e-07
6.317410949101094e-07
7.67921195085229e-07
9.335069989142108e-07
1.1352233419732157e-06
1.3800129976915865e-06
1.6773737518354839e-06
2.03994990139864e-06
2.479966953817234e-06
3.0139622865975056e-06
3.6656719309354233e-06
4.456610602007454e-06
5.4162647706715405e-06
6.586935789929301e-06
8.008651185035853e-06
9.73370267955501e-06
1.183610340478633e-05
1.4391619086578639e-05
1.749250160071747e-05
2.1268120811465212e-05
2.5861576516701605e-05
3.1435530593679385e-05
3.82158721628827e-05
4.6472333653202714e-05
5.649156258451955e-05
6.86675240469219e-05
8.350769394521055e-05
0.00010151689699282394
0.00012338137138933583
0.0001500541936419751
0.00018242381226854358
0.00022169623603795084
0.0002696213414200459
0.00032779844370697445
0.00039838276171584683
0.00048443514710436284
0.0005889835412805417
0.0007158276408477201
0.0008703135395352668
0.0010581570982109885
0.0012860491478870217
0.0015633092775657596
0.0019006914602218584
0.002309956396613516
0.002807307549174866
0.0034128920908597393
0.004147324210913506
0.005038668024079392
0.006124438936064395
0.007440603318148588
0.0090354860827896
0.01097826724784259
0.013331209832403726
0.01617906203013263
0.01964041900864841
0.023828470855959093
0.02888760146164363
0.03501456555872911
0.04241053951957375
0.05131330899204781
0.062035325877264326
0.07491287019072915
0.09031500291761826
0.10869851765638795
0.13055700199589618
0.1563996391214298
0.18678845962535115
0.222232452382046
0.26326993731242254
0.31033019297112324
0.36326933026050917
0.4222992965478146
0.4870769233231492
0.5553836741210771
0.62649462506066
0.6984983973827633
0.766570725100825
0.8289494723503841
0.8836411791196508
0.9265050674482975
0.9576067501568423
0.9787403601956881
0.9907601757474865
0.9964614954358502
0.9989548852127305
0.9997780340010437
0.9999570173372098
0.9999946632201889
0.9999997349864386
0.9999999834432476
0.9999999994646271
0.9999999999986542
###
1e-05
1.1768119524349992e-05
1.3848863713938717e-05
1.6297508346206434e-05
1.917910261672489e-05
2.2570197196339216e-05
2.656087782946684e-05
3.1257158496882356e-05
3.678379771828634e-05
4.328761281083062e-05
5.0941380148163754e-05
5.994842503189409e-05
7.054802310718646e-05
8.302175681319735e-05
9.770099572992247e-05
0.00011497569953977356
0.00013530477745798074
0.00015922827933410923
0.0001873817422860383
0.00022051307399030456
0.00025950242113997375
0.0003053855508833416
0.00035938136638046257
0.0004229242874389499
0.0004977023564332109
0.0005857020818056661
0.0006892612104349695
0.0008111308307896872
0.0009545484566618337
0.0011233240329780276
0.0013219411484660286
0.0015556761439304723
0.0018307382802953678
0.002154434690031882
0.0025353644939701114
0.0029836472402833374
0.003511191734215131
0.004132012400115334
0.004862601580065354
0.005722367659350214
0.006734150657750821
0.007924828983539169
0.0093260334688322
0.010974987654930556
0.01291549665014884
0.01519911082952933
0.01788649529057435
0.0210490414451202
0.02477076355991709
0.029150530628251757
0.034304692863149154
0.040370172585965536
0.047508101621027934
0.05590810182512223
0.06579332246575675
0.0774263682681127
0.09111627561154886
0.10722672220103231
0.1261856883066021
0.14849682622544635
0.1747528400007683
0.20565123083486514
0.24201282647943834
0.2848035868435799
0.3351602650938841
0.3944206059437656
0.46415888336127725
0.5462277217684337
0.642807311728432
0.7564633275546291
0.8902150854450375
1.0476157527896641
1.232846739442066
1.4508287784959402
1.7073526474706886
2.009233002565046
2.364489412645407
2.782559402207126
3.274549162877725
3.8535285937105273
4.534878508128582
5.3366992312063015
6.280291441834247
7.390722033525775
8.697490026177835
10.235310218990248
12.045035402587812
14.174741629268048
16.68100537200059
19.630406500402685
23.10129700083158
27.1858824273294
31.992671377973846
37.64935806792464
44.30621457583877
52.14008287999685
61.35907273413163
72.20809018385457
84.97534359086438
100.0
###
0.2647246911171737
0.23625194286658463
0.2070464608623029
0.17826766605579397
0.1509323077329486
0.12582095992330952
0.10873209779321187
0.08847148769675538
0.07110986011499394
0.05649907225503391
0.9713645237107957
0.8255752729638862
0.6880758494610661
0.5629465565767902
0.45268893278235195
0.35818086668919574
0.29749133234808045
0.22933779183415012
0.17426282207210703
0.13042664999800468
1.5160035352589638
1.2632123806699844
1.0321914322614352
0.8280887886706682
0.6531256306814505
0.5069261736934445
0.41503179334385926
0.31377525629195074
0.2337169426307918
0.1713125780648566
1.9844049387855731
1.633013327089923
1.318050364377136
1.0447375042128155
0.8143100970564064
0.6247119500330163
0.5070431679664098
0.3789058121335931
0.2789071146022794
0.2019324502924237
2.4043846225075938
1.9608056219495122
1.5686468020689612
1.2326940768542536
0.9527556047938046
0.7249109367185103
0.58477482370113
0.4334307413353992
0.31641140788032235
0.22714397490745417
2.7896742906586955
2.2589964820290094
1.7947857084374474
1.401026955959498
1.0758513119716613
0.8134000240390462
0.6530828147282346
0.4810809918202766
0.3489625627405707
0.24890166184971568
3.148336616524698
2.53470603877147
2.002599663014907
1.5548104602902584
1.1876822565637475
0.8933663766684469
0.7145836485356263
0.5237411284286964
0.3780214700090056
0.26823939599637586
3.4855505848502113
2.7926170296524897
2.195981831788506
1.6972363442359968
1.2907880969650558
0.9667843004008148
0.7708764766720179
0.5626534628955295
0.40441745886152747
0.2857514450763442
3.805249817843186
3.0359555710315984
2.3775957131064493
1.8304700483293725
1.3868770495166234
1.0349605705669387
0.8230248324711388
0.5985880404824837
0.4287162738142067
0.30183897563306966
4.109890027597013
3.266909450496619
2.549361322692078
1.9560623288163541
1.477167132216444
1.0988370807377836
0.8717747364577159
0.6320919987606204
0.45132097886835
0.3167749639753707
4.401539829573602
3.4871441632823252
2.712921984779979
2.0751695646883745
1.5625532209728838
1.1590914699917878
0.9176778181457579
0.6635652226806802
0.47250768413424604
0.3307548745790517
4.681945448134782
3.698387256397681
2.8690490487738334
2.188682019977938
1.643727585463267
1.2162458911069531
0.9611440414477859
0.693310382464579
0.49249948690536616
0.34391627660427043
4.952322900699647
3.9015077741476105
3.0188213301175
2.2972894036692404
1.7212397712478815
1.2706728354157528
1.0025013401222396
0.7215795746513294
0.5114686905576774
0.35638499631349385
5.213756728272492
4.097359822642493
3.162948047387343
2.401580081522419
1.795510263982285
1.3227566582160077
1.0420059079749568
0.7485247120729446
0.529511434994451
0.3682471703533373
5.46711179596247
4.286788287239901
3.3020085342670877
2.5020090656107907
1.8669105460609103
1.3727354545896229
1.0798746506459191
0.7743152594986257
0.546774071283774
0.37957487637472814