# datat/BKevo/GBW_BKevo/gbw44.dat
# N(r,Y=0), r, *FL(x,Q^2)
# 1e-05 < r < 100.0
# 1 < Q^2 < 50, n=15, log grid
# 1e-5 < x < 1e-2, n=10, log grid
###
0.0
0.0
0.0
0.0
0.0
0.0
0.0
0.0
0.0
0.0
0.0
0.0
0.0
0.0
1.110223024625157e-16
1.5146988878842861e-16
2.9781944462199903e-16
4.46725127701648e-16
8.064604990760821e-16
1.4611955909436062e-15
2.519017689052861e-15
4.621517673658064e-15
8.332360958509948e-15
1.48170781603707e-14
2.682792374139502e-14
4.8480057884582406e-14
8.627822414009872e-14
1.556183368353513e-13
2.813657947469028e-13
5.016085134780185e-13
9.005514013722435e-13
1.632581015411206e-12
2.9165113837817416e-12
5.2103770274019356e-12
9.470669683388111e-12
1.6953500840152596e-11
3.013164495787319e-11
5.491910825531991e-11
9.852093291689466e-11
1.745482561217476e-10
3.183472730159462e-10
5.723567375635373e-10
1.0158231702003264e-09
1.8446192035452381e-09
3.324072150937913e-09
5.910338179079153e-09
1.0683986335385255e-08
1.9298985647015273e-08
3.4379115428778474e-08
6.185478458148566e-08
1.120091927978829e-07
1.9992239220340496e-07
3.579468517214296e-07
6.49863874663995e-07
1.162273864880956e-06
2.070428365123983e-06
3.7690712496162968e-06
6.755084634273575e-06
1.1969820635466909e-05
2.1851463507208866e-05
3.924813385522327e-05
6.960296408028007e-05
0.00012663044267935416
0.00022794977430166794
0.0004049447517870203
0.000733341761817746
0.0013228650049843822
0.002353398600056964
0.004238761546730939
0.007653334660673563
0.013607887484654576
0.02427978580808138
0.04356265013863837
0.07649915607383648
0.1324291701672928
0.226620975591585
0.3683262789756385
0.5596996072367846
0.7652341984954346
0.9213548625849162
0.9909805166960693
0.9996026257232143
0.9999966925179912
0.9999999991347822
1.0
1.0
1.0
1.0
1.0
1.0
1.0
1.0
1.0
1.0
1.0
1.0
1.0
1.0
1.0
1.0
###
1e-05
1.1768119524349992e-05
1.3848863713938717e-05
1.6297508346206434e-05
1.917910261672489e-05
2.2570197196339216e-05
2.656087782946684e-05
3.1257158496882356e-05
3.678379771828634e-05
4.328761281083062e-05
5.0941380148163754e-05
5.994842503189409e-05
7.054802310718646e-05
8.302175681319735e-05
9.770099572992247e-05
0.00011497569953977356
0.00013530477745798074
0.00015922827933410923
0.0001873817422860383
0.00022051307399030456
0.00025950242113997375
0.0003053855508833416
0.00035938136638046257
0.0004229242874389499
0.0004977023564332109
0.0005857020818056661
0.0006892612104349695
0.0008111308307896872
0.0009545484566618337
0.0011233240329780276
0.0013219411484660286
0.0015556761439304723
0.0018307382802953678
0.002154434690031882
0.0025353644939701114
0.0029836472402833374
0.003511191734215131
0.004132012400115334
0.004862601580065354
0.005722367659350214
0.006734150657750821
0.007924828983539169
0.0093260334688322
0.010974987654930556
0.01291549665014884
0.01519911082952933
0.01788649529057435
0.0210490414451202
0.02477076355991709
0.029150530628251757
0.034304692863149154
0.040370172585965536
0.047508101621027934
0.05590810182512223
0.06579332246575675
0.0774263682681127
0.09111627561154886
0.10722672220103231
0.1261856883066021
0.14849682622544635
0.1747528400007683
0.20565123083486514
0.24201282647943834
0.2848035868435799
0.3351602650938841
0.3944206059437656
0.46415888336127725
0.5462277217684337
0.642807311728432
0.7564633275546291
0.8902150854450375
1.0476157527896641
1.232846739442066
1.4508287784959402
1.7073526474706886
2.009233002565046
2.364489412645407
2.782559402207126
3.274549162877725
3.8535285937105273
4.534878508128582
5.3366992312063015
6.280291441834247
7.390722033525775
8.697490026177835
10.235310218990248
12.045035402587812
14.174741629268048
16.68100537200059
19.630406500402685
23.10129700083158
27.1858824273294
31.992671377973846
37.64935806792464
44.30621457583877
52.14008287999685
61.35907273413163
72.20809018385457
84.97534359086438
100.0
###
0.16985257339983
0.1506020066782057
0.13318898842318685
0.1177106869091873
0.10415025503754949
0.09241657556271522
0.08473489513994688
0.07586236246412643
0.0684098243507466
0.06223133861482756
0.482164956860343
0.4014701958882659
0.33155396965481515
0.2715940681100739
0.22053619312091788
0.1772121612997051
0.1490907473904441
0.11658764342099191
0.08864434675202375
0.06453036972032188
0.6737985910484934
0.5470602125944295
0.4394460178322839
0.34896900649320634
0.2733824285706933
0.2104334567556592
0.17024730048858658
0.12449337812098392
0.08613969862009423
0.05374709692591875
0.8213410075671697
0.6564188243636303
0.5183522715704902
0.40381706241185744
0.3094032778652784
0.23188407592077834
0.18304681082274538
0.12829507474673166
0.08324393625398804
0.045983649963923005
0.9441721916884221
0.7461495478570274
0.5820175747733786
0.4472360398177023
0.3373011032495969
0.24802945032696816
0.19238703485801265
0.13068648798789745
0.0807603916748688
0.04037879243701574
1.0507772476438875
0.8231700090518619
0.6360336252185468
0.4836059989702756
0.36032511767520187
0.2611207405936954
0.19983339328931868
0.13255042620312574
0.07884887132439211
0.03615806264026518
1.1457301237426194
0.8911948743436818
0.6833138648285448
0.5151383916776509
0.38006724720295487
0.27221018447970863
0.2060785325239239
0.13409584282149223
0.07731924330632534
0.032858138724671054
1.231810848446608
0.9524458756697672
0.7255786741674091
0.5431006558298846
0.3974299195797881
0.28187548700981474
0.2114875577658936
0.13543918689690215
0.0760748165876422
0.030199908492399292
1.310864891727617
1.0083766919392496
0.7639489510992354
0.568317879980692
0.4129816397618631
0.29047294428292403
0.2162772734317299
0.13664107793772717
0.07504591638683239
0.028006745866084506
1.384188449239875
1.059997636880332
0.7991755377091997
0.5913462990123067
0.4271023288408366
0.2982351491565956
0.22058900160405528
0.1377394289485569
0.07418298689999037
0.02616209471457909
1.4527241839200236
1.1080419216285986
0.8318129176819903
0.6125828621026888
0.44006036338755833
0.30532508510578743
0.22451883080864757
0.1387540327222124
0.07345018209542119
0.02458541828712847
1.5171905063098514
1.1530632084883674
0.8622756029830795
0.6323218366937642
0.45205310396052495
0.3118607319183547
0.22813537556780214
0.13970136376097556
0.07282128395271285
0.02321988506338514
1.5781455441992414
1.1954878626035337
0.8908795993631564
0.6507878003160135
0.4632298617911366
0.31793064587721453
0.23148999677837026
0.14059112150161748
0.07227643690788901
0.022023809560938922
1.6360383229411988
1.23565397431073
0.9178740671762756
0.6681565415351066
0.4737067804949665
0.32360318705692687
0.23462179108511924
0.1414330029570037
0.07180078347257624
0.020966144683445077
1.6912228421102107
1.273834253793235
0.9434589899868142
0.6845684073725351
0.48357600294612624
0.3289322032413219
0.23756147628409635
0.14223265630953294
0.07138254797550009
0.020022968339719546