# data/BKevo/ATAN_BKevo/atan74.dat
# N(r,Y=0), r, *FL(x,Q^2)
# 1e-05 < r < 100.0
# 1 < Q^2 < 50, n=15, lin grid
# 1e-5 < x < 1e-2, n=10, log grid
###
0.000472138177758296
0.0005207585619840851
0.0005740516714821125
0.0006328982602622407
0.0006980338865156106
0.0007695636548519935
0.000848403672330765
0.0009356650697922164
0.001031672847845003
0.0011372999963970103
0.0012542039252393944
0.0013830674055628918
0.001524584151240162
0.0016812013423212408
0.0018541659023972718
0.0020437681802586496
0.002253591204751679
0.0024857516475752122
0.0027397803069603875
0.003020886394716844
0.0033320571902152145
0.0036728545008271663
0.004049463558675401
0.004466330605404143
0.004923745423804913
0.005428307582055118
0.0059867773262318
0.006600720434967226
0.007276713107209437
0.00802489134293493
0.00884893424652785
0.009754609846736742
0.010756946895798643
0.011862998110490386
0.013076405450084854
0.014419249732176117
0.015903831674337936
0.017529543514422742
0.019328581417345347
0.021320069978627353
0.023499379790340565
0.025909600210682796
0.02857751278313327
0.03150251642238881
0.03473154824576904
0.03830561693383768
0.04223142939632889
0.046557363210485946
0.051345229542161024
0.05661406991947079
0.06240916271592053
0.06882248555790273
0.07589294616119067
0.08365476170931656
0.09224326112333406
0.10172820780180665
0.11211913157459405
0.12361287367367618
0.13632543388702223
0.1502177983514373
0.16557209775370316
0.182540696217172
0.20107958072782164
0.22149439222876904
0.243993962118532
0.2685201212693177
0.29533111075094354
0.32467566959974764
0.3564015639946759
0.3905414914552471
0.4272889216653116
0.46620124675673036
0.5066951859887243
0.5487833968064814
0.5915752689363671
0.633521694837826
0.6747517227384138
0.7143835648470623
0.750377455282093
0.7837215613220602
0.8141468499646732
0.8402320552147317
0.863357407678005
0.8837638818624627
0.9008921467858686
0.915645805596175
0.9284793462783257
0.9392248603576578
0.9483253596831552
0.9562045752363243
0.9628394688938026
0.9683941110810548
0.9731987974882601
0.9772788912178778
0.980662451770678
0.9835898686007599
0.9860983869304416
0.9881605324865376
0.9899455599912393
0.9914889650712275
###
1e-05
1.1768119524349992e-05
1.3848863713938717e-05
1.6297508346206434e-05
1.917910261672489e-05
2.2570197196339216e-05
2.656087782946684e-05
3.1257158496882356e-05
3.678379771828634e-05
4.328761281083062e-05
5.0941380148163754e-05
5.994842503189409e-05
7.054802310718646e-05
8.302175681319735e-05
9.770099572992247e-05
0.00011497569953977356
0.00013530477745798074
0.00015922827933410923
0.0001873817422860383
0.00022051307399030456
0.00025950242113997375
0.0003053855508833416
0.00035938136638046257
0.0004229242874389499
0.0004977023564332109
0.0005857020818056661
0.0006892612104349695
0.0008111308307896872
0.0009545484566618337
0.0011233240329780276
0.0013219411484660286
0.0015556761439304723
0.0018307382802953678
0.002154434690031882
0.0025353644939701114
0.0029836472402833374
0.003511191734215131
0.004132012400115334
0.004862601580065354
0.005722367659350214
0.006734150657750821
0.007924828983539169
0.0093260334688322
0.010974987654930556
0.01291549665014884
0.01519911082952933
0.01788649529057435
0.0210490414451202
0.02477076355991709
0.029150530628251757
0.034304692863149154
0.040370172585965536
0.047508101621027934
0.05590810182512223
0.06579332246575675
0.0774263682681127
0.09111627561154886
0.10722672220103231
0.1261856883066021
0.14849682622544635
0.1747528400007683
0.20565123083486514
0.24201282647943834
0.2848035868435799
0.3351602650938841
0.3944206059437656
0.46415888336127725
0.5462277217684337
0.642807311728432
0.7564633275546291
0.8902150854450375
1.0476157527896641
1.232846739442066
1.4508287784959402
1.7073526474706886
2.009233002565046
2.364489412645407
2.782559402207126
3.274549162877725
3.8535285937105273
4.534878508128582
5.3366992312063015
6.280291441834247
7.390722033525775
8.697490026177835
10.235310218990248
12.045035402587812
14.174741629268048
16.68100537200059
19.630406500402685
23.10129700083158
27.1858824273294
31.992671377973846
37.64935806792464
44.30621457583877
52.14008287999685
61.35907273413163
72.20809018385457
84.97534359086438
100.0
###
0.3949112094041825
0.39356860882413996
0.39026036927500135
0.3829588609091253
0.36856192111831615
0.3439598736424499
0.31807399031432393
0.2754074049454159
0.22795506531405568
0.18157293618127854
1.918736096053646
1.9034996992309154
1.8697004815938743
1.802296548643843
1.684267442917296
1.5062857800631628
1.338294161594988
1.0897746267451025
0.843313721642572
0.626524647302386
3.439874285604952
3.4025774586569257
3.323346065487639
3.17262311423593
2.921403029180942
2.561738603941769
2.2367465537291564
1.7757259065984692
1.3379029646209841
0.9674678871883863
4.956120356326387
4.891154667082816
4.756949410786095
4.5094135327739835
4.1101871024626
3.5570459344684027
3.0709756127100616
2.399043973668504
1.777909346444121
1.2644767208593741
6.467971929843513
6.370906390594905
6.174645943068734
5.820804536046956
5.2635349143298695
4.510248465114491
3.861549507291196
2.981518243936404
2.183406376082273
1.5347473778280574
7.975911587427406
7.843001230013958
7.578897950917165
7.111199621552679
6.388891059731291
5.431057936532748
4.619277138408515
3.533902843410003
2.564344278592961
1.7863037132610111
9.480280266992581
9.308289382941478
8.971420761730515
8.3841450010211
7.490969197870835
6.325571707579828
5.3503634644580504
4.06289390659687
2.92650026359796
2.023686967919588
10.981740822393414
10.767354259051807
10.353558102340365
9.641046180179277
8.573118436973651
7.197980138813491
6.059967604188079
4.572706488174775
3.2732756087972423
2.249825187607859
12.479365603463135
12.220805367172424
11.726250868902122
10.884617623040754
9.637827638106112
8.051341748841498
6.7507597446724485
5.06638373300814
3.6073654479830237
2.466694889412005
13.974508762492501
13.669020103311698
13.090515004218213
12.115689540140899
10.687027640659476
8.887987507129445
7.42633331873982
5.5461853243639485
3.93065278414046
2.6757420934338962
15.466943348139258
15.112347449486812
14.44677314653663
13.335452870541861
11.722260380078867
9.709752365909363
8.087061824993075
6.013850844427006
4.244571531851653
2.878055740402542
16.95772836701546
16.551084251032773
15.795672260194637
14.544816665933842
12.744784201931818
10.518216804190113
8.735051110658477
6.47075826659075
4.5502466392715295
3.0744826875146445
18.445183683430667
17.985486641271
17.137688085494393
15.744547560029183
13.755658542551362
11.314402459332086
9.37153625146939
6.918023120549582
4.848581736697158
3.265698215144192
19.930428174333333
19.41577849601357
18.473232164495496
16.935301748566236
14.75576905477721
12.099433406451368
9.997545248529114
7.356566767035688
5.1400895627997905
3.452251664089056
21.41344283213637
20.842157498963463
19.80266447547919
18.117647724603113
15.74275771423944
12.874180179373782
10.613930039024316
7.7871613664373465
5.425820015086568
3.63459770524001