# data/BKevo/ATAN_BKevo/atan56.dat
# N(r,Y=0), r, *FL(x,Q^2)
# 1e-05 < r < 100.0
# 1 < Q^2 < 50, n=15, lin grid
# 1e-5 < x < 1e-2, n=10, log grid
###
0.00040605273294307565
0.00044786769479489893
0.000493701337949261
0.0005443111367847267
0.0006003296930011423
0.0006618473996575277
0.0007296521357960894
0.0008046995066523804
0.0008872690223189759
0.0009781114798193401
0.0010786523003707164
0.0011894786873013787
0.0013111872549700842
0.0014458826502719915
0.0015946372642157336
0.0017577008053277423
0.0019381547839216996
0.002137819600007852
0.002356291726322515
0.002598051238450846
0.0028656672847146443
0.0031587630068019503
0.0034826578866868295
0.0038411758234897665
0.004234566039786881
0.004668504359484869
0.005148804794653703
0.005676813963862632
0.0062581875956056665
0.00690164295321591
0.0076103441843433355
0.008389251978145166
0.009251291521216303
0.010202528389566805
0.01124609483153068
0.012400981060193623
0.013677766160831988
0.01507592765488204
0.016623155400062727
0.018335897470134494
0.020210173228966656
0.02228304154276589
0.02457753660120368
0.027093144137578268
0.02987023438299003
0.032944080458194115
0.03632045957662351
0.04004098925019045
0.04415884441537317
0.04869043187475533
0.05367473628131534
0.059190915127188264
0.06527253232382968
0.07194918440495617
0.07933744592041744
0.08749765461956006
0.09643865103919251
0.10633037364190917
0.11727370006699472
0.12923751862478589
0.14246669350828361
0.15709614510546738
0.17309625710096702
0.19073818020746636
0.2102145418815791
0.23150161836648997
0.2548511161989162
0.2805173678500215
0.30844542020691373
0.3387551851287693
0.3717154865212317
0.4071153852975174
0.4446517862663625
0.4844808778941434
0.5260219622102824
0.5680724483503296
0.6106896020234035
0.6530020042839797
0.6928733190586069
0.7308981104020238
0.7665210739028434
0.7978703001273177
0.8261648840233755
0.8514911170428129
0.8730119215702618
0.8917001980236923
0.9080487463622271
0.9217980970227521
0.9334758890423585
0.9436042188254447
0.9521433603193628
0.9592973043215691
0.9654873860526099
0.9707446730854522
0.975104427515014
0.9788760904937618
0.9821075954279039
0.98476358218934
0.9870622659384514
0.9890494668576565
###
1e-05
1.1768119524349992e-05
1.3848863713938717e-05
1.6297508346206434e-05
1.917910261672489e-05
2.2570197196339216e-05
2.656087782946684e-05
3.1257158496882356e-05
3.678379771828634e-05
4.328761281083062e-05
5.0941380148163754e-05
5.994842503189409e-05
7.054802310718646e-05
8.302175681319735e-05
9.770099572992247e-05
0.00011497569953977356
0.00013530477745798074
0.00015922827933410923
0.0001873817422860383
0.00022051307399030456
0.00025950242113997375
0.0003053855508833416
0.00035938136638046257
0.0004229242874389499
0.0004977023564332109
0.0005857020818056661
0.0006892612104349695
0.0008111308307896872
0.0009545484566618337
0.0011233240329780276
0.0013219411484660286
0.0015556761439304723
0.0018307382802953678
0.002154434690031882
0.0025353644939701114
0.0029836472402833374
0.003511191734215131
0.004132012400115334
0.004862601580065354
0.005722367659350214
0.006734150657750821
0.007924828983539169
0.0093260334688322
0.010974987654930556
0.01291549665014884
0.01519911082952933
0.01788649529057435
0.0210490414451202
0.02477076355991709
0.029150530628251757
0.034304692863149154
0.040370172585965536
0.047508101621027934
0.05590810182512223
0.06579332246575675
0.0774263682681127
0.09111627561154886
0.10722672220103231
0.1261856883066021
0.14849682622544635
0.1747528400007683
0.20565123083486514
0.24201282647943834
0.2848035868435799
0.3351602650938841
0.3944206059437656
0.46415888336127725
0.5462277217684337
0.642807311728432
0.7564633275546291
0.8902150854450375
1.0476157527896641
1.232846739442066
1.4508287784959402
1.7073526474706886
2.009233002565046
2.364489412645407
2.782559402207126
3.274549162877725
3.8535285937105273
4.534878508128582
5.3366992312063015
6.280291441834247
7.390722033525775
8.697490026177835
10.235310218990248
12.045035402587812
14.174741629268048
16.68100537200059
19.630406500402685
23.10129700083158
27.1858824273294
31.992671377973846
37.64935806792464
44.30621457583877
52.14008287999685
61.35907273413163
72.20809018385457
84.97534359086438
100.0
###
0.39460750680248824
0.39280843373262186
0.3885096519272233
0.37924080443155567
0.3616813638497143
0.3328754360806344
0.30368750361861296
0.2573697606786632
0.20798849362756966
0.16160901761189023
1.9151677887071863
1.8953957604784206
1.8527789041611493
1.7709981793481988
1.6336694849691915
1.4354812073311005
1.2555164735312256
0.9990036133744786
0.7545494974363207
0.5470444250051165
3.4309794527432556
3.383273858291485
3.284901011315727
3.1050714781677695
2.8182978557092317
2.425422376333712
2.083884119452901
1.616711477705886
1.1898183756220604
0.8405844339640224
4.940481389151768
4.858143051553577
4.693184178407974
4.401196132333986
3.9506601552814833
3.3536271344791393
2.8487928943285277
2.1753654873168995
1.575729124173456
1.0959646319667262
6.444446960517083
6.322211920593021
6.082702981451229
5.668662893595221
5.045237970724727
4.239100194334109
3.571011098333085
2.695828480591273
1.930783143330818
1.328283855459468
7.943552695686295
7.777016924191912
7.456634862942161
6.913270355348051
6.110221037259536
5.092036249820222
4.261358476304105
3.1883233533922066
2.2639494609820914
1.5444839771463663
9.438185739316172
9.223578496513275
8.816882839905315
8.138086281628881
7.1508042628013255
5.9186953282328645
4.926209061133754
3.659293729760699
2.580201257601149
1.7484933257262711
10.928754360752125
10.662826476351556
10.165246438098277
9.34529616275921
8.170566595749872
6.7233731940279275
5.570275861750613
4.112550985811363
2.882904316660665
1.9428341800222033
12.415568413417883
12.095352949966806
11.502856075816815
10.538164708442457
9.172202094909585
7.509187747315636
6.196574138834347
4.550978132304147
3.1743587886920706
2.1292113988170156
13.898871119204054
13.52167995169831
12.830674878926413
11.717363868037037
10.157790062672348
8.278504775266164
6.807464891017981
4.976681743723752
3.4560418703204436
2.3088689745255913
15.37886041914014
14.942241187689357
14.150036459372599
12.884160529924408
11.128971493024551
9.03317934708
7.404786028973585
5.391278563516397
3.7298493519297518
2.4827432829666694
16.85579573390875
16.357404059617995
15.460628249826776
14.040058478185298
12.08708718527746
9.774704542901318
7.989998030643624
5.796046273912927
3.996166524142095
2.6515623029993343
18.329704061569768
17.76748444741208
16.763276387361124
15.185406150939942
13.033256370375291
10.504307255947824
8.564306104866546
6.192016714306658
4.255846760441626
2.81590614202894
19.80079930677564
19.172721489437166
18.058707508577733
16.321213869450137
13.96840481738184
11.223013185925675
9.128698113693526
6.580040949091322
4.509839201700699
2.976246721677232
21.269193482314336
20.57342687904432
19.347787675788016
17.447951955351765
14.893345532183043
11.931692161524742
9.683995974508424
6.960830997283735
4.758564439791007
3.132974570880802