# datat/BKevo/MVg_BKevo/mvg35.dat
# N(r,Y=0), r, *FL(x,Q^2)
# 1e-05 < r < 100.0
# 1 < Q^2 < 50, n=15, log grid
# 1e-5 < x < 1e-2, n=10, log grid
###
0.0
0.0
0.0
0.0
0.0
0.0
0.0
0.0
0.0
0.0
8.703792686088757e-17
1.110223024625157e-16
1.5686857017715095e-16
3.034338464623157e-16
5.680669148113769e-16
9.389464625412612e-16
1.6758943652694781e-15
3.0160535914490206e-15
5.323711164618576e-15
9.45121301936763e-15
1.6535836524089243e-14
2.9505462881348625e-14
5.222305897842851e-14
9.115315498624191e-14
1.6220605770377868e-13
2.871983152011001e-13
5.020105684844696e-13
8.883577219925042e-13
1.5751087711251074e-12
2.755451151049704e-12
4.849220499511614e-12
8.607181416262125e-12
1.506680739570215e-11
2.6361968087618365e-11
4.683924266129036e-11
8.203626816887246e-11
1.426669784083267e-10
2.537162142815314e-10
4.4454648033810823e-10
7.697133259861623e-10
1.3671526218116966e-09
2.395976760611409e-09
4.147848921823475e-09
7.323418052624804e-09
1.2834552858915038e-08
2.220998507908643e-08
3.89658400505915e-08
6.827083789021119e-08
1.1806145019768699e-07
2.0573969778969975e-07
3.60258583601494e-07
6.223735597688307e-07
1.0768554912573765e-06
1.8838323389643102e-06
3.2500455436721875e-06
5.581103670054898e-06
9.750709144191502e-06
1.679380488375808e-05
2.8613063802741812e-05
4.991041820194074e-05
8.579810000273325e-05
0.00014576309814973577
0.00025254281238332844
0.0004333365195962403
0.0007347781883007198
0.0012639354405516768
0.002165797678211458
0.0036671391790489612
0.0062657831300263955
0.010723956156746203
0.018123914550332482
0.030700266090620553
0.052226642808787915
0.08730064629857785
0.14414020525954624
0.2355399834515902
0.3687506950062496
0.545769895588451
0.7398206878461853
0.8989891460790576
0.9830939479727984
0.9986993910167666
0.9999741554867302
0.9999999713124966
0.9999999999999994
1.0
1.0
1.0
1.0
1.0
1.0
1.0
1.0
1.0
1.0
1.0
1.0
1.0
1.0
1.0
###
1e-05
1.1768119524349992e-05
1.3848863713938717e-05
1.6297508346206434e-05
1.917910261672489e-05
2.2570197196339216e-05
2.656087782946684e-05
3.1257158496882356e-05
3.678379771828634e-05
4.328761281083062e-05
5.0941380148163754e-05
5.994842503189409e-05
7.054802310718646e-05
8.302175681319735e-05
9.770099572992247e-05
0.00011497569953977356
0.00013530477745798074
0.00015922827933410923
0.0001873817422860383
0.00022051307399030456
0.00025950242113997375
0.0003053855508833416
0.00035938136638046257
0.0004229242874389499
0.0004977023564332109
0.0005857020818056661
0.0006892612104349695
0.0008111308307896872
0.0009545484566618337
0.0011233240329780276
0.0013219411484660286
0.0015556761439304723
0.0018307382802953678
0.002154434690031882
0.0025353644939701114
0.0029836472402833374
0.003511191734215131
0.004132012400115334
0.004862601580065354
0.005722367659350214
0.006734150657750821
0.007924828983539169
0.0093260334688322
0.010974987654930556
0.01291549665014884
0.01519911082952933
0.01788649529057435
0.0210490414451202
0.02477076355991709
0.029150530628251757
0.034304692863149154
0.040370172585965536
0.047508101621027934
0.05590810182512223
0.06579332246575675
0.0774263682681127
0.09111627561154886
0.10722672220103231
0.1261856883066021
0.14849682622544635
0.1747528400007683
0.20565123083486514
0.24201282647943834
0.2848035868435799
0.3351602650938841
0.3944206059437656
0.46415888336127725
0.5462277217684337
0.642807311728432
0.7564633275546291
0.8902150854450375
1.0476157527896641
1.232846739442066
1.4508287784959402
1.7073526474706886
2.009233002565046
2.364489412645407
2.782559402207126
3.274549162877725
3.8535285937105273
4.534878508128582
5.3366992312063015
6.280291441834247
7.390722033525775
8.697490026177835
10.235310218990248
12.045035402587812
14.174741629268048
16.68100537200059
19.630406500402685
23.10129700083158
27.1858824273294
31.992671377973846
37.64935806792464
44.30621457583877
52.14008287999685
61.35907273413163
72.20809018385457
84.97534359086438
100.0
###
0.17311382949404905
0.15361909008377045
0.13591589484361835
0.12012320038307396
0.10624216795598107
0.09419048921924505
0.08627954762393678
0.07711110789008578
0.06944275724241096
0.06292729416407117
0.4961358410692122
0.41387891789083947
0.3424433746111512
0.2810726027270745
0.2287486773181525
0.18432699591099
0.15549500412024214
0.12213029168823245
0.09361789276460845
0.06902379968705102
0.6958521243467902
0.5662017392711723
0.4559130442132944
0.3630417585644713
0.285368795226588
0.220650537740383
0.17933563773285935
0.1323739797594511
0.0929698756349419
0.059796459635084974
0.8499926799076944
0.680976626309566
0.5391743300273273
0.42136084336060486
0.324130376324076
0.24424310769272636
0.19390071500709963
0.1374157835397914
0.09098931464936466
0.05270279062464962
0.9785637786162359
0.7752954573991062
0.6064601785427851
0.4676045508027143
0.3541954262819381
0.26201833275087105
0.2045338476318885
0.1407698828930956
0.08916044408947524
0.04739290708585492
1.0902957774457305
0.8563571334332875
0.6636277164746843
0.506383945826022
0.3790212847516951
0.27642527392839594
0.2129908346011517
0.14330003499681163
0.0876229783114037
0.043287558442415934
1.189895307289987
0.9280057348072019
0.7136958821158658
0.5400112453905357
0.40031114436398924
0.28861651908737757
0.2200616482535833
0.14535889403325702
0.08634445207776309
0.04000820517021204
1.2802537905139242
0.9925674021908554
0.7584863736894307
0.5698501121021649
0.4190362795926369
0.2992326122087452
0.2261649713696571
0.14711265036759263
0.08527401767797399
0.03731936643897697
1.3632841122458514
1.051559169601526
0.7991546511429738
0.5967673874088648
0.4358064966361827
0.308665365397929
0.231555075779287
0.1486557474323065
0.08436883735845552
0.035066525637982314
1.4403345273236172
1.106023690586445
0.8365080297897757
0.6213536471734528
0.4510318029145535
0.3171740573436342
0.2363938238747612
0.1500380910202902
0.08359471073203845
0.03314526660637873
1.512383189218789
1.1567345635916384
0.8711293646427608
0.6440307563085595
0.46500184787397425
0.32493890737066333
0.2407932209031124
0.15129805671895658
0.08292617310672558
0.031482953919252654
1.580178802869582
1.2042696635951688
0.9034519818824274
0.6651116758554491
0.4779295421175141
0.33209098433006085
0.24483334720952513
0.15245870859068292
0.08234375580366976
0.03002718369292637
1.6443026991857295
1.249076218775171
0.93380949753969
0.6848353938451655
0.48997616620249873
0.33872861571166263
0.2485733157551817
0.15353800259138178
0.08183228010944836
0.028739003308919053
1.7052178193188237
1.2915077733311202
0.9624647251595276
0.7033890600384279
0.5012671683413711
0.3449276446319774
0.25205929365057395
0.15454841945808667
0.08137991040767574
0.027589152716253673
1.7632995127096636
1.3318516577364443
0.9896287082223796
0.7209221486062249
0.5119020880024748
0.35074712742878106
0.2553260153735587
0.15550053425008223
0.0809776389408516
0.026554810649692787