# data/BKevo/ATAN_BKevo/atan60.dat
# N(r,Y=0), r, *FL(x,Q^2)
# 1e-05 < r < 100.0
# 1 < Q^2 < 50, n=15, lin grid
# 1e-5 < x < 1e-2, n=10, log grid
###
1.223372600026884e-08
1.5353794412468888e-08
1.9296121784409457e-08
2.4240873787830987e-08
3.0427056418533534e-08
3.822886428116035e-08
4.803180929628162e-08
6.029702778475454e-08
7.573613852584042e-08
9.517013381764697e-08
1.194877899505437e-07
1.5003936255824376e-07
1.8856599324224374e-07
2.3677874830849985e-07
2.972332852541019e-07
3.736086523666007e-07
4.691950155038288e-07
5.888161867958535e-07
7.402207167418481e-07
9.297270010933519e-07
1.1667794075982631e-06
1.466547723448192e-06
1.8422509472228573e-06
2.312259337257968e-06
2.9055055730665994e-06
3.6503400758009427e-06
4.58222181068422e-06
5.756223706500301e-06
7.2328416269619605e-06
9.08044974203026e-06
1.1403651450055517e-05
1.4330969239693462e-05
1.799410229184852e-05
2.2591256598633313e-05
2.8394420671678403e-05
3.5656970466896106e-05
4.4753482943797356e-05
5.625758644904022e-05
7.065613741207313e-05
8.866647345250011e-05
0.00011146010236926482
0.00014000581062235677
0.00017571523829709685
0.00022082447219331358
0.000277416209512819
0.0003482162157774808
0.00043748416952256057
0.0005496730054365881
0.0006900400752625764
0.0008666816850918168
0.0010890717844068605
0.0013673364183100362
0.0017168222066638193
0.002157590211632813
0.002709104315023317
0.0034003479330183446
0.00427357303892488
0.005366056228012931
0.006732223456498549
0.00846036468864255
0.010621310687483686
0.01332095032058273
0.016726677852683083
0.02098478878318038
0.02629343914879323
0.03295564268153528
0.041262773838267305
0.0515622842169257
0.06435604379136749
0.0801522704089044
0.09946366204048553
0.12293789505380331
0.15116221293341403
0.18456591794842062
0.22344964708329515
0.2675832884373637
0.31669721317760985
0.3699751055943859
0.4250756212935719
0.48145977861704503
0.5377419426519028
0.5905867460414163
0.640602055964392
0.6872408385863786
0.7284769480066497
0.7653872576711532
0.7984861453001462
0.8269781874421842
0.8516354899956715
0.8733378263816962
0.8918840091428759
0.9076020054835799
0.9213216230755341
0.9330661375880871
0.9428752229845309
0.9514056237132388
0.9587483576765441
0.9648100796252311
0.9700728743050475
0.9746350617885507
###
1e-05
1.1768119524349992e-05
1.3848863713938717e-05
1.6297508346206434e-05
1.917910261672489e-05
2.2570197196339216e-05
2.656087782946684e-05
3.1257158496882356e-05
3.678379771828634e-05
4.328761281083062e-05
5.0941380148163754e-05
5.994842503189409e-05
7.054802310718646e-05
8.302175681319735e-05
9.770099572992247e-05
0.00011497569953977356
0.00013530477745798074
0.00015922827933410923
0.0001873817422860383
0.00022051307399030456
0.00025950242113997375
0.0003053855508833416
0.00035938136638046257
0.0004229242874389499
0.0004977023564332109
0.0005857020818056661
0.0006892612104349695
0.0008111308307896872
0.0009545484566618337
0.0011233240329780276
0.0013219411484660286
0.0015556761439304723
0.0018307382802953678
0.002154434690031882
0.0025353644939701114
0.0029836472402833374
0.003511191734215131
0.004132012400115334
0.004862601580065354
0.005722367659350214
0.006734150657750821
0.007924828983539169
0.0093260334688322
0.010974987654930556
0.01291549665014884
0.01519911082952933
0.01788649529057435
0.0210490414451202
0.02477076355991709
0.029150530628251757
0.034304692863149154
0.040370172585965536
0.047508101621027934
0.05590810182512223
0.06579332246575675
0.0774263682681127
0.09111627561154886
0.10722672220103231
0.1261856883066021
0.14849682622544635
0.1747528400007683
0.20565123083486514
0.24201282647943834
0.2848035868435799
0.3351602650938841
0.3944206059437656
0.46415888336127725
0.5462277217684337
0.642807311728432
0.7564633275546291
0.8902150854450375
1.0476157527896641
1.232846739442066
1.4508287784959402
1.7073526474706886
2.009233002565046
2.364489412645407
2.782559402207126
3.274549162877725
3.8535285937105273
4.534878508128582
5.3366992312063015
6.280291441834247
7.390722033525775
8.697490026177835
10.235310218990248
12.045035402587812
14.174741629268048
16.68100537200059
19.630406500402685
23.10129700083158
27.1858824273294
31.992671377973846
37.64935806792464
44.30621457583877
52.14008287999685
61.35907273413163
72.20809018385457
84.97534359086438
100.0
###
0.25288523475170216
0.2268658281943419
0.2006910395534418
0.17512423205329544
0.1508660285509517
0.12843727016026968
0.11302210125598082
0.09447839217624601
0.07826830017676813
0.06432861142390879
0.8957756692566768
0.7657244219609463
0.6446204732243169
0.5346950482944616
0.4375006697815489
0.35344979083279726
0.2988189999168762
0.23648573400234374
0.18504392979680565
0.14314178736082853
1.3739926435204213
1.151440905798316
0.950160412620875
0.7724410691285224
0.6193288947905355
0.4900882961028817
0.40781489077573857
0.3157142384915679
0.2412727111300773
0.18183590095200214
1.7771951523376193
1.4707598710541736
1.1985281386808777
0.9622027154510656
0.7617856271192118
0.5951216194861116
0.4903314363362693
0.3743763496425077
0.28188473452853724
0.20893688171542205
2.1336654022757036
1.7496922901793275
1.412931279814132
1.124092760277589
0.8818896957654607
0.6826000432150985
0.558399933248035
0.42211182102818307
0.3144082922206509
0.2302466781809102
2.45710513289047
2.0005798113337927
1.6040920649254382
1.2671932941054118
0.9871445032600664
0.7585847207484175
0.6171193217026809
0.4628992025519878
0.34189266543935676
0.24802368185715265
2.7554462990536637
2.230405972245567
1.7780119589239616
1.3965211356917675
1.0816292408616912
0.8263625532220076
0.6692001207149115
0.49878077609001387
0.3658847122599104
0.26339174679959726
3.0338797399906046
2.443661654439581
1.938459938765673
1.5152015299388242
1.1678622369272076
0.8878508747172074
0.7162681484050794
0.5310277838714885
0.387298517830545
0.277007849572168
3.2959488683662927
2.643433411604125
2.088068725901623
1.625355314532397
1.24751962888499
0.9443830199363139
0.7593854645870711
0.5604346629277265
0.40671386083451827
0.2892796092675104
3.544316145869322
2.831913624023716
2.228655237634965
1.728440693485867
1.321790117508796
0.9968830385939541
0.7992981525709234
0.587529312963352
0.4245302168768326
0.30048541348601626
3.7808235989523884
3.0107788474525092
2.361594588618779
1.8256010597768872
1.3915329097888627
1.0460140302514527
0.8365519312344206
0.6127251081796831
0.44103377158929014
0.3108135116526045
4.006880095333453
3.1813190863045113
2.4879450492927995
1.9176469332779806
1.4574135787907234
1.0922819181019972
0.8715538108626307
0.6363207810106023
0.45643976523195556
0.32043202392569897
4.224075853280215
3.344558094810049
2.6085416663825955
2.0052701416701084
1.5199490829487114
1.1360799716696202
0.9046168146750169
0.6585463166841208
0.4709131476729661
0.3294358921903389
4.433202337475843
3.5013254495708774
2.7240573264170105
2.0889841452205506
1.5795522180431938
1.1777208002851953
0.9359921796006847
0.6795831463618877
0.4845684426927961
0.3379251932313067
4.635036259526854
3.652305578639258
2.8350437101482098
2.1692328154003238
1.6365587716020185
1.2174577024566207
0.9658812066836349
0.6995770848845395
0.49751580303817566
0.34594261589765396