# datat/BKevo/MVg_BKevo/mvg3.dat
# N(r,Y=0), r, *FL(x,Q^2)
# 1e-05 < r < 100.0
# 1 < Q^2 < 50, n=15, log grid
# 1e-5 < x < 1e-2, n=10, log grid
###
2.9479492307646503e-09
3.772948924774142e-09
4.837412215216104e-09
6.197570161563907e-09
7.929480725502865e-09
1.0157334759558667e-08
1.3008901510259975e-08
1.6638275098682553e-08
2.1292592473342498e-08
2.7259750079360638e-08
3.4850858454710785e-08
4.4555300484741994e-08
5.701673503326716e-08
7.286090702591406e-08
9.305169212534036e-08
1.1901747931701484e-07
1.520116503360035e-07
1.9392144389280309e-07
2.4789385197061984e-07
3.1642807148883544e-07
4.0336157316414955e-07
5.150793051269345e-07
6.570385359799374e-07
8.369636588645804e-07
1.0674024809922477e-06
1.3605389017381e-06
1.7317304301162878e-06
2.205480706395687e-06
2.8086878781808273e-06
3.5717111388381433e-06
4.542067585766328e-06
5.778486693183021e-06
7.340598791321183e-06
9.319834362054174e-06
1.1842991201307968e-05
1.5026345943017173e-05
1.9044311759150094e-05
2.416745013600567e-05
3.062063803552766e-05
3.8739057317780354e-05
4.90758590156952e-05
6.207883928688626e-05
7.840525164725464e-05
9.909926319598713e-05
0.00012511816018908435
0.00015771261464135177
0.00019882940812345108
0.00025047555521219545
0.00031500111771357443
0.00039598568491978485
0.0004975505868082878
0.0006240497439476444
0.0007819660572586657
0.0009795756213527272
0.0012248239021359869
0.0015292701901182398
0.001909148820363063
0.0023787496938994027
0.002958392879560291
0.003679212204639369
0.004566630244229597
0.005657380234684983
0.007006095475807285
0.008661957485653564
0.010690161268786136
0.013185850728726637
0.016244922156771056
0.019984043658280846
0.024571846263134498
0.030196694848097498
0.0370711527257713
0.045499601097755804
0.0558539272951345
0.06852065615873588
0.08404160685190114
0.10312342402407447
0.12642146822586442
0.15481025400954163
0.18941980511925705
0.23111812184394043
0.28093743425247203
0.33969150787273916
0.4076977846422849
0.48477844381896507
0.5685317815127723
0.6562845155953948
0.7441970818972269
0.8242151843824433
0.8909540544483752
0.9419665864970126
0.9741382263100923
0.9903829464774432
0.997454422959616
0.9995849048462266
0.9999433531060715
0.9999959814683437
0.9999999494039052
0.9999999990625956
0.9999999999940701
0.9999999999999999
###
1e-05
1.1768119524349992e-05
1.3848863713938717e-05
1.6297508346206434e-05
1.917910261672489e-05
2.2570197196339216e-05
2.656087782946684e-05
3.1257158496882356e-05
3.678379771828634e-05
4.328761281083062e-05
5.0941380148163754e-05
5.994842503189409e-05
7.054802310718646e-05
8.302175681319735e-05
9.770099572992247e-05
0.00011497569953977356
0.00013530477745798074
0.00015922827933410923
0.0001873817422860383
0.00022051307399030456
0.00025950242113997375
0.0003053855508833416
0.00035938136638046257
0.0004229242874389499
0.0004977023564332109
0.0005857020818056661
0.0006892612104349695
0.0008111308307896872
0.0009545484566618337
0.0011233240329780276
0.0013219411484660286
0.0015556761439304723
0.0018307382802953678
0.002154434690031882
0.0025353644939701114
0.0029836472402833374
0.003511191734215131
0.004132012400115334
0.004862601580065354
0.005722367659350214
0.006734150657750821
0.007924828983539169
0.0093260334688322
0.010974987654930556
0.01291549665014884
0.01519911082952933
0.01788649529057435
0.0210490414451202
0.02477076355991709
0.029150530628251757
0.034304692863149154
0.040370172585965536
0.047508101621027934
0.05590810182512223
0.06579332246575675
0.0774263682681127
0.09111627561154886
0.10722672220103231
0.1261856883066021
0.14849682622544635
0.1747528400007683
0.20565123083486514
0.24201282647943834
0.2848035868435799
0.3351602650938841
0.3944206059437656
0.46415888336127725
0.5462277217684337
0.642807311728432
0.7564633275546291
0.8902150854450375
1.0476157527896641
1.232846739442066
1.4508287784959402
1.7073526474706886
2.009233002565046
2.364489412645407
2.782559402207126
3.274549162877725
3.8535285937105273
4.534878508128582
5.3366992312063015
6.280291441834247
7.390722033525775
8.697490026177835
10.235310218990248
12.045035402587812
14.174741629268048
16.68100537200059
19.630406500402685
23.10129700083158
27.1858824273294
31.992671377973846
37.64935806792464
44.30621457583877
52.14008287999685
61.35907273413163
72.20809018385457
84.97534359086438
100.0
###
0.1856756459521506
0.15820780976687943
0.13253028551733578
0.10926040324312808
0.08873069791789447
0.07104119223064631
0.05958957659813805
0.04658793432014936
0.03588935913973313
0.027194660941909792
0.5940830044977681
0.4820948510618449
0.38470669352771325
0.3021765762823953
0.2337832698954029
0.17823420898343265
0.1440059376318705
0.10688730245830677
0.0779527220280164
0.05565586994619207
0.8772941379995014
0.6989121969106705
0.5477827964338042
0.4227669341289873
0.32145056476213635
0.24088948298626264
0.1921196440318002
0.14011544599839607
0.10036076502869366
0.07033611905319433
1.108917827519786
0.8735268156786954
0.6771872593037812
0.5171026059320566
0.38912848882140993
0.2885991908835593
0.22840194315190537
0.1648693914398761
0.11687000592739735
0.0810518948582993
1.3098327961942016
1.023505120525575
0.787300863493169
0.5966679088807757
0.44570414932167374
0.3281720877252965
0.258321201353164
0.18513076034268364
0.13029536122935248
0.0897227526195205
1.489663165929581
1.156784548258954
0.8845101151837951
0.6664528315945879
0.49500509866231457
0.3624698617390962
0.28414442320949757
0.20252633613686966
0.14176988403895924
0.09710923088123143
1.6538279180475348
1.2777847635598023
0.9722929609644634
0.7291624619786741
0.5391209888923434
0.3930081199110305
0.30706368047407906
0.2179056601169065
0.15187575886269086
0.10360007663775102
1.8057432077932796
1.3892516404779054
1.0528030981970042
0.7864555026229938
0.5792752144566853
0.4206992123072534
0.3277938205127019
0.2317716960982048
0.1609649502569468
0.1094245474283374
1.9477161576110067
1.493040879533289
1.1275108551117925
0.8394331598087581
0.6162822144054232
0.44615077689119814
0.346805128251056
0.24445663325657022
0.1692576857200617
0.11472895433115338
2.0814467007144613
1.59049131641934
1.1974296587753765
0.8888802601030225
0.6507225473850567
0.46977490352556006
0.36441726814959374
0.2561836469903
0.17690864501083287
0.11961544491052574
2.208177924908782
1.6825540379408273
1.2633161111477151
0.9353510394606015
0.6830230566683687
0.4918795923032485
0.38087495615295947
0.2671114846425403
0.18403244760700893
0.12415640606575615
2.328873180551702
1.7699968990932187
1.3257721078895313
0.9792867189074709
0.7134902983313435
0.5126874505983637
0.39634221180039997
0.277367649201824
0.1906999925806815
0.12840324587771745
2.4442447234612614
1.8534125492837679
1.3852045898927927
1.0210259577994618
0.7423791573666125
0.532381874096756
0.41096299436241845
0.2870471765778459
0.19699146828459918
0.13240754764648202
2.5549307514988233
1.9332773634369989
1.441997706049064
1.060839113264393
0.7698874082152602
0.5510992881671251
0.42484619668782514
0.29622506886547106
0.2029457271488555
0.13619284450055325
2.6613936481099785
2.0099900865627465
1.496484709382825
1.0989460339398647
0.7961753403678488
0.568964367130744
0.4380797240815881
0.3049620462809572
0.20860735969400784
0.13978867576369292