# data/BKevo/ATAN_BKevo/atan68.dat
# N(r,Y=0), r, *FL(x,Q^2)
# 1e-05 < r < 100.0
# 1 < Q^2 < 50, n=15, lin grid
# 1e-5 < x < 1e-2, n=10, log grid
###
1.9378198543819667e-07
2.355152827679673e-07
2.864046044624376e-07
3.482308287926011e-07
4.232497024149849e-07
5.146413791590244e-07
6.257735804810573e-07
7.606250464491173e-07
9.247521517224918e-07
1.124510177732431e-06
1.3669132259452528e-06
1.6616590045252227e-06
2.020717878355838e-06
2.456448148751123e-06
2.9857561194064424e-06
3.631149004970715e-06
4.414388564485523e-06
5.364911862831013e-06
6.524969964678127e-06
7.932859894512841e-06
9.641068873772652e-06
1.1724895700547806e-05
1.4255591659508926e-05
1.7326239459536364e-05
2.1068588863789994e-05
2.5617509854271634e-05
3.113722038636627e-05
3.7858016693307126e-05
4.603463889603526e-05
5.595665321262414e-05
6.802619371999502e-05
8.272345871954689e-05
0.00010055876501760781
0.00012223352069235793
0.00014865128417583247
0.00018071089976589024
0.00021963431203241208
0.00026711884883444436
0.00032474673277212103
0.00039466598044114455
0.0004799941553196732
0.0005835805341165792
0.0007092655500244775
0.0008625058659635535
0.0010486998304650424
0.001274623570799257
0.001549817840560554
0.001884486087168233
0.002290576111383627
0.002784748399160668
0.0033862416547631572
0.004116101596259601
0.00500337117603932
0.006084219785684832
0.007395652667889897
0.00898815628885398
0.010929423396267651
0.013284269936491554
0.016139985999067713
0.019622100565253528
0.023843079909510845
0.02895631283697724
0.035176757912162
0.042707580927721686
0.05180670512851436
0.06282066347644022
0.0760942986366531
0.09202376306322847
0.11109396582726752
0.13377819283397674
0.1605470116596713
0.19182710544813164
0.22786060285891818
0.2688314688367005
0.3144968350342795
0.36383884361867946
0.4164071566682443
0.4709822740778087
0.5247295334849974
0.5776438126549368
0.6286216660973433
0.6747734303558771
0.7173139394025893
0.7561073861875959
0.7896963338523108
0.8193041644017163
0.8455375474198595
0.8678774548801818
0.8870512212883144
0.9038227956208935
0.9180771237927896
0.9301038125136432
0.9405672706282128
0.9494989044467586
0.9569401089525342
0.9633998262696255
0.9689516173323273
0.9735282899815841
0.9774977924750508
0.9809358991092425
###
1e-05
1.1768119524349992e-05
1.3848863713938717e-05
1.6297508346206434e-05
1.917910261672489e-05
2.2570197196339216e-05
2.656087782946684e-05
3.1257158496882356e-05
3.678379771828634e-05
4.328761281083062e-05
5.0941380148163754e-05
5.994842503189409e-05
7.054802310718646e-05
8.302175681319735e-05
9.770099572992247e-05
0.00011497569953977356
0.00013530477745798074
0.00015922827933410923
0.0001873817422860383
0.00022051307399030456
0.00025950242113997375
0.0003053855508833416
0.00035938136638046257
0.0004229242874389499
0.0004977023564332109
0.0005857020818056661
0.0006892612104349695
0.0008111308307896872
0.0009545484566618337
0.0011233240329780276
0.0013219411484660286
0.0015556761439304723
0.0018307382802953678
0.002154434690031882
0.0025353644939701114
0.0029836472402833374
0.003511191734215131
0.004132012400115334
0.004862601580065354
0.005722367659350214
0.006734150657750821
0.007924828983539169
0.0093260334688322
0.010974987654930556
0.01291549665014884
0.01519911082952933
0.01788649529057435
0.0210490414451202
0.02477076355991709
0.029150530628251757
0.034304692863149154
0.040370172585965536
0.047508101621027934
0.05590810182512223
0.06579332246575675
0.0774263682681127
0.09111627561154886
0.10722672220103231
0.1261856883066021
0.14849682622544635
0.1747528400007683
0.20565123083486514
0.24201282647943834
0.2848035868435799
0.3351602650938841
0.3944206059437656
0.46415888336127725
0.5462277217684337
0.642807311728432
0.7564633275546291
0.8902150854450375
1.0476157527896641
1.232846739442066
1.4508287784959402
1.7073526474706886
2.009233002565046
2.364489412645407
2.782559402207126
3.274549162877725
3.8535285937105273
4.534878508128582
5.3366992312063015
6.280291441834247
7.390722033525775
8.697490026177835
10.235310218990248
12.045035402587812
14.174741629268048
16.68100537200059
19.630406500402685
23.10129700083158
27.1858824273294
31.992671377973846
37.64935806792464
44.30621457583877
52.14008287999685
61.35907273413163
72.20809018385457
84.97534359086438
100.0
###
0.3046754853185312
0.2804766554212986
0.254120654382493
0.2265740485550643
0.1988817674083821
0.17199342239937546
0.15282257620818707
0.12909087535628733
0.1077762024256614
0.08908016238633906
1.1954180787264364
1.0521272500894996
0.908796425458506
0.770950697581824
0.6430488341334301
0.527945708476731
0.4510101482854458
0.36128037274483144
0.28586199188110445
0.2236575399751562
1.9181515167141745
1.6556641131036103
1.4017740370537313
1.1652768921995054
0.9522544042129896
0.765872806555987
0.6441891771307584
0.5052971399190009
0.391264299493252
0.29920185762790635
2.555244997875224
2.1780404812362755
1.8206453187447178
1.4942299320279397
1.2055363256059706
0.9572677686946482
0.7974552217585135
0.6174754608629471
0.4716944352714327
0.3555670385915455
3.1359091215763764
2.6482659643006405
2.1931497523952816
1.783256062639948
1.4255178932260801
1.1215951344177368
0.9279049117381725
0.711769828427715
0.5385076021000668
0.40176649395427505
3.675014900410536
3.0808557412627926
2.5327319975560463
2.044467940998417
1.622633403994214
1.2676070758757836
1.0431027550368406
0.7943987341854215
0.5965150768882803
0.4415075953258534
4.181623320041838
3.484403541228955
2.847294575489155
2.284793903450201
1.8027677360338632
1.4001810983785872
1.1471881982942487
0.8685642263771317
0.6482717278216097
0.4767172613330403
4.661744705532697
3.8645582804334473
3.1419570500078122
2.508594176038354
1.9696238934658772
1.5223409264766992
1.2427327699263278
0.9362892361583879
0.6952966669244934
0.5085334755482651
5.119683561722164
4.2252199161322705
3.420092575927041
2.7189069895127926
2.1257169358591868
1.6361327910940822
1.3314414852048353
0.9989055745050841
0.7385640695639181
0.5377038366130406
5.558621850490281
4.569442187307325
3.6843314485089493
2.917933171188279
2.2729028109714733
1.742996157619569
1.414524411491008
1.0573417148745423
0.7788129218304266
0.5647501401441598
5.981017249472093
4.899375141153163
3.9368585100222373
3.1073423060553935
2.4124588774193656
1.844016106853527
1.492890390626607
1.1122837772359744
0.8165377344524405
0.5900126830314442
6.388816320633657
5.216819545216803
4.178933445993185
3.288377656529755
2.545435104233976
1.9400049632675311
1.5671954396827545
1.1642374516096141
0.8521212609083293
0.6137815488356514
6.783594933540345
5.523163267948849
4.411659082498932
3.4620475369411516
2.672672841480553
2.0316167426439873
1.6379736193416767
1.213614140988861
0.8858721422229576
0.6362691670519505
7.166652197092677
5.819563457279003
4.636391479771775
3.6292119107389658
2.7948269141321993
2.1193699032868385
1.7056618640911168
1.2607322641885528
0.9179735743043914
0.6576432115295926
7.539075473555569
6.106983432669952
4.8537766837815886
3.790533202185382
2.912469935906566
2.2036967112434667
1.7706050186425233
1.3058498092753354
0.9486899189111878
0.6780310326517515