# data/BKevo/ATAN_BKevo/atan57.dat
# N(r,Y=0), r, *FL(x,Q^2)
# 1e-05 < r < 100.0
# 1 < Q^2 < 50, n=15, lin grid
# 1e-5 < x < 1e-2, n=10, log grid
###
3.007699801996449e-05
3.426852906395356e-05
3.902899693654072e-05
4.4455558107264505e-05
5.064899010143669e-05
5.76896935639859e-05
6.570829627996542e-05
7.485979218987236e-05
8.527303186380156e-05
9.712184324852485e-05
0.00011064427648101874
0.00012604563674563783
0.00014355429960145156
0.00016353541138247038
0.0001863144666289499
0.00021218666229816285
0.00024171143136475102
0.0002754025752329746
0.000313633580325316
0.00035726058877540336
0.0004070550536627382
0.0004635852793958056
0.0005280506421166541
0.0006016270987424573
0.0006852346781204747
0.0007804922494171219
0.0008892095565897367
0.0010128652058075136
0.0011536237138045642
0.0013142662378675964
0.0014971544212965618
0.0017051489278865543
0.0019425181137328624
0.002213013999434455
0.0025203624835297036
0.002871106334211675
0.0032711790171582717
0.0037253423983270198
0.004243614053459781
0.004835159981285361
0.0055064504434242136
0.006272268967188982
0.007146332711110306
0.008139153116799046
0.00927075471483595
0.01056225931869719
0.012030607281142405
0.013702682690570466
0.015610956528493411
0.017782540588159482
0.0202531289390572
0.02307255324406492
0.026283926032589205
0.029933936616976634
0.034098890719723995
0.03884689114722897
0.04423764173470935
0.05038757436285186
0.057403381517117866
0.06535824023154159
0.0744285671983721
0.0847700550765314
0.0964912454390507
0.10982730332418195
0.1250050419933696
0.14217672584861055
0.16162534478358762
0.1836573297189884
0.20843742088897027
0.23621228724409585
0.267313513293952
0.30176703552199885
0.3394668756990636
0.38057648681126904
0.4246480508377771
0.47055659010952444
0.5181844942506845
0.5665324508757239
0.6131650682584637
0.6584281671610613
0.7015113245381643
0.740045599945905
0.7752406144580858
0.8070677482752224
0.8343826705081987
0.858282919493926
0.8793208417277444
0.897117318143999
0.9123035296983584
0.9255232702671098
0.936706511913653
0.9461027129045742
0.9542507266249747
0.961184572307938
0.9669449101427943
0.9719347470277507
0.976214931277857
0.9797367167076156
0.9827871251232132
0.9854260018814809
###
1e-05
1.1768119524349992e-05
1.3848863713938717e-05
1.6297508346206434e-05
1.917910261672489e-05
2.2570197196339216e-05
2.656087782946684e-05
3.1257158496882356e-05
3.678379771828634e-05
4.328761281083062e-05
5.0941380148163754e-05
5.994842503189409e-05
7.054802310718646e-05
8.302175681319735e-05
9.770099572992247e-05
0.00011497569953977356
0.00013530477745798074
0.00015922827933410923
0.0001873817422860383
0.00022051307399030456
0.00025950242113997375
0.0003053855508833416
0.00035938136638046257
0.0004229242874389499
0.0004977023564332109
0.0005857020818056661
0.0006892612104349695
0.0008111308307896872
0.0009545484566618337
0.0011233240329780276
0.0013219411484660286
0.0015556761439304723
0.0018307382802953678
0.002154434690031882
0.0025353644939701114
0.0029836472402833374
0.003511191734215131
0.004132012400115334
0.004862601580065354
0.005722367659350214
0.006734150657750821
0.007924828983539169
0.0093260334688322
0.010974987654930556
0.01291549665014884
0.01519911082952933
0.01788649529057435
0.0210490414451202
0.02477076355991709
0.029150530628251757
0.034304692863149154
0.040370172585965536
0.047508101621027934
0.05590810182512223
0.06579332246575675
0.0774263682681127
0.09111627561154886
0.10722672220103231
0.1261856883066021
0.14849682622544635
0.1747528400007683
0.20565123083486514
0.24201282647943834
0.2848035868435799
0.3351602650938841
0.3944206059437656
0.46415888336127725
0.5462277217684337
0.642807311728432
0.7564633275546291
0.8902150854450375
1.0476157527896641
1.232846739442066
1.4508287784959402
1.7073526474706886
2.009233002565046
2.364489412645407
2.782559402207126
3.274549162877725
3.8535285937105273
4.534878508128582
5.3366992312063015
6.280291441834247
7.390722033525775
8.697490026177835
10.235310218990248
12.045035402587812
14.174741629268048
16.68100537200059
19.630406500402685
23.10129700083158
27.1858824273294
31.992671377973846
37.64935806792464
44.30621457583877
52.14008287999685
61.35907273413163
72.20809018385457
84.97534359086438
100.0
###
0.3800976223682603
0.3684589950524099
0.35092018465608016
0.326616402358244
0.2958406366097581
0.26010303941616114
0.23154409761776334
0.1934147247231415
0.1574402843020278
0.12541674343616724
1.7678875251967003
1.669033191833035
1.534861046880835
1.36813776050486
1.1786800434662843
0.9810967083261828
0.8364745405672063
0.6588319687819412
0.5055296907369495
0.3795963988940617
3.088440200354772
2.8762113503653075
2.600633099304717
2.2730787603542995
1.916741518652896
1.5601076569832455
1.3076664600812837
1.0069689784336775
0.7556176858056022
0.5549961239869726
4.363832758707999
4.025236060228237
3.597946373212826
3.104231879259644
2.5816875442277727
2.0718666168366315
1.7183890937838375
1.3051099465315896
0.9662495266030017
0.7003207434937988
5.604870148041852
5.131551524702948
4.546761262382293
3.88492181271574
3.198280430373673
2.5405647641035345
2.0912232073534263
1.5727566168752063
1.153427570126472
0.8282400805055284
6.817896438092882
6.203955288110544
5.4580215925711695
4.627468090880062
3.779131159187438
2.978075663069587
2.437016861783947
1.8190474195423239
1.3244381925607025
0.9443635668525977
8.007221416758012
7.248181390889893
6.338665302971518
5.339490180495169
4.332373558783771
3.3914263854414926
2.762112852258565
2.0492005274302896
1.4833816631910282
1.0517413026874516
9.175935297992735
8.268129287550888
7.193527889161574
6.026180479792392
4.861771424648853
3.7854041605752355
3.0706108138152652
2.2665434029087455
1.6328412260364853
1.152349793493648
10.32638554565888
9.267554939641721
8.026157969757252
6.691166094619826
5.372164600047331
4.162849112267708
3.36536226546633
2.4733664226140317
1.7745676151703536
1.2474607969103193
11.46042171737535
10.247678585285515
8.839220565293315
7.337469921217593
5.866414583931778
4.526526305330843
3.6483913695729173
2.671346589882282
1.9098214065840835
1.3379976164758436
12.57954172982381
11.211180921708559
9.634873008067068
7.9672123281849005
6.345571259236601
4.878136203477437
3.9214146149027185
2.8617012294491557
2.039545996049527
1.424646071557987
13.684833748143058
12.159384103647911
10.41484650414923
8.58215462527945
6.8117837457860375
5.219146885318525
4.185612473742157
3.0454406735127515
2.164469923235287
1.5079329695126378
14.777617176459371
13.093573020692435
11.180570786808932
9.183762545539564
7.266396262699558
5.550680272290306
4.441983551636595
3.2233000944041152
2.2851715697996475
1.5882733797379445
15.858661504497062
14.015173963577848
11.93324557810153
9.77321980938615
7.71051937414665
5.8737014294487935
4.691304933606079
3.3959276475665607
2.4021183707582794
1.6660022316170036
16.928739958843288
14.924462958014617
12.673953528587369
10.3515838856291
8.145088253430691
6.189005080730029
4.934268550165173
3.563863392395408
2.515670159630556
1.7413937489160891