# ../data/BKevo/MV2g_BKevo/mv2g_46.dat
# N(r,Y=0), r, *FL(x,Q^2)
# 1e-05 < r < 100.0
# 1 < Q^2 < 50, n=15, lin grid
# 1e-5 < x < 1e-2, n=10, log grid
###
4.468255455671652e-09
5.718721176866986e-09
7.332145822657289e-09
9.393759786596953e-09
1.2018845415250195e-08
1.5395640715398577e-08
1.9717807743263824e-08
2.521890961421227e-08
3.2273535811346856e-08
4.131805594058134e-08
5.2824025452823074e-08
6.753321032813072e-08
8.642121532979441e-08
1.1043649290882764e-07
1.410400065164087e-07
1.8039679102338918e-07
2.3040662017980813e-07
2.9393001727841454e-07
3.757369406775358e-07
4.796154755312249e-07
6.113821596304184e-07
7.807148127295828e-07
9.958851612415824e-07
1.2686012892910455e-06
1.6178823277127716e-06
2.0621958892794884e-06
2.624820033302831e-06
3.3428962641536126e-06
4.257195925794075e-06
5.413736904707752e-06
6.884545710532352e-06
8.758646410127092e-06
1.1126430543764142e-05
1.412649829449076e-05
1.7951072800997792e-05
2.2776436377052474e-05
2.8867024347772682e-05
3.663309528398938e-05
4.641567713339668e-05
5.8723131116428316e-05
7.439464435337887e-05
9.410976425723171e-05
0.00011886614609942283
0.0001502497392936436
0.0001897154877836921
0.0002391654253053313
0.000301564234987228
0.0003799730558062735
0.0004779816821877929
0.0006010737704654905
0.0007555864895550867
0.0009482387045291803
0.0011890944966933203
0.0014911202801213056
0.0018668667880286504
0.002334811370429646
0.0029215019514311526
0.00365072106812044
0.004557036700136647
0.00569642192155535
0.007116149334089223
0.008887610114331274
0.011129104576532116
0.01395418940177438
0.017525792962331442
0.022126897961349402
0.028075881788479702
0.03580483062748517
0.04609543307163901
0.05996766593375331
0.07869506009446581
0.1045390407170126
0.14068722833993236
0.19027415469434691
0.25772160555506657
0.3468918034538628
0.4553410501727721
0.5741426201852834
0.6792553094323798
0.7588864703098052
0.8145597770743866
0.8573652427751806
0.8971519499982329
0.9328298257016238
0.9603859423912625
0.979788380680755
0.9917893194157136
0.9973205938010314
0.9993155942371557
0.9998945094383949
0.9999914887552144
0.9999994242780678
0.999999984104786
0.9999999999678054
0.9999999999998544
0.9999999999999999
1.0
1.0
1.0
1.0
###
1e-05
1.1768119524349992e-05
1.3848863713938717e-05
1.6297508346206434e-05
1.917910261672489e-05
2.2570197196339216e-05
2.656087782946684e-05
3.1257158496882356e-05
3.678379771828634e-05
4.328761281083062e-05
5.0941380148163754e-05
5.994842503189409e-05
7.054802310718646e-05
8.302175681319735e-05
9.770099572992247e-05
0.00011497569953977356
0.00013530477745798074
0.00015922827933410923
0.0001873817422860383
0.00022051307399030456
0.00025950242113997375
0.0003053855508833416
0.00035938136638046257
0.0004229242874389499
0.0004977023564332109
0.0005857020818056661
0.0006892612104349695
0.0008111308307896872
0.0009545484566618337
0.0011233240329780276
0.0013219411484660286
0.0015556761439304723
0.0018307382802953678
0.002154434690031882
0.0025353644939701114
0.0029836472402833374
0.003511191734215131
0.004132012400115334
0.004862601580065354
0.005722367659350214
0.006734150657750821
0.007924828983539169
0.0093260334688322
0.010974987654930556
0.01291549665014884
0.01519911082952933
0.01788649529057435
0.0210490414451202
0.02477076355991709
0.029150530628251757
0.034304692863149154
0.040370172585965536
0.047508101621027934
0.05590810182512223
0.06579332246575675
0.0774263682681127
0.09111627561154886
0.10722672220103231
0.1261856883066021
0.14849682622544635
0.1747528400007683
0.20565123083486514
0.24201282647943834
0.2848035868435799
0.3351602650938841
0.3944206059437656
0.46415888336127725
0.5462277217684337
0.642807311728432
0.7564633275546291
0.8902150854450375
1.0476157527896641
1.232846739442066
1.4508287784959402
1.7073526474706886
2.009233002565046
2.364489412645407
2.782559402207126
3.274549162877725
3.8535285937105273
4.534878508128582
5.3366992312063015
6.280291441834247
7.390722033525775
8.697490026177835
10.235310218990248
12.045035402587812
14.174741629268048
16.68100537200059
19.630406500402685
23.10129700083158
27.1858824273294
31.992671377973846
37.64935806792464
44.30621457583877
52.14008287999685
61.35907273413163
72.20809018385457
84.97534359086438
100.0
###
0.24025064529957432
0.215962768837848
0.19229517987305977
0.16993662575694762
0.14933521012693318
0.13077364299813918
0.11826130141614301
0.10344432545687479
0.09066161671950662
0.07975112161221175
0.8196589760209944
0.6988592674727433
0.5884094279989981
0.48986114448434637
0.40368862324610766
0.3295985220529809
0.28141093450228705
0.22603686119425118
0.17960744661766959
0.1406328889976581
1.2370383236893192
1.032276901832283
0.849831666997962
0.6909571305424449
0.5551214694926963
0.44075958559227285
0.36769015828579155
0.28508627624000915
0.21704969421931294
0.16107495440921346
1.5835803369488408
1.30375578636672
1.0584969735845327
0.8481449580749268
0.6709036367660469
0.5237239821099531
0.43078829452938344
0.32697479044984123
0.24263089398760068
0.1742471138607738
1.8868971272184296
1.5384078915873636
1.2365723930999808
0.9805831172363048
0.7671678263752664
0.5917510638155036
0.48199137453275553
0.3604498077705614
0.26277838556497185
0.1845246383381968
2.1601247032654656
1.7478250234544757
1.3940575098152939
1.096641675710741
0.8507419346193322
0.6502629584908314
0.5257105356127734
0.3887972948259997
0.27974030348961926
0.19322416899373052
2.410653228846498
1.9385142007197762
1.5364579247036985
1.2008458979559506
0.9252317726763438
0.7020758807210907
0.5642376326388665
0.4136383211917106
0.29457092945568975
0.20090448597879584
2.6433700828004323
2.11460499189789
1.667215874984744
1.2959795217682826
0.9929319295801431
0.7488727354935362
0.5988908616241814
0.43590177890451737
0.30785480792708
0.20785576809351228
2.86153408682727
2.278877858645076
1.7886156227253023
1.3838936658333192
1.0551667644841844
0.7917428973201203
0.6305501811768195
0.45617507518197287
0.3199538592636759
0.21425034639109963
3.067567007864684
2.433356617204698
1.9022673614779917
1.4658865223738904
1.1129852047131907
0.8314123757963133
0.6598031043776184
0.474854844407231
0.3311093370016974
0.22019989865269363
3.263177141431827
2.5794856700011533
2.009443011746523
1.5429142974503056
1.1671209340469142
0.8684400661276592
0.687018051961096
0.4922248034291445
0.3414913206226527
0.2257822829283808
3.449786243200056
2.718436467331479
2.1110280051047416
1.6157038495100287
1.2181281077233581
0.9032339213786341
0.7125636299137115
0.5084902123334528
0.35122441661629117
0.23105393624996964
3.628386294146241
2.851115840614655
2.2077471313718116
1.6848225950781839
1.2664368920103328
0.9361087764983566
0.7366795392023863
0.5238295200696563
0.36040390738026484
0.23605850512379262
3.800080875308695
2.9782835878446763
2.300192145392758
1.7507235578513
1.312388554915716
0.9673135325586509
0.7595249067814773
0.5383488852826779
0.3691041554510741
0.24082953750742284
3.965479543551185
3.100478820399726
2.388839090207697
1.8137749225416329
1.3562603513832387
0.9970487570927797
0.7812686403602058
0.552163368900373
0.3773840612363286
0.24539414223900566