# ../data/BKevo/MV2g_BKevo/mv2g_48.dat
# N(r,Y=0), r, *FL(x,Q^2)
# 1e-05 < r < 100.0
# 1 < Q^2 < 50, n=15, lin grid
# 1e-5 < x < 1e-2, n=10, log grid
###
2.3564752637690347e-13
3.425435037557709e-13
5.015823328329921e-13
7.325205286336565e-13
1.0648288766834038e-12
1.5560811301137994e-12
2.2731157422247945e-12
3.3047652763089866e-12
4.81924314722567e-12
7.041381019011559e-12
1.0238227983125231e-11
1.4897897657650026e-11
2.1771054953145447e-11
3.165748605078954e-11
4.596330197590466e-11
6.717731351312565e-11
9.768606511561771e-11
1.415051995696753e-10
2.0683412051307558e-10
3.0076373420689535e-10
4.3538199682988497e-10
6.353406858244933e-10
9.238087653032452e-10
1.3370920721532958e-09
1.946710901971422e-09
2.8302615098828874e-09
4.095601613575988e-09
5.948817777316574e-09
8.647348699882592e-09
1.2510194002175538e-08
1.8126787655071233e-08
2.634387107703844e-08
3.810054094696704e-08
5.506901544553419e-08
8.001226170826696e-08
1.1568180753276078e-07
1.6678008751363259e-07
2.4225774232619097e-07
3.501394349144614e-07
5.038574432583282e-07
7.312211463713129e-07
1.0565365374242371e-06
1.519877927412838e-06
2.2006186358983963e-06
3.17908861677086e-06
4.572408384803039e-06
6.606165134444222e-06
9.54396420051252e-06
1.3727920620408546e-05
1.979746693990918e-05
2.861435857775736e-05
4.118025369459015e-05
5.9307220374830275e-05
8.581345266236615e-05
0.00012365061654918505
0.0001779702729459177
0.0002580402094220763
0.00037266304356815784
0.0005365944493801217
0.0007806739953378105
0.0011316460183043258
0.0016355815847579496
0.002387145462180051
0.0034795180178265692
0.005058557121480078
0.007417337349728201
0.010891773996022954
0.015953360911772203
0.023523006845981333
0.03481090170966088
0.051320483635327645
0.07581129472610836
0.11218691819114131
0.164229721429628
0.23747815447357165
0.33727290147571803
0.4616681956453065
0.6020240341737819
0.7327035478922147
0.837676770060112
0.9124401740640403
0.9583506891657192
0.9853527077874037
0.9971175235286147
0.9996612783017151
0.999979264556854
0.9999997103377155
0.9999999998760902
0.9999999999999462
1.0
1.0
1.0
1.0
1.0
1.0
1.0
1.0
1.0
1.0
1.0
###
1e-05
1.1768119524349992e-05
1.3848863713938717e-05
1.6297508346206434e-05
1.917910261672489e-05
2.2570197196339216e-05
2.656087782946684e-05
3.1257158496882356e-05
3.678379771828634e-05
4.328761281083062e-05
5.0941380148163754e-05
5.994842503189409e-05
7.054802310718646e-05
8.302175681319735e-05
9.770099572992247e-05
0.00011497569953977356
0.00013530477745798074
0.00015922827933410923
0.0001873817422860383
0.00022051307399030456
0.00025950242113997375
0.0003053855508833416
0.00035938136638046257
0.0004229242874389499
0.0004977023564332109
0.0005857020818056661
0.0006892612104349695
0.0008111308307896872
0.0009545484566618337
0.0011233240329780276
0.0013219411484660286
0.0015556761439304723
0.0018307382802953678
0.002154434690031882
0.0025353644939701114
0.0029836472402833374
0.003511191734215131
0.004132012400115334
0.004862601580065354
0.005722367659350214
0.006734150657750821
0.007924828983539169
0.0093260334688322
0.010974987654930556
0.01291549665014884
0.01519911082952933
0.01788649529057435
0.0210490414451202
0.02477076355991709
0.029150530628251757
0.034304692863149154
0.040370172585965536
0.047508101621027934
0.05590810182512223
0.06579332246575675
0.0774263682681127
0.09111627561154886
0.10722672220103231
0.1261856883066021
0.14849682622544635
0.1747528400007683
0.20565123083486514
0.24201282647943834
0.2848035868435799
0.3351602650938841
0.3944206059437656
0.46415888336127725
0.5462277217684337
0.642807311728432
0.7564633275546291
0.8902150854450375
1.0476157527896641
1.232846739442066
1.4508287784959402
1.7073526474706886
2.009233002565046
2.364489412645407
2.782559402207126
3.274549162877725
3.8535285937105273
4.534878508128582
5.3366992312063015
6.280291441834247
7.390722033525775
8.697490026177835
10.235310218990248
12.045035402587812
14.174741629268048
16.68100537200059
19.630406500402685
23.10129700083158
27.1858824273294
31.992671377973846
37.64935806792464
44.30621457583877
52.14008287999685
61.35907273413163
72.20809018385457
84.97534359086438
100.0
###
0.20200402576166313
0.1812856225712133
0.16197782347559178
0.14433278219444845
0.12848804195608454
0.11447008206744652
0.10512648242030531
0.09414458670521968
0.08473856712684205
0.07676630298985876
0.6207439185276414
0.5265725429423308
0.44304754748303304
0.37002695591092677
0.3069423226560109
0.25285026884493716
0.21754456257485869
0.17663854237725526
0.14169043369324313
0.11178557384457921
0.8941739109671901
0.7410471587877582
0.6081990380712045
0.49445564193169633
0.3980173574684518
0.31684758531362445
0.2646842473442031
0.20508745815689983
0.155102616442698
0.11299554160400294
1.1101846893357066
0.9066459844861499
0.7325741886060139
0.5854891453798581
0.46246740457056207
0.3602201623698723
0.2952697253446055
0.2219256099559664
0.16127725162051518
0.11097950954119438
1.2929754907468811
1.0447192874957552
0.8345998567444821
0.6588682984837088
0.5133189033711117
0.39355556276993797
0.3181684225257213
0.23383764676030436
0.16498825531744826
0.10854636305985597
1.4534554890185285
1.164642737123714
0.9221913924228657
0.7210621009835501
0.555777349832727
0.4208825954853987
0.3366014645196909
0.24306731085747266
0.1674030839675625
0.10621894523305864
1.5976472941980155
1.2714799786598254
0.9995244416663488
0.7754138478725892
0.5924640363045025
0.44416841117388106
0.3521012126313114
0.2506141632799223
0.16923486284587957
0.10410063680285031
1.729309343501046
1.3683482161132614
1.0691252258978643
0.8239365307240224
0.6249162021629594
0.4645409901868824
0.36552017178057783
0.2570130233806678
0.17067177058308614
0.10219330854891683
1.8509230427328227
1.457311014741786
1.1326502325870387
0.8679377625172962
0.654111098381423
0.48270316067855285
0.3773833516179794
0.2625756425973703
0.17184824596025214
0.10047940973492718
1.9642815502288238
1.539811238375883
1.1912576798154684
0.9082850554095457
0.6807134605700086
0.49912638615606864
0.38803553529543655
0.26750506574650323
0.17284215785843962
0.09893052162119213
2.0707006645739465
1.6169396898472945
1.245774474886125
0.9456229108998686
0.7051971949332101
0.5141422805254736
0.39771693469804204
0.27193550461889304
0.17370348768305396
0.0975242751993158
2.171207788421755
1.68947040143528
1.2968368708418616
0.9804428438872653
0.7279132231028458
0.5279938162455653
0.4066015406000555
0.27596354538116336
0.1744637512807473
0.09624259406592617
2.26654424529224
1.758042250612876
1.3449329774055083
1.0131084906367225
0.7491290651531428
0.5408644471827796
0.41481964832672963
0.27966248560295276
0.1751445136889034
0.09506522293530623
2.357361418734096
1.823153843740525
1.3904492935801218
1.0439098491718188
0.7690538608501145
0.552896423020504
0.42247109832690416
0.28307685131427096
0.17576274612985643
0.09397913203305854
2.4441726012355076
1.8851732909380412
1.433697634903137
1.0730796038253958
0.787854381860843
0.5642023115347898
0.4296349228193583
0.2862566139360916
0.17632922709023863
0.09297410238639718