# data/BKevo/ATAN_BKevo/atan53.dat
# N(r,Y=0), r, *FL(x,Q^2)
# 1e-05 < r < 100.0
# 1 < Q^2 < 50, n=15, lin grid
# 1e-5 < x < 1e-2, n=10, log grid
###
5.092211973754427e-11
6.812783513651839e-11
9.147195306433006e-11
1.226809769296542e-10
1.641845576278113e-10
2.2028367168637932e-10
2.955462480507063e-10
3.9565769152015216e-10
5.304583383396236e-10
7.11952126508673e-10
9.534242548745523e-10
1.2773045254383113e-09
1.7149556164255106e-09
2.297374206831146e-09
3.075469219722085e-09
4.130773265206994e-09
5.535488129595846e-09
7.4046006181223824e-09
9.949146554358616e-09
1.3337008085555519e-08
1.7840929453478462e-08
2.396160508444639e-08
3.2132082588955e-08
4.299658808533962e-08
5.770602915972042e-08
7.740998031971282e-08
1.036168125538903e-07
1.3896366827353324e-07
1.8648001860892828e-07
2.4969271085550475e-07
3.3462294318217656e-07
4.4920495713103807e-07
6.016730644989893e-07
8.057198642335245e-07
1.0820149464730761e-06
1.4497528541205471e-06
1.9399289749834926e-06
2.6061414709808982e-06
3.4930564896881208e-06
4.672031921407536e-06
6.276796870144231e-06
8.415787906993016e-06
1.1259776998428361e-05
1.5116541254864428e-05
2.0274968295003517e-05
2.713510479399956e-05
3.640313837609723e-05
4.884261424334542e-05
6.53893630307624e-05
8.76580856319136e-05
0.00011765320678642412
0.00015756033448353912
0.00021105644711924565
0.0002833716233502499
0.00037959944123008415
0.0005080709114480132
0.0006823518852954383
0.0009142740967344762
0.001222584550924617
0.0016422249849887053
0.002200508389826055
0.0029419354812974204
0.003947242291737438
0.005286882355130765
0.007063228691308901
0.009456116040644696
0.01264407183072123
0.016852503509359344
0.022460701264515336
0.029885859286478387
0.03957350089823953
0.052218414201372326
0.06861394467775067
0.08940731770820791
0.11545845605878953
0.1475587250078899
0.18596266985571097
0.23076961551120367
0.28107395689831
0.3360714632290653
0.3944643853163061
0.4529791953795279
0.5111200307033861
0.5676541500451929
0.6196918115682474
0.667696440635235
0.7117926349376853
0.7505949169806185
0.7847560220440863
0.8152182023600055
0.8415553941640934
0.864092816407971
0.8839052787603082
0.9009722768268248
0.9153058343080391
0.927820607691267
0.9386304859412177
0.9475835365394074
0.955374371591117
0.9621414022650018
###
1e-05
1.1768119524349992e-05
1.3848863713938717e-05
1.6297508346206434e-05
1.917910261672489e-05
2.2570197196339216e-05
2.656087782946684e-05
3.1257158496882356e-05
3.678379771828634e-05
4.328761281083062e-05
5.0941380148163754e-05
5.994842503189409e-05
7.054802310718646e-05
8.302175681319735e-05
9.770099572992247e-05
0.00011497569953977356
0.00013530477745798074
0.00015922827933410923
0.0001873817422860383
0.00022051307399030456
0.00025950242113997375
0.0003053855508833416
0.00035938136638046257
0.0004229242874389499
0.0004977023564332109
0.0005857020818056661
0.0006892612104349695
0.0008111308307896872
0.0009545484566618337
0.0011233240329780276
0.0013219411484660286
0.0015556761439304723
0.0018307382802953678
0.002154434690031882
0.0025353644939701114
0.0029836472402833374
0.003511191734215131
0.004132012400115334
0.004862601580065354
0.005722367659350214
0.006734150657750821
0.007924828983539169
0.0093260334688322
0.010974987654930556
0.01291549665014884
0.01519911082952933
0.01788649529057435
0.0210490414451202
0.02477076355991709
0.029150530628251757
0.034304692863149154
0.040370172585965536
0.047508101621027934
0.05590810182512223
0.06579332246575675
0.0774263682681127
0.09111627561154886
0.10722672220103231
0.1261856883066021
0.14849682622544635
0.1747528400007683
0.20565123083486514
0.24201282647943834
0.2848035868435799
0.3351602650938841
0.3944206059437656
0.46415888336127725
0.5462277217684337
0.642807311728432
0.7564633275546291
0.8902150854450375
1.0476157527896641
1.232846739442066
1.4508287784959402
1.7073526474706886
2.009233002565046
2.364489412645407
2.782559402207126
3.274549162877725
3.8535285937105273
4.534878508128582
5.3366992312063015
6.280291441834247
7.390722033525775
8.697490026177835
10.235310218990248
12.045035402587812
14.174741629268048
16.68100537200059
19.630406500402685
23.10129700083158
27.1858824273294
31.992671377973846
37.64935806792464
44.30621457583877
52.14008287999685
61.35907273413163
72.20809018385457
84.97534359086438
100.0
###
0.17683367411570836
0.15305426332128427
0.1309534471681828
0.11086572701070303
0.09294325319483325
0.07722116286010176
0.06683252352048741
0.05474852799890954
0.044504055657281466
0.03590768202583183
0.5389250992723368
0.44334968226497184
0.3601782625343424
0.28916157122016745
0.22947325291923099
0.17999931448346548
0.14883393937707567
0.11416916311810858
0.08624028726236907
0.0639294002757994
0.777195148799169
0.6267052415819214
0.4989039555972113
0.3922850048018683
0.3046050767835903
0.23345311922041032
0.18944293920506608
0.14134532011286183
0.10337217988351384
0.07363002053925116
0.9666638842755654
0.7698201037122313
0.6051303801546281
0.4696470314007788
0.3597466144029217
0.2717208143999422
0.21788575113723496
0.15970256996967305
0.11436711121622146
0.07933814505003063
1.1278036773000384
0.890088450038145
0.6933025797100644
0.5330404588667425
0.40429324302342423
0.3021328925635576
0.24017578817189608
0.1737628962904129
0.12251536607164368
0.08332474747407868
1.2698594556159142
0.9951867273597463
0.7696790876600542
0.5874194813434085
0.44210462449662297
0.32765568506700166
0.25869016281678553
0.18524653026842228
0.1290134380344353
0.08636801728668633
1.3979396900750127
1.0892911129690002
0.8375707203396072
0.6354069431006728
0.47520298717996157
0.3497903060607321
0.2746222676154276
0.19500128651688
0.13443203542690532
0.0888198089558608
1.5152255824140919
1.1749785925298202
0.8990256329362842
0.6785791058027418
0.5047862520283773
0.36942774720867305
0.2886664636857769
0.20350973985106519
0.13908883088978377
0.09086913435649632
1.6238557819003927
1.2539649158824595
0.9553962918595416
0.7179757947144183
0.5316367391469297
0.3871366197662358
0.3012627864605122
0.21107465024703403
0.14317827244844128
0.09262784694539918
1.7253889195420402
1.3274583825327195
1.0076250465880423
0.7543156278356673
0.5562837207003278
0.4033054353544168
0.3127105048330084
0.2178980933632934
0.146828383412653
0.09416716214923604
1.8208792134771334
1.3963486962925231
1.056400691015367
0.7881199380857689
0.579112594977664
0.4182122755983849
0.3232279093652347
0.22412233290228253
0.15012734895717855
0.09553538891629403
1.9112187527187157
1.4613125360450894
1.1022445649818202
0.8197823531965964
0.6004144090049743
0.43206371949139116
0.3329600094422474
0.22985240641959165
0.1531410269836436
0.09676661594926243
1.9970826124441587
1.5228782559770662
1.1455652244458092
0.8496058482557495
0.6204113602652348
0.44502034907827914
0.3420322470071372
0.23516611677988805
0.15591460002093746
0.09788631604764912
2.0790120999030557
1.581467710031262
1.1866777005778562
0.8778304799115559
0.6392783113605756
0.4572012419556954
0.35053781940631157
0.24012469209274845
0.15848835448941725
0.098911449836042
2.1574488657878144
1.637423792799741
1.2258467429300526
0.9046499384148108
0.6571557261084581
0.4687071172141294
0.3585507459099288
0.24477630343008155
0.1608879913534087
0.0998582036113431