# ../data/BKevo/MV2g_BKevo/mv2g_9.dat
# N(r,Y=0), r, *FL(x,Q^2)
# 1e-05 < r < 100.0
# 1 < Q^2 < 50, n=15, lin grid
# 1e-5 < x < 1e-2, n=10, log grid
###
1.0258104666409953e-13
1.4905653299412258e-13
2.1829746152855413e-13
3.188266904358025e-13
4.63425860622188e-13
6.771931087386819e-13
9.892110595876703e-13
1.438142334646337e-12
2.0971053285786906e-12
3.0639524384079655e-12
4.454803876950058e-12
6.481942491114622e-12
9.471843186376482e-12
1.3772173759695548e-11
1.9994204628968073e-11
2.9219783368719145e-11
4.24858338940025e-11
6.153714383214694e-11
8.99350240867006e-11
1.3075815042306023e-10
1.8925365675621594e-10
2.7611842271774106e-10
4.0139924855318185e-10
5.808349916293618e-10
8.454125528147348e-10
1.2287228897616075e-09
1.777428881673915e-09
2.580621610093331e-09
3.7494634979957594e-09
5.421551186649066e-09
7.850866503635188e-09
1.1401679302552544e-08
1.647725329759786e-08
2.3794694831277708e-08
3.453619596552542e-08
4.987550182830029e-08
7.181517565624128e-08
1.0415467202718056e-07
1.5028377008105127e-07
2.158648975938443e-07
3.125669930393174e-07
4.5051479035695884e-07
6.463509175386593e-07
9.328255741715083e-07
1.3427711194395885e-06
1.92378032706535e-06
2.7667441050118156e-06
3.9765801022964296e-06
5.688116136131633e-06
8.150673108516414e-06
1.1695083749090327e-05
1.67000437591172e-05
2.384217968512983e-05
3.415405044468854e-05
4.869427845585255e-05
6.928734861345904e-05
9.914624970759178e-05
0.0001412474569248571
0.0002005331806663348
0.00028712926310096534
0.0004096515519851484
0.0005829016154154918
0.0008370552165017422
0.001202011501536629
0.0017251131391393297
0.0025033906250501357
0.003653588998523465
0.005347592515634619
0.007941894043628024
0.011956294689389661
0.018115111051090527
0.027906219173412482
0.043869397461568115
0.06921496441189032
0.10988369719435855
0.17569738381305217
0.27311184248940396
0.40480660254945433
0.5513225494835791
0.6768049996067952
0.765252549811077
0.8324736811703095
0.8955271138657172
0.9482396657843003
0.9802911364152033
0.9949053625762101
0.9993788641289081
0.9999704128395424
0.9999992211747749
0.999999995944526
0.9999999999999648
1.0
1.0
1.0
1.0
1.0
1.0
1.0
1.0
1.0
###
1e-05
1.1768119524349992e-05
1.3848863713938717e-05
1.6297508346206434e-05
1.917910261672489e-05
2.2570197196339216e-05
2.656087782946684e-05
3.1257158496882356e-05
3.678379771828634e-05
4.328761281083062e-05
5.0941380148163754e-05
5.994842503189409e-05
7.054802310718646e-05
8.302175681319735e-05
9.770099572992247e-05
0.00011497569953977356
0.00013530477745798074
0.00015922827933410923
0.0001873817422860383
0.00022051307399030456
0.00025950242113997375
0.0003053855508833416
0.00035938136638046257
0.0004229242874389499
0.0004977023564332109
0.0005857020818056661
0.0006892612104349695
0.0008111308307896872
0.0009545484566618337
0.0011233240329780276
0.0013219411484660286
0.0015556761439304723
0.0018307382802953678
0.002154434690031882
0.0025353644939701114
0.0029836472402833374
0.003511191734215131
0.004132012400115334
0.004862601580065354
0.005722367659350214
0.006734150657750821
0.007924828983539169
0.0093260334688322
0.010974987654930556
0.01291549665014884
0.01519911082952933
0.01788649529057435
0.0210490414451202
0.02477076355991709
0.029150530628251757
0.034304692863149154
0.040370172585965536
0.047508101621027934
0.05590810182512223
0.06579332246575675
0.0774263682681127
0.09111627561154886
0.10722672220103231
0.1261856883066021
0.14849682622544635
0.1747528400007683
0.20565123083486514
0.24201282647943834
0.2848035868435799
0.3351602650938841
0.3944206059437656
0.46415888336127725
0.5462277217684337
0.642807311728432
0.7564633275546291
0.8902150854450375
1.0476157527896641
1.232846739442066
1.4508287784959402
1.7073526474706886
2.009233002565046
2.364489412645407
2.782559402207126
3.274549162877725
3.8535285937105273
4.534878508128582
5.3366992312063015
6.280291441834247
7.390722033525775
8.697490026177835
10.235310218990248
12.045035402587812
14.174741629268048
16.68100537200059
19.630406500402685
23.10129700083158
27.1858824273294
31.992671377973846
37.64935806792464
44.30621457583877
52.14008287999685
61.35907273413163
72.20809018385457
84.97534359086438
100.0
###
0.16504501621825599
0.1447585688493322
0.12631835892223153
0.10984038249379095
0.09531777325110703
0.08267871926341878
0.0742890702215833
0.06454016079390786
0.05612091421717841
0.04895241509126273
0.4720628701600542
0.3899817993569507
0.31911522417837246
0.25863576138941446
0.20747754604526958
0.16444364502017
0.13681083108984887
0.10511232064281383
0.0784480017384392
0.05582674452549153
0.6625915817463134
0.5345925074324493
0.42645177315700533
0.33608225688490884
0.26120213429304573
0.19948026027479893
0.16052692359712967
0.11681357352300288
0.08078481542307625
0.051050499086229606
0.8100510576352286
0.6440529715212208
0.5057539724280762
0.39176370832234836
0.2985854974304623
0.22288456284413485
0.175733036954121
0.12352834843178186
0.0813738782342896
0.047315457696731525
0.9332865793921753
0.7342745221830758
0.5701233383464123
0.4362120659264465
0.32787188389223504
0.24080099135327981
0.1871243359011667
0.12836134049394374
0.08162137444506469
0.044545451344101546
1.0405313776539393
0.8119781852928514
0.6249847954008374
0.4736375990217213
0.35221544400619836
0.2554702368062132
0.19632764133188838
0.13217807024890024
0.0817864214966531
0.042427191523395
1.1362481668832938
0.8807786135659861
0.6731595877026716
0.5062197795051737
0.3731903964180519
0.26797187369218756
0.20410019210696095
0.13535980537504352
0.0819332496901942
0.040787471670834276
1.223170699724608
0.9428618912025121
0.7163289710814915
0.5352029761941351
0.3917070093345173
0.2789138987174937
0.21085652663194943
0.1381054200017922
0.0820790526577887
0.03939117220307222
1.3031144076783443
0.9996571471708026
0.7555941337864506
0.5614058817584807
0.4083388406394309
0.28867418876233336
0.21685210005742742
0.14052958928883508
0.08222810089433101
0.03825857705790472
1.3773520655709979
1.0521489682729972
0.7917113513195245
0.5853838187642948
0.42347465899224945
0.29750506391903814
0.22225342424876027
0.14270670399999877
0.08238047257309708
0.03729846555610708
1.44681874049254
1.1010679558159673
0.8252273259586398
0.6075348140594766
0.43739044877145555
0.3055836978599549
0.22717705845143663
0.14468651895908188
0.08253532611140743
0.03647184355337877
1.5122240228846722
1.1469608691751771
0.8565516338199162
0.6281587951726094
0.4502900075125364
0.3130398528470477
0.23170736545151593
0.14650575316590164
0.08269151013368495
0.03575081378208529
1.5741207726348538
1.190251331811524
0.8859997720376152
0.647471107107232
0.462336821543565
0.31997101917373627
0.2359059920736067
0.14819032943090024
0.08284814443311794
0.03511481036056963
1.632949546170492
1.231275244051077
0.9138206639031834
0.6656726385298376
0.47363473590142213
0.3264534682374732
0.23982623532807656
0.14976074251292254
0.08298992273847365
0.03454864873886179
1.6890677500296662
1.270303943735091
0.9402144729476685
0.6828818573849625
0.4842886826819027
0.33254714102077515
0.24350212444766894
0.15123276215493386
0.08315932493624825
0.03404033636291879