# data/BKevo/ATAN_BKevo/atan80.dat
# N(r,Y=0), r, *FL(x,Q^2)
# 1e-05 < r < 100.0
# 1 < Q^2 < 50, n=15, lin grid
# 1e-5 < x < 1e-2, n=10, log grid
###
1.0565030132794669e-10
1.4134773548456377e-10
1.8978077609594155e-10
2.545314736794284e-10
3.406407289378893e-10
4.5703196195665595e-10
6.131824504269615e-10
8.208879470213998e-10
1.1005646185108702e-09
1.477117548822115e-09
1.978110108591242e-09
2.6500783679777936e-09
3.558091817712096e-09
4.7664605941991965e-09
6.380807618674144e-09
8.570292086086647e-09
1.1484714131588661e-08
1.5362641799181632e-08
2.0641920138373888e-08
2.7670861417948167e-08
3.7015339775169696e-08
4.9714167327679984e-08
6.66658064364869e-08
8.920686050817929e-08
1.1972516653486508e-07
1.606057955981846e-07
2.1497822894668395e-07
2.88313857376276e-07
3.8689805189393933e-07
5.180481097176861e-07
6.942564597272139e-07
9.319845959677968e-07
1.2483165733249867e-06
1.6716609608694093e-06
2.2449017295887558e-06
3.0078624654699298e-06
4.024850316671462e-06
5.407066918996653e-06
7.247182066410609e-06
9.693243149561404e-06
1.3022698628518175e-05
1.7460520169012775e-05
2.3361003607676917e-05
3.1362676505410626e-05
4.2064862874045553e-05
5.629747991572911e-05
7.552549802005021e-05
0.00010133277897801049
0.00013566044299588201
0.00018185744572047033
0.00024408041471428714
0.0003268608294122823
0.0004378206608590969
0.0005877970789229141
0.000787338338418182
0.0010536885290435502
0.0014148988641214768
0.0018953933100347153
0.00253382779841967
0.003402059502071591
0.004555979599123429
0.0060864090270874825
0.008156966538116817
0.010908681071175834
0.014544681911866017
0.019415478242029313
0.025858516119050712
0.03428782345775715
0.045369261159990765
0.05977908459631053
0.0781751362301587
0.10146659312563659
0.13046007519435632
0.16558987236254932
0.2071548541790775
0.25471633441424474
0.3076109834673181
0.3646247004946744
0.4228574158228697
0.4816940806150851
0.5396720535715618
0.5933694603681406
0.643705499121319
0.6902939779286962
0.7312377130179609
0.7677585756667806
0.8004442385657368
0.828553609313212
0.8528781949328607
0.8742973156469321
0.8926166122432372
0.9081585060232013
0.9217381698102711
0.9333754752409431
0.9431059140591581
0.9515756665324321
0.9588725871770186
0.9649018594462861
0.9701400014702942
0.9746835918404317
###
1e-05
1.1768119524349992e-05
1.3848863713938717e-05
1.6297508346206434e-05
1.917910261672489e-05
2.2570197196339216e-05
2.656087782946684e-05
3.1257158496882356e-05
3.678379771828634e-05
4.328761281083062e-05
5.0941380148163754e-05
5.994842503189409e-05
7.054802310718646e-05
8.302175681319735e-05
9.770099572992247e-05
0.00011497569953977356
0.00013530477745798074
0.00015922827933410923
0.0001873817422860383
0.00022051307399030456
0.00025950242113997375
0.0003053855508833416
0.00035938136638046257
0.0004229242874389499
0.0004977023564332109
0.0005857020818056661
0.0006892612104349695
0.0008111308307896872
0.0009545484566618337
0.0011233240329780276
0.0013219411484660286
0.0015556761439304723
0.0018307382802953678
0.002154434690031882
0.0025353644939701114
0.0029836472402833374
0.003511191734215131
0.004132012400115334
0.004862601580065354
0.005722367659350214
0.006734150657750821
0.007924828983539169
0.0093260334688322
0.010974987654930556
0.01291549665014884
0.01519911082952933
0.01788649529057435
0.0210490414451202
0.02477076355991709
0.029150530628251757
0.034304692863149154
0.040370172585965536
0.047508101621027934
0.05590810182512223
0.06579332246575675
0.0774263682681127
0.09111627561154886
0.10722672220103231
0.1261856883066021
0.14849682622544635
0.1747528400007683
0.20565123083486514
0.24201282647943834
0.2848035868435799
0.3351602650938841
0.3944206059437656
0.46415888336127725
0.5462277217684337
0.642807311728432
0.7564633275546291
0.8902150854450375
1.0476157527896641
1.232846739442066
1.4508287784959402
1.7073526474706886
2.009233002565046
2.364489412645407
2.782559402207126
3.274549162877725
3.8535285937105273
4.534878508128582
5.3366992312063015
6.280291441834247
7.390722033525775
8.697490026177835
10.235310218990248
12.045035402587812
14.174741629268048
16.68100537200059
19.630406500402685
23.10129700083158
27.1858824273294
31.992671377973846
37.64935806792464
44.30621457583877
52.14008287999685
61.35907273413163
72.20809018385457
84.97534359086438
100.0
###
0.21890437266164994
0.1949324264431511
0.17173486267106933
0.14981407295309196
0.129524356736404
0.11108294656554077
0.09852102023275934
0.08347149529269202
0.07030797923436014
0.05892447189767409
0.7168581422016618
0.6074143771174539
0.5085345845645343
0.4210968700657217
0.3450627836318361
0.2799839547124815
0.23785751232335609
0.18976124194663152
0.14989074134648633
0.11710201939571331
1.0619340001043145
0.8816714471956862
0.7230391203310006
0.586063593035603
0.4698118705725156
0.3724559709578172
0.3106355273317931
0.24130824378301083
0.18495938438863893
0.139508290104908
1.34249891508724
1.1003379330619223
0.8906196349620179
0.7122649295967448
0.5630310722308126
0.4398100228543924
0.3624553634578341
0.27667967117257436
0.2078442622053222
0.15303410564316458
1.5844528905467643
1.2865122866985879
1.0314273400664546
0.8168390561617467
0.6391565640017518
0.49384909636054514
0.4034190673510837
0.3039857359051341
0.22491048321291968
0.16255074075488418
1.799875221462814
1.4506999556570497
1.154407218159821
0.9072792901363548
0.7042044352020136
0.539480451533109
0.43763611765481114
0.32637657174615803
0.23855146813546288
0.16983849269590695
1.9955918287893235
1.5987624080970477
1.2644684338841863
0.9875277837704448
0.7614563014847296
0.5792267191781287
0.4671820472592699
0.3454300786914986
0.24993395297393503
0.1757045080725478
2.175896664957919
1.734346220656101
1.3646112016241854
1.0600688219702372
0.8128330331920403
0.614609280285432
0.4932988095471064
0.362082543163684
0.2597141367747225
0.1805964517548591
2.343769232469508
1.859912349982143
1.4568679979381276
1.1265175558234881
0.8596104856108369
0.6466041557878252
0.5167746202639073
0.37690492507252366
0.2683356688324892
0.18478062819324242
2.5012991005945158
1.97721255502479
1.5426521100795754
1.188008021519624
0.9026703858681666
0.6758927841136437
0.5381470451957049
0.3902856299228652
0.27599521390311127
0.18843211327234455
2.650060757633445
2.087605888859181
1.623013994619907
1.2453658076995684
0.9426522756468183
0.7029416263889288
0.5578002205859469
0.4024993398559877
0.28291428568790966
0.19166656180622343
2.7912671786709673
2.1919756684682286
1.6987511269557816
1.2992120402800895
0.9800367365069678
0.7281159206007571
0.5760189474477058
0.41374766778896926
0.2892288567156353
0.19456848683875894
2.9259306685406616
2.2911536959255194
1.7704862783949367
1.350054543980912
1.0151941745577013
0.7516853851033957
0.5930252810992777
0.42419213209565854
0.29503538019782555
0.19719347494277079
3.0547237612588685
2.385766604599679
1.8387167884157485
1.3982525132141406
1.0484193690695263
0.7738803926424177
0.6089750943961784
0.43393312947851775
0.3004190400016703
0.1995932570743974
3.178322558282712
2.4763259782355522
1.9038469686023558
1.444118723962546
1.0799479110628558
0.7948695740764204
0.6240240043090521
0.44307333638071045
0.30543434231892297
0.2018013887584022