# data/BKevo/ATAN_BKevo/atan49.dat
# N(r,Y=0), r, *FL(x,Q^2)
# 1e-05 < r < 100.0
# 1 < Q^2 < 50, n=15, lin grid
# 1e-5 < x < 1e-2, n=10, log grid
###
1.909859319279287e-06
2.2475452743946917e-06
2.6449381425421205e-06
3.1125948195877905e-06
3.662938786767095e-06
4.31059014528663e-06
5.072754004991379e-06
5.969677544788187e-06
7.025187886809573e-06
8.2673250731668e-06
9.729086960558672e-06
1.1449305821122102e-05
1.347367993680517e-05
1.585598759200453e-05
1.8659515714463357e-05
2.1958741116930814e-05
2.584130900286664e-05
3.0410361294852524e-05
3.578727663879344e-05
4.2114894876396194e-05
4.956131163884845e-05
5.8324343868193197e-05
6.86367849070899e-05
8.077258873687116e-05
9.505414765394841e-05
0.00011186085676194956
0.00013163919273157304
0.0001549145745542974
0.00018230532152595528
0.00021453907912190477
0.0002524721488829252
0.0002971122363083094
0.0003496452211495935
0.00041146665953993924
0.0004842188562306749
0.0005698344951931227
0.0006705879771060265
0.0007891558304052183
0.0009286878291218913
0.001092890645975911
0.001286126271752009
0.0015135279670305726
0.0017811365340646627
0.002096060601960501
0.002466665683143769
0.002902796142895686
0.0034160359265214347
0.004020016753740171
0.0047307797726380855
0.005567198426418545
0.006551479784596061
0.007709755372076142
0.009072761901567722
0.010676648448311498
0.012563953817587516
0.014784681506641043
0.017397546844419853
0.02047166948052303
0.02408818544542013
0.028341870571979618
0.033344494695193946
0.0392266875005975
0.04613931686775317
0.05426027293150487
0.06379573156241795
0.07497725732326398
0.08807520057867727
0.10339819343717431
0.12126839575256237
0.14204181001211597
0.16611751678947762
0.19382757184854335
0.2254285629510361
0.26124526236658097
0.3012914166014162
0.3450596626521659
0.39246688234827626
0.44276793537732045
0.4937940359426008
0.545385165204033
0.5964087389772326
0.643915327665143
0.6886098822432332
0.7300604543263977
0.7664910025537959
0.7989272625762637
0.8278691784202272
0.8526493004644691
0.8739894646099872
0.8926924923334708
0.9086076646278243
0.9220431352996477
0.9337334593236974
0.9437108922660291
0.9520205904321954
0.959231516302943
0.9654262848997237
0.9705305049059485
0.974955791832273
0.9787871963073564
###
1e-05
1.1768119524349992e-05
1.3848863713938717e-05
1.6297508346206434e-05
1.917910261672489e-05
2.2570197196339216e-05
2.656087782946684e-05
3.1257158496882356e-05
3.678379771828634e-05
4.328761281083062e-05
5.0941380148163754e-05
5.994842503189409e-05
7.054802310718646e-05
8.302175681319735e-05
9.770099572992247e-05
0.00011497569953977356
0.00013530477745798074
0.00015922827933410923
0.0001873817422860383
0.00022051307399030456
0.00025950242113997375
0.0003053855508833416
0.00035938136638046257
0.0004229242874389499
0.0004977023564332109
0.0005857020818056661
0.0006892612104349695
0.0008111308307896872
0.0009545484566618337
0.0011233240329780276
0.0013219411484660286
0.0015556761439304723
0.0018307382802953678
0.002154434690031882
0.0025353644939701114
0.0029836472402833374
0.003511191734215131
0.004132012400115334
0.004862601580065354
0.005722367659350214
0.006734150657750821
0.007924828983539169
0.0093260334688322
0.010974987654930556
0.01291549665014884
0.01519911082952933
0.01788649529057435
0.0210490414451202
0.02477076355991709
0.029150530628251757
0.034304692863149154
0.040370172585965536
0.047508101621027934
0.05590810182512223
0.06579332246575675
0.0774263682681127
0.09111627561154886
0.10722672220103231
0.1261856883066021
0.14849682622544635
0.1747528400007683
0.20565123083486514
0.24201282647943834
0.2848035868435799
0.3351602650938841
0.3944206059437656
0.46415888336127725
0.5462277217684337
0.642807311728432
0.7564633275546291
0.8902150854450375
1.0476157527896641
1.232846739442066
1.4508287784959402
1.7073526474706886
2.009233002565046
2.364489412645407
2.782559402207126
3.274549162877725
3.8535285937105273
4.534878508128582
5.3366992312063015
6.280291441834247
7.390722033525775
8.697490026177835
10.235310218990248
12.045035402587812
14.174741629268048
16.68100537200059
19.630406500402685
23.10129700083158
27.1858824273294
31.992671377973846
37.64935806792464
44.30621457583877
52.14008287999685
61.35907273413163
72.20809018385457
84.97534359086438
100.0
###
0.333123728475817
0.3094921882471235
0.2817838301247002
0.25108269235579345
0.2189074427061474
0.1868556169991579
0.16374857965013648
0.13513729652335246
0.10970653249958712
0.08780678816149805
1.3941249159779463
1.240701430318899
1.0773343910713273
0.9126899026211367
0.7550188568778471
0.6108597160326509
0.5141602978283111
0.4020243440360696
0.3091685043286192
0.2342640543726064
2.3085596934856807
2.015367883107313
1.7149360537246467
1.4231139643022903
1.152991666577396
0.9138340372357487
0.7575137801501532
0.5804698317904096
0.43747631931882164
0.3247457493470307
3.1422387488488965
2.7090575991172794
2.2754221171437696
1.8636904099709293
1.4905234412121744
1.1665306973115142
0.9580256736332776
0.7252096560298903
0.5399670466297594
0.39591617610982766
3.920529678474582
3.3485205139376717
2.7858646073973112
2.260202580924498
1.7908912495958738
1.3889699061083414
1.1332491359516434
0.8504900725368874
0.6278827706384317
0.45645689484500584
4.656791570608082
3.9478293008035785
3.259941174101165
2.6252481918815764
2.065146588589215
1.5906141654079087
1.2911830806376956
0.9626661124969931
0.7061092235511482
0.5100002055927778
5.359391803866655
4.5155179560808705
3.705740600739846
2.96614977883173
2.3196568158183535
1.7766107827292092
1.4362951206118995
1.0652175013302059
0.7772917705017471
0.5585167705856894
6.0340369040812005
5.0572432919779144
4.128545455844729
3.287733098824218
2.558494358176691
1.950270303328576
1.5713914032304972
1.1603077717395929
0.8430534487736502
0.6031941950888586
6.684861110724017
5.577078429283029
4.532271261652147
3.5933184436943963
2.7844694346965104
2.1139821053994887
1.6983605663824937
1.2493851093518433
0.9044665705828847
0.6448164916847023
7.314992839584348
6.078065233871078
4.91966439263642
3.8853516451704024
2.9996226971413966
2.269331863267132
1.8185658001498681
1.3334849170273513
0.9623142077294097
0.6839332595685143
7.9268781059111975
6.562565634235237
5.292786492538402
4.165691908198247
3.205494088239481
2.4175475329681135
1.9330241522366827
1.4133728417435139
1.0172172144526612
0.7209519802824086
8.522479411495736
7.03245445500292
5.6535043185430665
4.435710227849281
3.403281591918851
2.5595786638779288
2.0425146223262365
1.4896355223445215
1.0694026086498656
0.7561657086500978
9.10357972109015
7.489255214317078
6.003112876300216
4.696749609780564
3.5939398763476857
2.6961779360185245
2.147655100814764
1.5627345657916578
1.1194056861530286
0.7898229246309818
9.67132276438859
7.934228343468311
6.341194349236293
4.94967206649498
3.778245211844765
2.82795452474126
2.248942307009136
1.6330205252132797
1.167418544504323
0.8221106708424203
10.226720076425917
8.368431640763864
6.673260528810853
5.195270551298093
3.9568394006687475
2.95540997307251
2.346784732540657
1.7008504863914526
1.2136843564399606
0.8531832297130917