# ../data/BKevo/MV2g_BKevo/mv2g_42.dat
# N(r,Y=0), r, *FL(x,Q^2)
# 1e-05 < r < 100.0
# 1 < Q^2 < 50, n=15, lin grid
# 1e-5 < x < 1e-2, n=10, log grid
###
8.490265772116786e-05
9.552227072144408e-05
0.00010739854372420423
0.00012074771833928999
0.00013577596405107506
0.00015259389016390824
0.0001714605211120153
0.00019268579360699536
0.0002164541918988639
0.00024306286817719411
0.0002729757836580579
0.00030649360271852274
0.00034393457595019097
0.00038599038066854677
0.00043314224076655315
0.0004856902176970766
0.0005446613073375569
0.0006108144554867948
0.0006843539014673309
0.0007667983942343384
0.0008592229704164667
0.0009619156883160335
0.0010767920569324451
0.0012054223473986297
0.0013483645561659845
0.001507824333201667
0.0016861363324060458
0.0018842958676806
0.002104683670997651
0.0023507483436447235
0.0026241764161391776
0.002927254536731951
0.0032650438954957167
0.0036403019175158834
0.004054688923338186
0.0045155848831508515
0.005027378816502994
0.005590140189789326
0.006214561193309167
0.006907075623266793
0.007665730866498826
0.008504703192568406
0.009432449224712695
0.010447150952208667
0.011563563577244945
0.01279395591187151
0.014137087670213521
0.015606397800261834
0.017219648309048513
0.018977099616460293
0.020887759979193624
0.022977515319817593
0.025250106761481497
0.027705941347565363
0.030383522487905112
0.03329441957906
0.03642704197887613
0.039840948153507506
0.04356516818668224
0.04758022512877135
0.051983851255041784
0.05683587539595433
0.062164034718804224
0.06811690423018699
0.07484403020780556
0.08251606925536573
0.09142485248936245
0.10193515887191763
0.11456347083171269
0.1299958514899787
0.1490487527309788
0.17291247083576922
0.20306145634646622
0.24083776812800117
0.2878573217455713
0.3452972086295333
0.4126841275022354
0.48782540997946283
0.5631736388455238
0.6322084453987372
0.6879300593595566
0.7238371381097409
0.7486381424373063
0.7689536058009618
0.7884747967176063
0.8086447818643894
0.8294843564173722
0.8503517092381808
0.8710040566267727
0.8913192536447565
0.9105441638553807
0.9281827466518545
0.9443032511112492
0.9583617052503202
0.9698667996769057
0.979305770159496
0.9866254367885015
0.9916702566338437
0.9952071754626295
0.9975226078168715
###
1e-05
1.1768119524349992e-05
1.3848863713938717e-05
1.6297508346206434e-05
1.917910261672489e-05
2.2570197196339216e-05
2.656087782946684e-05
3.1257158496882356e-05
3.678379771828634e-05
4.328761281083062e-05
5.0941380148163754e-05
5.994842503189409e-05
7.054802310718646e-05
8.302175681319735e-05
9.770099572992247e-05
0.00011497569953977356
0.00013530477745798074
0.00015922827933410923
0.0001873817422860383
0.00022051307399030456
0.00025950242113997375
0.0003053855508833416
0.00035938136638046257
0.0004229242874389499
0.0004977023564332109
0.0005857020818056661
0.0006892612104349695
0.0008111308307896872
0.0009545484566618337
0.0011233240329780276
0.0013219411484660286
0.0015556761439304723
0.0018307382802953678
0.002154434690031882
0.0025353644939701114
0.0029836472402833374
0.003511191734215131
0.004132012400115334
0.004862601580065354
0.005722367659350214
0.006734150657750821
0.007924828983539169
0.0093260334688322
0.010974987654930556
0.01291549665014884
0.01519911082952933
0.01788649529057435
0.0210490414451202
0.02477076355991709
0.029150530628251757
0.034304692863149154
0.040370172585965536
0.047508101621027934
0.05590810182512223
0.06579332246575675
0.0774263682681127
0.09111627561154886
0.10722672220103231
0.1261856883066021
0.14849682622544635
0.1747528400007683
0.20565123083486514
0.24201282647943834
0.2848035868435799
0.3351602650938841
0.3944206059437656
0.46415888336127725
0.5462277217684337
0.642807311728432
0.7564633275546291
0.8902150854450375
1.0476157527896641
1.232846739442066
1.4508287784959402
1.7073526474706886
2.009233002565046
2.364489412645407
2.782559402207126
3.274549162877725
3.8535285937105273
4.534878508128582
5.3366992312063015
6.280291441834247
7.390722033525775
8.697490026177835
10.235310218990248
12.045035402587812
14.174741629268048
16.68100537200059
19.630406500402685
23.10129700083158
27.1858824273294
31.992671377973846
37.64935806792464
44.30621457583877
52.14008287999685
61.35907273413163
72.20809018385457
84.97534359086438
100.0
###
0.3861983726671929
0.37576838776635046
0.3571222524682758
0.3277257760483574
0.2875571415341395
0.24012480341521023
0.20345711153374202
0.15784039874770556
0.11962098515784116
0.08995643468267839
1.8300167678173216
1.7404497865565849
1.598621986062689
1.4010197532314994
1.1612910181003304
0.907639135189724
0.7275604404063369
0.5194398675445596
0.35689270483428737
0.23820894777926152
3.232436820345475
3.0381416936372356
2.7457965208200377
2.3586573487752154
1.911084635731345
1.457702910637863
1.1463885571813657
0.7964426660248792
0.5305844129375397
0.34086305802431155
4.605266162404844
4.292561463938705
3.8372324393053097
3.2536490357126056
2.598990700641993
1.953701463505115
1.5196721821515762
1.0400911045170649
0.6817209916815502
0.4296033156430716
5.955042810089502
5.514819084717298
4.88863409674023
4.1053513171423734
3.24588214953661
2.4151238204504093
1.8645631448340607
1.263632285433329
0.8197902373571109
0.5106641165282647
7.285697367165639
6.710851408472133
5.90912416337347
4.9241896746896465
3.862307184812271
2.851455635489031
2.189176747510629
1.4730804524013321
0.9488098173057966
0.5865616802208905
8.599931973676407
7.8850179997338525
6.903687689566104
5.71649796695727
4.4546469544775285
3.2682724646593377
2.498185229096444
1.6718245088493957
1.0712350378629532
0.6586189516395446
9.899734795652659
9.040266947578376
7.876509816600423
6.486610318695325
5.027152332585453
3.669224222135609
2.794603907369334
1.8620155856213105
1.188238582925534
0.7276424141656864
11.186601717598
10.178818873524264
8.83015392412406
7.237633928865457
5.58286039044331
4.0568747215938314
3.0805758370760254
2.0451261338253843
1.3008414561849748
0.7941650972042151
12.461732817391137
11.3024179632323
9.767060207312118
7.972695732865505
6.1240290525033965
4.4331175035189405
3.3577637366690456
2.222260167995101
1.4097240696959534
0.8586403285729755
13.726107744845272
12.412536020774958
10.688904353599774
8.692569544459676
6.652417662475708
4.799403938202589
3.6269463219515634
2.3941919870483708
1.5153970968124788
0.9212598868115988
14.980543489286571
13.51020243786003
11.59710478381195
9.399019708969451
7.169423821336569
5.156879832070647
3.88932950490341
2.5615658827900902
1.6182568341289352
0.9822793354122574
16.225732959102622
14.594283771714702
12.492838389106746
10.093645779412938
7.675967893049945
5.5064706090475335
4.145523442413614
2.7248871750190986
1.7186188404891392
1.041887332411454
17.462272281907726
15.672101721084005
13.377097724472646
10.77731560582577
8.173400313369262
5.848938319322598
4.396318534728147
2.8845682650658007
1.8167399417641805
1.1002224132421152
18.69068035330711
16.737488044330643
14.250731223402049
11.450912333826905
8.662331667847104
6.184920516521815
4.6421188590336255
3.040951625446458
1.912818625486725
1.1574185519226141