# data/BKevo/ATAN_BKevo/atan47.dat
# N(r,Y=0), r, *FL(x,Q^2)
# 1e-05 < r < 100.0
# 1 < Q^2 < 50, n=15, lin grid
# 1e-5 < x < 1e-2, n=10, log grid
###
0.0003701812043972108
0.0004083021470343394
0.0004500867524521807
0.000496225578194178
0.0005472953406327955
0.0006033784473195214
0.0006651931744513868
0.0007336107071440015
0.0008088858629972746
0.0008917031120911856
0.0009833619510191548
0.0010843977083680907
0.001195354292366402
0.001318150421101903
0.001453763748372861
0.001602421922950887
0.0017669342282358896
0.0019489602463918718
0.0021481320986049294
0.002368534081448628
0.0026125083794725354
0.0028797114268906605
0.003174992771857536
0.003501838502578308
0.003860475825109808
0.004256079149833727
0.004693948867632808
0.00517531263509368
0.005705326543496851
0.006291937757141883
0.006938030899948931
0.0076481284290678565
0.008434013700061553
0.0093012164553864
0.01025259225494633
0.011305453699757646
0.012469445336342215
0.013744090922505777
0.015154634214369465
0.01671607036203349
0.018424770679851925
0.020314520455647172
0.02240631946346414
0.024699699862178563
0.027231466578730733
0.030033778281779715
0.03311190517464917
0.03650379240504184
0.04025792307342676
0.04438926588023994
0.048933377764509796
0.05396244329998172
0.05950709913666614
0.06559438972992035
0.07233066077906025
0.07977104544794818
0.08792384243775866
0.09694421859096639
0.1069245539179862
0.11783739355793169
0.1299067994556892
0.14325722368430588
0.1578647541501929
0.17397971674202245
0.19178266301911476
0.21126202793975563
0.2326587957094566
0.2562207934430167
0.2819285725669152
0.3099299726639726
0.3405152128788126
0.3735706430162418
0.40892159228489633
0.44679882936304877
0.48680150322216353
0.527972907570878
0.5704052193023028
0.6133322022272888
0.6547193776411129
0.6949610716815526
0.7333672489062507
0.7678324360592007
0.7993837670970746
0.8279590928320109
0.8524988491771551
0.8739635626547813
0.8928392325306715
0.9087807970279297
0.9223586000602819
0.9341559317279537
0.9441151672426383
0.9524657836349725
0.9596945017804411
0.9658355057600567
0.9709286933897591
0.9753348882884699
0.9791098757348907
0.9822122665227132
0.9848970425764878
0.9872177783738695
###
1e-05
1.1768119524349992e-05
1.3848863713938717e-05
1.6297508346206434e-05
1.917910261672489e-05
2.2570197196339216e-05
2.656087782946684e-05
3.1257158496882356e-05
3.678379771828634e-05
4.328761281083062e-05
5.0941380148163754e-05
5.994842503189409e-05
7.054802310718646e-05
8.302175681319735e-05
9.770099572992247e-05
0.00011497569953977356
0.00013530477745798074
0.00015922827933410923
0.0001873817422860383
0.00022051307399030456
0.00025950242113997375
0.0003053855508833416
0.00035938136638046257
0.0004229242874389499
0.0004977023564332109
0.0005857020818056661
0.0006892612104349695
0.0008111308307896872
0.0009545484566618337
0.0011233240329780276
0.0013219411484660286
0.0015556761439304723
0.0018307382802953678
0.002154434690031882
0.0025353644939701114
0.0029836472402833374
0.003511191734215131
0.004132012400115334
0.004862601580065354
0.005722367659350214
0.006734150657750821
0.007924828983539169
0.0093260334688322
0.010974987654930556
0.01291549665014884
0.01519911082952933
0.01788649529057435
0.0210490414451202
0.02477076355991709
0.029150530628251757
0.034304692863149154
0.040370172585965536
0.047508101621027934
0.05590810182512223
0.06579332246575675
0.0774263682681127
0.09111627561154886
0.10722672220103231
0.1261856883066021
0.14849682622544635
0.1747528400007683
0.20565123083486514
0.24201282647943834
0.2848035868435799
0.3351602650938841
0.3944206059437656
0.46415888336127725
0.5462277217684337
0.642807311728432
0.7564633275546291
0.8902150854450375
1.0476157527896641
1.232846739442066
1.4508287784959402
1.7073526474706886
2.009233002565046
2.364489412645407
2.782559402207126
3.274549162877725
3.8535285937105273
4.534878508128582
5.3366992312063015
6.280291441834247
7.390722033525775
8.697490026177835
10.235310218990248
12.045035402587812
14.174741629268048
16.68100537200059
19.630406500402685
23.10129700083158
27.1858824273294
31.992671377973846
37.64935806792464
44.30621457583877
52.14008287999685
61.35907273413163
72.20809018385457
84.97534359086438
100.0
###
0.3943711843072432
0.3922080373701064
0.38719046641474386
0.37656805211935873
0.35688219767534446
0.32541720964109677
0.29428075982118845
0.2460095109133387
0.19586951122175522
0.14985731954736314
1.9124536328136696
1.8893572892505797
1.8406058932698368
1.749271347539743
1.599707915543509
1.3897514176588786
1.2035915936227315
0.9441142049118169
0.702869568319416
0.5021990764846861
3.424302629995611
3.369044024779846
3.2576136438854766
3.058926681066856
2.7501216616534205
2.338723489593704
1.9894569239365456
1.5218665408876364
1.10462060168897
0.7698229940924524
4.928788501242868
4.8339268912976046
4.648326372027344
4.327900000088474
3.8461677347141996
3.225444310934577
2.712546383402557
2.0429524907884904
1.4602371822129314
1.0025718900021314
6.426902647460056
6.28671737768784
6.0182962571172665
5.566365397314326
4.903296696846461
4.069317414693539
3.3941057416632288
2.528028637357805
1.787092307897994
1.214280736785494
7.919401841495671
7.72913348306561
7.3713102746560155
6.780306620601416
5.930017841824457
4.880804990826022
4.044437590503901
2.9858744547136897
2.093589874687587
1.411296534117618
9.406846775520993
9.162441207878459
8.70973622057304
7.973637643097782
6.931759113442259
5.666250537018478
4.66981166791032
3.42362333142587
2.384383974322905
1.5972050463847616
10.889688051855627
10.58757805954391
10.03534976958947
9.149149722412428
7.912297307530088
6.429911468976273
5.2753105065942405
3.84456594913322
2.6626108704926983
1.7743050908872924
12.368273636341119
12.00527858527784
11.349276190378973
10.308942730013056
8.874417092183641
7.174943748517767
5.86350232503351
4.251178846197766
2.9304127915820857
1.9441513062234543
13.842894203272827
13.416137093105677
12.652695128969855
11.4546592982873
9.820259133654863
7.903630246026113
6.436763092893138
4.646643335289216
3.1891694151646197
2.1078770167107
15.312939273860918
14.820816700756485
13.94647667312304
12.58762352255642
10.75152123041422
8.617781603648448
6.996922166557348
5.030419878583397
3.4404109481279885
2.266335239199095
16.780183732796566
16.2194170419818
15.23134661501097
13.708931848669645
11.669583611388951
9.3191771131718
7.545007426896175
5.405788357746663
3.685159854404702
2.42018905909186
18.244089670151467
17.612442097075196
16.50793190108625
14.81952663413574
12.575590582878505
10.008873327364372
8.082930395657602
5.772598213311057
3.923557536658698
2.569966766802993
19.704816852188827
19.000202347842222
17.776742398976552
15.919256127388639
13.469965027961905
10.687890023778955
8.611308779678065
6.132046879670723
4.15669456240913
2.716098265344897
21.163999710069202
20.382970634477076
19.03795362552372
17.010346114357237
14.354572236764843
11.357559814996762
9.130955908400383
6.484270735631867
4.384964501106806
2.8589389982009377