# ../data/BKevo/MV2g_BKevo/mv2g_27.dat
# N(r,Y=0), r, *FL(x,Q^2)
# 1e-05 < r < 100.0
# 1 < Q^2 < 50, n=15, lin grid
# 1e-5 < x < 1e-2, n=10, log grid
###
2.5663388365492683e-09
3.284542773235091e-09
4.211211892115484e-09
5.3952981802026435e-09
6.903013904749949e-09
8.842473487369317e-09
1.1324906467723425e-08
1.4484459692508905e-08
1.8536278213435244e-08
2.3730990527410467e-08
3.033943404919519e-08
3.8787641345946716e-08
4.9635949747559385e-08
6.342910189351133e-08
8.100620019399129e-08
1.0361072911143937e-07
1.323338204096375e-07
1.688184101980495e-07
2.1580411274178638e-07
2.754666038557698e-07
3.51146593020459e-07
4.4840249472007437e-07
5.719851304478777e-07
7.286189640694677e-07
9.292274725001722e-07
1.184417326557764e-06
1.507557970166765e-06
1.919980968732897e-06
2.445102390562024e-06
3.109351274158315e-06
3.954093309718028e-06
5.030454928968935e-06
6.390346694480209e-06
8.113362239727092e-06
1.030988329747669e-05
1.308113228975303e-05
1.657894077414967e-05
2.10388386002661e-05
2.6656585995247196e-05
3.3723965336711665e-05
4.272250362475936e-05
5.404201998492758e-05
6.825467711711275e-05
8.626948471432901e-05
0.00010891987800857725
0.00013729480143477845
0.0001730895674341639
0.00021805246556204908
0.0002742313438081736
0.000344747479297416
0.0004331986423828618
0.0005433912130103258
0.0006810055098538355
0.0008533238766542344
0.0010673761730845403
0.0013334621055518868
0.0016662726991304318
0.0020789882123303438
0.0025907304648025787
0.0032324276089365856
0.004030858553767406
0.005027000326940094
0.006291574838706668
0.007897937820394118
0.009957887983053415
0.012688947515547808
0.016372957176870827
0.021439399621155087
0.02879283689089674
0.039830225180784
0.05655328067356219
0.0829819792204211
0.1254763014849001
0.19034260009314585
0.2845207488555655
0.40458056030219897
0.5246145405411305
0.6106570059021741
0.6515408080367193
0.683475160633543
0.7184183344766957
0.75708819769769
0.7988515321507779
0.842318937571279
0.8839671414273276
0.921639315005508
0.953217173280406
0.9755345760072978
0.989155741134202
0.9963668943106778
0.999115745700083
0.9998293683511045
0.9999815980967005
0.9999993239653276
0.9999999741231912
0.9999999996232414
0.9999999999998975
0.9999999999999999
1.0
1.0
###
1e-05
1.1768119524349992e-05
1.3848863713938717e-05
1.6297508346206434e-05
1.917910261672489e-05
2.2570197196339216e-05
2.656087782946684e-05
3.1257158496882356e-05
3.678379771828634e-05
4.328761281083062e-05
5.0941380148163754e-05
5.994842503189409e-05
7.054802310718646e-05
8.302175681319735e-05
9.770099572992247e-05
0.00011497569953977356
0.00013530477745798074
0.00015922827933410923
0.0001873817422860383
0.00022051307399030456
0.00025950242113997375
0.0003053855508833416
0.00035938136638046257
0.0004229242874389499
0.0004977023564332109
0.0005857020818056661
0.0006892612104349695
0.0008111308307896872
0.0009545484566618337
0.0011233240329780276
0.0013219411484660286
0.0015556761439304723
0.0018307382802953678
0.002154434690031882
0.0025353644939701114
0.0029836472402833374
0.003511191734215131
0.004132012400115334
0.004862601580065354
0.005722367659350214
0.006734150657750821
0.007924828983539169
0.0093260334688322
0.010974987654930556
0.01291549665014884
0.01519911082952933
0.01788649529057435
0.0210490414451202
0.02477076355991709
0.029150530628251757
0.034304692863149154
0.040370172585965536
0.047508101621027934
0.05590810182512223
0.06579332246575675
0.0774263682681127
0.09111627561154886
0.10722672220103231
0.1261856883066021
0.14849682622544635
0.1747528400007683
0.20565123083486514
0.24201282647943834
0.2848035868435799
0.3351602650938841
0.3944206059437656
0.46415888336127725
0.5462277217684337
0.642807311728432
0.7564633275546291
0.8902150854450375
1.0476157527896641
1.232846739442066
1.4508287784959402
1.7073526474706886
2.009233002565046
2.364489412645407
2.782559402207126
3.274549162877725
3.8535285937105273
4.534878508128582
5.3366992312063015
6.280291441834247
7.390722033525775
8.697490026177835
10.235310218990248
12.045035402587812
14.174741629268048
16.68100537200059
19.630406500402685
23.10129700083158
27.1858824273294
31.992671377973846
37.64935806792464
44.30621457583877
52.14008287999685
61.35907273413163
72.20809018385457
84.97534359086438
100.0
###
0.22217089455409844
0.19916067079454886
0.17730419481177806
0.15707893416483085
0.13875483808901307
0.12244466563755427
0.11153277461604412
0.09867336459089504
0.08761860464329609
0.07820847931089428
0.7239018947849103
0.6138653572534959
0.5151998379164289
0.4285989637012201
0.3537080164593961
0.2897714651227423
0.2483384901865475
0.20076189032955494
0.1607794509790388
0.1271428127190947
1.0708771823966814
0.8876090773124912
0.7272044425725563
0.589325729661334
0.4725790724943289
0.37473806293523804
0.312291248924774
0.24156055790800385
0.18294320003114406
0.13420476537184522
1.3533728210941367
1.1058558547172226
0.8924655597361693
0.7116412920176354
0.5605469103732504
0.43556560300967256
0.3566587499999672
0.26825063952370576
0.19587609740742593
0.13644988609977957
1.597489082970349
1.291948901901643
1.031452620590952
0.8130101301420044
0.6323039200444609
0.48429975153483773
0.39166394176131797
0.2887831901222055
0.20545706881273315
0.13783963240632946
1.8152966917891529
1.4564040206910005
1.153074053509753
0.9008163596944224
0.6938004173873272
0.5255916892648527
0.4210717459886275
0.30584447966947326
0.21338086440396073
0.13914097969203115
2.0135769079211796
1.6050163059948015
1.2621558257348497
0.9789942601534938
0.74811257379946
0.5617999498903976
0.44670820996952887
0.32064992341621745
0.22031476857008275
0.14051912186263746
2.1966367373485176
1.741408215035379
1.361657059621954
1.0498455539198548
0.7970677579047026
0.5942191469544496
0.4696017658076026
0.3338522540712062
0.22658124004034413
0.14199222437676956
2.367375127370951
1.8679809161890422
1.4535351694222605
1.1149491177949697
0.8418305649079769
0.6237458571582748
0.4903943185892393
0.34584512120222943
0.2323524817542036
0.14354527419612714
2.527904573873886
1.9864288568908925
1.5391698687536728
1.1753748317960668
0.8832058462629239
0.6509419519827359
0.5095159425644336
0.356884974773471
0.23773928479115794
0.14515738370538853
2.6797282630857153
2.0980871473152303
1.6195729649841961
1.2319051909286527
0.921787510800192
0.6762375676481113
0.5272702256045011
0.3671497905417781
0.24281213551495948
0.14680927242161126
2.824069489065248
2.203874632529336
1.6955134930937494
1.2851295010103105
0.9580169865439694
0.6999177434345972
0.543878159553987
0.3767668701076322
0.24762050214968928
0.14848537659442076
2.961874092274765
2.3045868733838795
1.7675913376874346
1.3355069199489502
0.9922070925378875
0.7222348066282792
0.5595152191756992
0.38583418213708975
0.2522025844853522
0.15017307962877963
3.0939332164525974
2.400811988489126
1.8362851047951436
1.383399386793021
1.024636236666394
0.7433684061601167
0.574306846801899
0.3944265557815866
0.25658565168948466
0.15186464298216393
3.220808872232891
2.4930602229435954
1.9019835302701864
1.429100426143516
1.0555177692383815
0.7634544612848444
0.5883736269994425
0.40260273938762525
0.26079180717023115
0.15355310712746992