# ../data/BKevo/MV2g_BKevo/mv2g_10.dat
# N(r,Y=0), r, *FL(x,Q^2)
# 1e-05 < r < 100.0
# 1 < Q^2 < 50, n=15, lin grid
# 1e-5 < x < 1e-2, n=10, log grid
###
0.0
0.0
0.0
0.0
4.9219493311805246e-17
5.551115123125783e-17
8.388251645805197e-17
1.5738285496981812e-16
2.3893650473951855e-16
4.099837803717582e-16
6.736762148030955e-16
1.1013876763847863e-15
1.7968018233890904e-15
2.9936438438545144e-15
4.9590241821074166e-15
8.26334379614713e-15
1.3676790807063305e-14
2.2494882085221412e-14
3.764836098605747e-14
6.23074597967659e-14
1.0224766023720271e-13
1.7085793990371114e-13
2.8312434653361144e-13
4.648025174430035e-13
7.734617937747946e-13
1.2829950052262612e-12
2.107541247793232e-12
3.4930122232412867e-12
5.798938216335392e-12
9.531090930425956e-12
1.573217294119964e-11
2.6140305734362826e-11
4.298928032823879e-11
7.066237726866245e-11
1.1752018778938082e-10
1.9339507034665065e-10
3.1654891900921144e-10
5.270084808876278e-10
8.679333771741922e-10
1.416777853110434e-09
2.3581499614868e-09
3.887471031479658e-09
6.350910249146911e-09
1.0535252618723327e-08
1.7390650910579802e-08
2.8444426219325404e-08
4.7042335325372655e-08
7.779722382352443e-08
1.2746808947176582e-07
2.1028068079010723e-07
3.486721037797933e-07
5.727498554643864e-07
9.431659545904582e-07
1.5697250403186171e-06
2.588037921814559e-06
4.258330103618631e-06
7.123992233510051e-06
1.1806055020008703e-05
1.9432470479899752e-05
3.2737687653041173e-05
5.463052189176964e-05
9.049056542855856e-05
0.0001531257829820063
0.00025781919474444416
0.00043087317963328396
0.0007330710368596214
0.0012479446854949182
0.002108189687052307
0.003610630773356414
0.006223782648975046
0.010635409974311286
0.018311717136511307
0.031854758628125576
0.05464872047466067
0.09306638060039657
0.15795129962625173
0.2569849117487791
0.394853997330235
0.5553230740481897
0.7025988653144912
0.8177202216513364
0.9034693824389453
0.9644874393161341
0.9938336441720151
0.9995403276936774
0.9999879654836288
0.9999999654445054
0.9999999999999868
1.0
1.0
1.0
1.0
1.0
1.0
1.0
1.0
1.0
1.0
1.0
1.0
###
1e-05
1.1768119524349992e-05
1.3848863713938717e-05
1.6297508346206434e-05
1.917910261672489e-05
2.2570197196339216e-05
2.656087782946684e-05
3.1257158496882356e-05
3.678379771828634e-05
4.328761281083062e-05
5.0941380148163754e-05
5.994842503189409e-05
7.054802310718646e-05
8.302175681319735e-05
9.770099572992247e-05
0.00011497569953977356
0.00013530477745798074
0.00015922827933410923
0.0001873817422860383
0.00022051307399030456
0.00025950242113997375
0.0003053855508833416
0.00035938136638046257
0.0004229242874389499
0.0004977023564332109
0.0005857020818056661
0.0006892612104349695
0.0008111308307896872
0.0009545484566618337
0.0011233240329780276
0.0013219411484660286
0.0015556761439304723
0.0018307382802953678
0.002154434690031882
0.0025353644939701114
0.0029836472402833374
0.003511191734215131
0.004132012400115334
0.004862601580065354
0.005722367659350214
0.006734150657750821
0.007924828983539169
0.0093260334688322
0.010974987654930556
0.01291549665014884
0.01519911082952933
0.01788649529057435
0.0210490414451202
0.02477076355991709
0.029150530628251757
0.034304692863149154
0.040370172585965536
0.047508101621027934
0.05590810182512223
0.06579332246575675
0.0774263682681127
0.09111627561154886
0.10722672220103231
0.1261856883066021
0.14849682622544635
0.1747528400007683
0.20565123083486514
0.24201282647943834
0.2848035868435799
0.3351602650938841
0.3944206059437656
0.46415888336127725
0.5462277217684337
0.642807311728432
0.7564633275546291
0.8902150854450375
1.0476157527896641
1.232846739442066
1.4508287784959402
1.7073526474706886
2.009233002565046
2.364489412645407
2.782559402207126
3.274549162877725
3.8535285937105273
4.534878508128582
5.3366992312063015
6.280291441834247
7.390722033525775
8.697490026177835
10.235310218990248
12.045035402587812
14.174741629268048
16.68100537200059
19.630406500402685
23.10129700083158
27.1858824273294
31.992671377973846
37.64935806792464
44.30621457583877
52.14008287999685
61.35907273413163
72.20809018385457
84.97534359086438
100.0
###
0.15619257639182071
0.13675928407225382
0.11924852365475787
0.10371353300381003
0.0901016743397404
0.07828790459774035
0.07053883056450932
0.06143893960086441
0.053680309627992064
0.0470605329089469
0.43497523088022266
0.35793861115807807
0.29178247165949134
0.2355502951017296
0.18810008734826092
0.148252693075022
0.12257388676373819
0.09315694006703698
0.06828463705857096
0.047069819703535784
0.6041577237724598
0.4851361984437223
0.3850535870161498
0.3017420256413781
0.23286653209758168
0.17616559994979458
0.14037243832388285
0.10012624269051863
0.06693874800179188
0.0394351456686233
0.7338268134080399
0.5803767124732745
0.4531423786942401
0.34866547414309657
0.2634806651105405
0.19437517383947664
0.15135233288045222
0.10370978614027591
0.06521030842708328
0.03408022521794293
0.8415276080777158
0.6583561015903704
0.508014233819467
0.3858100052583646
0.28722422128480446
0.20813780448792304
0.1594346081305001
0.10615037416853
0.06379551776274278
0.030241476534948502
0.9348676553536857
0.725219253488593
0.5545319133054252
0.41691598168764454
0.30683130167858313
0.2193181907607697
0.16590163120890133
0.10804218814086018
0.06267723898127049
0.027354862819878353
1.0178714981540657
0.7842110728624606
0.595221178403002
0.4438704999614253
0.3236469198779849
0.22879550434689086
0.1713326348099141
0.10961338011892525
0.06178558889503468
0.025096480191476152
1.0930332572979105
0.837277932990477
0.63157240098649
0.4677795003304518
0.33843599438620325
0.23705864462653603
0.17603664051337203
0.11097240903556901
0.06106332762781708
0.023273522283188793
1.1619973939133215
0.8857013543874397
0.6645502010149931
0.48932864953951327
0.3516812973359658
0.24440806755407843
0.18020103591503267
0.11218051060964944
0.060468912948958335
0.021765824892517643
1.225910836579898
0.9303659542873015
0.6948259842916414
0.509002178002512
0.36370604239034876
0.251042238892196
0.18394638313902306
0.11327209113965703
0.05997292446080061
0.02049382672637992
1.28561001184772
0.9719153930120321
0.7228510706601164
0.5271403627513092
0.37473877360289004
0.2571000456379442
0.18735726083352527
0.11427319043971479
0.05955388596760318
0.019403353978581755
1.3417481383381775
1.0108320320892985
0.7490197740979121
0.5439955058968962
0.38494772727794496
0.262682368264504
0.19049330919551
0.11519923651584602
0.05919629434095327
0.018455983093913185
1.3947850037308571
1.0474891058050562
0.7735737194540362
0.559760152316136
0.39446023582514644
0.26786502921793076
0.19339941335997693
0.11606308200339217
0.05888822628798649
0.017623500352304946
1.4451351405423452
1.0821818884622392
0.7967395871199888
0.5745850307896223
0.40337540687630874
0.2727066447607446
0.19610987929028795
0.11687413595620764
0.05862090707945156
0.01688502103901697
1.4931128573914045
1.1151484110816499
0.8186902405295717
0.5885904619782245
0.4117718939443996
0.27725339416617384
0.19865173163237543
0.1176392717626691
0.0583875744815179
0.016224420915784032