# data/BKevo/ATAN_BKevo/atan54.dat
# N(r,Y=0), r, *FL(x,Q^2)
# 1e-05 < r < 100.0
# 1 < Q^2 < 50, n=15, lin grid
# 1e-5 < x < 1e-2, n=10, log grid
###
3.66043291056061e-12
5.0554612444903005e-12
7.016839004147735e-12
9.724090116359263e-12
1.34358457508206e-11
1.862997634508165e-11
2.5830592570565013e-11
3.570601875052764e-11
4.945923116139083e-11
6.861010230694225e-11
9.48832520969605e-11
1.312943360498939e-10
1.822256404432454e-10
2.5212093777507523e-10
3.4850377056153366e-10
4.839472496902654e-10
6.698830341009583e-10
9.249773473237438e-10
1.2851477932700045e-09
1.7797509619639265e-09
2.4575749473353185e-09
3.4125105280560423e-09
4.72812721344717e-09
6.531650891596405e-09
9.06066662276849e-09
1.255995778576944e-08
1.735847444022516e-08
2.4055304486221532e-08
3.3362282042496194e-08
4.6128789329286366e-08
6.385948697239994e-08
8.861174130246828e-08
1.2257558103211847e-07
1.6951304209849777e-07
2.3533911247995483e-07
3.25691712826043e-07
4.4992811722273055e-07
6.249763075199225e-07
8.653257616143996e-07
1.194666679769617e-06
1.659581879177556e-06
2.298909127510827e-06
3.1752169869163864e-06
4.406543801350914e-06
6.107051846471052e-06
8.438598223972312e-06
1.1699278439266057e-05
1.6222046136242804e-05
2.2425031019216427e-05
3.1058148706259356e-05
4.308595615722786e-05
5.958688760191406e-05
8.243897347765535e-05
0.00011441981198910676
0.00015830512200831626
0.00021877195055005708
0.0003037723341513362
0.00042042785715268175
0.0005802997149523392
0.0008059998494014156
0.0011156906510189236
0.0015396428255785087
0.0021354441667101897
0.0029548364462647072
0.004074790207897816
0.005636769126346595
0.0077858035350734135
0.010709595453349036
0.014738088130407744
0.02024803580806379
0.027652754933013585
0.037626651544556876
0.05098030490093795
0.06839836341074809
0.09084943306159339
0.11935449367442214
0.15431559402566805
0.19608223716568496
0.2441749431733897
0.2977924537379432
0.35573578617648316
0.4148746603446974
0.4744428456521917
0.5330527731933624
0.587627062710544
0.6384195331181539
0.6854164222670592
0.7270546393212611
0.7639149964684697
0.7969265771043054
0.825581612425205
0.8501857439295646
0.871870628984758
0.8905939122482274
0.9063513675027348
0.9201304665650964
0.9320486322710118
0.9419323651664945
0.9505409981079964
0.9580243756552156
###
1e-05
1.1768119524349992e-05
1.3848863713938717e-05
1.6297508346206434e-05
1.917910261672489e-05
2.2570197196339216e-05
2.656087782946684e-05
3.1257158496882356e-05
3.678379771828634e-05
4.328761281083062e-05
5.0941380148163754e-05
5.994842503189409e-05
7.054802310718646e-05
8.302175681319735e-05
9.770099572992247e-05
0.00011497569953977356
0.00013530477745798074
0.00015922827933410923
0.0001873817422860383
0.00022051307399030456
0.00025950242113997375
0.0003053855508833416
0.00035938136638046257
0.0004229242874389499
0.0004977023564332109
0.0005857020818056661
0.0006892612104349695
0.0008111308307896872
0.0009545484566618337
0.0011233240329780276
0.0013219411484660286
0.0015556761439304723
0.0018307382802953678
0.002154434690031882
0.0025353644939701114
0.0029836472402833374
0.003511191734215131
0.004132012400115334
0.004862601580065354
0.005722367659350214
0.006734150657750821
0.007924828983539169
0.0093260334688322
0.010974987654930556
0.01291549665014884
0.01519911082952933
0.01788649529057435
0.0210490414451202
0.02477076355991709
0.029150530628251757
0.034304692863149154
0.040370172585965536
0.047508101621027934
0.05590810182512223
0.06579332246575675
0.0774263682681127
0.09111627561154886
0.10722672220103231
0.1261856883066021
0.14849682622544635
0.1747528400007683
0.20565123083486514
0.24201282647943834
0.2848035868435799
0.3351602650938841
0.3944206059437656
0.46415888336127725
0.5462277217684337
0.642807311728432
0.7564633275546291
0.8902150854450375
1.0476157527896641
1.232846739442066
1.4508287784959402
1.7073526474706886
2.009233002565046
2.364489412645407
2.782559402207126
3.274549162877725
3.8535285937105273
4.534878508128582
5.3366992312063015
6.280291441834247
7.390722033525775
8.697490026177835
10.235310218990248
12.045035402587812
14.174741629268048
16.68100537200059
19.630406500402685
23.10129700083158
27.1858824273294
31.992671377973846
37.64935806792464
44.30621457583877
52.14008287999685
61.35907273413163
72.20809018385457
84.97534359086438
100.0
###
0.1559686966772655
0.1336367770852707
0.11328551683592468
0.09508562184820758
0.07908685994337444
0.06522575676950446
0.05615802797287002
0.045674430869311756
0.03685364790564442
0.029502202625516602
0.45471007794645557
0.36997148791339973
0.2974489678309511
0.2363709490757503
0.18565372927823043
0.14403959748062423
0.11802378118584397
0.0892702364063485
0.06625618980666546
0.04794497975835131
0.6444173814360522
0.5138228701690712
0.40464399099437365
0.31468586937562537
0.24156464288804377
0.18280119966008068
0.14672409874269018
0.10755203620728691
0.07683299372250343
0.0529169137415694
0.792848939047308
0.6242589291029307
0.48528824011601546
0.37235274143158614
0.28175137744491663
0.20986967386637115
0.16624313258021908
0.11941385770764851
0.08319042529200332
0.05539875219840478
0.9177786519654568
0.7161103902557133
0.5514997817222399
0.4190362374232683
0.3137691443294386
0.23104337485441187
0.18125652844102336
0.1282651104553429
0.08769660533139027
0.05692071248855641
1.0270733833079773
0.7957171004330471
0.6083601816888491
0.4587199785983813
0.3406865938966065
0.24860415878642508
0.19355550184460255
0.13535766775996685
0.0911731559954758
0.0579613070756374
1.1250205123874937
0.8665609136723798
0.6585843202367881
0.49349605070849417
0.3640629555782996
0.2636974986856356
0.2040255111495864
0.14129291837953642
0.09399719587099134
0.058723098040548184
1.2142728609958529
0.930738921298952
0.7038105426034602
0.5246118749225098
0.3848244027065925
0.27698869738121007
0.21317382967393397
0.1464076506827127
0.09636181086647204
0.059308368429292345
1.2965913110882592
0.9896456857142027
0.745109543530802
0.5528680495436169
0.4035634716741293
0.28889928163112033
0.2213186339574717
0.15090882439486866
0.09842084381828974
0.059772638902120485
1.3732253908664454
1.0442534154929215
0.7832260261654218
0.5788233378280283
0.4206856383497708
0.29971511156990505
0.22867355092824376
0.1549332025552475
0.10022101034148885
0.06015154655491466
1.445091674741239
1.0952758934148894
0.8187007485633135
0.6028785886532776
0.43648154140083767
0.3096392625996936
0.23538920018950693
0.15857662416468749
0.10182649016094211
0.06046715376603607
1.5128886181594923
1.1432506222256644
0.8519423425581147
0.6253357050164413
0.45116724617746956
0.3188276401596232
0.2415761233301163
0.16190758412534717
0.10327516541290345
0.06073431993154489
1.577161943212238
1.1885988048853262
0.8832655655975856
0.646426244165358
0.4649111534845404
0.32738231303328275
0.24731775151094876
0.16497796776931892
0.10459495532708869
0.060964191413913585
1.6383476163090795
1.231652051881022
0.9129199707681885
0.6663326545380449
0.47783750162876504
0.3353982290757242
0.25267889161978707
0.16782590058266464
0.10580679194978121
0.06116394251749561
1.6968001861275956
1.2726822314065536
0.9411070234519905
0.6852015885569543
0.4900524380767661
0.3429459616364964
0.25771084367011876
0.1704852607118901
0.10692720715318324
0.06133953740008867