# ../data/BKevo/MV2g_BKevo/mv2g_5.dat
# N(r,Y=0), r, *FL(x,Q^2)
# 1e-05 < r < 100.0
# 1 < Q^2 < 50, n=15, lin grid
# 1e-5 < x < 1e-2, n=10, log grid
###
2.5665744840756453e-09
3.284885264642955e-09
4.211713405220331e-09
5.396030589708975e-09
6.904078573384837e-09
8.844029268796932e-09
1.1327179081402125e-08
1.448776361535979e-08
1.8541096086920544e-08
2.3738029610827013e-08
3.034966845716562e-08
3.880253295084179e-08
4.965771027992758e-08
6.34607420097502e-08
8.105213486500053e-08
1.0367785848051425e-07
1.3243142718514183e-07
1.6895978517115676e-07
2.1601072874432166e-07
2.757670064193001e-07
3.5158138241373776e-07
4.490368454933274e-07
5.729072987457896e-07
7.299533632080568e-07
9.311697027115289e-07
1.187240156899742e-06
1.5116413669338843e-06
1.9259095622222265e-06
2.4537161718810856e-06
3.121806311185181e-06
3.972129081628772e-06
5.056647622888406e-06
6.428198709336968e-06
8.168022922634896e-06
1.0389216804997864e-05
1.319569773935334e-05
1.6743894730850443e-05
2.127805843176135e-05
2.7001726382775548e-05
3.4219669762100454e-05
4.3440169728881446e-05
5.5076237563918826e-05
6.973813996540444e-05
8.840979239449571e-05
0.00011199958487948571
0.00014170496361092986
0.00017942800789738452
0.0002271547888343276
0.00028723758737994734
0.0003633581288305699
0.0004598521188036462
0.0005813625145413418
0.000735050829904267
0.0009304230931262263
0.001176733511949087
0.0014880458978529679
0.0018854480566895101
0.0023876840546923897
0.003022785878643156
0.0038384992561974795
0.004873679183345265
0.006188424725140599
0.00788473336297443
0.010054835181562994
0.012829737546419298
0.016431310594069815
0.02108837710056713
0.027094079302117706
0.034941544324455856
0.04520635277301442
0.05854477290067877
0.07602803467399533
0.09902675569018349
0.12884771679849613
0.16742448072803448
0.2171009100592685
0.2791245377063206
0.35449786761321433
0.4417287855512108
0.5365839739848369
0.6322826543168304
0.7155007701045107
0.7842049177873254
0.8394364615019869
0.8836284197290427
0.9216185795623622
0.9532168836181216
0.9755345758833879
0.9891557411341482
0.9963668943106778
0.999115745700083
0.9998293683511045
0.9999815980967005
0.9999993239653276
0.9999999741231912
0.9999999996232414
0.9999999999998975
0.9999999999999999
1.0
1.0
###
1e-05
1.1768119524349992e-05
1.3848863713938717e-05
1.6297508346206434e-05
1.917910261672489e-05
2.2570197196339216e-05
2.656087782946684e-05
3.1257158496882356e-05
3.678379771828634e-05
4.328761281083062e-05
5.0941380148163754e-05
5.994842503189409e-05
7.054802310718646e-05
8.302175681319735e-05
9.770099572992247e-05
0.00011497569953977356
0.00013530477745798074
0.00015922827933410923
0.0001873817422860383
0.00022051307399030456
0.00025950242113997375
0.0003053855508833416
0.00035938136638046257
0.0004229242874389499
0.0004977023564332109
0.0005857020818056661
0.0006892612104349695
0.0008111308307896872
0.0009545484566618337
0.0011233240329780276
0.0013219411484660286
0.0015556761439304723
0.0018307382802953678
0.002154434690031882
0.0025353644939701114
0.0029836472402833374
0.003511191734215131
0.004132012400115334
0.004862601580065354
0.005722367659350214
0.006734150657750821
0.007924828983539169
0.0093260334688322
0.010974987654930556
0.01291549665014884
0.01519911082952933
0.01788649529057435
0.0210490414451202
0.02477076355991709
0.029150530628251757
0.034304692863149154
0.040370172585965536
0.047508101621027934
0.05590810182512223
0.06579332246575675
0.0774263682681127
0.09111627561154886
0.10722672220103231
0.1261856883066021
0.14849682622544635
0.1747528400007683
0.20565123083486514
0.24201282647943834
0.2848035868435799
0.3351602650938841
0.3944206059437656
0.46415888336127725
0.5462277217684337
0.642807311728432
0.7564633275546291
0.8902150854450375
1.0476157527896641
1.232846739442066
1.4508287784959402
1.7073526474706886
2.009233002565046
2.364489412645407
2.782559402207126
3.274549162877725
3.8535285937105273
4.534878508128582
5.3366992312063015
6.280291441834247
7.390722033525775
8.697490026177835
10.235310218990248
12.045035402587812
14.174741629268048
16.68100537200059
19.630406500402685
23.10129700083158
27.1858824273294
31.992671377973846
37.64935806792464
44.30621457583877
52.14008287999685
61.35907273413163
72.20809018385457
84.97534359086438
100.0
###
0.21425281689744438
0.1891397855064149
0.16510968351233507
0.14272842741292052
0.12235743932036847
0.10416871560376743
0.09197846438836599
0.07760424809829078
0.06519543827937342
0.05458517418156834
0.7007230340899435
0.5870913401463093
0.48536949810993235
0.39634130657558925
0.31993920197586867
0.25533267280229555
0.21394691003112212
0.167109140456121
0.12855494707520757
0.0969100105712374
1.0401553985758079
0.8536042919503671
0.6908675728208156
0.5518725177676306
0.4353147414048388
0.33892547241140253
0.27833279479320844
0.21102787184503288
0.15678516301864037
0.11331169544286313
1.3178073137864346
1.0675997448032415
0.8527702718009132
0.672096048955707
0.5226700536810731
0.40084151056403383
0.325187433136748
0.24213987699254744
0.17617556778463808
0.1240885424408426
1.5584649897804432
1.2508670038888876
0.989772160725633
0.7725271477273354
0.5947759510835211
0.4512768463556628
0.36295502917527217
0.2668499641793222
0.19132549699402074
0.13237890910784425
1.773655597804657
1.4133140162459084
1.1101550123592454
0.8600673193992392
0.657024596017125
0.4944206083009832
0.3950205247454302
0.2876237861628759
0.20393661357317036
0.1392234830263938
1.9698968957630585
1.5604469331712274
1.2184608223973932
0.9382536612934831
0.7122653888868753
0.5324252410414985
0.42311721632664917
0.3056997783273924
0.21483699465854514
0.14511563530028904
2.1513114773176567
1.6957054572640025
1.3174796188343516
1.0093435281678935
0.7622091275626413
0.5666141067462186
0.44828152266094434
0.32179425420781516
0.22449620411799953
0.15032582304946654
2.320707602404012
1.8214100993717188
1.4090686379246908
1.0748086045413736
0.8079923053480327
0.5977944808412123
0.4711600967030904
0.3363625309225799
0.2332071170828224
0.15502147574958447
2.48010272238313
1.93921435203052
1.4945680823102288
1.1356763590606478
0.8503875001504805
0.6265577950496983
0.49220335979217555
0.3497136898743009
0.24116777969158282
0.15931219584139453
2.631004761124155
2.0503104535676697
1.57494595960909
1.1927017267221864
0.8899611894789957
0.6533220940512656
0.5117388375513219
0.3620667078472551
0.24851714156345667
0.16327438704329525
2.7745766160540897
2.1557095183877313
1.650943754646619
1.2464568307603534
0.9271625343977898
0.678400540401351
0.5300002352034865
0.37358630149198024
0.2553574652942848
0.16696401819546883
2.911737284106733
2.256117811892293
1.7231663183944619
1.2973870264329306
0.9623131154057426
0.7020343558202691
0.547184448484878
0.3843962073834547
0.26176641883851015
0.1704234715919272
3.0432293727741566
2.3521894049624352
1.792036194262521
1.3458469816997314
0.9956777813830756
0.7244139175689803
0.5634214858365307
0.3945963921101841
0.26780412803802706
0.17368499446049132
3.169661756548213
2.4442951558478874
1.857951588175744
1.3921243411642414
1.0274695919924237
0.7456924098754155
0.5788357408566777
0.40426148659031097
0.2735188568085445
0.1767732582090129