# data/BKevo/ATAN_BKevo/atan83.dat
# N(r,Y=0), r, *FL(x,Q^2)
# 1e-05 < r < 100.0
# 1 < Q^2 < 50, n=15, lin grid
# 1e-5 < x < 1e-2, n=10, log grid
###
0.0005029486118820915
0.0005547418281637004
0.0006115126988694289
0.0006741994535844045
0.0007435856509966898
0.0008197832545525486
0.0009037681539288616
0.000996723989296905
0.0010989969699072195
0.0012115170545782292
0.001336049811087558
0.0014733225663868322
0.0016240743041974423
0.0017909119007799232
0.0019751636505094656
0.002177138849523307
0.0024006543452251613
0.0026479649374415437
0.0029185708055390735
0.0032180211000612255
0.0035494980418989087
0.0039125348429993176
0.004313720366474241
0.00475779100312495
0.005245055445547269
0.005782543930799985
0.006377457858914759
0.007031465184820548
0.007751571249266916
0.00854857349597306
0.009426391110485021
0.010391168516433437
0.011458915188278863
0.012637144060132053
0.013929734714188761
0.01536020885720614
0.016941669839658505
0.018673470080564858
0.02058990662470275
0.022711351822199605
0.02503287358103631
0.027600372600720752
0.030442377177540295
0.03355824502690952
0.03699797409933679
0.040805245917531485
0.044987198393095965
0.0495953577285611
0.05469555730796457
0.06030805881029112
0.06648106306075093
0.07331251017589155
0.08084377181168317
0.08911117406149986
0.09825873915706006
0.10836053397974842
0.11942623712902861
0.13166505915996654
0.1451997531966707
0.15998697329185116
0.17632563950457367
0.1943752318685265
0.2140828913862189
0.2357682368982881
0.25964440420269647
0.2856307834890218
0.31398186522019655
0.34493500919172204
0.37827737422511104
0.4139853330240516
0.4522034487828785
0.4923642420161968
0.5337478230732338
0.5763128063091191
0.6190560227351514
0.6603369836199956
0.7003739997075558
0.7383461748604311
0.7723402817407321
0.8034977468110519
0.8316664284883981
0.8556076266862142
0.8767114703032421
0.8952526017994358
0.9107582952862505
0.9240831323831524
0.9356554227400523
0.9453332777547769
0.9535234740193131
0.960611488520348
0.9665784826845457
0.9715732715901136
0.9758935098561703
0.9795622447566239
0.9826048136772401
0.9852373652631823
0.9874933702824056
0.9893480882269665
0.9909536730493097
0.992342016844416
###
1e-05
1.1768119524349992e-05
1.3848863713938717e-05
1.6297508346206434e-05
1.917910261672489e-05
2.2570197196339216e-05
2.656087782946684e-05
3.1257158496882356e-05
3.678379771828634e-05
4.328761281083062e-05
5.0941380148163754e-05
5.994842503189409e-05
7.054802310718646e-05
8.302175681319735e-05
9.770099572992247e-05
0.00011497569953977356
0.00013530477745798074
0.00015922827933410923
0.0001873817422860383
0.00022051307399030456
0.00025950242113997375
0.0003053855508833416
0.00035938136638046257
0.0004229242874389499
0.0004977023564332109
0.0005857020818056661
0.0006892612104349695
0.0008111308307896872
0.0009545484566618337
0.0011233240329780276
0.0013219411484660286
0.0015556761439304723
0.0018307382802953678
0.002154434690031882
0.0025353644939701114
0.0029836472402833374
0.003511191734215131
0.004132012400115334
0.004862601580065354
0.005722367659350214
0.006734150657750821
0.007924828983539169
0.0093260334688322
0.010974987654930556
0.01291549665014884
0.01519911082952933
0.01788649529057435
0.0210490414451202
0.02477076355991709
0.029150530628251757
0.034304692863149154
0.040370172585965536
0.047508101621027934
0.05590810182512223
0.06579332246575675
0.0774263682681127
0.09111627561154886
0.10722672220103231
0.1261856883066021
0.14849682622544635
0.1747528400007683
0.20565123083486514
0.24201282647943834
0.2848035868435799
0.3351602650938841
0.3944206059437656
0.46415888336127725
0.5462277217684337
0.642807311728432
0.7564633275546291
0.8902150854450375
1.0476157527896641
1.232846739442066
1.4508287784959402
1.7073526474706886
2.009233002565046
2.364489412645407
2.782559402207126
3.274549162877725
3.8535285937105273
4.534878508128582
5.3366992312063015
6.280291441834247
7.390722033525775
8.697490026177835
10.235310218990248
12.045035402587812
14.174741629268048
16.68100537200059
19.630406500402685
23.10129700083158
27.1858824273294
31.992671377973846
37.64935806792464
44.30621457583877
52.14008287999685
61.35907273413163
72.20809018385457
84.97534359086438
100.0
###
0.39501767696508866
0.3938313428821566
0.39088085203190104
0.3843140045756762
0.37110702266454715
0.3482109632496422
0.32373486243462274
0.28272741996906076
0.23630791240626772
0.19015550272444334
1.919992218337028
1.906378926644512
1.8757846504294222
1.8139332755362063
1.703578560841993
1.534538127522984
1.3721819928610974
1.128047541433584
0.881908615549194
0.6621324738899106
3.4430186447194067
3.409550744924549
3.337315038707096
3.197958255120673
2.961509905955929
2.61688990428612
2.3003222551900726
1.843628536535813
1.4030832484881952
1.0249407247161575
4.961704993451008
4.903193243246635
4.780355224068747
4.550466575914281
4.172708341576419
3.640068156726988
3.164124816471195
2.4952905940101844
1.8674302429098415
1.3412683678766608
6.476419476406528
6.3887644422045975
6.208515105163288
5.87871884146404
5.349684972678945
4.621544147847882
3.984079396576625
3.105059901439826
2.2958348232594283
1.6291988250499438
7.987615827242987
7.867320119404079
7.624099632565947
7.187084684075595
6.499384240445274
5.570829863706306
4.770705525213563
3.6838771622640545
2.698511939697614
1.8972275352302386
9.495654025460292
9.339613584733357
9.028716890617497
8.478516515574333
7.6265170671764455
6.493910023947968
5.530969540154609
4.238593722235072
3.0814686855234714
2.150170152385877
11.000640004349554
10.806226895651545
10.423569166057385
9.755100785383643
8.734054732286575
7.394910964981146
6.269134717215393
4.7735178977689925
3.448306621647849
2.3911397912814705
12.502843712271154
12.267622594240459
11.80965324335507
11.018474279219301
9.824506266254678
8.276852314942046
6.9884588148224545
5.291769344446382
3.8018250497985937
2.62223608061164
14.002435477297528
13.724179217494628
13.187484105289583
12.270328416894264
10.899737105686533
9.142040571191902
7.69137684374788
5.795668097363498
4.143993507473277
2.844997810108552
15.49942775149873
15.176213289074115
14.557916369127367
13.510934516800958
11.961239849165048
9.992294936609378
8.379781912367363
6.287002450255082
4.476313219237518
3.0605840684030543
16.994263226801213
16.623994490600793
15.921385528320823
14.741508913329003
13.010237361420215
10.82908705391262
9.05521648893615
6.767190459144546
4.7999627812880385
3.2698966970450654
18.48680050394704
18.06775583024446
17.278314928444487
15.962193697082968
14.044713315025112
11.653631620993421
9.718898496391706
7.237381211240756
5.115889506442158
3.4736548514479444
19.97720065044524
19.507530693256815
18.629145267630335
17.17472789067723
15.074644998711912
12.466948180276582
10.37189787482799
7.698524511760628
5.424626354376354
3.672443777869951
21.465549826189918
20.944011033947145
19.974155041651315
18.37912433219197
16.091664626918806
13.26990447119233
11.01508101509645
8.151416949692296
5.727293451198565
3.8667479267589875