# ../data/BKevo/MV2g_BKevo/mv2g_2.dat
# N(r,Y=0), r, *FL(x,Q^2)
# 1e-05 < r < 100.0
# 1 < Q^2 < 50, n=15, lin grid
# 1e-5 < x < 1e-2, n=10, log grid
###
6.434550774054543e-05
7.239401929646925e-05
8.139499598447297e-05
9.151233934503107e-05
0.00010290232467368079
0.00011564882245873999
0.00012994818188490708
0.0001460353452758791
0.00016405020971983433
0.00018421807122169463
0.00020689065085849326
0.00023229596841586365
0.0002606754168640933
0.0002925533886805725
0.00032829488074528863
0.0003681277230423644
0.0004128306105787186
0.00046297926908396044
0.0005187293616232792
0.0005812325955775581
0.0006513047532622237
0.0007291658126791362
0.000816268904302169
0.0009138060625660282
0.0010222032383605283
0.0011431349823463868
0.0012783743192390693
0.0014286811260213548
0.0015958656880166926
0.0017825483015643958
0.0019900170897573623
0.0022200169408850058
0.0024763956740644017
0.002761260589688798
0.003075893005003549
0.0034259073912638743
0.003814660329537244
0.004242247502431845
0.004716809216191383
0.0052432730665287015
0.005820234424974956
0.006458500848534941
0.007164567703565055
0.007937175083089257
0.008787615720440203
0.00972532164723428
0.01074952320513359
0.011870575136342734
0.013102125888314659
0.01444458266818851
0.015904975171377036
0.017503129720494382
0.0192420429086632
0.02112207517902277
0.023172483017005308
0.025401852771063934
0.027800621187365693
0.03041338464135654
0.0332608099134657
0.03632442343452104
0.03967581547225102
0.0433553544494389
0.047372978781202287
0.05183220400229481
0.05683206804753303
0.062473687077293866
0.06895116539488917
0.07650677781278438
0.08547208019602925
0.09630771178710323
0.10958121541367079
0.12613446917579543
0.1470873943612585
0.1735862600704993
0.20722992535986304
0.24992077148684602
0.30267038971603666
0.3660797790874546
0.43818483959990684
0.5146764161151693
0.5887189742723857
0.6475719940970182
0.6900734273470379
0.718706956643941
0.7391752875815153
0.7585557430443739
0.7787628758154815
0.7996176586625989
0.8209786732137867
0.8427689191018742
0.8643386646454875
0.885191731701843
0.9053053117252243
0.9240197204702952
0.9406023780331463
0.9553322060244944
0.9678707187149534
0.9776184616819208
0.9852952014281945
0.9910437661432259
###
1e-05
1.1768119524349992e-05
1.3848863713938717e-05
1.6297508346206434e-05
1.917910261672489e-05
2.2570197196339216e-05
2.656087782946684e-05
3.1257158496882356e-05
3.678379771828634e-05
4.328761281083062e-05
5.0941380148163754e-05
5.994842503189409e-05
7.054802310718646e-05
8.302175681319735e-05
9.770099572992247e-05
0.00011497569953977356
0.00013530477745798074
0.00015922827933410923
0.0001873817422860383
0.00022051307399030456
0.00025950242113997375
0.0003053855508833416
0.00035938136638046257
0.0004229242874389499
0.0004977023564332109
0.0005857020818056661
0.0006892612104349695
0.0008111308307896872
0.0009545484566618337
0.0011233240329780276
0.0013219411484660286
0.0015556761439304723
0.0018307382802953678
0.002154434690031882
0.0025353644939701114
0.0029836472402833374
0.003511191734215131
0.004132012400115334
0.004862601580065354
0.005722367659350214
0.006734150657750821
0.007924828983539169
0.0093260334688322
0.010974987654930556
0.01291549665014884
0.01519911082952933
0.01788649529057435
0.0210490414451202
0.02477076355991709
0.029150530628251757
0.034304692863149154
0.040370172585965536
0.047508101621027934
0.05590810182512223
0.06579332246575675
0.0774263682681127
0.09111627561154886
0.10722672220103231
0.1261856883066021
0.14849682622544635
0.1747528400007683
0.20565123083486514
0.24201282647943834
0.2848035868435799
0.3351602650938841
0.3944206059437656
0.46415888336127725
0.5462277217684337
0.642807311728432
0.7564633275546291
0.8902150854450375
1.0476157527896641
1.232846739442066
1.4508287784959402
1.7073526474706886
2.009233002565046
2.364489412645407
2.782559402207126
3.274549162877725
3.8535285937105273
4.534878508128582
5.3366992312063015
6.280291441834247
7.390722033525775
8.697490026177835
10.235310218990248
12.045035402587812
14.174741629268048
16.68100537200059
19.630406500402685
23.10129700083158
27.1858824273294
31.992671377973846
37.64935806792464
44.30621457583877
52.14008287999685
61.35907273413163
72.20809018385457
84.97534359086438
100.0
###
0.3808715302482902
0.3660825558398501
0.34136119957521677
0.305231823674372
0.25949022722076004
0.20926620301104118
0.17259579182880963
0.12917573366673135
0.09438781363618617
0.06831094450645622
1.7830034415255454
1.6650214089745503
1.4912032452666086
1.2670229693831707
1.014927247070351
0.7660946491411156
0.5986621452841113
0.41359071687601995
0.2749700307385474
0.17693685962838332
3.1290994823469527
2.8807639214038723
2.5334076391466676
2.107197166194965
1.6501770803274587
1.2171044013596457
0.9345797027132942
0.6301917231481938
0.40782796075105654
0.25399034569894
4.437560828893623
4.045467595533426
3.5149650329365945
2.8846079572373275
2.227564313708907
1.6208105877400532
1.2323682723734546
0.820297892533942
0.5237461529875044
0.3212438755123474
5.717348458878777
5.173090187334597
4.454043162406632
3.6192424633188853
2.767221890930209
1.9946321819514776
1.5065955271101856
0.9944867025843954
0.6297617677076197
0.3829398561010616
6.973773858127573
6.271042720166757
5.360091750658806
4.321827377000035
3.279171880113789
2.3469370306807567
1.7640750039520166
1.157526484551667
0.7288660922228919
0.44083223189961834
8.210371069638441
7.344268759069665
6.239524871556979
4.998864254522878
3.7693904472605055
2.6826025641424
2.008718336021009
1.312103075269916
0.8229398910011487
0.4958634408672059
9.429707493136394
8.396877421184127
7.096431719122251
5.654649406347017
4.241830377962227
3.004802036796459
2.24304254793017
1.4599217261830308
0.9128468712443062
0.5486144691680317
10.633737266671966
9.430920618062652
7.934351940661964
6.2924511999832555
4.699290939134791
3.315687310795005
2.468797847541452
1.6021507892885092
0.999369931683043
0.5994873934508178
11.823750752410644
10.448367094910985
8.755156992944759
6.916823236628898
5.143827665393438
3.617088575605489
2.6872485696604884
1.7396361348451541
1.0830282829995879
0.6487632611896924
13.00132648017778
11.451328695683042
9.560651062372683
7.5227629771462174
5.577070575062433
3.910053371896463
2.8993685038574033
1.873050739476954
1.1642125551996017
0.696656315755682
14.167348295733298
12.440909372053476
10.35247618479955
8.118760527226238
6.000347949433268
4.195629212020377
3.1059165614933386
2.002812578646666
1.2432265055343155
0.7433329672933884
15.32267836311809
13.418218035762804
11.131613154686953
8.70339697649395
6.414586775262945
4.4746061293836235
3.3075017649884924
2.1294202972670084
1.3203125383588097
0.7889258245268457
16.468054143575408
14.384193849496654
11.89957638918138
9.27797789107958
6.8206802577765115
4.7476333091330485
3.504622631370482
2.2532114292315066
1.3956680177103233
0.833542367953927
17.604114169216384
15.339642675432575
12.657027450815985
9.843242885707525
7.219008402121358
5.015252735064421
3.6976942069200835
2.3743567862850363
1.4694536572586798
0.8772704095778796