# data/BKevo/ATAN_BKevo/atan64.dat
# N(r,Y=0), r, *FL(x,Q^2)
# 1e-05 < r < 100.0
# 1 < Q^2 < 50, n=15, lin grid
# 1e-5 < x < 1e-2, n=10, log grid
###
0.005783479472458484
0.006174689892543465
0.006588540629997777
0.007031206939212801
0.007506384723181018
0.008010480599928158
0.008548195216279229
0.009125367971786638
0.00973938987744617
0.010392567370452034
0.011093634332056202
0.011841555606760687
0.012634996501584886
0.013486560250362746
0.014397582961724059
0.01536141631540471
0.01639579322470125
0.01750548868441137
0.018676317288444426
0.01993276511252176
0.02128160673891168
0.02270675496794152
0.02423296424900102
0.02587130764292545
0.0276072242958684
0.029461130296587236
0.03145112939502306
0.033565587090102676
0.035817571137518246
0.0382347277162804
0.040810280198882755
0.04354584408924069
0.04648187491685833
0.04961908080262817
0.052942095744710815
0.056508415343083776
0.06032976437458546
0.06436641725082295
0.06869836747717709
0.07334898621436978
0.07825664542211086
0.08351862882287751
0.08916735381931133
0.09514512170452044
0.10153682132995016
0.10839785987603003
0.11567899487527436
0.1234428766271082
0.13177627134270306
0.14064466136403342
0.15007491339567744
0.16019601736848438
0.17099668324227982
0.18244950985078418
0.1947396695320445
0.2078903681313463
0.22179466733733957
0.23671153031218606
0.2527130809359535
0.2695775421947859
0.2876590172874913
0.30704683683650497
0.3274988704114328
0.34934090035182497
0.3727136297023068
0.3973640657487951
0.42351165547967634
0.45134824199086765
0.48056994698863265
0.5111625133335963
0.5433245896346168
0.5766037973637419
0.6105120163084484
0.645195831404207
0.6799791675339086
0.7136851723105487
0.7465764061563693
0.7780230596744054
0.8064576981557874
0.832723956638194
0.8566282906223044
0.8770590688311152
0.8951201233336206
0.9110097178507742
0.9242988682701924
0.9357080519893832
0.9456016693681716
0.9538583383089763
0.960830389486815
0.9668516087631813
0.9719093532415949
0.9761340971876503
0.9797818914915223
0.9828743448582979
0.9854348288477629
0.9876474885527077
0.989541473344276
0.9910967984281015
0.9924420843990011
0.993604484279536
###
1e-05
1.1768119524349992e-05
1.3848863713938717e-05
1.6297508346206434e-05
1.917910261672489e-05
2.2570197196339216e-05
2.656087782946684e-05
3.1257158496882356e-05
3.678379771828634e-05
4.328761281083062e-05
5.0941380148163754e-05
5.994842503189409e-05
7.054802310718646e-05
8.302175681319735e-05
9.770099572992247e-05
0.00011497569953977356
0.00013530477745798074
0.00015922827933410923
0.0001873817422860383
0.00022051307399030456
0.00025950242113997375
0.0003053855508833416
0.00035938136638046257
0.0004229242874389499
0.0004977023564332109
0.0005857020818056661
0.0006892612104349695
0.0008111308307896872
0.0009545484566618337
0.0011233240329780276
0.0013219411484660286
0.0015556761439304723
0.0018307382802953678
0.002154434690031882
0.0025353644939701114
0.0029836472402833374
0.003511191734215131
0.004132012400115334
0.004862601580065354
0.005722367659350214
0.006734150657750821
0.007924828983539169
0.0093260334688322
0.010974987654930556
0.01291549665014884
0.01519911082952933
0.01788649529057435
0.0210490414451202
0.02477076355991709
0.029150530628251757
0.034304692863149154
0.040370172585965536
0.047508101621027934
0.05590810182512223
0.06579332246575675
0.0774263682681127
0.09111627561154886
0.10722672220103231
0.1261856883066021
0.14849682622544635
0.1747528400007683
0.20565123083486514
0.24201282647943834
0.2848035868435799
0.3351602650938841
0.3944206059437656
0.46415888336127725
0.5462277217684337
0.642807311728432
0.7564633275546291
0.8902150854450375
1.0476157527896641
1.232846739442066
1.4508287784959402
1.7073526474706886
2.009233002565046
2.364489412645407
2.782559402207126
3.274549162877725
3.8535285937105273
4.534878508128582
5.3366992312063015
6.280291441834247
7.390722033525775
8.697490026177835
10.235310218990248
12.045035402587812
14.174741629268048
16.68100537200059
19.630406500402685
23.10129700083158
27.1858824273294
31.992671377973846
37.64935806792464
44.30621457583877
52.14008287999685
61.35907273413163
72.20809018385457
84.97534359086438
100.0
###
0.3957289836417541
0.3957038692034208
0.39560240218228193
0.3951927223806537
0.3934960187276735
0.3874076035127168
0.37576427410598134
0.3431297900092876
0.28825843094157116
0.22179456561708008
1.9292228989829738
1.9288911434477676
1.9276662045362956
1.9228711677107257
1.905477146468008
1.850792967530608
1.758361972459586
1.531392516088143
1.2008209759838289
0.8488253218829229
3.467004094936497
3.4661069832118296
3.4629308431968266
3.4510068687160746
3.409930153751088
3.288256232142366
3.0922883587495815
2.636889250963777
2.0099498944447043
1.3745411216726682
5.005202612576916
5.003555777052754
4.9977729426809985
4.976740611303312
4.906674114946695
4.70627485787793
4.39543976446118
3.6963365851813528
2.7672511434423015
1.8542919153453994
6.543481841410213
6.540997824282491
6.531976036583594
6.500217642147135
6.397529865061184
6.110988749293619
5.675802530194951
4.723655597736789
3.490334317955301
2.30499393660175
8.081741132796001
8.078216267832444
8.065531810909734
8.022049905999218
7.882667163144391
7.50267433383623
6.9380794836113555
5.726293638286831
4.188252270675189
2.734762740685094
9.61995766301069
9.614970709442062
9.598465687248277
9.541765943955687
9.363028120116757
8.884406959576205
8.185190180539424
6.708842256116341
4.865744719836801
3.148336384704127
11.158123821331285
11.151743918542428
11.130808037834678
11.059102545947807
10.839101836683259
10.257387786267582
9.419232876708952
7.674455637498486
5.5265783151264065
3.5487956823745335
12.696311157022436
12.688321321243988
12.6628896291259
12.57538392472765
12.309854340416432
11.622375635388096
10.64177908823111
8.625486979904212
6.173464186114759
3.9382928461097477
14.234382737547902
14.22470786367806
14.194198490459216
14.090178706358525
13.778160417444738
12.980126049544193
11.854036317878888
9.563672920671598
6.807960006763739
4.318410217488483
15.772393949424696
15.760908242444936
15.725001389524833
15.603572627915899
15.243107196813424
14.33269991673845
13.056982678236368
10.490395555852622
7.431673180043896
4.690357113778639
17.310344314597124
17.296926889308402
17.25531608352078
17.115601574915996
16.704911615977696
15.677900265816382
14.251418466979704
11.40677108951407
8.045754482691137
5.055084049844207
18.84823447457584
18.832766930675728
18.785162427556806
18.626396062005583
18.163759521253574
17.017426183889224
15.438011213627826
12.313720222575148
8.651156541210618
5.4133082832272965
20.386060202592756
20.368430058318573
20.3145571380996
20.135983554298072
19.619812352108326
18.347969597178487
16.617328197891513
13.212013402044198
9.24866407930661
5.765763972421296
21.923821180345264
21.903915644613836
21.843499017574672
21.644414475456614
21.073211856431108
19.676860413090427
17.789857431492702
14.102307695136641
9.83893794316742
6.112921503708325