# ../data/BKevo/MV2g_BKevo/mv2g_44.dat
# N(r,Y=0), r, *FL(x,Q^2)
# 1e-05 < r < 100.0
# 1 < Q^2 < 50, n=15, lin grid
# 1e-5 < x < 1e-2, n=10, log grid
###
8.490265733781095e-05
9.552227016430393e-05
0.00010739854290840323
0.00012074771714783726
0.00013577596231917983
0.00015259388763312018
0.00017146051741514083
0.00019268578823246048
0.00021645418406161682
0.00024306285672663757
0.00027297576700963816
0.00030649357849419864
0.00034393454055214683
0.0003859903291993656
0.00043314216604427416
0.0004856901084971636
0.0005446611485598812
0.0006108142255108754
0.0006843535653632005
0.0007667979055666481
0.0008592222631403592
0.0009619146564109617
0.0010767905568308293
0.0012054201767151228
0.001348361396713205
0.00150781974125926
0.0016861296898711018
0.0018842862235123794
0.0021046696587424772
0.002350728082659087
0.002624147076682108
0.0029272119278722863
0.0032649823194611993
0.003640212997073458
0.004054559864274675
0.004515398506261839
0.0050271104616996945
0.005589751005357635
0.006213999669141053
0.006906269106767778
0.007664563147489846
0.008503020287980235
0.009430035079429496
0.010443667436339045
0.011558550312576263
0.012786775456606721
0.014126764859451326
0.015591568483071134
0.017198449543428543
0.018946748505051153
0.020844258411567285
0.022915481956330284
0.02516170182013072
0.027579608637825683
0.030203949009124566
0.03303988462118495
0.03606476441864614
0.039328250585745926
0.042843259023716176
0.04655869068235333
0.050547540576497456
0.054828723442752005
0.05935408017408836
0.06420883737034619
0.06945274229008999
0.07510696711292283
0.08134148871659382
0.08840084536409289
0.09668598286174351
0.106957204222441
0.1203913532266489
0.13929257129403158
0.16769096108983528
0.21051835020783216
0.275410910638356
0.3697465390870481
0.4866043611892817
0.6016495091733639
0.6699239771538192
0.6997606582887577
0.7166152712558199
0.732941428723793
0.7504321601786942
0.7690843304722249
0.7884787613364818
0.8086448381939437
0.8294843565272737
0.850351709238181
0.8710040566267727
0.8913192536447565
0.9105441638553807
0.9281827466518545
0.9443032511112492
0.9583617052503202
0.9698667996769057
0.979305770159496
0.9866254367885015
0.9916702566338437
0.9952071754626295
0.9975226078168715
###
1e-05
1.1768119524349992e-05
1.3848863713938717e-05
1.6297508346206434e-05
1.917910261672489e-05
2.2570197196339216e-05
2.656087782946684e-05
3.1257158496882356e-05
3.678379771828634e-05
4.328761281083062e-05
5.0941380148163754e-05
5.994842503189409e-05
7.054802310718646e-05
8.302175681319735e-05
9.770099572992247e-05
0.00011497569953977356
0.00013530477745798074
0.00015922827933410923
0.0001873817422860383
0.00022051307399030456
0.00025950242113997375
0.0003053855508833416
0.00035938136638046257
0.0004229242874389499
0.0004977023564332109
0.0005857020818056661
0.0006892612104349695
0.0008111308307896872
0.0009545484566618337
0.0011233240329780276
0.0013219411484660286
0.0015556761439304723
0.0018307382802953678
0.002154434690031882
0.0025353644939701114
0.0029836472402833374
0.003511191734215131
0.004132012400115334
0.004862601580065354
0.005722367659350214
0.006734150657750821
0.007924828983539169
0.0093260334688322
0.010974987654930556
0.01291549665014884
0.01519911082952933
0.01788649529057435
0.0210490414451202
0.02477076355991709
0.029150530628251757
0.034304692863149154
0.040370172585965536
0.047508101621027934
0.05590810182512223
0.06579332246575675
0.0774263682681127
0.09111627561154886
0.10722672220103231
0.1261856883066021
0.14849682622544635
0.1747528400007683
0.20565123083486514
0.24201282647943834
0.2848035868435799
0.3351602650938841
0.3944206059437656
0.46415888336127725
0.5462277217684337
0.642807311728432
0.7564633275546291
0.8902150854450375
1.0476157527896641
1.232846739442066
1.4508287784959402
1.7073526474706886
2.009233002565046
2.364489412645407
2.782559402207126
3.274549162877725
3.8535285937105273
4.534878508128582
5.3366992312063015
6.280291441834247
7.390722033525775
8.697490026177835
10.235310218990248
12.045035402587812
14.174741629268048
16.68100537200059
19.630406500402685
23.10129700083158
27.1858824273294
31.992671377973846
37.64935806792464
44.30621457583877
52.14008287999685
61.35907273413163
72.20809018385457
84.97534359086438
100.0
###
0.386071832359392
0.3754322197957236
0.35633855323268027
0.32622391628462766
0.28519112956515
0.23714221529941484
0.20040314995472203
0.1555243405930764
0.11863404044389769
0.09075364962988414
1.8291280573521456
1.738278216754952
1.5939296609791334
1.3924401746807877
1.1479517336365632
0.8900318137269324
0.7075461104718722
0.4986630250314648
0.3366799762975882
0.21945482672761996
3.230699119715616
3.034097805315818
2.737456796646072
2.343967064999914
1.8889324020951286
1.4287486470707378
1.113733082689503
0.7622841564305304
0.4964802945158911
0.30812408077337555
4.602691245229317
4.286654776354952
3.8256257096031305
3.233664865295974
2.569622432259185
1.9158917990334383
1.4773773438204185
0.996117630626783
0.6379272332628326
0.3876758391112078
5.9516230439623286
5.50718858913225
4.874098107534944
4.080865791044656
3.2103870657875206
2.370001420592683
1.8145059988063723
1.2120108648176189
0.768787396898742
0.4622844444795483
7.281441987340255
6.701610076536652
5.891473074118322
4.895503331133758
3.821337884072014
2.8000839628122463
2.1326259346579124
1.4152625804813357
0.8922531767686497
0.5334389664672261
8.594848076273475
7.8742954900791835
6.883165559738658
5.6839922923135
4.4088560624175575
3.2114297055485235
2.436055297848957
1.608823811804277
1.0100455131321329
0.6018580288011601
9.89383138294061
9.028009916288035
7.853725004998101
6.450530123873307
4.976955956038101
3.6070499718945332
2.7276090769319454
1.7945758189454537
1.1232568651946522
0.6680021759493677
11.17988741457826
10.165067117896815
8.80502563700729
7.19837441923317
5.528606450801093
3.990764260768982
3.0092027843506375
1.9738135121307447
1.2326336072022475
0.7322086010387907
12.45421597869642
11.287206567827356
9.739706621794952
7.929802995594715
6.066009977520962
4.362986599838287
3.282284210607811
2.147496115808664
1.338724855657284
0.7947119101333547
13.717796397615471
12.395829241474596
10.659327658534455
8.64666200334744
6.590872810241667
4.7255634229256405
3.547944799891742
2.3163440304127683
1.4419486447009384
0.8557062348035307
14.971445319145003
13.492202167474183
11.56530469224226
9.350437044532868
7.104553429419172
5.07959444728777
3.807047680587036
2.4809252994282005
1.542634205400602
0.9153498543919796
16.2158553159485
14.577067420619416
12.458966525715478
10.042764698862918
7.6081564128879995
5.4259663382787675
4.060288324938647
2.641696693779762
1.64104712984202
0.9737686803961484
17.451622195501137
15.651362624525783
13.341217224397516
10.723757531463168
8.102507259825797
5.765288348942353
4.3081984524141514
2.7990328969602825
1.737406130605946
1.031069807780055
18.67926455174068
16.715799275649836
14.212899314113239
11.394872538871322
8.589086031695397
6.098403567558951
4.550190277599967
2.9532465367920393
1.8318941940073237
1.0873447642366687