# data/BKevo/ATAN_BKevo/atan43.dat
# N(r,Y=0), r, *FL(x,Q^2)
# 1e-05 < r < 100.0
# 1 < Q^2 < 50, n=15, lin grid
# 1e-5 < x < 1e-2, n=10, log grid
###
5.292366614290376e-10
6.858213133495419e-10
8.908388592024566e-10
1.1563209105676863e-09
1.4987595748454758e-09
1.945854593051004e-09
2.52633969363174e-09
3.275209519683892e-09
4.250156524719025e-09
5.519373931925645e-09
7.157018649804776e-09
9.282875854874293e-09
1.2057919786452345e-08
1.5639071722425925e-08
2.0274166094528933e-08
2.63414242487447e-08
3.41723911351953e-08
4.42778021539545e-08
5.7542694171024663e-08
7.46663893722975e-08
9.67489468512066e-08
1.2569702204814386e-07
1.631398745488564e-07
2.1143322331324128e-07
2.7456389085554464e-07
3.5643479278924607e-07
4.620472755851698e-07
5.997154796365878e-07
7.787263065684986e-07
1.0096843220473556e-06
1.3098762457232675e-06
1.7012736606739427e-06
2.2063308321940006e-06
2.860870448224491e-06
3.7166174010060394e-06
4.82104584152405e-06
6.2481112178027305e-06
8.119057296241027e-06
1.053409477171833e-05
1.364829666490591e-05
1.773564764601182e-05
2.3016437226730418e-05
2.9827071189080473e-05
3.874106417725313e-05
5.02878541231557e-05
6.518200787753897e-05
8.462091804505094e-05
0.00010986780720870663
0.0001424385256539712
0.00018482571120534264
0.00024002460256520786
0.00031124604605657614
0.00040366150983734854
0.0005243335773196218
0.0006800506605378477
0.0008814980805831478
0.0011452398343803328
0.0014855888180219353
0.0019245037655690775
0.002500596496742569
0.003243897144472503
0.004201795760201742
0.00545559406574534
0.007075527521429272
0.00916102624478355
0.01187809948659017
0.015389239496698369
0.019896193134785023
0.02572420268745315
0.03322647921071507
0.04278100873967035
0.05496071704678833
0.07042093813624531
0.08972727749544876
0.11363249069198685
0.1428846188486418
0.17786527940120808
0.21887296513903357
0.26545758158996285
0.317120110843429
0.37289142646486323
0.42995476652531733
0.48764570782831146
0.5446302364557898
0.5978941596754935
0.6475887253982249
0.6936323845794898
0.7344450711934445
0.7705607506697949
0.8028765637670331
0.8308899689347308
0.8549049037691305
0.8760384790767836
0.8942565438404221
0.9095635499474795
0.9229307751217317
0.9344778350618389
0.9440412980395648
0.9523627665060009
0.9595900371598588
###
1e-05
1.1768119524349992e-05
1.3848863713938717e-05
1.6297508346206434e-05
1.917910261672489e-05
2.2570197196339216e-05
2.656087782946684e-05
3.1257158496882356e-05
3.678379771828634e-05
4.328761281083062e-05
5.0941380148163754e-05
5.994842503189409e-05
7.054802310718646e-05
8.302175681319735e-05
9.770099572992247e-05
0.00011497569953977356
0.00013530477745798074
0.00015922827933410923
0.0001873817422860383
0.00022051307399030456
0.00025950242113997375
0.0003053855508833416
0.00035938136638046257
0.0004229242874389499
0.0004977023564332109
0.0005857020818056661
0.0006892612104349695
0.0008111308307896872
0.0009545484566618337
0.0011233240329780276
0.0013219411484660286
0.0015556761439304723
0.0018307382802953678
0.002154434690031882
0.0025353644939701114
0.0029836472402833374
0.003511191734215131
0.004132012400115334
0.004862601580065354
0.005722367659350214
0.006734150657750821
0.007924828983539169
0.0093260334688322
0.010974987654930556
0.01291549665014884
0.01519911082952933
0.01788649529057435
0.0210490414451202
0.02477076355991709
0.029150530628251757
0.034304692863149154
0.040370172585965536
0.047508101621027934
0.05590810182512223
0.06579332246575675
0.0774263682681127
0.09111627561154886
0.10722672220103231
0.1261856883066021
0.14849682622544635
0.1747528400007683
0.20565123083486514
0.24201282647943834
0.2848035868435799
0.3351602650938841
0.3944206059437656
0.46415888336127725
0.5462277217684337
0.642807311728432
0.7564633275546291
0.8902150854450375
1.0476157527896641
1.232846739442066
1.4508287784959402
1.7073526474706886
2.009233002565046
2.364489412645407
2.782559402207126
3.274549162877725
3.8535285937105273
4.534878508128582
5.3366992312063015
6.280291441834247
7.390722033525775
8.697490026177835
10.235310218990248
12.045035402587812
14.174741629268048
16.68100537200059
19.630406500402685
23.10129700083158
27.1858824273294
31.992671377973846
37.64935806792464
44.30621457583877
52.14008287999685
61.35907273413163
72.20809018385457
84.97534359086438
100.0
###
0.1850054590832928
0.1599278784211113
0.1364479427897351
0.11500524411653518
0.0958436172473598
0.07904146910931222
0.0679635297384804
0.05512507271634261
0.04430796380769042
0.035304452508426044
0.5780887266070129
0.47533517369741224
0.385519808659156
0.3086400606774885
0.2440261710609092
0.19057357125234795
0.1570252876093603
0.1198801263963497
0.09016131177645324
0.06660665008834707
0.842990535457588
0.6797461941875207
0.5406036201400485
0.42428125788922477
0.32871492317758566
0.2513182149351908
0.2036189482299252
0.15172441351869753
0.1110267789863462
0.0794090978578461
1.0562107112060628
0.8413946207982983
0.6610853552742767
0.5125079416725591
0.3920853786774813
0.2958496981357305
0.23719356098609734
0.1740716700952423
0.12519449412427702
0.08771345404816902
1.239042591498731
0.9784565318985111
0.762086416051344
0.5856121030927139
0.44396497761147924
0.3318206062101051
0.26402506294635575
0.19163974060896288
0.1361101414977692
0.09393709710370987
1.4012488234741929
1.099041133696866
0.8502089040959625
0.6488664565932053
0.4884619227327878
0.36237908084946163
0.28662888689804444
0.2062746486012281
0.1450747221116817
0.09895235180461188
1.548238003395734
1.2076086451392143
0.9290370184306621
0.7050680087984653
0.5277218592654821
0.38914635466581576
0.30632209873222715
0.21890425395236196
0.15272813857476508
0.10317439379611903
1.68341372050558
1.3069342262438528
1.0007635391706498
0.7559342144819927
0.5630533965979451
0.41309205996882287
0.3238526741734924
0.2300663230709062
0.1594347451845596
0.10683372553816636
1.809073331611029
1.3988356402520168
1.0668479731204565
0.802582013982802
0.5953043338925086
0.4348402678511446
0.3397127810817471
0.24010237581834964
0.1654226115916399
0.11007249452035082
1.9268790374820222
1.4846650703420396
1.1283138767907497
0.8457983993460684
0.62506273906654
0.45481864601160005
0.35422916957071743
0.24924361661194663
0.17084444580176647
0.11298394347030505
2.038042051970837
1.5653782056815426
1.1859140069720808
0.8861588630226903
0.6527552206172089
0.473348545603687
0.3676470474485699
0.25765508325909636
0.17580810663184976
0.11563316808562736
2.1434678267124943
1.641680830820521
1.2402199631312747
0.9240953355743429
0.6787022301603566
0.4906462757812295
0.3801431338913326
0.2654632614229192
0.18039240469128334
0.11806705990416753
2.2438988032271965
1.7141845519957644
1.2916774848241885
0.9599438974329706
0.7031514941054332
0.5068965936459553
0.39185464481721527
0.2727508687345698
0.1846570547570391
0.12032100676003729
2.339936818915439
1.7833451458111382
1.3406419003435848
0.9939715880479303
0.7262987772976467
0.5222398584515366
0.4028893519130305
0.2795951976976325
0.1886481104400606
0.12242194716642647
2.4319803993345706
1.8495403795587453
1.3874018242578614
1.0263951286764177
0.7483019174261014
0.536788527814803
0.41332928523897716
0.28605382354140646
0.19240238548743432
0.12439124605208753