# data/BKevo/ATAN_BKevo/atan87.dat
# N(r,Y=0), r, *FL(x,Q^2)
# 1e-05 < r < 100.0
# 1 < Q^2 < 50, n=15, lin grid
# 1e-5 < x < 1e-2, n=10, log grid
###
2.015679566738952e-08
2.5297550123629512e-08
3.179309263348808e-08
3.994027164942768e-08
5.013288338853118e-08
6.298746644119941e-08
7.913920627807954e-08
9.934789027624722e-08
1.2478601112646946e-07
1.568062698766376e-07
1.9687305129831208e-07
2.4721109271638674e-07
3.1068917142657606e-07
3.9012651141450225e-07
4.897339202220709e-07
6.155731507469852e-07
7.730652170152257e-07
9.701580323760037e-07
1.2196184305833485e-06
1.531856862927901e-06
1.922434261899771e-06
2.4163449983661114e-06
3.0353692424837733e-06
3.8097745929829433e-06
4.787231729164665e-06
6.014451974811827e-06
7.549858980991392e-06
9.484193162504063e-06
1.1917129969074307e-05
1.4961325450799146e-05
1.878912835396807e-05
2.361229738782681e-05
2.9647825206644536e-05
3.7222283443248206e-05
4.67838100613702e-05
5.874987578264073e-05
7.373764525559962e-05
9.26922433082411e-05
0.00011641582425471199
0.00014609028378417268
0.0001836457975544836
0.00023067852191249058
0.00028951423037229784
0.00036383694485227615
0.00045707788240857304
0.0005737275890645713
0.000720803249727616
0.0009056398825567287
0.00113689691582176
0.001427907998689367
0.0017942725095340438
0.0022526599714101612
0.002828325658596388
0.003554265053896076
0.004462472082396696
0.005600551744459596
0.007037795328943721
0.00883523089962851
0.011081809967063106
0.013921196107036998
0.017468095631342193
0.021893249142601306
0.027463458449088787
0.03440890838506329
0.04303749568760511
0.05380604963762675
0.06713826605045832
0.0835208979597421
0.10360061672399191
0.1279604131971837
0.15712096478756563
0.1915547381221042
0.23140936522572259
0.27665292929176283
0.3267063777005967
0.38001770795748196
0.4358734955340574
0.4927527258971876
0.5474854578222969
0.6003713319662106
0.6504650853453559
0.6950680403399796
0.7357220025831035
0.7724735737835162
0.8040639711836197
0.8317827482581599
0.8562682028474369
0.8770744509143499
0.8949101521334982
0.9105020528361405
0.9237504508746899
0.93492868324443
0.9446556749630204
0.9529609424014072
0.9598827052573912
0.9658934097830474
0.9710609861378466
0.9753224215141686
0.979019525143302
0.9822225200136333
###
1e-05
1.1768119524349992e-05
1.3848863713938717e-05
1.6297508346206434e-05
1.917910261672489e-05
2.2570197196339216e-05
2.656087782946684e-05
3.1257158496882356e-05
3.678379771828634e-05
4.328761281083062e-05
5.0941380148163754e-05
5.994842503189409e-05
7.054802310718646e-05
8.302175681319735e-05
9.770099572992247e-05
0.00011497569953977356
0.00013530477745798074
0.00015922827933410923
0.0001873817422860383
0.00022051307399030456
0.00025950242113997375
0.0003053855508833416
0.00035938136638046257
0.0004229242874389499
0.0004977023564332109
0.0005857020818056661
0.0006892612104349695
0.0008111308307896872
0.0009545484566618337
0.0011233240329780276
0.0013219411484660286
0.0015556761439304723
0.0018307382802953678
0.002154434690031882
0.0025353644939701114
0.0029836472402833374
0.003511191734215131
0.004132012400115334
0.004862601580065354
0.005722367659350214
0.006734150657750821
0.007924828983539169
0.0093260334688322
0.010974987654930556
0.01291549665014884
0.01519911082952933
0.01788649529057435
0.0210490414451202
0.02477076355991709
0.029150530628251757
0.034304692863149154
0.040370172585965536
0.047508101621027934
0.05590810182512223
0.06579332246575675
0.0774263682681127
0.09111627561154886
0.10722672220103231
0.1261856883066021
0.14849682622544635
0.1747528400007683
0.20565123083486514
0.24201282647943834
0.2848035868435799
0.3351602650938841
0.3944206059437656
0.46415888336127725
0.5462277217684337
0.642807311728432
0.7564633275546291
0.8902150854450375
1.0476157527896641
1.232846739442066
1.4508287784959402
1.7073526474706886
2.009233002565046
2.364489412645407
2.782559402207126
3.274549162877725
3.8535285937105273
4.534878508128582
5.3366992312063015
6.280291441834247
7.390722033525775
8.697490026177835
10.235310218990248
12.045035402587812
14.174741629268048
16.68100537200059
19.630406500402685
23.10129700083158
27.1858824273294
31.992671377973846
37.64935806792464
44.30621457583877
52.14008287999685
61.35907273413163
72.20809018385457
84.97534359086438
100.0
###
0.2850501085637284
0.26149289556178296
0.23681660000730478
0.21177735170862586
0.18710894430093106
0.16344901455136274
0.14666757408820386
0.1258631216545662
0.10705853634188733
0.09034572416868117
1.0675190725901982
0.9357220813505208
0.8079625188415849
0.6878187784451393
0.5778289903835481
0.4795184738886367
0.4138170895062097
0.33693504117892065
0.271638921236317
0.21702462331993164
1.6750469467395954
1.439774460515063
1.2185537427940645
1.0164693324147869
0.8364717493029169
0.6797278332678246
0.577232300814169
0.45971123798103913
0.3621221795621038
0.2821592342175727
2.197751815654678
1.8653757982990673
1.5587130030353469
1.2835545749826713
1.0425712286634055
0.8360291524758708
0.7027626823199805
0.5518107051401855
0.42819578958066973
0.3281924593057749
2.6659859630015927
2.241883744952954
1.8558865299068636
1.5139609580646745
1.218102903312352
0.9673972788610846
0.8071698531396497
0.6272737333535926
0.4813755723656182
0.36448422948873366
3.094967764959656
2.5835955980321366
2.123105856795369
1.7192328283413132
1.373019285553573
1.0822194860728962
0.8977293951358244
0.6920101459014619
0.526436056723587
0.3947394752139903
3.4936579083668433
2.8988644189203696
2.3678408445010954
1.9058595392012325
1.512831926361896
1.1850576635831405
0.9783579870610665
0.7491579774686071
0.5658297943726894
0.42089038385762917
3.8679711972777273
3.1930888713728596
2.59489535416224
2.077943549843537
1.640974993171929
1.278741110820396
1.0514833661338125
0.8006117351612358
0.6010357750036543
0.44402631101322515
4.222189866277073
3.470014418452896
2.8074927385982895
2.2382702002954207
1.7597796588192722
1.3651300927943897
1.1186079084892075
0.8475888961446348
0.6329702363437708
0.46486583324006076
4.559282326816419
3.732381039898809
3.0080078570625104
2.3888122498794115
1.8708640236852054
1.4455460054793314
1.1808792354376205
0.8909676130081299
0.6622766685428915
0.4838719253806427
4.881604401465051
3.9822251819031247
3.1982495843887238
2.5311074969544647
1.9754344277696414
1.520958846349069
1.2390992817393713
0.931326219363722
0.6894300097649515
0.5013843129620761
5.190970717444855
4.221181890396185
3.3795820691481695
2.6662782943324475
2.074432127400926
1.5921058628613252
1.2938788344932535
0.9691618613410258
0.7147768581730001
0.5176534998858536
5.488900450966283
4.450590603891157
3.5530037415523172
2.7952755240061014
2.168586767103959
1.65956239988774
1.3456925034541973
1.0048313358538403
0.7385829800662064
0.5328697758877681
5.776579618199296
4.671464751813497
3.7195978106000878
2.9187461413443505
2.2584834330845016
1.7237875945810828
1.394917423770107
1.0386177492425623
0.7610572021914876
0.5471981946419955
6.055013359605849
4.884661259442785
3.8799945585666205
3.037317395118682
2.3445995132643462
1.7851544873514633
1.4418566455628146
1.0707468029764906
0.7823667919041085
0.5607084323535366