# ../data/BKevo/MV2g_BKevo/mv2g_34.dat
# N(r,Y=0), r, *FL(x,Q^2)
# 1e-05 < r < 100.0
# 1 < Q^2 < 50, n=15, lin grid
# 1e-5 < x < 1e-2, n=10, log grid
###
6.434550750489791e-05
7.239401895397783e-05
8.139499548295987e-05
9.151233861262156e-05
0.00010290232360901214
0.0001156488209029585
0.0001299481796122934
0.00014603534197195624
0.00016405020490196085
0.00018421806418261117
0.0002068906406240853
0.0002322959535242588
0.00026067539510356096
0.0002925533570404563
0.00032829483481066984
0.00036812765591299535
0.00041283051297198096
0.00046297912770909826
0.0005187291550074227
0.0005812322951752868
0.0006513043184733235
0.0007291651783293294
0.0008162679821356882
0.0009138047281702659
0.0010222012961366266
0.0011431321595280236
0.0012783702358646137
0.0014286751974700025
0.0015958570743152853
0.001782535846676266
0.001989999054265063
0.0022199907487220733
0.0024763578230398977
0.0027612059308526936
0.0030758136750088766
0.003425792832372968
0.0038144953877199354
0.004242008305730055
0.00471646411902995
0.005242777441686591
0.005819516910355255
0.006457466914288451
0.007163084762494559
0.00793503576156386
0.008784537859195163
0.00972091488408147
0.010743191140611058
0.011861484750465957
0.013089141624813486
0.014426012921522652
0.015878398282904535
0.017465299366440215
0.0191882576721603
0.02104546283838693
0.023064020936933362
0.025248906311167434
0.027584509175513784
0.03011031509578819
0.03283894919106615
0.035737409478087886
0.03886794856519134
0.04225709028786595
0.045896973797182924
0.04988984282479267
0.05434709673572793
0.05944220588289064
0.06553394134425891
0.07318307186298377
0.08354431960386667
0.09853865812509487
0.12094430354188343
0.15608760518844353
0.2116267611652991
0.2930134479357236
0.4009108543367646
0.5139802704848733
0.5977157903730161
0.636112952180463
0.649443180621778
0.6615990643692167
0.6748546663067782
0.6891594216901976
0.7047200417104904
0.7215894327132332
0.7395140092798002
0.7585764784875197
0.7787631654777661
0.7996176587865088
0.8209786732138405
0.8427689191018742
0.8643386646454875
0.885191731701843
0.9053053117252243
0.9240197204702952
0.9406023780331463
0.9553322060244944
0.9678707187149534
0.9776184616819208
0.9852952014281945
0.9910437661432259
###
1e-05
1.1768119524349992e-05
1.3848863713938717e-05
1.6297508346206434e-05
1.917910261672489e-05
2.2570197196339216e-05
2.656087782946684e-05
3.1257158496882356e-05
3.678379771828634e-05
4.328761281083062e-05
5.0941380148163754e-05
5.994842503189409e-05
7.054802310718646e-05
8.302175681319735e-05
9.770099572992247e-05
0.00011497569953977356
0.00013530477745798074
0.00015922827933410923
0.0001873817422860383
0.00022051307399030456
0.00025950242113997375
0.0003053855508833416
0.00035938136638046257
0.0004229242874389499
0.0004977023564332109
0.0005857020818056661
0.0006892612104349695
0.0008111308307896872
0.0009545484566618337
0.0011233240329780276
0.0013219411484660286
0.0015556761439304723
0.0018307382802953678
0.002154434690031882
0.0025353644939701114
0.0029836472402833374
0.003511191734215131
0.004132012400115334
0.004862601580065354
0.005722367659350214
0.006734150657750821
0.007924828983539169
0.0093260334688322
0.010974987654930556
0.01291549665014884
0.01519911082952933
0.01788649529057435
0.0210490414451202
0.02477076355991709
0.029150530628251757
0.034304692863149154
0.040370172585965536
0.047508101621027934
0.05590810182512223
0.06579332246575675
0.0774263682681127
0.09111627561154886
0.10722672220103231
0.1261856883066021
0.14849682622544635
0.1747528400007683
0.20565123083486514
0.24201282647943834
0.2848035868435799
0.3351602650938841
0.3944206059437656
0.46415888336127725
0.5462277217684337
0.642807311728432
0.7564633275546291
0.8902150854450375
1.0476157527896641
1.232846739442066
1.4508287784959402
1.7073526474706886
2.009233002565046
2.364489412645407
2.782559402207126
3.274549162877725
3.8535285937105273
4.534878508128582
5.3366992312063015
6.280291441834247
7.390722033525775
8.697490026177835
10.235310218990248
12.045035402587812
14.174741629268048
16.68100537200059
19.630406500402685
23.10129700083158
27.1858824273294
31.992671377973846
37.64935806792464
44.30621457583877
52.14008287999685
61.35907273413163
72.20809018385457
84.97534359086438
100.0
###
0.38113795211163437
0.36687356022069756
0.3434791351322918
0.31001824349521323
0.2685777162546492
0.2240373124869526
0.19194836262203768
0.15424188790620244
0.12395076376530209
0.10100697611963487
1.784085292948672
1.6678373662096262
1.497838847716381
1.2803837521305421
1.0376677676002026
0.7994773719051979
0.6394393522647969
0.4621081864345926
0.32757099051107846
0.23041273884091173
3.130897501962712
2.8848794565301272
2.542524924335652
2.1246846357452034
1.6780798876904872
1.255573795298771
0.9794831714366635
0.6803612743700873
0.4583287542200116
0.30062363104499124
4.439899494528189
4.050597164758812
3.5258973375847438
2.9044333208031086
2.258352279538675
1.6616388328581697
1.2779651471533375
0.8686445382530075
0.5691869669838016
0.3590891662522615
5.720024301346089
5.178684089573846
4.466229943913707
3.640917153036026
2.7999838168439477
2.036043274320198
1.5518196083346452
1.0402744739347747
0.6700841477803933
0.412889849263194
6.976999090558447
6.277601754354468
5.3735611196230515
4.344983565079891
3.3133664414482613
2.3887558132379056
1.8085540987333255
1.2007093367380468
0.7646206661885743
0.46406805055601447
8.213972398969206
7.351653085799753
6.254034494437719
5.0232537366402585
3.804740947670572
2.7246033737212265
2.052333451036605
1.3528262159250966
0.8545285879052915
0.5134098902727521
9.433698745499575
8.40487417835011
7.111891562163376
5.6801815766480726
4.278193593133913
3.0468501137626136
2.2857663929598377
1.4983737377527564
0.9408219448692648
0.5613209972157875
10.638038949321727
9.43948322344596
7.950198661437199
6.318856642190235
4.736516646527219
3.357776861731921
2.5103116778495136
1.638545152407324
1.02419025709996
0.6080342532383771
11.828388116488947
10.457457391245121
8.771958160717574
6.9418264895531125
5.181844868036113
3.6590456203448385
2.728291275136627
1.774152437752118
1.1050171260745483
0.6537044717568372
13.006264640360026
11.460916138163336
9.578325409266233
7.550881439572718
5.615801881382695
3.952029756801537
2.939625345279658
1.9058682283762791
1.1836784157800408
0.6984493762199858
14.172571867671405
12.45096710929161
10.370808346882235
8.147403221325007
6.040295827937808
4.237388291317954
3.1454327677793303
2.034079073018582
1.2604284739020746
0.7423403803303733
15.328173811974057
13.42872267421224
11.150567915129656
8.732816287766658
6.45441835169798
4.516246318009268
3.3463210768869978
2.159224863401973
1.3354569231358246
0.7854957675699509
16.473809449864355
14.39512474329494
11.919115674969255
9.308005942130587
6.861012032573322
4.78914351773813
3.5427862003840582
2.28161375522744
1.4089561158588197
0.8278877876341064
17.61011857285013
15.35098140645482
12.677505414235126
9.873856274021572
7.260409785374353
5.056619233352241
3.735240188117442
2.40150830127259
1.4810380349562264
0.8696374955557409