# ../data/BKevo/MV2g_BKevo/mv2g_35.dat
# N(r,Y=0), r, *FL(x,Q^2)
# 1e-05 < r < 100.0
# 1 < Q^2 < 50, n=15, lin grid
# 1e-5 < x < 1e-2, n=10, log grid
###
2.567046482046784e-09
3.2855712364136265e-09
4.2127178179211885e-09
5.397497503012819e-09
6.906210888268036e-09
8.84714517187385e-09
1.13317307122472e-08
1.449438081924723e-08
1.855074536281637e-08
2.3752127597057435e-08
3.037016611779099e-08
3.883235804020422e-08
4.970129253554838e-08
6.352411113201038e-08
8.114413332879833e-08
1.0381230600959966e-07
1.326269151694254e-07
1.6924293279420723e-07
2.164245421286316e-07
2.7636865701437566e-07
3.524521851188601e-07
4.5030733367318857e-07
5.747542339695488e-07
7.326259243135645e-07
9.350596454859947e-07
1.1928937954810149e-06
1.5198197185790408e-06
1.937783565018238e-06
2.470968232764815e-06
3.1467519266067013e-06
4.008252319397964e-06
5.109108527052588e-06
6.5040126616809255e-06
8.277504501913716e-06
1.0548119302145357e-05
1.3425173964193875e-05
1.7074309402485735e-05
2.175725256572995e-05
2.7693130557388912e-05
3.521275396066168e-05
4.4878055571414345e-05
5.7148582266583164e-05
7.271108031720921e-05
9.26999075632397e-05
0.00011817416919740474
0.00015054966965646007
0.00019214516276651035
0.0002454270166779343
0.0003133638648920383
0.0004007752581379193
0.0005135022963211225
0.0006579048280412227
0.0008442014262626741
0.0010865345894838444
0.0013988682699441724
0.0018033280335625556
0.002335013520871885
0.0030253573330426883
0.003923191911331152
0.005117704036551303
0.006681160907386857
0.008729691710637573
0.011473022160233323
0.015099744169874663
0.019884096135680547
0.026310646733426254
0.03487170473245077
0.04619362739081168
0.061335434104931016
0.08146502107374258
0.1078055112130234
0.14218608860615786
0.18644285393061066
0.24158746639886242
0.30816714550081165
0.38424581423216075
0.4657272697533674
0.5460210709460387
0.614084933930548
0.6698753212584111
0.7158214384690013
0.7567431316900115
0.7988296263519054
0.8423186858342608
0.883967141189734
0.9216393150053642
0.953217173280406
0.9755345760072978
0.989155741134202
0.9963668943106778
0.999115745700083
0.9998293683511045
0.9999815980967005
0.9999993239653276
0.9999999741231912
0.9999999996232414
0.9999999999998975
0.9999999999999999
1.0
1.0
###
1e-05
1.1768119524349992e-05
1.3848863713938717e-05
1.6297508346206434e-05
1.917910261672489e-05
2.2570197196339216e-05
2.656087782946684e-05
3.1257158496882356e-05
3.678379771828634e-05
4.328761281083062e-05
5.0941380148163754e-05
5.994842503189409e-05
7.054802310718646e-05
8.302175681319735e-05
9.770099572992247e-05
0.00011497569953977356
0.00013530477745798074
0.00015922827933410923
0.0001873817422860383
0.00022051307399030456
0.00025950242113997375
0.0003053855508833416
0.00035938136638046257
0.0004229242874389499
0.0004977023564332109
0.0005857020818056661
0.0006892612104349695
0.0008111308307896872
0.0009545484566618337
0.0011233240329780276
0.0013219411484660286
0.0015556761439304723
0.0018307382802953678
0.002154434690031882
0.0025353644939701114
0.0029836472402833374
0.003511191734215131
0.004132012400115334
0.004862601580065354
0.005722367659350214
0.006734150657750821
0.007924828983539169
0.0093260334688322
0.010974987654930556
0.01291549665014884
0.01519911082952933
0.01788649529057435
0.0210490414451202
0.02477076355991709
0.029150530628251757
0.034304692863149154
0.040370172585965536
0.047508101621027934
0.05590810182512223
0.06579332246575675
0.0774263682681127
0.09111627561154886
0.10722672220103231
0.1261856883066021
0.14849682622544635
0.1747528400007683
0.20565123083486514
0.24201282647943834
0.2848035868435799
0.3351602650938841
0.3944206059437656
0.46415888336127725
0.5462277217684337
0.642807311728432
0.7564633275546291
0.8902150854450375
1.0476157527896641
1.232846739442066
1.4508287784959402
1.7073526474706886
2.009233002565046
2.364489412645407
2.782559402207126
3.274549162877725
3.8535285937105273
4.534878508128582
5.3366992312063015
6.280291441834247
7.390722033525775
8.697490026177835
10.235310218990248
12.045035402587812
14.174741629268048
16.68100537200059
19.630406500402685
23.10129700083158
27.1858824273294
31.992671377973846
37.64935806792464
44.30621457583877
52.14008287999685
61.35907273413163
72.20809018385457
84.97534359086438
100.0
###
0.2451005755258079
0.22204443235539825
0.19938576574410988
0.17768067089413428
0.1573476906099708
0.13865862037194573
0.1258102647460373
0.11026655867424019
0.09650333241372741
0.08442881236668094
0.8387239804213987
0.7226321001774545
0.6157406726973621
0.5194360822893817
0.43436986069035644
0.36032274893367655
0.31166823605424987
0.25523847645846715
0.20749709262932892
0.16731078180385206
1.264570404933503
1.0667544204493484
0.8892935406305716
0.7333115453599602
0.5985486143484271
0.4838486267842488
0.4098152411443519
0.3253949001083088
0.25527420248358396
0.19725903827797237
1.6165732767621657
1.34547793189595
1.1061809193236865
0.8990578956842246
0.7226991385413388
0.5746342072774671
0.48017368646407443
0.37368241639394567
0.28632532486954404
0.21493797258607997
1.9234924796893613
1.5852759470913584
1.2902116608010337
1.0376556391105285
0.8248770146361512
0.6480076104932366
0.5361890082493523
0.4111395859217556
0.30956811239780624
0.2273717145861538
2.1990476291443457
1.7984323891135372
1.4521455693843586
1.1583201917344215
0.9128440220459997
0.7103613140257983
0.5832425960788966
0.4420728209416361
0.32827997397460995
0.23696008035084434
2.4510110853756637
1.9918630257343048
1.597926600327496
1.2660467955197348
0.9906463541754985
0.7650103706694834
0.6241332481801716
0.46859307819596513
0.34403040843276106
0.2447832975925906
2.684459444532157
2.169900488177382
1.7312520745167261
1.3639007369363578
1.0608156679478746
0.8138772477093024
0.6604651506821099
0.4918789033105262
0.3576829146326554
0.25140976556575095
2.902812294136586
2.335546590825101
1.8546046650759855
1.453921940034112
1.1249774685177028
0.8582810287314754
0.6932870651184374
0.5127492801361192
0.3697759471092542
0.2571752902795778
3.108553333714998
2.490899852242591
1.9697758590190706
1.5375426865283304
1.1842677127487027
0.8990738521193381
0.7233020590420143
0.5317003384988537
0.380658521676181
0.26229097368301274
3.3035498232240426
2.6375391105399317
2.0780127779911073
1.6158107227745622
1.2395127239409833
0.9368981810915736
0.7510210048617324
0.5490953005934142
0.39057278444489124
0.2669042204051007
3.4893056323425475
2.776729187250517
2.180361922975945
1.6895227490571438
1.2913321587910158
0.9722268829285707
0.7768271725710498
0.5652005589005733
0.39969385189348666
0.2711116216737863
3.6668588117263474
2.909330608116157
2.2775581818212807
1.7592994628396694
1.3402137119430788
1.0054233514601658
0.8009972939683189
0.5802175720339371
0.408152938571748
0.2749900112661735
3.837189463346007
3.0361609657945148
2.370246629155506
1.8256354137970647
1.3865359678916924
1.0367736500305984
0.8237528253729685
0.5943025923436371
0.4160528096397096
0.2785865808328053
4.001062218153766
3.1578507796365445
2.458936629365738
1.888931776024853
1.4306069574877922
1.0665074151708693
0.845285511396063
0.6075795505980901
0.42346740030112767
0.28194996138872536