# data/BKevo/ATAN_BKevo/atan72.dat
# N(r,Y=0), r, *FL(x,Q^2)
# 1e-05 < r < 100.0
# 1 < Q^2 < 50, n=15, lin grid
# 1e-5 < x < 1e-2, n=10, log grid
###
6.507436285410193e-12
8.987486656813352e-12
1.2474380451704786e-11
1.728727131775385e-11
2.3885948001046165e-11
3.311995794601352e-11
4.592105345724185e-11
6.34773666646843e-11
8.792752205907907e-11
1.2197351520147094e-10
1.6868133704060298e-10
2.334121529381075e-10
3.239566940446414e-10
4.482150003429142e-10
6.195622584986575e-10
8.603506655753433e-10
1.1909031707021224e-09
1.6444041710722014e-09
2.284707184225121e-09
3.1640017028585703e-09
4.369022114833993e-09
6.066685356370297e-09
8.405559439007362e-09
1.1611823709847575e-08
1.6107851584848053e-08
2.232881347724375e-08
3.0859509426338243e-08
4.276498442367644e-08
5.931072106094093e-08
8.200673170605014e-08
1.1352796748965004e-07
1.575319664041056e-07
2.179121095451382e-07
3.0135645357299136e-07
4.1838051652598473e-07
5.790072454480907e-07
7.998717468565208e-07
1.1110680897100262e-06
1.5383551847910593e-06
2.123848626471724e-06
2.9503614341917655e-06
4.086937374088016e-06
5.64480719577471e-06
7.833810924623734e-06
1.0856894997269124e-05
1.5001789570157466e-05
2.0798402480142347e-05
2.8838585578401904e-05
3.9865569654153206e-05
5.521227287460059e-05
7.659296864958615e-05
0.00010592409575088606
0.00014654261710872853
0.00020338277356468738
0.00028137373219959866
0.00038881868781330656
0.0005398268213120163
0.000747020720463917
0.0010308785328765968
0.001431392494799284
0.0019805876685195017
0.0027317560859695823
0.0037858825639538528
0.005233023067662452
0.0072064451433198375
0.00994864137020808
0.013703713771264059
0.018782225514664297
0.02571662919002333
0.03508775880217388
0.04749895002343873
0.0638753184432374
0.08519846975612955
0.11214757911012901
0.1455187445320649
0.18571049487354155
0.23245924606213317
0.28513760887609674
0.34162303578177344
0.40089063198203134
0.46131958847699395
0.5192583129882082
0.5749417634570331
0.627571010547559
0.674743270899327
0.7174340623129685
0.7560811404449451
0.789663396960445
0.8189587117629633
0.8449126710304639
0.867231589510007
0.8862522156739917
0.9029266955219662
0.9172581214521056
0.9292722925639788
0.9397494045423707
0.9487904443615052
0.9562722542858559
0.9627793269305797
0.9684288400318322
###
1e-05
1.1768119524349992e-05
1.3848863713938717e-05
1.6297508346206434e-05
1.917910261672489e-05
2.2570197196339216e-05
2.656087782946684e-05
3.1257158496882356e-05
3.678379771828634e-05
4.328761281083062e-05
5.0941380148163754e-05
5.994842503189409e-05
7.054802310718646e-05
8.302175681319735e-05
9.770099572992247e-05
0.00011497569953977356
0.00013530477745798074
0.00015922827933410923
0.0001873817422860383
0.00022051307399030456
0.00025950242113997375
0.0003053855508833416
0.00035938136638046257
0.0004229242874389499
0.0004977023564332109
0.0005857020818056661
0.0006892612104349695
0.0008111308307896872
0.0009545484566618337
0.0011233240329780276
0.0013219411484660286
0.0015556761439304723
0.0018307382802953678
0.002154434690031882
0.0025353644939701114
0.0029836472402833374
0.003511191734215131
0.004132012400115334
0.004862601580065354
0.005722367659350214
0.006734150657750821
0.007924828983539169
0.0093260334688322
0.010974987654930556
0.01291549665014884
0.01519911082952933
0.01788649529057435
0.0210490414451202
0.02477076355991709
0.029150530628251757
0.034304692863149154
0.040370172585965536
0.047508101621027934
0.05590810182512223
0.06579332246575675
0.0774263682681127
0.09111627561154886
0.10722672220103231
0.1261856883066021
0.14849682622544635
0.1747528400007683
0.20565123083486514
0.24201282647943834
0.2848035868435799
0.3351602650938841
0.3944206059437656
0.46415888336127725
0.5462277217684337
0.642807311728432
0.7564633275546291
0.8902150854450375
1.0476157527896641
1.232846739442066
1.4508287784959402
1.7073526474706886
2.009233002565046
2.364489412645407
2.782559402207126
3.274549162877725
3.8535285937105273
4.534878508128582
5.3366992312063015
6.280291441834247
7.390722033525775
8.697490026177835
10.235310218990248
12.045035402587812
14.174741629268048
16.68100537200059
19.630406500402685
23.10129700083158
27.1858824273294
31.992671377973846
37.64935806792464
44.30621457583877
52.14008287999685
61.35907273413163
72.20809018385457
84.97534359086438
100.0
###
0.18554345468804218
0.16233726493893935
0.14059633472510327
0.12065449676558496
0.10267766498391392
0.08672579313963544
0.07606895948029459
0.06352158573733205
0.05275286536674978
0.04358246429701549
0.569362557794976
0.4732117398191205
0.38885834099624567
0.3160832760045834
0.2542594410109601
0.20240111312159448
0.1693802069600221
0.13221661186325578
0.10184103149459275
0.07720095541347838
0.8220073102269506
0.6692866983609379
0.5384442560022243
0.4282187509309015
0.3366084319057989
0.26138011200519723
0.21434452528710662
0.16232421879130834
0.12066509094990299
0.0874761306052113
1.0226385263315612
0.8219299687499146
0.6525300185208932
0.5118190491612751
0.39647873243982945
0.3030226902503527
0.24525091502160115
0.1820666592706033
0.13210653938808942
0.09287196319593823
1.1930544859239522
0.9499242894948627
0.7469115042768365
0.5800112872070782
0.4445081356054494
0.33579434474595865
0.26913540106164263
0.19685901580220755
0.140267575583854
0.09628079457589
1.3430975221121202
1.0615655693277601
0.8284385028025721
0.6382403186526864
0.4850629831755221
0.3630667849070795
0.2887708115031567
0.2087345044385844
0.1465582083858618
0.09866010437736501
1.478237126142419
1.161364791950553
0.9007414359534053
0.6894845137819605
0.5203918685397535
0.3865653895846949
0.30550731189697616
0.21868210157369022
0.1516890539879347
0.10042891189584255
1.6018658692724181
1.252105975149204
0.9660596585424062
0.7354502995999126
0.5518461907726484
0.40729760184511965
0.32015623407178523
0.22725621543215682
0.15598969967918824
0.10180471146923485
1.7162682664909021
1.3356451432940788
1.0258610352497823
0.7772928594567939
0.580293021669934
0.4259044780283094
0.3332116990727105
0.23480257613464622
0.15969370404921784
0.10290767774468086
1.8231113534685954
1.4132831268560955
1.0811820633455618
0.8158043240053164
0.606328314781196
0.44282195458880114
0.3450105392229106
0.24155037211111757
0.16294460183535278
0.103814173238981
1.9235159801449844
1.485980826736044
1.1327702557562298
0.8515580657520925
0.6303911241719413
0.45836084082868395
0.3557909199194109
0.24765763398187682
0.16583939344725254
0.10457446324930271
2.018438502886223
1.5544678269089665
1.1811919599922691
0.8849865354781838
0.6527843292006055
0.47275102137247627
0.36572786379928135
0.2532404534329069
0.1684479808834393
0.10522155684735099
2.108598732000029
1.61931348350262
1.226882504446841
0.916421890988756
0.6737585047231583
0.4861678058259748
0.3749617326089499
0.25838552523560326
0.1708194774255602
0.1057813574558916
2.194574412005933
1.6809721150187777
1.2702121565721172
0.9461269859381186
0.693499889576957
0.49874797595186715
0.38357976994008586
0.2631591415676005
0.17299581175394887
0.10627024597642142
2.2768368143670257
1.7398128045303707
1.3114408810776448
0.9743136096148154
0.7121758211187548
0.5106052829713692
0.391671383787726
0.26761391811349317
0.17500464888131903
0.10670209600984788