# ../data/BKevo/MV2g_BKevo/mv2g_3.dat
# N(r,Y=0), r, *FL(x,Q^2)
# 1e-05 < r < 100.0
# 1 < Q^2 < 50, n=15, lin grid
# 1e-5 < x < 1e-2, n=10, log grid
###
6.434550750489791e-05
7.239401895397783e-05
8.139499548301538e-05
9.151233861267707e-05
0.00010290232360911695
0.00011564882090313617
0.00012994817961257217
0.00014603534197238206
0.00016405020490267762
0.00018421806418381548
0.0002068906406260508
0.00023229595352752493
0.0002606753951090624
0.00029255335704954827
0.000328294834825609
0.00036812765593797206
0.0004128305130133091
0.00046297912777686307
0.00051872915512092
0.0005812322953630859
0.0006513043187812257
0.0007291651788432247
0.0008162679829865369
0.0009138047295655161
0.001022201298455181
0.0011431321633678878
0.0012783702421614498
0.0014286752078849553
0.0015958570915647616
0.0017825358749549885
0.0019899991008024516
0.002219990825774235
0.002476357949273706
0.0027612061374426324
0.003075814016772796
0.0034257933915820484
0.0038144962972408675
0.004242009807909083
0.004716466571800738
0.005242781408266343
0.005819523434043553
0.006457477530127258
0.007163101862478356
0.007935063630508292
0.008784582964431813
0.009720987090204912
0.010743307445017683
0.01186167134478482
0.01308943736613139
0.014426481645438258
0.015879139326856605
0.01746645419766759
0.01919004394586765
0.02104821293814538
0.023068173346567217
0.025255060918677283
0.02759346821622765
0.030122894538677017
0.03285580103384884
0.035758029315938154
0.03888934736562839
0.04227079911619697
0.045877680788274644
0.049785752907187675
0.05405534820046951
0.05872536595941288
0.06394033082344495
0.06989253199458574
0.0768604915191563
0.08530778990888335
0.09587907673854856
0.1096788045553309
0.12844210921934057
0.15419080606804142
0.1901818741879231
0.24104832826141687
0.309306575100647
0.39590830845523217
0.4931053931222116
0.5844459413331091
0.652044106590987
0.685110674952895
0.7044229217594262
0.7215864891367422
0.7395140087641688
0.7585764784874957
0.7787631654777661
0.7996176587865088
0.8209786732138405
0.8427689191018742
0.8643386646454875
0.885191731701843
0.9053053117252243
0.9240197204702952
0.9406023780331463
0.9553322060244944
0.9678707187149534
0.9776184616819208
0.9852952014281945
0.9910437661432259
###
1e-05
1.1768119524349992e-05
1.3848863713938717e-05
1.6297508346206434e-05
1.917910261672489e-05
2.2570197196339216e-05
2.656087782946684e-05
3.1257158496882356e-05
3.678379771828634e-05
4.328761281083062e-05
5.0941380148163754e-05
5.994842503189409e-05
7.054802310718646e-05
8.302175681319735e-05
9.770099572992247e-05
0.00011497569953977356
0.00013530477745798074
0.00015922827933410923
0.0001873817422860383
0.00022051307399030456
0.00025950242113997375
0.0003053855508833416
0.00035938136638046257
0.0004229242874389499
0.0004977023564332109
0.0005857020818056661
0.0006892612104349695
0.0008111308307896872
0.0009545484566618337
0.0011233240329780276
0.0013219411484660286
0.0015556761439304723
0.0018307382802953678
0.002154434690031882
0.0025353644939701114
0.0029836472402833374
0.003511191734215131
0.004132012400115334
0.004862601580065354
0.005722367659350214
0.006734150657750821
0.007924828983539169
0.0093260334688322
0.010974987654930556
0.01291549665014884
0.01519911082952933
0.01788649529057435
0.0210490414451202
0.02477076355991709
0.029150530628251757
0.034304692863149154
0.040370172585965536
0.047508101621027934
0.05590810182512223
0.06579332246575675
0.0774263682681127
0.09111627561154886
0.10722672220103231
0.1261856883066021
0.14849682622544635
0.1747528400007683
0.20565123083486514
0.24201282647943834
0.2848035868435799
0.3351602650938841
0.3944206059437656
0.46415888336127725
0.5462277217684337
0.642807311728432
0.7564633275546291
0.8902150854450375
1.0476157527896641
1.232846739442066
1.4508287784959402
1.7073526474706886
2.009233002565046
2.364489412645407
2.782559402207126
3.274549162877725
3.8535285937105273
4.534878508128582
5.3366992312063015
6.280291441834247
7.390722033525775
8.697490026177835
10.235310218990248
12.045035402587812
14.174741629268048
16.68100537200059
19.630406500402685
23.10129700083158
27.1858824273294
31.992671377973846
37.64935806792464
44.30621457583877
52.14008287999685
61.35907273413163
72.20809018385457
84.97534359086438
100.0
###
0.38072799046408173
0.3657082240724144
0.3405720829669641
0.3038064530007979
0.25739594076320843
0.20670962631973663
0.1699675713908399
0.12692389496286482
0.0927965236694794
0.06755313385033755
1.782063766107819
1.6628407361572353
1.486955203729562
1.2598443927175678
1.0047205652038336
0.7535680334826016
0.5851067182141836
0.4001910286958385
0.2621518800667711
0.16501870763558177
3.1273514789181505
2.8768002927844236
2.526097794217927
2.0955663038240266
1.6338384237936172
1.1975209232536208
0.9136043416012442
0.60957616579889
0.3880978565416261
0.23557717221499117
4.43500125454147
4.039814306643326
3.5049289650120037
2.868910392430921
2.2062413370723815
1.595750286931277
1.2058470268463264
0.7945319624055659
0.49932087296802324
0.298714214824629
5.713963478823721
5.165909019115315
4.441431603013653
3.6001054482975587
2.7416431805911623
1.9650523166687202
1.4756222935562227
0.9647178796535428
0.601847277284105
0.3575358228497077
6.969566081199099
6.26236438792348
5.345292695536832
4.299141048046448
3.2498468310031283
2.3134834985083588
1.7293747246906972
1.1244901573626414
0.6982687826076812
0.41328012944211273
8.205353922647895
7.334345553093482
6.222595285105635
4.973874676431706
3.736644978696174
2.645743243447877
1.9708034659111777
1.2763086338123018
0.7900300774751596
0.46663298190121333
9.423883152795234
8.385377830751198
7.077468186358574
5.627111662200284
4.206067632217435
2.964858947956253
2.202295609273754
1.421520281690829
0.878043036022982
0.5180320879655407
10.627095547213518
9.417916988699721
7.9135456463851765
6.262509688574133
4.660694701600296
3.273029292085457
2.4255098951696366
1.561605350601919
0.9629362037665603
0.5677834404866583
11.816363659206074
10.43422927980694
8.732425575951984
6.882372958110447
5.102597763051696
3.5718702102254003
2.641676590940418
1.697493624415668
1.0451685046074062
0.6161120712525078
12.993169585254916
11.435926815839238
9.536144012008132
7.488519578876911
5.533370027767809
3.8624825946374366
2.8516421479879326
1.8291988534399466
1.125088304714399
0.6631951934269359
14.158429634945906
12.424275378381983
10.326258577473565
8.082403212880354
5.954262144993368
4.145865117386324
3.056217980651348
1.9574586522920219
1.2029686764464962
0.7091693312375333
15.313005680976108
13.40038091409616
11.103999160015363
8.66498914614177
6.366282573176863
4.422785153883707
3.2560897062814695
2.082631859648097
1.2790290655640237
0.754147112008639
16.457634907285815
14.365180080301625
11.870333558152693
9.237683343969907
6.770171005201466
4.6938737654780125
3.4515267732458237
2.205058029895936
1.353449222296167
0.7982214067532892
17.59295558286906
15.319476597564915
12.625862726248405
9.8015517373524
7.1667087969166445
4.96220433308839
3.6430173592352117
2.3249783391229646
1.426379018933494
0.8414706490561705