# ../data/BKevo/MV2g_BKevo/mv2g_11.dat
# N(r,Y=0), r, *FL(x,Q^2)
# 1e-05 < r < 100.0
# 1 < Q^2 < 50, n=15, lin grid
# 1e-5 < x < 1e-2, n=10, log grid
###
6.435168782541229e-05
7.240192887090215e-05
8.140513702730943e-05
9.152533170272712e-05
0.00010291894761738442
0.00011567011556557697
0.0001299754525312186
0.00014607022380458165
0.00016409484442357286
0.00018427521373790627
0.0002069637047950041
0.00023238936287445032
0.00026079492961456557
0.0002927061085556992
0.0003284899159192308
0.00036837717379162614
0.00041314920248493276
0.000463385680274683
0.0005192488596387145
0.0005818956803894454
0.0006521499579447385
0.0007302450315925787
0.0008176454497154029
0.000915559404517501
0.0010244390816823087
0.0011459844976900904
0.0012820007662900446
0.0014332989301674758
0.0016017454092411819
0.001790023829178681
0.0019995213441627068
0.002232105124180551
0.0024917470674473106
0.002780744493183042
0.0031006418022920916
0.003457294507806287
0.0038544201832039155
0.004292672880367562
0.004780656435996026
0.005323987907156797
0.0059223949955855655
0.006587600264494633
0.007327437851877778
0.008142759706834205
0.009046787837706858
0.01005146351913128
0.011159882575059215
0.012386357385767896
0.013749141233582618
0.015255549020569073
0.01692045661579388
0.018771907600444258
0.020824860954905995
0.02309454004263064
0.025624311533152797
0.02844261309843303
0.031566230702143545
0.03506267705756041
0.03898361018974863
0.04335240853908716
0.04827472345758134
0.053835430735587254
0.06009529970775247
0.06720225692149379
0.07530315580684853
0.0845298532838847
0.09509815782374154
0.10725572815351145
0.12124806717014933
0.13739662671652206
0.15608998330612442
0.1777133059432021
0.2026859620884657
0.2315114172555517
0.26460028593248697
0.3021518355784595
0.3444788380277621
0.39147203263707564
0.4418323455998953
0.49499559200833304
0.5493692571175512
0.6007754622011983
0.6483254288276235
0.6903824573072455
0.7243834030665387
0.7525302973205736
0.7770248409779669
0.7992472868268208
0.8209192494396274
0.8427641420647927
0.8643385325453274
0.8851917280569445
0.9053053116919978
0.9240197204702911
0.9406023780331463
0.9553322060244944
0.9678707187149534
0.9776184616819208
0.9852952014281945
0.9910437661432259
###
1e-05
1.1768119524349992e-05
1.3848863713938717e-05
1.6297508346206434e-05
1.917910261672489e-05
2.2570197196339216e-05
2.656087782946684e-05
3.1257158496882356e-05
3.678379771828634e-05
4.328761281083062e-05
5.0941380148163754e-05
5.994842503189409e-05
7.054802310718646e-05
8.302175681319735e-05
9.770099572992247e-05
0.00011497569953977356
0.00013530477745798074
0.00015922827933410923
0.0001873817422860383
0.00022051307399030456
0.00025950242113997375
0.0003053855508833416
0.00035938136638046257
0.0004229242874389499
0.0004977023564332109
0.0005857020818056661
0.0006892612104349695
0.0008111308307896872
0.0009545484566618337
0.0011233240329780276
0.0013219411484660286
0.0015556761439304723
0.0018307382802953678
0.002154434690031882
0.0025353644939701114
0.0029836472402833374
0.003511191734215131
0.004132012400115334
0.004862601580065354
0.005722367659350214
0.006734150657750821
0.007924828983539169
0.0093260334688322
0.010974987654930556
0.01291549665014884
0.01519911082952933
0.01788649529057435
0.0210490414451202
0.02477076355991709
0.029150530628251757
0.034304692863149154
0.040370172585965536
0.047508101621027934
0.05590810182512223
0.06579332246575675
0.0774263682681127
0.09111627561154886
0.10722672220103231
0.1261856883066021
0.14849682622544635
0.1747528400007683
0.20565123083486514
0.24201282647943834
0.2848035868435799
0.3351602650938841
0.3944206059437656
0.46415888336127725
0.5462277217684337
0.642807311728432
0.7564633275546291
0.8902150854450375
1.0476157527896641
1.232846739442066
1.4508287784959402
1.7073526474706886
2.009233002565046
2.364489412645407
2.782559402207126
3.274549162877725
3.8535285937105273
4.534878508128582
5.3366992312063015
6.280291441834247
7.390722033525775
8.697490026177835
10.235310218990248
12.045035402587812
14.174741629268048
16.68100537200059
19.630406500402685
23.10129700083158
27.1858824273294
31.992671377973846
37.64935806792464
44.30621457583877
52.14008287999685
61.35907273413163
72.20809018385457
84.97534359086438
100.0
###
0.38204170919737396
0.36873196174142203
0.3466591420572362
0.3143604073829918
0.27283562792872484
0.22599658004151135
0.1906365859872113
0.14707367021842888
0.11029794074064608
0.08124464401816689
1.7915843746246813
1.682319885840912
1.5218536321572622
1.3142597282504802
1.0776850556532291
0.8388979014986714
0.6739544133982609
0.4860802489077697
0.33968776714044707
0.23192754315135575
3.1465010378159657
2.913983766936634
2.589223354974417
2.189460203214307
1.7547866353446029
1.3343262864986802
1.0531936618095867
0.7420105338447318
0.5063210536255149
0.3371117142074429
4.464257781222838
4.0946929716957525
3.5950730411337304
2.9987363742528985
2.3692722114362024
1.7759325371269212
1.387211466976217
0.964053935749696
0.6489799485556745
0.4260756574680859
5.7535684926797135
5.238027952129379
4.557506176018916
3.7633240028969737
2.9427333783287413
2.1834883672168512
1.6931321697817
1.1656917765509056
0.7775446194757905
0.505759203389106
7.019560084436469
6.351705983834327
5.486191858523213
4.494227203067531
3.4860096072318636
2.5665379196089053
1.9791236596448496
1.353017660565852
0.8964280188994684
0.5791664722650431
8.265980429974478
7.440677733550057
6.387603003132065
5.198225317930019
4.005594513148633
2.9305795329410347
2.2498386179668786
1.5296235173177897
1.0080781542865176
0.6479328268833603
9.495082513507711
8.508092082260468
7.265945012779437
5.879897253080508
4.505784533338981
3.279312164906613
2.5083646600259693
1.6976359824175895
1.1140536200109195
0.7130701594519901
10.70892909605578
9.557904808966892
8.124364533947375
6.542541158037655
4.989630966418685
3.615251073154194
2.756716981412663
1.8586119437742519
1.2152758914248591
0.7752584543231339
11.90750976080873
10.590687909109935
8.965268194215522
7.188643894397576
5.459394355637458
3.9402673569078916
2.9964875218228415
2.013627182136833
1.312744419077911
0.8349803635110115
13.096364513236518
11.608525629376373
9.790589467328855
7.820265102680258
5.916793901063426
4.255786602000789
3.228810054284082
2.1635314877020475
1.4067858132102693
0.8926012975927997
14.272077164991943
12.61286372811175
10.601792791532027
8.438724697915942
6.363577659402718
4.562935102372518
3.4545922505050175
2.3089645053997963
1.497909982903468
0.9483943381569461
15.437209707282006
13.604747248377349
11.400031074668386
9.045398887304092
6.800357475684237
4.862617266150718
3.674561405755935
2.450434882929103
1.5864599875658063
1.0025791615615158
16.592368412519896
14.585145307849965
12.186672733261629
9.641059563798775
7.228260559029459
5.155575779089242
3.889312395591367
2.588362121444038
1.6727136177455786
1.0553324654917229
17.738188878380594
15.554869969276927
12.962477742672736
10.227129668011793
7.647993617888746
5.442429611385174
4.099339733682715
2.7230916654079302
1.7568999733000277
1.1067995512479376