# ../data/BKevo/MV2g_BKevo/mv2g_18.dat
# N(r,Y=0), r, *FL(x,Q^2)
# 1e-05 < r < 100.0
# 1 < Q^2 < 50, n=15, lin grid
# 1e-5 < x < 1e-2, n=10, log grid
###
1.0258104666409953e-13
1.4910862888592225e-13
2.183666895158402e-13
3.18937712738265e-13
4.635861024179623e-13
6.774928112368564e-13
9.897131231071965e-13
1.438984760072418e-12
2.0984749905059894e-12
3.06625004087241e-12
4.4586238896339516e-12
6.488235253691665e-12
9.482365771327692e-12
1.3789543571596212e-11
2.0022832356782975e-11
2.9267672295817804e-11
4.2565067994078057e-11
6.166720244315086e-11
9.015281188627829e-11
1.3111873662151679e-10
1.8984516733195296e-10
2.771062059379987e-10
4.030357394847037e-10
5.835205317744895e-10
8.498791342884304e-10
1.2361274245595916e-09
1.789584171955825e-09
2.600752174150066e-09
3.782853263471237e-09
5.476377309854487e-09
7.941260742198791e-09
1.1551676478060183e-08
1.6723578637530335e-08
2.4198923311316014e-08
3.5207143889406506e-08
5.097728492208939e-08
7.361433012871693e-08
1.0714118352851617e-07
1.551867594719106e-07
2.238410636983041e-07
3.2578540324446346e-07
4.7220412100696475e-07
6.816064905113142e-07
9.90945074797156e-07
1.4380514744841702e-06
2.078473150356887e-06
3.020300018775849e-06
4.39169348394617e-06
6.360948580137198e-06
9.246595242770929e-06
1.3485770423525203e-05
1.9595779169105743e-05
2.852611610001475e-05
4.178633863988195e-05
6.099808654896477e-05
8.903529436947098e-05
0.0001312035997055198
0.00019271155385820922
0.00028241664172748903
0.0004193786002360088
0.0006207933789409081
0.0009166755561925903
0.001370603449192574
0.002047558841653695
0.003051063236390989
0.004595039939200538
0.006933003471764627
0.010428314813218273
0.015807696420971247
0.02405369179210065
0.036413915647248205
0.055220133586591655
0.08384738689808079
0.12563280208732203
0.18551793721435825
0.2683848155341838
0.37259174913907733
0.4906229253618975
0.600865042532685
0.6920740894249293
0.7661651795503426
0.832464382161903
0.8955265774773695
0.948239665387038
0.9802911364152033
0.9949053625762101
0.9993788641289081
0.9999704128395424
0.9999992211747749
0.999999995944526
0.9999999999999648
1.0
1.0
1.0
1.0
1.0
1.0
1.0
1.0
1.0
###
1e-05
1.1768119524349992e-05
1.3848863713938717e-05
1.6297508346206434e-05
1.917910261672489e-05
2.2570197196339216e-05
2.656087782946684e-05
3.1257158496882356e-05
3.678379771828634e-05
4.328761281083062e-05
5.0941380148163754e-05
5.994842503189409e-05
7.054802310718646e-05
8.302175681319735e-05
9.770099572992247e-05
0.00011497569953977356
0.00013530477745798074
0.00015922827933410923
0.0001873817422860383
0.00022051307399030456
0.00025950242113997375
0.0003053855508833416
0.00035938136638046257
0.0004229242874389499
0.0004977023564332109
0.0005857020818056661
0.0006892612104349695
0.0008111308307896872
0.0009545484566618337
0.0011233240329780276
0.0013219411484660286
0.0015556761439304723
0.0018307382802953678
0.002154434690031882
0.0025353644939701114
0.0029836472402833374
0.003511191734215131
0.004132012400115334
0.004862601580065354
0.005722367659350214
0.006734150657750821
0.007924828983539169
0.0093260334688322
0.010974987654930556
0.01291549665014884
0.01519911082952933
0.01788649529057435
0.0210490414451202
0.02477076355991709
0.029150530628251757
0.034304692863149154
0.040370172585965536
0.047508101621027934
0.05590810182512223
0.06579332246575675
0.0774263682681127
0.09111627561154886
0.10722672220103231
0.1261856883066021
0.14849682622544635
0.1747528400007683
0.20565123083486514
0.24201282647943834
0.2848035868435799
0.3351602650938841
0.3944206059437656
0.46415888336127725
0.5462277217684337
0.642807311728432
0.7564633275546291
0.8902150854450375
1.0476157527896641
1.232846739442066
1.4508287784959402
1.7073526474706886
2.009233002565046
2.364489412645407
2.782559402207126
3.274549162877725
3.8535285937105273
4.534878508128582
5.3366992312063015
6.280291441834247
7.390722033525775
8.697490026177835
10.235310218990248
12.045035402587812
14.174741629268048
16.68100537200059
19.630406500402685
23.10129700083158
27.1858824273294
31.992671377973846
37.64935806792464
44.30621457583877
52.14008287999685
61.35907273413163
72.20809018385457
84.97534359086438
100.0
###
0.18578602546655007
0.16502481964428256
0.14585537785345146
0.12845271303874703
0.1128992550902978
0.09917077606861972
0.09001915453817426
0.07923317457481222
0.06992873818695981
0.06200315214908288
0.5539331781272251
0.4647806958439746
0.3865786728777681
0.3189077805026799
0.2609915061157323
0.2117630968713699
0.17986942333724293
0.1431875956199526
0.11209245672276681
0.08570885339675828
0.7889612746029543
0.6466551107196804
0.5246558219873361
0.4212575717096886
0.33448942046874613
0.26215753281138343
0.21605841511106147
0.16384104171166533
0.12048548147128034
0.08434850888290862
0.9727998429723426
0.7857387810926453
0.6275905517944013
0.495403951422981
0.38592451153931373
0.2958630322854869
0.23915413151849385
0.17569115364289614
0.12378502146864413
0.08123650777610057
1.1274178841739602
0.9010457670079878
0.711587299277576
0.5548089258327277
0.4262718837350687
0.32158378274499766
0.256284176512198
0.18392059605040134
0.12546354406512678
0.07827795187750118
1.2625674281138684
1.0007356668025762
0.7833561572147358
0.6049277416626704
0.4597894694378804
0.3425602921389122
0.2699909086144831
0.1902227641665673
0.12645452077487399
0.07555697096897028
1.38358989480821
1.0892567909441178
0.8465331266221967
0.6485973815028299
0.48866496111626173
0.3603736930909
0.28146802399510895
0.1953355596719632
0.1271048510849096
0.07322713816289945
1.4937889330971563
1.1693071748570643
0.903242220631095
0.6874855264428539
0.5141514527690489
0.3759154490431488
0.29137386243774904
0.19964665508633234
0.12756262782746453
0.07118605865241275
1.5953655258832724
1.2426644908197628
0.9548915730379648
0.7226664333808341
0.53702481483684
0.3897419925663964
0.30011044303739054
0.20338140752763534
0.12790660112057037
0.06938320595084503
1.6898564945764936
1.3105727133757623
1.0024529802847824
0.7548767276910808
0.5578313110748868
0.40222291075002503
0.3079410984423407
0.20668172263247403
0.12817840835401337
0.06777932197357267
1.7784108569862407
1.373938697107936
1.0466296965707014
0.7846456133007926
0.5769528226040535
0.41361745987204657
0.3150479135577505
0.20964311438434402
0.12840080793480996
0.06634117798403043
1.8619017210082098
1.4334559796690125
1.0879518964707915
0.8123824347143328
0.5946713601548513
0.42411616567189614
0.3215613144764705
0.2123319976738476
0.1285905297467107
0.06504064430283474
1.9410093993860116
1.4896669813604502
1.1268268010049476
0.8383624607580663
0.6112013705009908
0.43386072063041314
0.3275802274607746
0.21479698919699597
0.12875551476344527
0.06385763123855541
2.0162773261821423
1.54296663383292
1.1635768012402175
0.8628287704455114
0.6267101653094936
0.44296186714149677
0.3331795786626798
0.21707594441250835
0.12890383242110345
0.0627774217446718
2.0881473269058697
1.5936816901684383
1.1984614985121471
0.8859806045302588
0.6413309112939047
0.45150678052814025
0.33841832950859424
0.21919264172883138
0.12903888766602706
0.061781398245087285