# ../data/BKevo/MV2g_BKevo/mv2g_45.dat
# N(r,Y=0), r, *FL(x,Q^2)
# 1e-05 < r < 100.0
# 1 < Q^2 < 50, n=15, lin grid
# 1e-5 < x < 1e-2, n=10, log grid
###
4.4686388125840095e-09
5.71927826493086e-09
7.332961554455289e-09
9.394951128296527e-09
1.202057715018316e-08
1.5398171203801648e-08
1.9721504115707894e-08
2.5224283306639723e-08
3.228137168870939e-08
4.13295041995301e-08
5.284067005249997e-08
6.755742835960066e-08
8.64566028513664e-08
1.104879447201031e-07
1.411147001676319e-07
1.8050594306764802e-07
2.3056531867688488e-07
2.9415986313990503e-07
3.760728270755614e-07
4.801037827961586e-07
6.120888445027465e-07
7.81745730536677e-07
9.973836273467187e-07
1.2707692890799168e-06
1.621037317391509e-06
2.0667804338041412e-06
2.6314504253453626e-06
3.3525203252685616e-06
4.271174835620727e-06
5.433943146945255e-06
6.913794928714788e-06
8.801105567604438e-06
1.1187760803139406e-05
1.4215015534422382e-05
1.807946286812481e-05
2.2961715126690516e-05
2.913358674065766e-05
3.701930605401678e-05
4.697232232660477e-05
5.952171566225217e-05
7.554922911015556e-05
9.57711369217058e-05
0.0001212453256862277
0.00015367568352637917
0.00019463449744504193
0.0002461930760931415
0.0003116370320250097
0.0003943938915019889
0.0004985198265149346
0.0006303516835585463
0.0007973399193778577
0.0010074546367956445
0.001272959992609202
0.001610091188673849
0.0020346338261446823
0.002570508016371788
0.003253424037496034
0.0041150803162349385
0.005202726299518194
0.006596295297733617
0.00836073912331451
0.010596084086851372
0.013470621098207352
0.01713597903397979
0.021806325761646348
0.027840201570259293
0.0356041314088484
0.04556311646431227
0.05848492591807607
0.07524549721066258
0.09681789380545851
0.12472725271840034
0.16079337641248417
0.20657778127101212
0.26408637038174837
0.33490445868569385
0.41869673895618376
0.5134232450536547
0.6112802908377286
0.7052251374037447
0.7872918005821838
0.8483228345574598
0.8953586101059859
0.9326991014324537
0.960381977772387
0.9797883243512006
0.9917893193058122
0.9973205938010312
0.9993155942371557
0.9998945094383949
0.9999914887552144
0.9999994242780678
0.999999984104786
0.9999999999678054
0.9999999999998544
0.9999999999999999
1.0
1.0
1.0
1.0
###
1e-05
1.1768119524349992e-05
1.3848863713938717e-05
1.6297508346206434e-05
1.917910261672489e-05
2.2570197196339216e-05
2.656087782946684e-05
3.1257158496882356e-05
3.678379771828634e-05
4.328761281083062e-05
5.0941380148163754e-05
5.994842503189409e-05
7.054802310718646e-05
8.302175681319735e-05
9.770099572992247e-05
0.00011497569953977356
0.00013530477745798074
0.00015922827933410923
0.0001873817422860383
0.00022051307399030456
0.00025950242113997375
0.0003053855508833416
0.00035938136638046257
0.0004229242874389499
0.0004977023564332109
0.0005857020818056661
0.0006892612104349695
0.0008111308307896872
0.0009545484566618337
0.0011233240329780276
0.0013219411484660286
0.0015556761439304723
0.0018307382802953678
0.002154434690031882
0.0025353644939701114
0.0029836472402833374
0.003511191734215131
0.004132012400115334
0.004862601580065354
0.005722367659350214
0.006734150657750821
0.007924828983539169
0.0093260334688322
0.010974987654930556
0.01291549665014884
0.01519911082952933
0.01788649529057435
0.0210490414451202
0.02477076355991709
0.029150530628251757
0.034304692863149154
0.040370172585965536
0.047508101621027934
0.05590810182512223
0.06579332246575675
0.0774263682681127
0.09111627561154886
0.10722672220103231
0.1261856883066021
0.14849682622544635
0.1747528400007683
0.20565123083486514
0.24201282647943834
0.2848035868435799
0.3351602650938841
0.3944206059437656
0.46415888336127725
0.5462277217684337
0.642807311728432
0.7564633275546291
0.8902150854450375
1.0476157527896641
1.232846739442066
1.4508287784959402
1.7073526474706886
2.009233002565046
2.364489412645407
2.782559402207126
3.274549162877725
3.8535285937105273
4.534878508128582
5.3366992312063015
6.280291441834247
7.390722033525775
8.697490026177835
10.235310218990248
12.045035402587812
14.174741629268048
16.68100537200059
19.630406500402685
23.10129700083158
27.1858824273294
31.992671377973846
37.64935806792464
44.30621457583877
52.14008287999685
61.35907273413163
72.20809018385457
84.97534359086438
100.0
###
0.24786538735447683
0.223587270148671
0.19957220816279997
0.17654249206218495
0.15500728724764917
0.1353171441802809
0.12187508604387993
0.10576242299261722
0.09166744389045736
0.07945883141982489
0.8596058453916922
0.7371099578193255
0.6239216398494412
0.5218976925696434
0.431891289200053
0.35388166545044636
0.30287801806552644
0.2440814900130196
0.19465826248323773
0.15334658862224235
1.3055222258378536
1.0963660140380296
0.9082776717338122
0.7429719482974392
0.600523097300659
0.4798523765941247
0.4024263170731549
0.31473259987594143
0.24250609480637822
0.18329097207353282
1.6775582525773887
1.3903465581170358
1.1364153376237203
0.9167582730452638
0.7302862367232288
0.5745528134413103
0.4758387857990355
0.3653557219181724
0.2755887752138657
0.20303467333437553
2.0041093142599036
1.6451575830999359
1.331660087654039
1.0635677204995257
0.8384377825118237
0.6523607584400334
0.5354666474996361
0.40579727213517086
0.30150106315470176
0.21813307133844898
2.2988217583681454
1.872976472310578
1.5046051936919809
1.1923960355135137
0.932426328134414
0.7193023927183365
0.5863592127834056
0.4399128138515941
0.3231007503727975
0.2305459637830991
2.569490899175048
2.0806991548532654
1.6611581543592469
1.3081717514658826
1.0163081321608576
0.7785592842321639
0.631141605682173
0.46966530006333623
0.34178161367695636
0.24119202062741912
2.8211624193008453
2.272685985275446
1.805005095047511
1.4139140540958002
1.0924199295313788
0.8320226122069777
0.6713604912213609
0.4962092509248718
0.35834121220542364
0.25057837229207025
3.057241541852691
2.4519244529213022
1.9386268787258474
1.5116546970924443
1.1624271898281089
0.8809584263693606
0.7080226574837267
0.5202950457468329
0.37328128478823064
0.25901572974523435
3.280357021801771
2.6205486653933243
2.06379829555114
1.6028249592088741
1.227448770055476
0.926198252073387
0.741805960047721
0.5423973837483652
0.38693762530122056
0.26670812758671764
3.492418171240622
2.7801582569445373
2.1818345624076487
1.6884693746925483
1.2883086615530845
0.9683838312763325
0.7732196128250746
0.5628728909377285
0.3995477956462941
0.2737983622294265
3.694753646535393
2.932018264787471
2.2937437888193424
1.7694364121996253
1.3456304874826497
1.0079861238626064
0.802636949332757
0.5819858084377006
0.4112866534223164
0.2803909289895274
3.88861976222739
3.0770430729077356
2.4003500267278675
1.8462949424815585
1.3998991328218302
1.045356894699394
0.8303451991192917
0.5999306970853403
0.42228689957653426
0.2865630800157085
4.074954495985798
3.216017846526422
2.5022288975248714
1.9195698610036178
1.4515003267476154
1.0808078938329029
0.8565707858516121
0.6168897800001614
0.4326517642342528
0.2923752001246517
4.2545431032562275
3.3496539990966436
2.59993026606283
1.9896695647916478
1.5007447264455498
1.1145601925901265
0.8814957288567182
0.6329643947193685
0.4424633836909087
0.29787490379746345