# data/BKevo/ATAN_BKevo/atan51.dat
# N(r,Y=0), r, *FL(x,Q^2)
# 1e-05 < r < 100.0
# 1 < Q^2 < 50, n=15, lin grid
# 1e-5 < x < 1e-2, n=10, log grid
###
9.85900856394886e-09
1.2373433130544261e-08
1.5550506028954712e-08
1.953542054703417e-08
2.4520788662481588e-08
3.0808169181824004e-08
3.870824139661169e-08
4.859262936781901e-08
6.103481787352238e-08
7.669643445875236e-08
9.629373295010932e-08
1.2091486767298146e-07
1.5196300312296177e-07
1.9081706648704371e-07
2.3953663055456633e-07
3.0108659486979085e-07
3.781184634350215e-07
4.7451968683209225e-07
5.965347261608702e-07
7.492554984920348e-07
9.402931031192223e-07
1.1818726841912445e-06
1.4846472694622983e-06
1.863421223399803e-06
2.3415110356075922e-06
2.941763961176772e-06
3.6927559436854538e-06
4.638869579771842e-06
5.828857744565762e-06
7.3178223458870075e-06
9.190061989736463e-06
1.1549151396896597e-05
1.450122535828493e-05
1.8206015732895308e-05
2.2882714901959705e-05
2.8735515670656416e-05
3.6066285470011226e-05
4.5337305427218466e-05
5.694092844034857e-05
7.145525047399804e-05
8.982438132983698e-05
0.0001128290610864272
0.00014160692593003893
0.00017796004145296547
0.00022356686766637047
0.0002806241324659806
0.0003525648125649842
0.00044297770020144
0.0005560999796989481
0.0006984571324235784
0.0008776853811024049
0.0011019469977076354
0.0013836134328541012
0.001738858880852185
0.0021833784780994603
0.0027405482441244786
0.003444459112505816
0.004325200673757223
0.005426724663491133
0.006820409478132806
0.00856358812083981
0.010742065132136873
0.013491882133100014
0.016932323744472837
0.021225472881903674
0.026621042250539087
0.03336132718375752
0.04173794273754895
0.052180411380205384
0.06513539067373464
0.08106614729756906
0.10059228036072002
0.12433673707268154
0.15280467690910982
0.18649937331307315
0.22560299645381038
0.2701165308085882
0.31964675518866303
0.3725066302912918
0.4280823289720952
0.48503470428812906
0.540048265121444
0.5932382753968964
0.6437499041582289
0.6891826692915888
0.7303580593398337
0.7676356487867587
0.799992518907232
0.828166799725276
0.8530740204401281
0.8744378998626795
0.8925959441552277
0.908476775035842
0.9220936993089542
0.9334820536640033
0.9433949008357019
0.9519340474294481
0.9589881512693715
0.9651152427804438
0.9704286092104816
###
1e-05
1.1768119524349992e-05
1.3848863713938717e-05
1.6297508346206434e-05
1.917910261672489e-05
2.2570197196339216e-05
2.656087782946684e-05
3.1257158496882356e-05
3.678379771828634e-05
4.328761281083062e-05
5.0941380148163754e-05
5.994842503189409e-05
7.054802310718646e-05
8.302175681319735e-05
9.770099572992247e-05
0.00011497569953977356
0.00013530477745798074
0.00015922827933410923
0.0001873817422860383
0.00022051307399030456
0.00025950242113997375
0.0003053855508833416
0.00035938136638046257
0.0004229242874389499
0.0004977023564332109
0.0005857020818056661
0.0006892612104349695
0.0008111308307896872
0.0009545484566618337
0.0011233240329780276
0.0013219411484660286
0.0015556761439304723
0.0018307382802953678
0.002154434690031882
0.0025353644939701114
0.0029836472402833374
0.003511191734215131
0.004132012400115334
0.004862601580065354
0.005722367659350214
0.006734150657750821
0.007924828983539169
0.0093260334688322
0.010974987654930556
0.01291549665014884
0.01519911082952933
0.01788649529057435
0.0210490414451202
0.02477076355991709
0.029150530628251757
0.034304692863149154
0.040370172585965536
0.047508101621027934
0.05590810182512223
0.06579332246575675
0.0774263682681127
0.09111627561154886
0.10722672220103231
0.1261856883066021
0.14849682622544635
0.1747528400007683
0.20565123083486514
0.24201282647943834
0.2848035868435799
0.3351602650938841
0.3944206059437656
0.46415888336127725
0.5462277217684337
0.642807311728432
0.7564633275546291
0.8902150854450375
1.0476157527896641
1.232846739442066
1.4508287784959402
1.7073526474706886
2.009233002565046
2.364489412645407
2.782559402207126
3.274549162877725
3.8535285937105273
4.534878508128582
5.3366992312063015
6.280291441834247
7.390722033525775
8.697490026177835
10.235310218990248
12.045035402587812
14.174741629268048
16.68100537200059
19.630406500402685
23.10129700083158
27.1858824273294
31.992671377973846
37.64935806792464
44.30621457583877
52.14008287999685
61.35907273413163
72.20809018385457
84.97534359086438
100.0
###
0.23811023924963867
0.21144901648037756
0.18504885901893614
0.15971161601440434
0.13603940145096916
0.11449472751932122
0.09987380406831299
0.08250327003403009
0.0675237153437188
0.0548109889553829
0.8230360487197836
0.695928123680224
0.5793482114887984
0.47522915080799494
0.384453670585845
0.3070626520295206
0.25731533376482135
0.20115520532798323
0.15534789295943774
0.11844663106508102
1.2502531396678778
1.0364621704172445
0.8459238962390596
0.6802567399538707
0.5394584000005416
0.4221409291661894
0.3482534080885775
0.26637577922539574
0.20094101100834927
0.14926216477368506
1.6074441834791926
1.3161339791835331
1.0609809808472088
0.8427565229584705
0.6601014832185678
0.5100882632442152
0.41673846953272925
0.3144582558878457
0.23375894943200456
0.17081030359727578
1.9215333657069
1.5592009148523815
1.2457617923472262
0.9808044974215199
0.7614265076029924
0.5830924077471438
0.4730685687494088
0.35349855675259423
0.26003180953327915
0.18776263398017715
2.205400450896193
1.7770096839647274
1.4099526896997598
1.1024611049705417
0.8499795238254464
0.6463624226035761
0.5215686257703649
0.3868028605676601
0.28220546320316764
0.2019121839496722
2.4664394470635678
1.9759698941574118
1.5589535941561268
1.2121648450550377
0.9293189198611171
0.7026856800796801
0.5645204550776225
0.41609943041994624
0.3015525143640136
0.21415630636527125
2.709457036821378
2.1601674273838563
1.6961594409959986
1.3126181759640838
1.0016167894977492
0.7537371751932785
0.6033011378109865
0.4423852554859881
0.3188253167394997
0.22501056403223266
2.937715874205849
2.3323766033661535
1.8238557594037244
1.4057197733441817
1.068314889192741
0.8006183986977862
0.638795044471959
0.4663524655389135
0.33448411746220064
0.23479949285089188
3.153597150161042
2.4945970927296583
1.9436767335483192
1.4927488260286115
1.1304288502312236
0.8441176199093193
0.6716421719463253
0.48842471852307656
0.34885245239154083
0.24374342817005626
3.3588957163414594
2.648326092628196
2.0568372959530445
1.5746679626661333
1.1887042047189977
0.8847930402645674
0.7022609742129623
0.5089427140884728
0.3621616278835699
0.25199826327084834
3.555059319651789
2.794630229168977
2.1642701016547883
1.652262632465332
1.2437071048430461
0.9230704327863728
0.7310220539336132
0.5281517699037936
0.3745836094435468
0.25967270072694604
3.7430777480675537
2.9345933592226086
2.266709448358877
1.726014054089288
1.295879112864113
0.9592841963305667
0.7581769711430996
0.5462406882556066
0.386251717182975
0.26688393385544235
3.923824840998918
3.068890911460377
2.3647459003628315
1.796427449060748
1.345572296059795
0.9936966943199496
0.7839352512260571
0.563358275828176
0.39727132911801416
0.27366013637256376
4.098267638048429
3.1980865765770847
2.458867476722396
1.863878667438076
1.393072681232876
1.0265206603192167
0.8084647541812175
0.579623897736222
0.40770553480140664
0.28007186435112913