# ../data/BKevo/MV2g_BKevo/mv2g_22.dat
# N(r,Y=0), r, *FL(x,Q^2)
# 1e-05 < r < 100.0
# 1 < Q^2 < 50, n=15, lin grid
# 1e-5 < x < 1e-2, n=10, log grid
###
6.434550804628437e-05
7.239401974084534e-05
8.139499663513666e-05
9.151234029527285e-05
0.00010290232605494602
0.00011564882447717642
0.00012994818483338532
0.0001460353495624261
0.00016405021597051646
0.00018421808035422188
0.00020689066413664837
0.00023229598773618102
0.0002606754450961673
0.00029255342973031343
0.00032829494034078194
0.0003681278101358714
0.00041283073721346057
0.0004629794525035383
0.0005187296296865512
0.0005812329853194893
0.0006513053173576419
0.0007291666356859865
0.0008162701007243987
0.0009138077938186776
0.0010222057582182675
0.001143138644704842
0.0012783796170760015
0.001428688817856284
0.0015958768636923726
0.0017825644610314248
0.001990040489952604
0.0022200509244225974
0.0024764447854238145
0.0027613315105297106
0.0030759959401182673
0.0034260560431890715
0.003814874368175818
0.004242557918628558
0.004717257099533978
0.005243916374643348
0.005821165870450209
0.006459843289275122
0.0071664935402626275
0.007939954171886851
0.008791615550067232
0.009731051158414824
0.010757761261101357
0.011882411741329204
0.013119050330876332
0.014468821353391293
0.015939729774093154
0.01755271425352861
0.019312752080806468
0.02122320797456313
0.023316390621650744
0.02560611150713571
0.028091891194468862
0.030826555836139864
0.033844267404293395
0.037153457114769826
0.04084743937981048
0.04500304047776092
0.04970043030417283
0.055106190367431654
0.06141336072514825
0.06889639252820758
0.07792508567535175
0.08896626703198802
0.10273908589218188
0.12012399437437166
0.14211149003128293
0.1701548264303547
0.2058861813540401
0.2505137171765239
0.30515407878047746
0.36944544985546746
0.4408976128945515
0.5144659840090221
0.5791592286548775
0.6304693722461756
0.6659775865685076
0.6873272316262128
0.7045159702561865
0.7215837675035884
0.73951397466367
0.7585764783819716
0.7787631654777396
0.7996176587865088
0.8209786732138405
0.8427689191018742
0.8643386646454875
0.885191731701843
0.9053053117252243
0.9240197204702952
0.9406023780331463
0.9553322060244944
0.9678707187149534
0.9776184616819208
0.9852952014281945
0.9910437661432259
###
1e-05
1.1768119524349992e-05
1.3848863713938717e-05
1.6297508346206434e-05
1.917910261672489e-05
2.2570197196339216e-05
2.656087782946684e-05
3.1257158496882356e-05
3.678379771828634e-05
4.328761281083062e-05
5.0941380148163754e-05
5.994842503189409e-05
7.054802310718646e-05
8.302175681319735e-05
9.770099572992247e-05
0.00011497569953977356
0.00013530477745798074
0.00015922827933410923
0.0001873817422860383
0.00022051307399030456
0.00025950242113997375
0.0003053855508833416
0.00035938136638046257
0.0004229242874389499
0.0004977023564332109
0.0005857020818056661
0.0006892612104349695
0.0008111308307896872
0.0009545484566618337
0.0011233240329780276
0.0013219411484660286
0.0015556761439304723
0.0018307382802953678
0.002154434690031882
0.0025353644939701114
0.0029836472402833374
0.003511191734215131
0.004132012400115334
0.004862601580065354
0.005722367659350214
0.006734150657750821
0.007924828983539169
0.0093260334688322
0.010974987654930556
0.01291549665014884
0.01519911082952933
0.01788649529057435
0.0210490414451202
0.02477076355991709
0.029150530628251757
0.034304692863149154
0.040370172585965536
0.047508101621027934
0.05590810182512223
0.06579332246575675
0.0774263682681127
0.09111627561154886
0.10722672220103231
0.1261856883066021
0.14849682622544635
0.1747528400007683
0.20565123083486514
0.24201282647943834
0.2848035868435799
0.3351602650938841
0.3944206059437656
0.46415888336127725
0.5462277217684337
0.642807311728432
0.7564633275546291
0.8902150854450375
1.0476157527896641
1.232846739442066
1.4508287784959402
1.7073526474706886
2.009233002565046
2.364489412645407
2.782559402207126
3.274549162877725
3.8535285937105273
4.534878508128582
5.3366992312063015
6.280291441834247
7.390722033525775
8.697490026177835
10.235310218990248
12.045035402587812
14.174741629268048
16.68100537200059
19.630406500402685
23.10129700083158
27.1858824273294
31.992671377973846
37.64935806792464
44.30621457583877
52.14008287999685
61.35907273413163
72.20809018385457
84.97534359086438
100.0
###
0.3813049346111594
0.367208224490574
0.34399052089454496
0.3105186882774133
0.2684901492228752
0.22251331175857783
0.18882509964080044
0.1485366334210386
0.11548881180421638
0.0899351606488314
1.785515225932858
1.6707898760220732
1.5028953934135718
1.2875325925010894
1.0460652775379213
0.8070496734547268
0.645170177314598
0.4643579360881049
0.32595326548854914
0.22539838562961007
3.1338412306377785
2.8907682519075077
2.5524943918058405
2.1390522550087887
1.6959427879476963
1.2742927009850424
0.9972571170216492
0.6955930723563263
0.470602898352662
0.3108344970532477
4.444449811814987
4.059400634619933
3.5405520928843117
2.9254921466770116
2.2848335987385995
1.6899652355330976
1.3064317683168074
0.895293761509198
0.5934826861214613
0.3822005252940959
5.726300898457551
5.190531742791886
4.485405659697059
3.668081337333534
2.8342288810021006
2.073598413324622
1.5896743954792085
1.0766295067036846
0.7043080958074499
0.44632426535086156
6.9847033711350885
6.291933833804297
5.396976508762837
4.377822325043179
3.3546941039454734
2.434190092016715
1.8546067794991974
1.245383469127351
0.8070989593076212
0.505786001089718
8.223277978577238
7.368990684539051
6.281489585727498
5.061390251401918
3.8525523945780553
2.777116230561888
2.1056608065846483
1.4047286412355966
0.9039856982485692
0.5619174101959048
9.444580561720127
8.424645087579442
7.143219708014467
5.723282760761243
4.331960108764318
3.1058092755149147
2.345629556279896
1.5566427697559078
0.9962582458993527
0.6154607430805629
10.650472529780824
9.461814738990283
7.985663228329731
6.366731151168209
4.795845636112483
3.422655810842705
2.5764539638295485
1.702470269252608
1.084786318697113
0.6669234705102016
11.842340307088364
10.48254918968548
8.810642639406701
6.994132669364752
5.246393367096657
3.7294231777621607
2.7995037711079527
1.8431732191139245
1.170176527188394
0.7166450283983182
13.021736054013672
11.488485312886354
9.620456595329204
7.6074720393274795
5.6852728513183735
4.027411057887209
3.0158443794317056
1.979464897893577
1.252886094414058
0.7648853406403978
14.189547887871806
12.480961949315402
10.416149367752423
8.208116180333134
6.113806931736976
4.317669574533925
3.226298080316932
2.1119224042831064
1.3333017273273144
0.8118374125579275
15.346640178152407
13.46109510840518
11.199197813800593
8.797577759986204
6.5330684576537985
4.601042223925568
3.4315221050237987
2.2409678903627093
1.4116139365063725
0.8576474277381423
16.493752311840822
14.429829930300135
11.970895138272903
9.376754809047123
6.943775123631584
4.878216285726432
3.6320525390152123
2.3669518268370973
1.4880792190904322
0.9024392328288842
17.63152451223492
15.387977357409115
12.731968051737345
9.946273217539861
7.346980323543637
5.1497643358526775
3.828334315974943
2.4901987415941447
1.5628865193325006
0.94631247014776