# datat/BKevo/MVg_BKevo/mvg32.dat
# N(r,Y=0), r, *FL(x,Q^2)
# 1e-05 < r < 100.0
# 1 < Q^2 < 50, n=15, log grid
# 1e-5 < x < 1e-2, n=10, log grid
###
4.712950527538068e-13
6.849828157279426e-13
1.003026209691412e-12
1.464819012662388e-12
2.1293372697752578e-12
3.1115628552312495e-12
4.5452273574105375e-12
6.6078457017658124e-12
9.635746970596745e-12
1.4078166833094228e-11
2.046881594088266e-11
2.9783209790145957e-11
4.352106473638847e-11
6.328023247777776e-11
9.186934849617953e-11
1.3425884917205402e-10
1.9521366203108428e-10
2.827501708950403e-10
4.1323251932302214e-10
6.008060739722728e-10
8.695805370429029e-10
1.2687049090590617e-09
1.8443429396097868e-09
2.6688100662717747e-09
3.884482984913535e-09
5.645703295477302e-09
8.166872801913784e-09
1.1857336959151996e-08
1.7227846823418057e-08
2.491060341279647e-08
3.607253821408199e-08
5.2387275803515964e-08
7.570755090308923e-08
1.0932793230441954e-07
1.5867950501907825e-07
2.291542189293552e-07
3.299510755246652e-07
4.78521901910387e-07
6.904344678268997e-07
9.916918135795004e-07
1.4358708194924955e-06
2.0694425624532974e-06
2.968780906444684e-06
4.284121688486217e-06
6.165975967125419e-06
8.832409768879001e-06
1.2699550938305641e-05
1.824709061894696e-05
2.609063851047844e-05
3.736673150065609e-05
5.35792656077945e-05
7.644374984836957e-05
0.00010901538229015813
0.00015592954949906606
0.00022189782828961355
0.00031498923784080283
0.000449242708717991
0.000637396620376501
0.000900359648096917
0.0012799077494770185
0.0018099337494676092
0.0025474581823251457
0.0036030053094890623
0.005077066292205278
0.007120766911271635
0.010017542764546916
0.014064249637897859
0.019652747270083162
0.027492865280308598
0.03843065892674838
0.05343758858673671
0.07418148633114595
0.10284105158895726
0.14145438171103414
0.19312343244146332
0.26161888994545096
0.348615467515373
0.45514622591771503
0.5773414101050178
0.7061542150499678
0.8277286159211319
0.9168251448136411
0.970706771273095
0.9942350478614157
0.9993225566034303
0.9999585291137082
0.999999420675431
0.9999999997521803
0.9999999999998923
1.0
1.0
1.0
1.0
1.0
1.0
1.0
1.0
1.0
1.0
1.0
###
1e-05
1.1768119524349992e-05
1.3848863713938717e-05
1.6297508346206434e-05
1.917910261672489e-05
2.2570197196339216e-05
2.656087782946684e-05
3.1257158496882356e-05
3.678379771828634e-05
4.328761281083062e-05
5.0941380148163754e-05
5.994842503189409e-05
7.054802310718646e-05
8.302175681319735e-05
9.770099572992247e-05
0.00011497569953977356
0.00013530477745798074
0.00015922827933410923
0.0001873817422860383
0.00022051307399030456
0.00025950242113997375
0.0003053855508833416
0.00035938136638046257
0.0004229242874389499
0.0004977023564332109
0.0005857020818056661
0.0006892612104349695
0.0008111308307896872
0.0009545484566618337
0.0011233240329780276
0.0013219411484660286
0.0015556761439304723
0.0018307382802953678
0.002154434690031882
0.0025353644939701114
0.0029836472402833374
0.003511191734215131
0.004132012400115334
0.004862601580065354
0.005722367659350214
0.006734150657750821
0.007924828983539169
0.0093260334688322
0.010974987654930556
0.01291549665014884
0.01519911082952933
0.01788649529057435
0.0210490414451202
0.02477076355991709
0.029150530628251757
0.034304692863149154
0.040370172585965536
0.047508101621027934
0.05590810182512223
0.06579332246575675
0.0774263682681127
0.09111627561154886
0.10722672220103231
0.1261856883066021
0.14849682622544635
0.1747528400007683
0.20565123083486514
0.24201282647943834
0.2848035868435799
0.3351602650938841
0.3944206059437656
0.46415888336127725
0.5462277217684337
0.642807311728432
0.7564633275546291
0.8902150854450375
1.0476157527896641
1.232846739442066
1.4508287784959402
1.7073526474706886
2.009233002565046
2.364489412645407
2.782559402207126
3.274549162877725
3.8535285937105273
4.534878508128582
5.3366992312063015
6.280291441834247
7.390722033525775
8.697490026177835
10.235310218990248
12.045035402587812
14.174741629268048
16.68100537200059
19.630406500402685
23.10129700083158
27.1858824273294
31.992671377973846
37.64935806792464
44.30621457583877
52.14008287999685
61.35907273413163
72.20809018385457
84.97534359086438
100.0
###
0.19965362795636446
0.17780811583315936
0.15730646636444445
0.1384692952848454
0.12144415802637212
0.10628454395850248
0.09613452667162034
0.08408647535827654
0.07361958580746922
0.06460983001348666
0.6181936891964418
0.5213352476597418
0.43545739899252317
0.3604698496310609
0.29582928619757914
0.2406817506975948
0.20487907701224478
0.16366029881396532
0.12887855229260103
0.09948404852321086
0.894403434560208
0.737763404888671
0.602055063324736
0.48620214234643955
0.38840889522878175
0.30663741456877963
0.2545007538672784
0.19552106380464812
0.14676463413001958
0.10645041359676181
1.1138147045391538
0.9060500089576969
0.7286933465855463
0.5793831364595171
0.4550976403085982
0.3525686633927732
0.2879703120739293
0.21579428256734526
0.15701974230446897
0.10922170878658521
1.3001640303421527
1.0470093525364579
0.8332427721237434
0.6550837751934467
0.5082923539766367
0.3884199248637237
0.31358283491666933
0.2307518913200471
0.16408889721600503
0.11058631108668461
1.4642264936183738
1.1698538306713904
0.9233615008041964
0.7196029839286037
0.553035315656962
0.41809951352390257
0.3344879019630719
0.24264661798950476
0.16943934387420592
0.11132274587135461
1.611913352102793
1.279562263673953
1.0031751409746834
0.7762143675921104
0.5918960166683928
0.4435770537123597
0.3522352008692407
0.2525431382257871
0.1737225004189935
0.1117302349781845
1.7470078696112452
1.3792564014096889
1.075197641978579
0.8269113515796347
0.6264116557944485
0.4659855889904165
0.36770637015632585
0.26103332886961933
0.17726565526996402
0.11194863578838458
1.8719889239356577
1.4709774719708613
1.1410744579078624
0.8729956681751325
0.6575644390195993
0.48605501500336407
0.3814533327925916
0.2684758633921449
0.18032485264645032
0.11205078793060215
1.9886348320019418
1.5561727215351082
1.2019503740048747
0.9153549492200247
0.6860271057293201
0.5042549072209498
0.39384611005520254
0.27510945498092
0.18297641305144274
0.11207729907156173
2.098327543854499
1.635951199388373
1.258676360855263
0.9546368661953185
0.7122821537436349
0.5209403599268111
0.4051447687902415
0.28109765812296783
0.18532466153816451
0.11205311541336205
2.2019534972765595
1.711036478671353
1.3118807250094726
0.9913252448683589
0.7366888507086813
0.5363668478617345
0.41553976043241536
0.2865588627669559
0.18742970509455525
0.11199522209044699
2.3003584122656777
1.782098391452951
1.362053515797754
1.0257935999841956
0.7595220945129081
0.5507284509018091
0.42517475262608684
0.2915814435234268
0.18933671820232698
0.11191340077922185
2.39417580301034
1.8496400419189338
1.4095964648544692
1.0583367432053559
0.7810139712902114
0.5641764501754971
0.4341610632408352
0.2962330763751794
0.19107901730799864
0.11181591135527275
2.483922403332708
1.9140699142492785
1.4548114223408986
1.0891918117473585
0.8013113343710101
0.5768311211355777
0.4425866865540065
0.3005667557876359
0.19268207247695257
0.11170483961277367