# data/BKevo/ATAN_BKevo/atan48.dat
# N(r,Y=0), r, *FL(x,Q^2)
# 1e-05 < r < 100.0
# 1 < Q^2 < 50, n=15, lin grid
# 1e-5 < x < 1e-2, n=10, log grid
###
2.6587472610789623e-05
3.029270332416267e-05
3.450086296474493e-05
3.9297835934005556e-05
4.4772707575249665e-05
5.099655047171525e-05
5.808483700716591e-05
6.617457876586246e-05
7.537967710865468e-05
8.585379250966551e-05
9.78073565916067e-05
0.00011142185508545737
0.0001268991674782212
0.00014456207592251536
0.00016469831116820442
0.00018756882150040873
0.00021366813462838345
0.00024345044085485778
0.00027724589481109075
0.0003158113092505345
0.0003598286334784066
0.0004098002373958504
0.0004667863458619711
0.0005318264816176156
0.0006057339320827412
0.000689939745742474
0.0007860437006756401
0.0008953528558418312
0.001019780601713275
0.0011617854269785532
0.0013234549787750204
0.001507318029136748
0.0017171477226841818
0.0019562607755209864
0.002227950815604175
0.002538001528872264
0.0028916579963152913
0.003293129643728798
0.003751271841050799
0.004274187204074122
0.004867595439204568
0.005544565014875135
0.00631722183958375
0.007194858280014549
0.00819517614980352
0.009336847529989445
0.010634849071856804
0.012112948014862044
0.013799851207501723
0.015719531297881634
0.01790355063784099
0.02039597153177448
0.023234928058902603
0.026461732824781335
0.03014388508260782
0.03434167227823579
0.03910804053494371
0.044546091507727176
0.050750450894885085
0.05778651308710572
0.06581090513807039
0.07496246102412381
0.08533978192297459
0.09715356268633321
0.11060883965984064
0.12584975541843263
0.14313786436392567
0.1627602904585737
0.18489481572875957
0.20980162822693624
0.23782502558573404
0.2690797944536436
0.3035965604236007
0.34163394840727174
0.38296799908537504
0.42680744243454877
0.47312624711557316
0.5211158400356877
0.5685758191151534
0.615632741838688
0.6613509073969303
0.7031410348345375
0.741924187430582
0.7774684844243648
0.808348587981961
0.8356000338874705
0.859739471023987
0.8802666912617646
0.8978470223195542
0.9131882979439029
0.9261909672362011
0.9371305246742812
0.9466247167976083
0.9547090326872132
0.9614279874379048
0.9672495776698201
0.9722439923317087
0.9763538546100529
0.9799137650923708
0.9829934493369409
###
1e-05
1.1768119524349992e-05
1.3848863713938717e-05
1.6297508346206434e-05
1.917910261672489e-05
2.2570197196339216e-05
2.656087782946684e-05
3.1257158496882356e-05
3.678379771828634e-05
4.328761281083062e-05
5.0941380148163754e-05
5.994842503189409e-05
7.054802310718646e-05
8.302175681319735e-05
9.770099572992247e-05
0.00011497569953977356
0.00013530477745798074
0.00015922827933410923
0.0001873817422860383
0.00022051307399030456
0.00025950242113997375
0.0003053855508833416
0.00035938136638046257
0.0004229242874389499
0.0004977023564332109
0.0005857020818056661
0.0006892612104349695
0.0008111308307896872
0.0009545484566618337
0.0011233240329780276
0.0013219411484660286
0.0015556761439304723
0.0018307382802953678
0.002154434690031882
0.0025353644939701114
0.0029836472402833374
0.003511191734215131
0.004132012400115334
0.004862601580065354
0.005722367659350214
0.006734150657750821
0.007924828983539169
0.0093260334688322
0.010974987654930556
0.01291549665014884
0.01519911082952933
0.01788649529057435
0.0210490414451202
0.02477076355991709
0.029150530628251757
0.034304692863149154
0.040370172585965536
0.047508101621027934
0.05590810182512223
0.06579332246575675
0.0774263682681127
0.09111627561154886
0.10722672220103231
0.1261856883066021
0.14849682622544635
0.1747528400007683
0.20565123083486514
0.24201282647943834
0.2848035868435799
0.3351602650938841
0.3944206059437656
0.46415888336127725
0.5462277217684337
0.642807311728432
0.7564633275546291
0.8902150854450375
1.0476157527896641
1.232846739442066
1.4508287784959402
1.7073526474706886
2.009233002565046
2.364489412645407
2.782559402207126
3.274549162877725
3.8535285937105273
4.534878508128582
5.3366992312063015
6.280291441834247
7.390722033525775
8.697490026177835
10.235310218990248
12.045035402587812
14.174741629268048
16.68100537200059
19.630406500402685
23.10129700083158
27.1858824273294
31.992671377973846
37.64935806792464
44.30621457583877
52.14008287999685
61.35907273413163
72.20809018385457
84.97534359086438
100.0
###
0.3771960393072847
0.3638890757323254
0.34425077435833656
0.3176728137930017
0.28476869306399183
0.2474593776467789
0.21822959145490398
0.17995872438363583
0.1445896593020689
0.11367765692996697
1.7424515195407122
1.6330948051714704
1.4881047258076971
1.3122752376467404
1.1173881580792726
0.9185088549984058
0.7756968310975016
0.6033429575084784
0.4573215512693905
0.33915743058012743
3.033090239097238
2.801529068718186
2.5078992024524207
2.1673634845443455
1.8060615042024175
1.451855584714275
1.2057373805384115
0.917384785449215
0.6805435605980705
0.49410043605468384
4.274985501101343
3.9084810602265696
3.4573028363456557
2.9485716055732567
2.423336530447434
1.9210279831549886
1.5790813891374968
1.1854578583712454
0.8681980059920765
0.622415015392529
5.479618010055876
4.970816951298314
4.357351623368201
3.679741645329858
2.993631197962726
2.3494876027069207
1.9171441280035255
1.425690703958188
1.0347665275077416
0.7353608467876139
6.654573899346604
5.997960178784173
5.219452106542296
4.37334342827975
3.529972274585666
2.7486165362359753
2.2301415061440295
1.646484008397454
1.1868556419221807
0.8378639912840111
7.804460234780339
6.996031134930815
6.050793462131555
5.037034501547814
4.039208648992931
3.1251188915702808
2.5240101250205993
1.8526208199746106
1.3281403246951806
0.9326748905070579
8.932535126779015
7.969328778848609
6.856327179589385
5.675989503681171
4.526490074518361
3.4834703802262337
2.8026197985666466
2.0471465252145244
1.4609502519939195
1.0215110888311636
10.041427350043634
8.921045721092876
7.639687100744018
6.293933065727456
4.9953257766613195
3.826551864357653
3.068506538523017
2.232150237949289
1.5868528721793906
1.1054989775994437
11.133130593945438
9.853649028729052
8.403821326958077
6.893667928741341
5.447583155709885
4.156714074961786
3.3237205470393496
2.409249302665394
1.7069792660010712
1.1854526220938586
12.209257985105324
10.769102002509369
9.150251605217274
7.477257233174059
5.88749507637565
4.475660995803075
3.569688809870566
2.579337217452013
1.8221728473232919
1.2619769267918926
13.271141484432881
11.66887502676356
9.881441473353554
8.046671440968849
6.3135736108955385
4.784748090283472
3.807633147423968
2.7434763822826804
1.9330852310199491
1.335535758238519
14.319900210410623
12.55572169098194
10.598485526054215
8.603364449215404
6.729445512718115
5.08516291262385
4.038340869266814
2.902329796663894
2.0402329873624954
1.4064958452960894
15.356488474148039
13.428530037651973
11.30271696003126
9.148248060818236
7.135423241272342
5.377618822714166
4.262588497842806
3.056402772505196
2.1440337799350924
1.475152041999542
16.381852501478175
14.289246757934139
11.995133024902175
9.682302688915344
7.5336002598559535
5.662940545051751
4.481010571681368
3.2062944971394045
2.244810013326085
1.5417462852455845