# data/BKevo/ATAN_BKevo/atan84.dat
# N(r,Y=0), r, *FL(x,Q^2)
# 1e-05 < r < 100.0
# 1 < Q^2 < 50, n=15, lin grid
# 1e-5 < x < 1e-2, n=10, log grid
###
4.00088487892878e-05
4.558448275453542e-05
5.191692454779672e-05
5.913541308099367e-05
6.737400404571448e-05
7.673964751859403e-05
8.74061064294774e-05
9.957955591327131e-05
0.00011343139482312082
0.00012919285155557
0.00014718058377412036
0.00016766769134196252
0.00019095796266078234
0.00021753712055406143
0.000247838142465773
0.0002822537035621966
0.00032152796950215185
0.00036634440617700794
0.0004171998304842934
0.000475233094785846
0.0005414703968400495
0.0006166677030977467
0.0007024204405617587
0.0008002928835658504
0.0009115088670546194
0.0010382218331678914
0.001182839128125164
0.001347327613085926
0.0015345665565017362
0.0017482554900028785
0.0019915358986257957
0.0022682130678286
0.0025839648130803476
0.002943782102014599
0.003352621135206659
0.0038191851483985553
0.0043513668364253974
0.004955500322104068
0.005644910945332304
0.006431791129678408
0.007324746983634017
0.00834344304397817
0.009506124823117698
0.010826772075451423
0.012332018622936829
0.014049956191159101
0.01600310896090682
0.018227225329468928
0.020765480112800626
0.02365390027752088
0.026939910524051484
0.030689726252583573
0.03496055799090687
0.03981427557277975
0.04535210781254883
0.05166413974942285
0.058828794347232545
0.06699990301515606
0.07631755825518606
0.08687495185858803
0.0989027922495145
0.11260115844292723
0.12809903610161036
0.14569306086860642
0.1656590214581585
0.1881455763341207
0.21346621221357534
0.24194074032170965
0.27361937215691406
0.308620176195611
0.34714512400333847
0.3888268738612044
0.43304517703935197
0.47966198690850886
0.5276229182298549
0.5750921369310593
0.6220285233690338
0.6673441472016707
0.708652408615241
0.7470168895696375
0.7821082991438357
0.8122825065011369
0.8391040225343672
0.8628374253139309
0.8828221412308598
0.9000857538321654
0.9151425991095247
0.9277848930726199
0.938518281905517
0.9478306899445088
0.955688500636399
0.9622791066466888
0.9679882332842076
0.9728430182916427
0.9768741679814984
0.9803652371410385
0.983359371216432
0.9858228106187479
0.9879565179538244
0.9898024101982882
###
1e-05
1.1768119524349992e-05
1.3848863713938717e-05
1.6297508346206434e-05
1.917910261672489e-05
2.2570197196339216e-05
2.656087782946684e-05
3.1257158496882356e-05
3.678379771828634e-05
4.328761281083062e-05
5.0941380148163754e-05
5.994842503189409e-05
7.054802310718646e-05
8.302175681319735e-05
9.770099572992247e-05
0.00011497569953977356
0.00013530477745798074
0.00015922827933410923
0.0001873817422860383
0.00022051307399030456
0.00025950242113997375
0.0003053855508833416
0.00035938136638046257
0.0004229242874389499
0.0004977023564332109
0.0005857020818056661
0.0006892612104349695
0.0008111308307896872
0.0009545484566618337
0.0011233240329780276
0.0013219411484660286
0.0015556761439304723
0.0018307382802953678
0.002154434690031882
0.0025353644939701114
0.0029836472402833374
0.003511191734215131
0.004132012400115334
0.004862601580065354
0.005722367659350214
0.006734150657750821
0.007924828983539169
0.0093260334688322
0.010974987654930556
0.01291549665014884
0.01519911082952933
0.01788649529057435
0.0210490414451202
0.02477076355991709
0.029150530628251757
0.034304692863149154
0.040370172585965536
0.047508101621027934
0.05590810182512223
0.06579332246575675
0.0774263682681127
0.09111627561154886
0.10722672220103231
0.1261856883066021
0.14849682622544635
0.1747528400007683
0.20565123083486514
0.24201282647943834
0.2848035868435799
0.3351602650938841
0.3944206059437656
0.46415888336127725
0.5462277217684337
0.642807311728432
0.7564633275546291
0.8902150854450375
1.0476157527896641
1.232846739442066
1.4508287784959402
1.7073526474706886
2.009233002565046
2.364489412645407
2.782559402207126
3.274549162877725
3.8535285937105273
4.534878508128582
5.3366992312063015
6.280291441834247
7.390722033525775
8.697490026177835
10.235310218990248
12.045035402587812
14.174741629268048
16.68100537200059
19.630406500402685
23.10129700083158
27.1858824273294
31.992671377973846
37.64935806792464
44.30621457583877
52.14008287999685
61.35907273413163
72.20809018385457
84.97534359086438
100.0
###
0.3853605733354814
0.3770371497108411
0.36388301490048425
0.344724551634765
0.31911749557007457
0.28778619306052183
0.26157948544070014
0.22496128601230214
0.1886785626149248
0.15483681383313522
1.81638634610048
1.74019843372984
1.6312417377785866
1.4881519118947477
1.3162767067580718
1.127114228580605
0.9824740170565939
0.7971997038425368
0.6302124135157426
0.4875868790897676
3.1962470757905703
3.0275280516691896
2.7962996420768333
2.505598755218315
2.171246713700355
1.8184528089366105
1.5579333275040508
1.2348038327932567
0.9535661161213437
0.7206825590665259
4.539763242702522
4.26516734429288
3.8990352250059708
3.4516225507236404
2.950985617285239
2.436420309334561
2.0647774027786956
1.6130046185947386
1.2275343031417758
0.9143661190675947
5.854971564946422
5.465573187852423
4.956530347853732
4.347624517597595
3.6799795424352757
3.006569588543332
2.527817550757594
1.953977712262731
1.4717508538169926
1.0849944449731697
7.146696207113818
6.635685653895832
5.97879325519727
5.205201069847037
4.370759161250734
3.5415976525252835
2.959262456845374
2.268892095427612
1.6953097169967613
1.2399245941982997
8.418328917620583
7.780359268378697
6.971517703223069
6.031783062161885
5.031363989938437
4.049401878659327
3.366294397915023
2.563921249392027
1.9034090657636242
1.3832337268506198
9.672308223830404
8.903057400333573
7.93923307573024
6.832173093105784
5.6667980421195
4.534658705102566
3.7536389300995303
2.843039860019308
2.0993293859604463
1.5174735754378177
10.91038286124581
10.006367128488586
8.885131691015836
7.61014036179515
6.280972973099853
5.001151469762695
4.124584523164778
3.1091258327337
2.2852028080519244
1.6443790670505078
12.134207888719098
11.092318494977409
9.811765530954336
8.368474025782241
6.876743541391973
5.451551106424959
4.4815509662694275
3.3641736558558497
2.462743114287263
1.7651678997019595
13.344936640673508
12.162549206374578
10.721129408646952
9.110180192755736
7.456316200892053
5.8879143518703145
4.826409740110561
3.6096821130836645
2.633122966680702
1.8807564427689076
14.543584433460321
13.218410236442713
11.614850561247785
9.835623265261571
8.021469251838198
6.3118673942591474
5.160613026223908
3.846884013232023
2.797278078740508
1.991848582546332
15.7308719940332
14.26103604262997
12.494281862018912
10.54690167557538
8.573642792298257
6.72472770394889
5.485334966865258
4.076723923609102
2.9559513232969477
2.0989998486784094
16.90796093062108
15.291185510873088
13.360504351411688
11.24524057922528
9.114056152732237
7.127582318226244
5.801538814149826
4.299981549278688
3.109744686039324
2.2026569923034267
18.075074651840723
16.310080390374615
14.214620330658473
11.931680297948699
9.643687738589476
7.521337882531415
6.110013487285055
4.51730308635691
3.2591546184160975
2.3031878012230296