# datat/BKevo/MVg_BKevo/mvg36.dat
# N(r,Y=0), r, *FL(x,Q^2)
# 1e-05 < r < 100.0
# 1 < Q^2 < 50, n=15, log grid
# 1e-5 < x < 1e-2, n=10, log grid
###
0.0
0.0
0.0
0.0
0.0
0.0
0.0
0.0
0.0
0.0
0.0
0.0
0.0
0.0
0.0
0.0
0.0
1.110223024625157e-16
1.461039735377627e-16
2.220446049250313e-16
4.3546539295381284e-16
8.961494096199904e-16
1.6091336596321667e-15
2.997744561470017e-15
5.656081918439337e-15
1.0654692505200446e-14
1.984467437112119e-14
3.746736767870998e-14
7.104539617443217e-14
1.3234514376972825e-13
2.4861893326461e-13
4.719995456315239e-13
8.803109798897024e-13
1.6416265722409534e-12
3.1225496935334413e-12
5.829948588097611e-12
1.0790557648680212e-11
2.055973932375387e-11
3.8423220304652234e-11
7.074072823651334e-11
1.346528398378532e-10
2.518510951654293e-10
4.6380243568270543e-10
8.765820592788376e-10
1.6405563271389292e-09
3.021354144004322e-09
5.667503054737607e-09
1.0611018778593635e-08
1.9537842327519178e-08
3.6358110653240626e-08
6.80781988504654e-08
1.2528672083366573e-07
2.3118562973256732e-07
4.327794352794541e-07
7.957886225321697e-07
1.4554165390086902e-06
2.7230101303056227e-06
5.001272893110569e-06
9.062328541017892e-06
1.6941566928515383e-05
3.107463322952263e-05
5.615710563655623e-05
0.00010418914948937475
0.0001908750632137276
0.00034444713718520276
0.0006338333066086807
0.0011604694076657266
0.002092529958293942
0.0038215436569676324
0.006996350287151381
0.012605769491603198
0.022813274294712433
0.041576805920300025
0.07416938579735854
0.1305643964656805
0.22755204956372174
0.3757611104758931
0.5772691968049627
0.7889806995811997
0.9386611454339879
0.9953264727284177
0.9998948315346106
0.9999997170784076
0.9999999999903385
1.0
1.0
1.0
1.0
1.0
1.0
1.0
1.0
1.0
1.0
1.0
1.0
1.0
1.0
1.0
1.0
###
1e-05
1.1768119524349992e-05
1.3848863713938717e-05
1.6297508346206434e-05
1.917910261672489e-05
2.2570197196339216e-05
2.656087782946684e-05
3.1257158496882356e-05
3.678379771828634e-05
4.328761281083062e-05
5.0941380148163754e-05
5.994842503189409e-05
7.054802310718646e-05
8.302175681319735e-05
9.770099572992247e-05
0.00011497569953977356
0.00013530477745798074
0.00015922827933410923
0.0001873817422860383
0.00022051307399030456
0.00025950242113997375
0.0003053855508833416
0.00035938136638046257
0.0004229242874389499
0.0004977023564332109
0.0005857020818056661
0.0006892612104349695
0.0008111308307896872
0.0009545484566618337
0.0011233240329780276
0.0013219411484660286
0.0015556761439304723
0.0018307382802953678
0.002154434690031882
0.0025353644939701114
0.0029836472402833374
0.003511191734215131
0.004132012400115334
0.004862601580065354
0.005722367659350214
0.006734150657750821
0.007924828983539169
0.0093260334688322
0.010974987654930556
0.01291549665014884
0.01519911082952933
0.01788649529057435
0.0210490414451202
0.02477076355991709
0.029150530628251757
0.034304692863149154
0.040370172585965536
0.047508101621027934
0.05590810182512223
0.06579332246575675
0.0774263682681127
0.09111627561154886
0.10722672220103231
0.1261856883066021
0.14849682622544635
0.1747528400007683
0.20565123083486514
0.24201282647943834
0.2848035868435799
0.3351602650938841
0.3944206059437656
0.46415888336127725
0.5462277217684337
0.642807311728432
0.7564633275546291
0.8902150854450375
1.0476157527896641
1.232846739442066
1.4508287784959402
1.7073526474706886
2.009233002565046
2.364489412645407
2.782559402207126
3.274549162877725
3.8535285937105273
4.534878508128582
5.3366992312063015
6.280291441834247
7.390722033525775
8.697490026177835
10.235310218990248
12.045035402587812
14.174741629268048
16.68100537200059
19.630406500402685
23.10129700083158
27.1858824273294
31.992671377973846
37.64935806792464
44.30621457583877
52.14008287999685
61.35907273413163
72.20809018385457
84.97534359086438
100.0
###
0.16969728145814936
0.1505256310347224
0.13320229316035676
0.1178176211189038
0.10435430722235217
0.0927189882010583
0.08511356283602368
0.07634442945267589
0.06899940538399607
0.06305131193942998
0.48097632972806914
0.4005124795221946
0.33080871306686277
0.27103572860303793
0.22012449298795247
0.17695962793649703
0.14890055380716613
0.11640321864781605
0.0884650459747953
0.06432277745209823
0.671722563037006
0.5453433058809615
0.43804215152926745
0.3478275753848284
0.27243077083223466
0.20961623428974419
0.1694929863816172
0.12377331689653132
0.08540198933419461
0.052944717898090715
0.8185107874352721
0.6540686945596412
0.516413318276456
0.4022089262083375
0.30804563078145725
0.23069944378481777
0.1819453011098621
0.1271964446684052
0.08212847292878112
0.044895304386382597
0.9406730295908884
0.7432525924216099
0.5796267290917623
0.4452505082419463
0.3356227481462432
0.24656809441090163
0.19103591864940947
0.12942394872607713
0.07953162775042862
0.03914791082001118
1.0466802188781743
0.8197893128716685
0.6332497299749575
0.4812991959808124
0.35838211440275997
0.259440252472473
0.19829313832879417
0.13113484660947902
0.07750481422513733
0.034855290138797124
1.1410872200835493
0.8873773490318738
0.6801802788447471
0.5125513108859064
0.3778988437386248
0.27034936295190776
0.20438675929448932
0.13256632332390264
0.0758989601281877
0.03152154485250784
1.226663475505296
0.948228520998798
0.722128912114344
0.5402637275385154
0.3950648321209132
0.2798617198431588
0.2096722373205475
0.13382145395981263
0.07460238569361212
0.028851468141363055
1.3052470871897153
1.0037895682939677
0.7602091697096857
0.5652551921315876
0.4104419265960138
0.2883265741261248
0.21435746164167124
0.1349534603543335
0.07353706593222727
0.02665845414690419
1.3781284681160229
1.0550656466220907
0.7951680485505302
0.5880772250621115
0.4244053454461686
0.29597193676762845
0.2185785460470295
0.13599346127960493
0.07264840669442647
0.024821469750073273
1.446246593756523
1.1027861232778189
0.8275441864371282
0.6091233456391442
0.4372201478540957
0.3029573367740817
0.22242913510525583
0.13695982131594536
0.07189720824710989
0.02325704562552725
1.5103164020000137
1.14750166086961
0.8577852734156747
0.6286852464114576
0.4490812238055485
0.30939846361775547
0.22597535000499294
0.1378661732256995
0.07125517937464912
0.021906501805392196
1.5708934193993032
1.189636281280223
0.8861686974636216
0.6469855209052987
0.4601360302213803
0.3153820970746443
0.22926677287336564
0.138720756338341
0.0707010542352258
0.020726967119577923
1.6284240970128876
1.2295261777379063
0.912954238008804
0.6641983954177466
0.47049926862749714
0.32097523012487633
0.23234128720391636
0.1395315249609493
0.07021891222675719
0.019686682543904953
1.6832612456260223
1.2674425067554553
0.9383404907490294
0.680462965083547
0.48026194218293283
0.3262306773920938
0.23522693415729945
0.1403039101569952
0.06979640074020209
0.01876124252527563