# ../data/BKevo/MV2g_BKevo/mv2g_40.dat
# N(r,Y=0), r, *FL(x,Q^2)
# 1e-05 < r < 100.0
# 1 < Q^2 < 50, n=15, lin grid
# 1e-5 < x < 1e-2, n=10, log grid
###
0.0
0.0
0.0
0.0
4.9219493311805246e-17
5.551115123125783e-17
8.388251645805197e-17
1.5738285496981812e-16
2.3893650473951855e-16
4.099837803717582e-16
6.736762148030955e-16
1.1013876763847863e-15
1.7968018233890904e-15
2.9936438438545144e-15
5.0145353333386744e-15
8.318854947378389e-15
1.377018937814305e-14
2.2662733497840984e-14
3.797853924882662e-14
6.296213254640702e-14
1.0339830273349078e-13
1.730576764380777e-13
2.8730880082125204e-13
4.725744346028349e-13
7.882238356556087e-13
1.3109525570354462e-12
2.1595641290783866e-12
3.5914056967613232e-12
5.985420358732158e-12
9.878494677099864e-12
1.6384671126063677e-11
2.7379275685569607e-11
4.530007316255602e-11
7.497161162063428e-11
1.2571675048521368e-10
2.0869865416219823e-10
3.4487409298524157e-10
5.80977777750706e-10
9.687942472071775e-10
1.6024721678100928e-09
2.711613586803078e-09
4.5485802210231535e-09
7.56839175667507e-09
1.2836280436717773e-08
2.169711127082524e-08
3.6375480775723554e-08
6.191953041522221e-08
1.0565114712830608e-07
1.7875492237929034e-07
3.0572070993837427e-07
5.273773357525814e-07
9.016273650678023e-07
1.5500277819018922e-06
2.705769436374066e-06
4.676977683409824e-06
8.078780858015995e-06
1.4271829675441315e-05
2.4934183193349645e-05
4.322040785828615e-05
7.720682249414334e-05
0.00013619317295114
0.00023787694219990944
0.00042652887896248485
0.0007585536317380793
0.0013340617548714003
0.002393444571425515
0.0042826107499807165
0.007564592393146309
0.013518530992864307
0.024171883306765188
0.04241440765009069
0.07394895916737615
0.12702624826649486
0.20771840629672286
0.31802682756518963
0.4390442188151436
0.5384574909254984
0.6038256849796195
0.6607617703319698
0.7332680483765284
0.820056985282086
0.90352196667164
0.9644875807769303
0.9938336441768459
0.9995403276936774
0.9999879654836288
0.9999999654445054
0.9999999999999868
1.0
1.0
1.0
1.0
1.0
1.0
1.0
1.0
1.0
1.0
1.0
1.0
###
1e-05
1.1768119524349992e-05
1.3848863713938717e-05
1.6297508346206434e-05
1.917910261672489e-05
2.2570197196339216e-05
2.656087782946684e-05
3.1257158496882356e-05
3.678379771828634e-05
4.328761281083062e-05
5.0941380148163754e-05
5.994842503189409e-05
7.054802310718646e-05
8.302175681319735e-05
9.770099572992247e-05
0.00011497569953977356
0.00013530477745798074
0.00015922827933410923
0.0001873817422860383
0.00022051307399030456
0.00025950242113997375
0.0003053855508833416
0.00035938136638046257
0.0004229242874389499
0.0004977023564332109
0.0005857020818056661
0.0006892612104349695
0.0008111308307896872
0.0009545484566618337
0.0011233240329780276
0.0013219411484660286
0.0015556761439304723
0.0018307382802953678
0.002154434690031882
0.0025353644939701114
0.0029836472402833374
0.003511191734215131
0.004132012400115334
0.004862601580065354
0.005722367659350214
0.006734150657750821
0.007924828983539169
0.0093260334688322
0.010974987654930556
0.01291549665014884
0.01519911082952933
0.01788649529057435
0.0210490414451202
0.02477076355991709
0.029150530628251757
0.034304692863149154
0.040370172585965536
0.047508101621027934
0.05590810182512223
0.06579332246575675
0.0774263682681127
0.09111627561154886
0.10722672220103231
0.1261856883066021
0.14849682622544635
0.1747528400007683
0.20565123083486514
0.24201282647943834
0.2848035868435799
0.3351602650938841
0.3944206059437656
0.46415888336127725
0.5462277217684337
0.642807311728432
0.7564633275546291
0.8902150854450375
1.0476157527896641
1.232846739442066
1.4508287784959402
1.7073526474706886
2.009233002565046
2.364489412645407
2.782559402207126
3.274549162877725
3.8535285937105273
4.534878508128582
5.3366992312063015
6.280291441834247
7.390722033525775
8.697490026177835
10.235310218990248
12.045035402587812
14.174741629268048
16.68100537200059
19.630406500402685
23.10129700083158
27.1858824273294
31.992671377973846
37.64935806792464
44.30621457583877
52.14008287999685
61.35907273413163
72.20809018385457
84.97534359086438
100.0
###
0.19825289346972255
0.17858670702665616
0.16039513442263473
0.14385112303751676
0.12904009554678894
0.11595107501082398
0.10722308397915356
0.09695002972639823
0.08811954250408022
0.08060826738995196
0.5979023960309493
0.50861521014801
0.42977140096236843
0.3610213121178151
0.30172786283492287
0.2508804048782697
0.21767852008223176
0.17915592016675952
0.14628204971579195
0.11812786267799974
0.8531333778781569
0.7081446714278964
0.5828048425845236
0.47556671145317414
0.3846025592780045
0.3078761825476144
0.25840152151090007
0.2016103042338692
0.15363287637369552
0.11281567002515525
1.052501252842726
0.8601272682956789
0.6959958266334243
0.5573971938193495
0.4412582563220714
0.344420169157834
0.28259858309999325
0.2123109325426415
0.15355892463482576
0.10409171167938919
1.2199675076365042
0.9857258672482024
0.7878589796421924
0.6223981122592247
0.4850322319035313
0.37155311234028354
0.2997186296379045
0.2187298008611667
0.15172063022675478
0.09591776828015401
1.3661983892211473
1.0941584275529708
0.8661299174205236
0.6768909197703152
0.5210374954190078
0.3932890165449378
0.31299377480584034
0.2231433507448271
0.14949884802953695
0.0888228031543604
1.497034557314006
1.19024597429795
0.9347921797592308
0.7241728185318266
0.5518301310853001
0.41151969778328945
0.3238776591077911
0.22646467486585897
0.14730621206181987
0.08274338752205607
1.616097179876544
1.2770238820530446
0.9962896638424413
0.7661289925378971
0.5788580606980288
0.4272876091126383
0.33314452472282563
0.2291247554170235
0.14526975520461768
0.07752107726230846
1.7257569379625206
1.3564559023708378
1.0522067474678103
0.8039844195613264
0.6030250494874682
0.44122966458427393
0.3412333666878166
0.2313566671595353
0.14341873485011872
0.07299948119770956
1.827726306124336
1.4299209302831968
1.1036231385844182
0.838568888394393
0.624940283035465
0.4537592901883395
0.34843940112707583
0.2332884961820975
0.14174808412067222
0.06905195815860925
1.923245513459981
1.498419303821934
1.1513223570701168
0.8704753154122096
0.645031295509572
0.4651537774194006
0.35494488517956746
0.23500281822827926
0.14024563105862417
0.06557571082753733
2.013266339601816
1.5627047077431135
1.1958915236086494
0.9001432788849754
0.6636109227623502
0.4756284715110348
0.3608914028916311
0.23655012660485766
0.1388930684730387
0.06249073318168164
2.0985298441379356
1.623377043956217
1.2377824911294164
0.9279083486470951
0.6809156820183283
0.4853309428289483
0.3663752293689288
0.237971923733563
0.1376696453954972
0.05973317645102706
2.17962766417294
1.6808855198776667
1.2773515594052098
0.9540331698727705
0.69712903708121
0.49437878369229366
0.3714699333280157
0.23929033407226
0.13656103621762167
0.05725223904688294
2.257040610702557
1.7356275014316103
1.3148850932390765
0.9787491263169926
0.7123960865077518
0.502864043013038
0.3762348652942101
0.24052351852034493
0.135553058819841
0.05500560850040857