# datat/BKevo/MVg_BKevo/mvg30.dat
# N(r,Y=0), r, *FL(x,Q^2)
# 1e-05 < r < 100.0
# 1 < Q^2 < 50, n=15, log grid
# 1e-5 < x < 1e-2, n=10, log grid
###
8.936510911343304e-09
1.1437442249542185e-08
1.4664291506858605e-08
1.8787519351149305e-08
2.4037690510016805e-08
3.079128083139216e-08
3.94356144824006e-08
5.0437817543573675e-08
6.454706888336985e-08
8.263610728595776e-08
1.0564804326562075e-07
1.3506640807073625e-07
1.7284240961441891e-07
2.2087295107803143e-07
2.820799557773618e-07
3.607934862689241e-07
4.608130818914162e-07
5.878597743285848e-07
7.514734456333684e-07
9.592302296680082e-07
1.2227631358042198e-06
1.5614276489965759e-06
1.9917670478921685e-06
2.537197204504057e-06
3.235755716606513e-06
4.1243769588346895e-06
5.249615736180425e-06
6.685752229711744e-06
8.514325001011804e-06
1.0827364024823955e-05
1.3768910383968641e-05
1.7516992353903623e-05
2.2252367556537442e-05
2.8252186490394877e-05
3.5900800583598125e-05
4.5550663357968785e-05
5.773043959604275e-05
7.326019698523676e-05
9.282150986479132e-05
0.0001174302391599195
0.00014876271723350762
0.00018817589800206833
0.00023766131725046465
0.0003003823630039766
0.0003792387743009679
0.00047801844360993544
0.0006026156906438733
0.0007591052738304689
0.0009545981616452471
0.0011999193385518186
0.0015075235275624536
0.0018905606515175499
0.0023685899349271387
0.002966543204416945
0.003708330171248544
0.00462867143280826
0.005776166192736144
0.007193512669481065
0.008941244149609968
0.0111114036019121
0.013778940381037401
0.017051515241471797
0.02108692353819319
0.0260264090601009
0.032055238592974364
0.03943666398778931
0.04843246522281136
0.0593556867015091
0.07263771773162395
0.08874418737493324
0.108186741505013
0.1316369783129545
0.15984167188653942
0.1935432482404719
0.23361033460445324
0.2808566939017404
0.3359611765703042
0.399383397940718
0.4704449331853479
0.5485736155493541
0.6319678219418247
0.7148542520325639
0.7943052556947534
0.8656596522074337
0.920771884782525
0.9595767613615102
0.9835786388314273
0.9946411876020629
0.9986311884743112
0.99978901887679
0.9999829775104287
0.9999988485561356
0.9999999682095719
0.999999999935611
0.9999999999997088
0.9999999999999997
1.0
1.0
1.0
1.0
###
1e-05
1.1768119524349992e-05
1.3848863713938717e-05
1.6297508346206434e-05
1.917910261672489e-05
2.2570197196339216e-05
2.656087782946684e-05
3.1257158496882356e-05
3.678379771828634e-05
4.328761281083062e-05
5.0941380148163754e-05
5.994842503189409e-05
7.054802310718646e-05
8.302175681319735e-05
9.770099572992247e-05
0.00011497569953977356
0.00013530477745798074
0.00015922827933410923
0.0001873817422860383
0.00022051307399030456
0.00025950242113997375
0.0003053855508833416
0.00035938136638046257
0.0004229242874389499
0.0004977023564332109
0.0005857020818056661
0.0006892612104349695
0.0008111308307896872
0.0009545484566618337
0.0011233240329780276
0.0013219411484660286
0.0015556761439304723
0.0018307382802953678
0.002154434690031882
0.0025353644939701114
0.0029836472402833374
0.003511191734215131
0.004132012400115334
0.004862601580065354
0.005722367659350214
0.006734150657750821
0.007924828983539169
0.0093260334688322
0.010974987654930556
0.01291549665014884
0.01519911082952933
0.01788649529057435
0.0210490414451202
0.02477076355991709
0.029150530628251757
0.034304692863149154
0.040370172585965536
0.047508101621027934
0.05590810182512223
0.06579332246575675
0.0774263682681127
0.09111627561154886
0.10722672220103231
0.1261856883066021
0.14849682622544635
0.1747528400007683
0.20565123083486514
0.24201282647943834
0.2848035868435799
0.3351602650938841
0.3944206059437656
0.46415888336127725
0.5462277217684337
0.642807311728432
0.7564633275546291
0.8902150854450375
1.0476157527896641
1.232846739442066
1.4508287784959402
1.7073526474706886
2.009233002565046
2.364489412645407
2.782559402207126
3.274549162877725
3.8535285937105273
4.534878508128582
5.3366992312063015
6.280291441834247
7.390722033525775
8.697490026177835
10.235310218990248
12.045035402587812
14.174741629268048
16.68100537200059
19.630406500402685
23.10129700083158
27.1858824273294
31.992671377973846
37.64935806792464
44.30621457583877
52.14008287999685
61.35907273413163
72.20809018385457
84.97534359086438
100.0
###
0.2658761123027669
0.2400302811217708
0.213536523547651
0.1873100438397103
0.1621244392624768
0.13861510234331145
0.12236800838949223
0.10274446803434278
0.08549997732060614
0.07058429864043224
0.9660983095810135
0.8316512062717345
0.7041871067180164
0.5869714195098938
0.48203120153781465
0.39034238760575435
0.33033614155892815
0.26144865731323275
0.20418214429297576
0.15717732312681648
1.4983210882841758
1.264775988145662
1.0499229238576755
0.8578661334475861
0.6904696876737952
0.5478607369328858
0.4564075564614241
0.3534901342760538
0.26981719121465214
0.2026054466721968
1.9519044561570635
1.6273313881061267
1.3342485654220566
1.0767684396634958
0.8559812232504427
0.6707791393726835
0.5535240429597176
0.42315196643606157
0.31859491880570434
0.23575725843795214
2.355858280215408
1.9463852677785443
1.5815918060331609
1.265055788362789
0.9967961736682452
0.774215086500772
0.6345805905444013
0.48066782531780716
0.35843692892389284
0.2625462938523606
2.724232329187003
2.234831058071082
1.8033620872452951
1.4324905268791048
1.1210178884061108
0.8647480775349298
0.7051466761073292
0.5303379719127382
0.3925880262004039
0.2853376182934781
3.0655550708035166
2.5003454750751613
2.0060041686712564
1.5845451878583272
1.2331217749642083
0.9459545705494646
0.7681327154799024
0.5744290610564858
0.42272323781766374
0.3053343977146606
3.3851988308952627
2.7475326298635796
2.1937793583122964
1.724632717932772
1.3358926062925804
1.0200230951023632
0.8253705102376933
0.6143099066711121
0.44986061063413296
0.3232695093366731
3.6869053317759275
2.97979360739294
2.3693431644550906
1.8550672080490158
1.4311718970118588
1.0884095158757694
0.8780597328598843
0.6508682081937363
0.4746397566074661
0.33959120098345724
3.973540704937515
3.1994034958704702
2.5347682371254505
1.9775172990374228
1.5202752693569581
1.152139519310905
0.927032525673265
0.6847325359885597
0.49751803513742565
0.3546154272098095
4.247170509669453
3.408433829287234
2.6915686257724167
2.0931937272760095
1.6041821528427578
1.2119658850706108
0.9729007299236356
0.7163562419062334
0.5188219652282684
0.368569628063991
4.509344508378031
3.608063199228297
2.8408551446924917
2.2030352823726678
1.6836368660085048
1.2684613266484208
1.0161276952622307
0.7460809907474732
0.5387964767463761
0.38162941251839466
4.761660622231295
3.7994490072609324
2.9836696535958493
2.307795647625185
1.7592229986576462
1.3220728498070193
1.0570738631792982
0.7741714033022754
0.5576304604801026
0.3939116598277819
5.0049437572050985
3.983606197137492
3.1207035159268894
2.408073705443337
1.8314082151162616
1.373157301238734
1.096026139712409
0.8008373205188672
0.5754732079444302
0.4055265433051197
5.240163982385111
4.16123313783378
3.252572083881175
2.5043597610539443
1.900583210389078
1.4220047145851549
1.1332176509669512
0.8262483112932935
0.5924449515719882
0.4165559757367557