# data/BKevo/ATAN_BKevo/atan66.dat
# N(r,Y=0), r, *FL(x,Q^2)
# 1e-05 < r < 100.0
# 1 < Q^2 < 50, n=15, lin grid
# 1e-5 < x < 1e-2, n=10, log grid
###
3.346786779825929e-05
3.8131950522172613e-05
4.342911180505995e-05
4.946746150136664e-05
5.6359138757814124e-05
6.419360855867403e-05
7.311622561778134e-05
8.32994578358754e-05
9.48866823492206e-05
0.00010807132440375424
0.00012311827182187002
0.00014025597581920557
0.00015973855893155814
0.00018197233395683408
0.00020731949156998467
0.00023610850912363072
0.0002689618898597846
0.00030645136096196687
0.00034899251556776124
0.0003975380169547947
0.00045294629152759267
0.000515849714095947
0.0005875828779984392
0.0006694543170531454
0.0007624877837106423
0.0008684846577195452
0.0009894587127070118
0.0011270552519412353
0.0012836828184004288
0.0014624361152447947
0.0016659430350198998
0.0018973867492423175
0.0021615168238972643
0.002462508275280891
0.0028045070479322184
0.003194793527733652
0.003639970096142575
0.004145335426173133
0.004722036426806831
0.0053802723899407465
0.006127242853713386
0.006979397857604278
0.00795200072098769
0.009056747273789063
0.010315918844038232
0.01175301732731897
0.013386890436480371
0.01524744991486798
0.01737082294778823
0.019787168668551684
0.022536191488534335
0.02567332350639986
0.029246503686369173
0.03330762674869345
0.03794153359617604
0.04322388023763582
0.04922085613280729
0.05606176128733517
0.06386486491931669
0.07271056949695807
0.08279420017569025
0.09428726189662653
0.10730670880021156
0.12211017804157948
0.1389435573304485
0.1579626845529578
0.1794663787397396
0.20377292440953831
0.23102128644084627
0.2614291822820699
0.2952986354604288
0.3325419746394812
0.3728925013559694
0.41640814665694303
0.4624171227598555
0.509498249791697
0.557503298024538
0.6053323854062698
0.6504689748628165
0.6935129249612393
0.7338188915032511
0.7692746940587675
0.8012802390334925
0.829947945046959
0.8543433606342704
0.8755657334968748
0.8941681603139539
0.9098504481986731
0.9232010647435768
0.9348047754049336
0.9446091536499789
0.9528399509118891
0.9599737615313717
0.9660423263682699
0.9710825729427646
0.9754480652475687
0.9791923944512734
0.9822731326967217
0.9849414940226215
0.9872498711804027
###
1e-05
1.1768119524349992e-05
1.3848863713938717e-05
1.6297508346206434e-05
1.917910261672489e-05
2.2570197196339216e-05
2.656087782946684e-05
3.1257158496882356e-05
3.678379771828634e-05
4.328761281083062e-05
5.0941380148163754e-05
5.994842503189409e-05
7.054802310718646e-05
8.302175681319735e-05
9.770099572992247e-05
0.00011497569953977356
0.00013530477745798074
0.00015922827933410923
0.0001873817422860383
0.00022051307399030456
0.00025950242113997375
0.0003053855508833416
0.00035938136638046257
0.0004229242874389499
0.0004977023564332109
0.0005857020818056661
0.0006892612104349695
0.0008111308307896872
0.0009545484566618337
0.0011233240329780276
0.0013219411484660286
0.0015556761439304723
0.0018307382802953678
0.002154434690031882
0.0025353644939701114
0.0029836472402833374
0.003511191734215131
0.004132012400115334
0.004862601580065354
0.005722367659350214
0.006734150657750821
0.007924828983539169
0.0093260334688322
0.010974987654930556
0.01291549665014884
0.01519911082952933
0.01788649529057435
0.0210490414451202
0.02477076355991709
0.029150530628251757
0.034304692863149154
0.040370172585965536
0.047508101621027934
0.05590810182512223
0.06579332246575675
0.0774263682681127
0.09111627561154886
0.10722672220103231
0.1261856883066021
0.14849682622544635
0.1747528400007683
0.20565123083486514
0.24201282647943834
0.2848035868435799
0.3351602650938841
0.3944206059437656
0.46415888336127725
0.5462277217684337
0.642807311728432
0.7564633275546291
0.8902150854450375
1.0476157527896641
1.232846739442066
1.4508287784959402
1.7073526474706886
2.009233002565046
2.364489412645407
2.782559402207126
3.274549162877725
3.8535285937105273
4.534878508128582
5.3366992312063015
6.280291441834247
7.390722033525775
8.697490026177835
10.235310218990248
12.045035402587812
14.174741629268048
16.68100537200059
19.630406500402685
23.10129700083158
27.1858824273294
31.992671377973846
37.64935806792464
44.30621457583877
52.14008287999685
61.35907273413163
72.20809018385457
84.97534359086438
100.0
###
0.38228566155477467
0.37198181698213306
0.35615395571157504
0.33380510452443973
0.3049090490953639
0.2707082150329539
0.24291495666709984
0.2051418320747525
0.16893006029825483
0.13609723039479607
1.7876774859551594
1.697606454843204
1.5728712476439117
1.4145593033797725
1.2309326994910625
1.0355781986439714
0.890233868384581
0.7088460656832951
0.5501178827798239
0.41766103117793574
3.1320373724271287
2.9364076197399362
2.677042511657194
2.3622308321616865
2.0124163003094457
1.655554394009677
1.3989317098093172
1.0886001395571852
0.8257938774295851
0.6128737434739495
4.434617731152607
4.120119458445938
3.714811542379815
3.236669135986102
2.7197214931491405
2.205832762597589
1.8440324576312253
1.4147886114541786
1.0583654722359659
0.7747329988272161
5.705032737574466
5.263004009752181
4.705103965563366
4.06054249506401
3.3775193674296373
2.7111104809938333
2.2489852988664962
1.7081353653956621
1.2653327724882653
0.917236809986356
6.94915343108206
6.373269383513011
5.658387221240745
4.846064341438464
3.9988198180662278
3.1836398747128754
2.625196092983729
1.9784068177328005
1.4544507407786376
1.046582638821376
8.170878796764196
7.456305092314618
6.581342869959473
5.600694907892489
4.590899363551017
3.630815036721729
2.9793381333721816
2.231198518766725
1.630359559333687
1.166217787688141
9.373050076975344
8.51559041197376
7.47921216607761
6.329595495916137
5.159137881885513
4.057368415441056
3.3157071983458235
2.4700931507673243
1.795822891071069
1.2782932468833816
10.557851506581457
9.55509753765198
8.354522461886914
7.036518529603997
5.707232044650565
4.466691467244906
3.6373778618259363
2.6975590969000325
1.9527689441230809
1.384238606176798
11.726931806537797
10.575603655873444
9.210361180624522
7.724295745124692
6.237949759275943
4.8612877962002985
3.9465429601660036
2.9153884211072514
2.1025934040451584
1.4850835625308267
12.881772682669892
11.57990813929686
10.048711894951
8.395127983078432
6.7534347111090565
5.243073483713246
4.24488905061881
3.12507051354484
2.2463131689257696
1.5815928344246701
14.023496172513944
12.569197335405192
10.871325914499163
9.050795802291532
7.255392226195611
5.613558475953177
4.533738525276401
3.327304276837489
2.384738079077408
1.6743540034592148
15.153079229116438
13.544704263710459
11.680278768829368
9.692817179582848
7.745209488081645
5.9739590210162765
4.814152770383386
3.523231662046263
2.5184455800020986
1.7638295791034626
16.271358952271022
14.507922806525583
12.474751953651289
10.322313397961905
8.224034451413496
6.325271362640793
5.087026892984345
3.7134792989365595
2.6481222213198765
1.8503933317468306
17.378842253824445
15.459014280427672
13.25776026959229
10.940261783478752
8.692834153789114
6.668748080666464
5.353018528766948
3.8985583518654536
2.7739887745166545
1.9343510698891249