# ../data/BKevo/MV2g_BKevo/mv2g_17.dat
# N(r,Y=0), r, *FL(x,Q^2)
# 1e-05 < r < 100.0
# 1 < Q^2 < 50, n=15, lin grid
# 1e-5 < x < 1e-2, n=10, log grid
###
2.5663388365492683e-09
3.284542773235091e-09
4.211211892115484e-09
5.3952981802026435e-09
6.903013904749949e-09
8.842473487369317e-09
1.1324906467723425e-08
1.4484459692508905e-08
1.8536278213435244e-08
2.3730990527410467e-08
3.033943404919519e-08
3.8787641345946716e-08
4.9635949747559385e-08
6.342910189351133e-08
8.100620019075243e-08
1.0361072907615202e-07
1.323338204096375e-07
1.6881841014187932e-07
2.1580411261322324e-07
2.754666036541391e-07
3.5114659263834885e-07
4.4840249400533256e-07
5.719851290607887e-07
7.286189614956524e-07
9.29227467528055e-07
1.1844173172311405e-06
1.5075579528443084e-06
1.9199809359350725e-06
2.445102328410253e-06
3.1093511583755696e-06
3.954093092181626e-06
5.0304545159740835e-06
6.390345924238964e-06
8.113360803281547e-06
1.0309880565303388e-05
1.3081127188582395e-05
1.6578931332425608e-05
2.1038820610512743e-05
2.6656552374957183e-05
3.372390343858856e-05
4.272238580355627e-05
5.404179961519389e-05
6.82542712899768e-05
8.62687177050238e-05
0.00010891844252179251
0.00013729215774987963
0.00017308460836911547
0.00021804318092091035
0.00027421424819705693
0.0003447156659537376
0.00043313907397004225
0.0005432815871667165
0.0006808032225540468
0.0008529451951023909
0.0010666798595441469
0.0013321886210251805
0.001663890083228483
0.002074612158236977
0.0025828011163418637
0.0032176044318185226
0.004003670562862944
0.004977870146891173
0.006200435492624786
0.0077310096795488985
0.009656772638227073
0.012135306645718102
0.015360787306292267
0.019618665272809085
0.025483690766596453
0.03382577956529845
0.04589310215593251
0.06422615552860779
0.09310827510828833
0.13760726517358626
0.2056975564796093
0.3052169072788815
0.4294531883067121
0.5544803999315536
0.6358662430520519
0.681997408978941
0.7184114478637993
0.7570881968529201
0.798851532150775
0.842318937571279
0.8839671414273276
0.921639315005508
0.953217173280406
0.9755345760072978
0.989155741134202
0.9963668943106778
0.999115745700083
0.9998293683511045
0.9999815980967005
0.9999993239653276
0.9999999741231912
0.9999999996232414
0.9999999999998975
0.9999999999999999
1.0
1.0
###
1e-05
1.1768119524349992e-05
1.3848863713938717e-05
1.6297508346206434e-05
1.917910261672489e-05
2.2570197196339216e-05
2.656087782946684e-05
3.1257158496882356e-05
3.678379771828634e-05
4.328761281083062e-05
5.0941380148163754e-05
5.994842503189409e-05
7.054802310718646e-05
8.302175681319735e-05
9.770099572992247e-05
0.00011497569953977356
0.00013530477745798074
0.00015922827933410923
0.0001873817422860383
0.00022051307399030456
0.00025950242113997375
0.0003053855508833416
0.00035938136638046257
0.0004229242874389499
0.0004977023564332109
0.0005857020818056661
0.0006892612104349695
0.0008111308307896872
0.0009545484566618337
0.0011233240329780276
0.0013219411484660286
0.0015556761439304723
0.0018307382802953678
0.002154434690031882
0.0025353644939701114
0.0029836472402833374
0.003511191734215131
0.004132012400115334
0.004862601580065354
0.005722367659350214
0.006734150657750821
0.007924828983539169
0.0093260334688322
0.010974987654930556
0.01291549665014884
0.01519911082952933
0.01788649529057435
0.0210490414451202
0.02477076355991709
0.029150530628251757
0.034304692863149154
0.040370172585965536
0.047508101621027934
0.05590810182512223
0.06579332246575675
0.0774263682681127
0.09111627561154886
0.10722672220103231
0.1261856883066021
0.14849682622544635
0.1747528400007683
0.20565123083486514
0.24201282647943834
0.2848035868435799
0.3351602650938841
0.3944206059437656
0.46415888336127725
0.5462277217684337
0.642807311728432
0.7564633275546291
0.8902150854450375
1.0476157527896641
1.232846739442066
1.4508287784959402
1.7073526474706886
2.009233002565046
2.364489412645407
2.782559402207126
3.274549162877725
3.8535285937105273
4.534878508128582
5.3366992312063015
6.280291441834247
7.390722033525775
8.697490026177835
10.235310218990248
12.045035402587812
14.174741629268048
16.68100537200059
19.630406500402685
23.10129700083158
27.1858824273294
31.992671377973846
37.64935806792464
44.30621457583877
52.14008287999685
61.35907273413163
72.20809018385457
84.97534359086438
100.0
###
0.21320914006992045
0.18940787460861136
0.16695648649844747
0.14629224538418645
0.12768712776955754
0.11123692817803893
0.10029519554821449
0.08747558862118943
0.07652236388927962
0.06724721470762307
0.6871578904564444
0.5772222668662993
0.4793844742714401
0.3940238873834551
0.32080549096972344
0.25874446058778733
0.21878012041360417
0.17315951422432405
0.1350562145742644
0.1031441762977114
1.0135078524173433
0.832485675603631
0.6752438102481316
0.5411109884682773
0.4284471807141474
0.33484830594042825
0.2755635129833439
0.2089627668621703
0.15429957171570358
0.10930447220723152
1.2789584133939713
1.036036498124255
0.8282184991606094
0.6535012318257938
0.5087541365082509
0.3901043711045029
0.3158457192093886
0.2334095949188851
0.166776865696925
0.11268795650222713
1.5082603677427948
1.2096794920751732
0.9570623546977503
0.7469316681011485
0.5746105956401096
0.43479493172102973
0.34807821502099745
0.2527209391519515
0.17648804326544976
0.11555476086868635
1.7128271303830975
1.3631867646298663
1.0699505660553932
0.8280438474540373
0.631269612715959
0.4729004091062352
0.3754090574431033
0.269028971449021
0.18482457803443098
0.11831575866502535
1.8990565420608938
1.5019655528219382
1.171297630368272
0.9003553755061233
0.6814549334308267
0.5064623842693443
0.39938699124633664
0.28332388629847244
0.19223172398899796
0.12100670533082371
2.070982146629629
1.629362713284109
1.2638165731921092
0.9660543384565919
0.7267964104585029
0.536617210831446
0.42089795602075825
0.2961548555373043
0.19896843256467583
0.12364717786369288
2.23134080135083
1.7476282451376297
1.349310932051421
1.0264651289185187
0.768322508783922
0.5641527797581464
0.4405018557023811
0.30785984449772014
0.2051879883739903
0.12623339277214435
2.382071970436794
1.858359642098968
1.4290447058543065
1.0825922987766927
0.8067828626788092
0.589582164948795
0.45857686835805034
0.31866649333960295
0.21098996890704594
0.12876154659133815
2.524681364475124
1.9627391498246798
1.5039487533359313
1.1351474398601953
0.8426763908672609
0.6132636508163264
0.47538704813700605
0.3287343118644617
0.2164449409432957
0.13122871430130842
2.6602722973696995
2.061670813760065
1.5747305071132722
1.1846679682670096
0.8764094224925719
0.6354733326336491
0.4911550459983342
0.3381809395698876
0.22160421004278139
0.13363452186054275
2.7897737204352
2.1558852252534537
1.6419421273666595
1.2315710343845871
0.9082860679922952
0.6564391827896264
0.5060118732795627
0.3470962867220815
0.22650700770007293
0.13597909586389212
2.9138368744023277
2.2459170605200556
1.7060244026376647
1.2761877688909855
0.9385467874686261
0.6762945619010559
0.520085432267417
0.3555501922479695
0.23118505121331767
0.13826380199412544
3.033048875183054
2.3322458187897324
1.7673355359208462
1.3187865859994572
0.9673854539093163
0.6951900337785278
0.5334791633662705
0.363590526631698
0.2356630400477145
0.14049044465954927