# ../data/BKevo/MV2g_BKevo/mv2g_33.dat
# N(r,Y=0), r, *FL(x,Q^2)
# 1e-05 < r < 100.0
# 1 < Q^2 < 50, n=15, lin grid
# 1e-5 < x < 1e-2, n=10, log grid
###
6.434550750495342e-05
7.239401895408544e-05
8.139499548309833e-05
9.151233861287473e-05
0.00010290232360943737
0.00011564882090363564
0.00012994817961343565
0.00014603534197384484
0.00016405020490505858
0.00018421806418780851
0.00020689064063266448
0.00023229595353852414
0.00026067539512734055
0.0002925533570798029
0.0003282948348754569
0.0003681276560214383
0.00041283051315136443
0.00046297912800348783
0.0005187291555003431
0.0005812322959913392
0.0006513043198118318
0.0007291651805644075
0.0008162679858382423
0.0009138047342455622
0.001022201306239612
0.0011431321762738283
0.0012783702633498409
0.0014286752429794615
0.0015958571497823929
0.0017825359705622237
0.001989999258460692
0.0022199910874389195
0.0024763583790710156
0.002761206842926561
0.003075815188097896
0.003425795315660683
0.003814499440267584
0.004242015027491025
0.004716475144913901
0.005242795362147589
0.005819546574122872
0.0064575155262704695
0.007163163671842767
0.007935165621980125
0.008784750345134993
0.009721259153438118
0.010743754004717011
0.01186240359768543
0.013090626267509037
0.014428422097730905
0.015882317483927953
0.017471606847781304
0.01919840332592671
0.021061882966725735
0.023090295686923647
0.025290722529722948
0.02765167102974003
0.030216876890812993
0.03300628814906828
0.03600306127025912
0.03928399543147605
0.042900636888565054
0.046896609952329145
0.051421852056041606
0.05665770784905442
0.06290190089782532
0.0706150134980616
0.08044581347011488
0.09358488653118575
0.11169182359019039
0.13681896127970977
0.17239424617307092
0.2225226996792544
0.2895846319629334
0.37401073172380195
0.4675024059390283
0.554184671893037
0.6164698139323282
0.6454348358721773
0.661294857898123
0.6748530188400144
0.689159420628801
0.7047200417104097
0.7215894327132332
0.7395140092798002
0.7585764784875197
0.7787631654777661
0.7996176587865088
0.8209786732138405
0.8427689191018742
0.8643386646454875
0.885191731701843
0.9053053117252243
0.9240197204702952
0.9406023780331463
0.9553322060244944
0.9678707187149534
0.9776184616819208
0.9852952014281945
0.9910437661432259
###
1e-05
1.1768119524349992e-05
1.3848863713938717e-05
1.6297508346206434e-05
1.917910261672489e-05
2.2570197196339216e-05
2.656087782946684e-05
3.1257158496882356e-05
3.678379771828634e-05
4.328761281083062e-05
5.0941380148163754e-05
5.994842503189409e-05
7.054802310718646e-05
8.302175681319735e-05
9.770099572992247e-05
0.00011497569953977356
0.00013530477745798074
0.00015922827933410923
0.0001873817422860383
0.00022051307399030456
0.00025950242113997375
0.0003053855508833416
0.00035938136638046257
0.0004229242874389499
0.0004977023564332109
0.0005857020818056661
0.0006892612104349695
0.0008111308307896872
0.0009545484566618337
0.0011233240329780276
0.0013219411484660286
0.0015556761439304723
0.0018307382802953678
0.002154434690031882
0.0025353644939701114
0.0029836472402833374
0.003511191734215131
0.004132012400115334
0.004862601580065354
0.005722367659350214
0.006734150657750821
0.007924828983539169
0.0093260334688322
0.010974987654930556
0.01291549665014884
0.01519911082952933
0.01788649529057435
0.0210490414451202
0.02477076355991709
0.029150530628251757
0.034304692863149154
0.040370172585965536
0.047508101621027934
0.05590810182512223
0.06579332246575675
0.0774263682681127
0.09111627561154886
0.10722672220103231
0.1261856883066021
0.14849682622544635
0.1747528400007683
0.20565123083486514
0.24201282647943834
0.2848035868435799
0.3351602650938841
0.3944206059437656
0.46415888336127725
0.5462277217684337
0.642807311728432
0.7564633275546291
0.8902150854450375
1.0476157527896641
1.232846739442066
1.4508287784959402
1.7073526474706886
2.009233002565046
2.364489412645407
2.782559402207126
3.274549162877725
3.8535285937105273
4.534878508128582
5.3366992312063015
6.280291441834247
7.390722033525775
8.697490026177835
10.235310218990248
12.045035402587812
14.174741629268048
16.68100537200059
19.630406500402685
23.10129700083158
27.1858824273294
31.992671377973846
37.64935806792464
44.30621457583877
52.14008287999685
61.35907273413163
72.20809018385457
84.97534359086438
100.0
###
0.3812256083461975
0.3670796648907619
0.34388529075157975
0.31067645510706865
0.2694402026461588
0.2249763737601421
0.19269929766476834
0.15453469324128713
0.12356009211041365
0.09983663597520652
1.7847118099616348
1.6692305050660596
1.5004623692843893
1.2845871298985891
1.043453237412193
0.8066378311729555
0.6468938409064044
0.4693371655065999
0.3339925603439893
0.2357846244864112
3.1321246373110756
2.8874752079804216
2.547261419094411
2.132099762821396
1.6881268844030333
1.2681364344124124
0.9928416832772452
0.6939005223613713
0.47141669082943266
0.31287581503852113
4.441720362688541
4.054336276896961
3.5324960152144524
2.914655085389083
2.272024589456003
1.6782390994655279
1.296036326214449
0.8870504645374199
0.5870526328796991
0.37637236433656585
5.722563582504912
5.18359825832287
4.474660247408656
3.653574143269259
2.816742309634882
2.0566069830399236
1.5737114398738863
1.0624274257907351
0.6916336329803627
0.43378992994747134
6.979974355985473
6.283464072710833
5.383750280753059
4.359853219006446
3.3328902663562148
2.4124215656117984
1.8336608603477598
1.2259105235055228
0.788996729098509
0.48761125683347095
8.217506715739452
7.35870007034944
6.265637343361922
5.0401970202763104
3.826730510543187
2.7509476593504747
2.0801767742117234
1.3806771398214144
0.881141651432544
0.5389279045128648
9.437781833470611
8.412677920283903
7.124956421553258
5.698999401019217
4.302376284428685
3.075567407754088
2.315993496758345
1.528376691560682
0.9692519136612447
0.5883339842919453
10.642658303396223
9.448202098453134
7.964687807139723
6.339508101329545
4.762726809644619
3.388620066798258
2.542977752526663
1.670377240166868
1.0540605868485922
0.636196283546712
11.833533536162372
10.467320694388425
8.787684594547512
6.964136885847855
5.209927719360032
3.6918331758917238
2.7624714446316396
1.8075791256236002
1.1361096470163152
0.6827498267958739
13.011927704441494
11.471668972887418
9.595009608556829
7.574630864059724
5.645628750436544
3.986479068791665
2.9754943123785913
1.940652738785666
1.2157888655022617
0.7281746087207933
14.178743944459198
12.462253990952362
10.388872917665399
8.172732629148804
6.071199746119269
4.27357944950203
3.182840203900121
2.070130969902877
1.2933965018533182
0.7726117679267369
15.334846835417759
13.440818984721725
11.169789213410018
8.759407357289186
6.487545047173408
4.553957115302725
3.3851885862935314
2.196381694599114
1.368859574643442
0.8161528227411434
16.480975860663115
14.408010051664531
11.939425093515416
9.335925397072682
6.895643413294388
4.828281551992496
3.582959332955649
2.319780702222398
1.442950783855666
0.8588866996208699
17.617771265611662
15.364636955229297
12.69849404930879
9.903048292105153
7.296201911426965
5.097110333544043
3.776622489431723
2.440587821250701
1.5158871749958287
0.9008829962285152