# data/BKevo/ATAN_BKevo/atan67.dat
# N(r,Y=0), r, *FL(x,Q^2)
# 1e-05 < r < 100.0
# 1 < Q^2 < 50, n=15, lin grid
# 1e-5 < x < 1e-2, n=10, log grid
###
2.5464790923663787e-06
2.9967270325165493e-06
3.5265841900402327e-06
4.1501264260910495e-06
4.883918382314037e-06
5.747453526979973e-06
6.7636720065425666e-06
7.959570059535102e-06
9.36691718211508e-06
1.1023100097068229e-05
1.2972115946620542e-05
1.5265741093543057e-05
1.7964906580296822e-05
2.1141316785911057e-05
2.4879354280393637e-05
2.927832148011003e-05
3.4455078655633155e-05
4.054714836913442e-05
4.771636881222072e-05
5.6153193104167574e-05
6.608174874781059e-05
7.776579165339278e-05
9.151571293067362e-05
0.00010769678453153236
0.00012673886279974782
0.00014914780780864276
0.0001755189216867425
0.00020655276287830654
0.00024307375680739776
0.00028605209701903654
0.00033662951803938306
0.0003961496257837669
0.0004661935914574443
0.0005486221530748586
0.0006456250437149482
0.0007597791676993876
0.0008941170451744067
0.0010522073501711207
0.0012382497489482008
0.0014571864139005008
0.0017148331961873685
0.002018034300895815
0.002374843880387969
0.0027947395430718714
0.0032888746345774017
0.003870373906023638
0.004554680300377938
0.005359966296321536
0.006307615534411504
0.00742278312560693
0.008735063791343764
0.010279280169091706
0.01209637599057401
0.014234481607416903
0.01675023302411716
0.019710145957573234
0.023192190649412844
0.027288177711293958
0.032105666838385644
0.03776956781774565
0.04442744030377632
0.052250810266679534
0.06143481790491517
0.07220998234863917
0.0848402328693657
0.09961057631824068
0.11685203416482362
0.13693316401057945
0.1601965203507513
0.18699938274675112
0.2177282313216715
0.25256095615865964
0.29147537801647444
0.3345670675174707
0.3813462644034082
0.4305360551527933
0.48180433486567475
0.533946899378679
0.5842154322415194
0.6329229712284979
0.6791858414028923
0.7204713392383775
0.7581307983010618
0.7921666827435419
0.8213822756565936
0.8469659633142977
0.8695122601139571
0.8886155872592575
0.9049449128736125
0.9191829244357183
0.9312484850730346
0.9414029769632367
0.950220825726398
0.9577348524415363
0.9639853103628264
0.9694051657744657
0.9740585393239056
0.9778909027626423
0.9812125592894142
0.9840878213004326
###
1e-05
1.1768119524349992e-05
1.3848863713938717e-05
1.6297508346206434e-05
1.917910261672489e-05
2.2570197196339216e-05
2.656087782946684e-05
3.1257158496882356e-05
3.678379771828634e-05
4.328761281083062e-05
5.0941380148163754e-05
5.994842503189409e-05
7.054802310718646e-05
8.302175681319735e-05
9.770099572992247e-05
0.00011497569953977356
0.00013530477745798074
0.00015922827933410923
0.0001873817422860383
0.00022051307399030456
0.00025950242113997375
0.0003053855508833416
0.00035938136638046257
0.0004229242874389499
0.0004977023564332109
0.0005857020818056661
0.0006892612104349695
0.0008111308307896872
0.0009545484566618337
0.0011233240329780276
0.0013219411484660286
0.0015556761439304723
0.0018307382802953678
0.002154434690031882
0.0025353644939701114
0.0029836472402833374
0.003511191734215131
0.004132012400115334
0.004862601580065354
0.005722367659350214
0.006734150657750821
0.007924828983539169
0.0093260334688322
0.010974987654930556
0.01291549665014884
0.01519911082952933
0.01788649529057435
0.0210490414451202
0.02477076355991709
0.029150530628251757
0.034304692863149154
0.040370172585965536
0.047508101621027934
0.05590810182512223
0.06579332246575675
0.0774263682681127
0.09111627561154886
0.10722672220103231
0.1261856883066021
0.14849682622544635
0.1747528400007683
0.20565123083486514
0.24201282647943834
0.2848035868435799
0.3351602650938841
0.3944206059437656
0.46415888336127725
0.5462277217684337
0.642807311728432
0.7564633275546291
0.8902150854450375
1.0476157527896641
1.232846739442066
1.4508287784959402
1.7073526474706886
2.009233002565046
2.364489412645407
2.782559402207126
3.274549162877725
3.8535285937105273
4.534878508128582
5.3366992312063015
6.280291441834247
7.390722033525775
8.697490026177835
10.235310218990248
12.045035402587812
14.174741629268048
16.68100537200059
19.630406500402685
23.10129700083158
27.1858824273294
31.992671377973846
37.64935806792464
44.30621457583877
52.14008287999685
61.35907273413163
72.20809018385457
84.97534359086438
100.0
###
0.3477342228703697
0.3278386563788187
0.303609465099165
0.27572263417976545
0.2453850378548985
0.21399520096131136
0.19067425747334954
0.16092562068836286
0.13359980890462284
0.1093543090072795
1.496187193356361
1.356616219454374
1.2020003721599226
1.0399932941249483
0.8792169268891296
0.7271000987275236
0.6221066581105774
0.49717011686959767
0.3907984036213913
0.3028133022411231
2.5092963147328797
2.2343519618808823
1.9412018856524844
1.6454158436786015
1.361987074740046
1.102729884570823
0.928615004672231
0.726579316309055
0.5591025451833416
0.4239370393975121
3.4444554627628934
3.0303579845933015
2.5992238218013872
2.1743497044662328
1.7759982556137694
1.419075192858096
1.1833264067127887
0.9139115776825553
0.6941539600395563
0.5193609123565808
4.3252336234838245
3.7705707440013834
3.2035268122279663
2.6540976943330925
2.1469883481475103
1.6992832414905708
1.407049083402792
1.0766802625914924
0.8102590790050442
0.6005683556702851
5.16371351832874
4.468815024576881
3.76817935475935
3.098253575256093
2.487419927888085
1.954226868240705
1.6094111834280311
1.22277494040892
0.9136978036612475
0.6723679519812871
5.968055940945524
5.133572475050912
4.301774419171779
3.5148859591769455
2.804543885502894
2.190196773248226
1.7958294766886835
1.3565687257814982
1.0079021271636501
0.7374086372761597
6.74338109626873
5.770624379270408
4.809877289967154
3.909295152462582
3.1030536219567364
2.411244830565581
1.9697649277491607
1.4808139086064616
1.0949867423318633
0.7972833130498845
7.494488886704318
6.384142726583152
5.296607058070967
4.285047918609097
3.3862084938823176
2.6199240290269072
2.1334905057404985
1.5973232374815347
1.1763446469627323
0.8530473952772981
8.224161999515639
6.977277134450892
5.764994814308847
4.645193128710883
3.6563889378213994
2.818158881650879
2.2886625234187283
1.7074233063802036
1.2530094818502215
0.9054405669037657
8.934606813922837
7.552471748816679
6.217377934957784
4.991689598823297
3.9154025604854565
3.0076830470505094
2.43663519749231
1.8120642953055772
1.325703102811112
0.9550147754505085
9.628014220411776
8.111696587171764
6.655607046520621
5.326191751827369
4.164584345603932
3.1895388357839747
2.5783350608892586
1.9120438647700952
1.3949743431796435
1.0021568266039211
10.306554719331338
8.656556183410778
7.081179584720356
5.650031613516082
4.405208651285104
3.36464333128858
2.7145295905321545
2.0079303821734857
1.4612924438437527
1.0472072804950545
10.96971589528758
9.188383543189408
7.495335874944113
5.964302144533632
4.638123260464478
3.5337400898569014
2.845841594219995
2.100198999421469
1.5249965490006714
1.0904168463711743
11.620500440188382
9.708304256600798
7.899107904508074
6.269914326569546
4.864091344902774
3.697446728283609
2.9727814338771705
2.1892023528947857
1.5863757260860718
1.1319932373035744