# data/BKevo/ATAN_BKevo/atan73.dat
# N(r,Y=0), r, *FL(x,Q^2)
# 1e-05 < r < 100.0
# 1 < Q^2 < 50, n=15, lin grid
# 1e-5 < x < 1e-2, n=10, log grid
###
0.006062478444315646
0.006472561120366127
0.0069063762980487
0.007370397130214058
0.007868497812720943
0.008396911616410783
0.008960565950498049
0.009565581911128017
0.01020922464989461
0.010893911868082315
0.01162879877529272
0.012412800279415498
0.01324451730096124
0.014137161062295501
0.015092132126806865
0.016102461454703315
0.01718673740699574
0.018349965327386197
0.019577275496001634
0.020894335213308492
0.022308245871754614
0.023802144213697217
0.025401978859423514
0.027119357040894822
0.028939015477115932
0.030882355140937286
0.032968353116828296
0.035184813642337325
0.0375454348639502
0.04007919662275536
0.04277899536642766
0.045646524508743846
0.04872419115509452
0.052012737538977914
0.055496056311463836
0.05923441661655122
0.06324010869877211
0.06747149029985851
0.0720124136063154
0.07688737677906242
0.0820317778615889
0.08754759276068289
0.09346880129909683
0.09973491845903097
0.10643492517060846
0.11362689701654353
0.12125920719071942
0.12939751762896212
0.13813276607648875
0.14742874271324705
0.15731357289773515
0.1679224246295734
0.17924338125488473
0.191247589154086
0.204129013742765
0.2179117333187552
0.23248319786447202
0.24811442628883404
0.26488028552525616
0.28254674423999715
0.3014836380827994
0.3217822872406833
0.34318413767007744
0.36602613460221345
0.3904487747801496
0.4161732527011464
0.4434150159587613
0.4723559150695256
0.5026426757741044
0.5342208270572415
0.5672569736335096
0.6012117384098367
0.6355049424189166
0.670248403655705
0.7046885205931528
0.7375859351372246
0.7692625294770982
0.7991330790025344
0.8257339947827793
0.8500227054850447
0.8719020082001961
0.8904198043917309
0.9066843661529563
0.9209227818371196
0.9327824948013078
0.9429386655966419
0.9517311794863202
0.9590603755346314
0.9652452884551583
0.9705851216628285
0.9750700136518224
0.9788163895286329
0.9820515125519825
0.9847945764956331
0.9870662372956293
0.9890296704203099
0.9907106381210158
0.9920913109625125
0.9932857167767363
0.9943178974816436
###
1e-05
1.1768119524349992e-05
1.3848863713938717e-05
1.6297508346206434e-05
1.917910261672489e-05
2.2570197196339216e-05
2.656087782946684e-05
3.1257158496882356e-05
3.678379771828634e-05
4.328761281083062e-05
5.0941380148163754e-05
5.994842503189409e-05
7.054802310718646e-05
8.302175681319735e-05
9.770099572992247e-05
0.00011497569953977356
0.00013530477745798074
0.00015922827933410923
0.0001873817422860383
0.00022051307399030456
0.00025950242113997375
0.0003053855508833416
0.00035938136638046257
0.0004229242874389499
0.0004977023564332109
0.0005857020818056661
0.0006892612104349695
0.0008111308307896872
0.0009545484566618337
0.0011233240329780276
0.0013219411484660286
0.0015556761439304723
0.0018307382802953678
0.002154434690031882
0.0025353644939701114
0.0029836472402833374
0.003511191734215131
0.004132012400115334
0.004862601580065354
0.005722367659350214
0.006734150657750821
0.007924828983539169
0.0093260334688322
0.010974987654930556
0.01291549665014884
0.01519911082952933
0.01788649529057435
0.0210490414451202
0.02477076355991709
0.029150530628251757
0.034304692863149154
0.040370172585965536
0.047508101621027934
0.05590810182512223
0.06579332246575675
0.0774263682681127
0.09111627561154886
0.10722672220103231
0.1261856883066021
0.14849682622544635
0.1747528400007683
0.20565123083486514
0.24201282647943834
0.2848035868435799
0.3351602650938841
0.3944206059437656
0.46415888336127725
0.5462277217684337
0.642807311728432
0.7564633275546291
0.8902150854450375
1.0476157527896641
1.232846739442066
1.4508287784959402
1.7073526474706886
2.009233002565046
2.364489412645407
2.782559402207126
3.274549162877725
3.8535285937105273
4.534878508128582
5.3366992312063015
6.280291441834247
7.390722033525775
8.697490026177835
10.235310218990248
12.045035402587812
14.174741629268048
16.68100537200059
19.630406500402685
23.10129700083158
27.1858824273294
31.992671377973846
37.64935806792464
44.30621457583877
52.14008287999685
61.35907273413163
72.20809018385457
84.97534359086438
100.0
###
0.39572994494469893
0.39570781242456937
0.3956185303840713
0.39525394779558864
0.39375122461108586
0.38824912311168724
0.3775892194723244
0.34719019567722065
0.29491099043734337
0.230098717792747
1.9292382306686373
1.9289599326255382
1.9278619955143468
1.9235654372404114
1.9079012837974285
1.8577940159145376
1.7716500908178188
1.5562628011793918
1.2352480129455234
0.8857994077087349
3.4670462827496795
3.4662509383208495
3.463438548865939
3.452709936722014
3.4155360351237376
3.303216327724098
3.119536087027221
2.684338011840887
2.0712059047791853
1.4365503286832182
5.005282366430183
5.003798577498123
4.998689689300339
4.979719877774019
4.916126970351694
4.730904518394502
4.43787486685437
3.7669766745714
2.8546577775642765
1.9393398837946356
6.54360608667271
6.541214673399909
6.53338502106812
6.504689967496919
6.410839589163232
6.144950427328207
5.734326274583378
4.817755690948274
3.6032680659664353
2.4117533849730846
8.081930724216978
8.078837981645199
8.067506491768873
8.028184034815029
7.900496718353591
7.54682777506624
7.013249107436344
5.843987433291887
4.325805697021055
2.862256604330618
9.620224171226829
9.61606855615903
9.601194979611876
9.549723115856493
9.38569164364289
8.940819696671701
8.277488096331574
6.850228666466476
5.027697424328138
3.2957987375429463
11.158475725347534
11.153151463860667
11.134233083709024
11.068835368743763
10.866872729844026
10.325426892712478
9.52904830558847
7.839609878278185
5.712604481851047
3.7156015951809875
12.696703244667264
12.689445789315501
12.66636473575593
12.587172441832926
12.344406036362356
11.702443681033166
10.769413834863116
8.814038896760362
6.382981297653678
4.123917306070517
14.234860452606966
14.226054533256617
14.198370873294214
14.104140405634347
13.81854487084685
13.0725679751918
11.999819005600523
9.775926764945705
7.041609172200579
4.52240246223437
15.772964261772584
15.762488793171945
15.729913345714513
15.619817304499964
15.28954168337339
14.436349652810911
13.221137979358154
10.726914894719517
7.688491766072895
4.912323604297334
17.311014266486367
17.298749596123074
17.261010636850955
17.13427087764334
16.75759624385423
15.794324285902338
14.43413779437424
11.667079038677658
8.325501954392383
5.294676024937679
18.849010319125487
18.83617747486601
18.79167936562479
18.64756044087997
18.2228952249667
17.14687030159488
15.639511152337443
12.597804976212352
8.95360622922892
5.670265930726381
20.38694953134193
20.37072744557314
20.32193437825601
20.159738525664224
19.68557027353335
18.4943351178314
16.83778212163794
13.519860232208735
9.573605985422367
6.039698873832259
21.924830113734707
21.906402939598948
21.851789298639716
21.670851715792303
21.14575721538561
19.837020494810627
18.029422292685815
14.433898108150878
10.186179291061855
6.403632563757832