# data/BKevo/ATAN_BKevo/atan85.dat
# N(r,Y=0), r, *FL(x,Q^2)
# 1e-05 < r < 100.0
# 1 < Q^2 < 50, n=15, lin grid
# 1e-5 < x < 1e-2, n=10, log grid
###
3.183098865448324e-06
3.745908790630087e-06
4.408230237524692e-06
5.187658032572018e-06
6.104897977824906e-06
7.184316908614284e-06
8.454590007997234e-06
9.949462574125606e-06
1.1708646477165425e-05
1.3778875120551802e-05
1.6215144932004393e-05
1.9082176364861373e-05
2.245613322197982e-05
2.642664597687902e-05
3.109919284156035e-05
3.659790183546264e-05
4.3068848295666196e-05
5.068393542284292e-05
5.9645460951787545e-05
7.019149127677263e-05
8.260218576764067e-05
9.720723929213681e-05
0.00011439464071530339
0.00013462097993965417
0.00015842357731224704
0.00018643475782051597
0.00021939864896589363
0.0002581909484645245
0.0003038421876083758
0.0003575651076503098
0.00042078687536340154
0.000495186995864394
0.0005827419302721596
0.0006857775954854839
0.0008070311472627912
0.000949723703727496
0.0011176458924144544
0.001315258506764594
0.0015478110774505213
0.0018214812269158266
0.002143538549651315
0.002522538073237893
0.002968547085320815
0.0034934116904405967
0.004111072492397467
0.004837933711758871
0.005693295303115827
0.006699867806835614
0.007884373451371399
0.009278240893424652
0.010918439910638292
0.012848467643466071
0.015119441837953346
0.017791415579996216
0.02093505161885978
0.024633244934156848
0.028982950287629452
0.03409837219656087
0.04011296563717879
0.047180539125967376
0.055483207793830334
0.06523117575392248
0.07665885605237223
0.09004394909563632
0.10569929208807102
0.12394460946399852
0.14514933004955108
0.16971082933141668
0.19793259925844753
0.23010137883218326
0.26651427606127925
0.30707682722970536
0.3513767187084735
0.3992460873822508
0.4497033033893192
0.5008807571051178
0.5524702239395992
0.6031721588033448
0.6502326217236176
0.6945202370082753
0.7355044006120302
0.7711579789013822
0.8031161387293394
0.8315973762171925
0.8557452293938399
0.8767140788612976
0.8950803639713845
0.910562999453431
0.9237501611120404
0.9352203660499163
0.944921424925883
0.9530741924075544
0.9601471835342887
0.9661699368783683
0.9711770658417463
0.975517281985777
0.9792426891726019
0.9823101370766998
0.9849684600662209
0.987269302926174
###
1e-05
1.1768119524349992e-05
1.3848863713938717e-05
1.6297508346206434e-05
1.917910261672489e-05
2.2570197196339216e-05
2.656087782946684e-05
3.1257158496882356e-05
3.678379771828634e-05
4.328761281083062e-05
5.0941380148163754e-05
5.994842503189409e-05
7.054802310718646e-05
8.302175681319735e-05
9.770099572992247e-05
0.00011497569953977356
0.00013530477745798074
0.00015922827933410923
0.0001873817422860383
0.00022051307399030456
0.00025950242113997375
0.0003053855508833416
0.00035938136638046257
0.0004229242874389499
0.0004977023564332109
0.0005857020818056661
0.0006892612104349695
0.0008111308307896872
0.0009545484566618337
0.0011233240329780276
0.0013219411484660286
0.0015556761439304723
0.0018307382802953678
0.002154434690031882
0.0025353644939701114
0.0029836472402833374
0.003511191734215131
0.004132012400115334
0.004862601580065354
0.005722367659350214
0.006734150657750821
0.007924828983539169
0.0093260334688322
0.010974987654930556
0.01291549665014884
0.01519911082952933
0.01788649529057435
0.0210490414451202
0.02477076355991709
0.029150530628251757
0.034304692863149154
0.040370172585965536
0.047508101621027934
0.05590810182512223
0.06579332246575675
0.0774263682681127
0.09111627561154886
0.10722672220103231
0.1261856883066021
0.14849682622544635
0.1747528400007683
0.20565123083486514
0.24201282647943834
0.2848035868435799
0.3351602650938841
0.3944206059437656
0.46415888336127725
0.5462277217684337
0.642807311728432
0.7564633275546291
0.8902150854450375
1.0476157527896641
1.232846739442066
1.4508287784959402
1.7073526474706886
2.009233002565046
2.364489412645407
2.782559402207126
3.274549162877725
3.8535285937105273
4.534878508128582
5.3366992312063015
6.280291441834247
7.390722033525775
8.697490026177835
10.235310218990248
12.045035402587812
14.174741629268048
16.68100537200059
19.630406500402685
23.10129700083158
27.1858824273294
31.992671377973846
37.64935806792464
44.30621457583877
52.14008287999685
61.35907273413163
72.20809018385457
84.97534359086438
100.0
###
0.35725424233574693
0.3402050467034983
0.3188417366144959
0.2935410557829032
0.2651953883339826
0.2350089122305784
0.2120355647363026
0.18199410048033182
0.15367818773839492
0.12789177761952447
1.5673261854893294
1.4403690540871177
1.2954043048985255
1.1389831709736276
0.979149947241489
0.8236191718134153
0.7138835877813386
0.5804825881039483
0.46432327369102894
0.36619673324891167
2.653197556767448
2.396936919990203
2.1153889920436924
1.8228101579946134
1.5344491174224033
1.26339183923241
1.077453759362009
0.8573886798107961
0.6710561119407088
0.517706523206559
3.6649775811389604
3.273043715438377
2.852679641992093
2.4262222852739774
2.015142550526344
1.6368760034860659
1.3819498931243972
1.0849830866727617
0.8377571333245836
0.637448099848785
4.6238597049472565
4.0932926728005095
3.5343759844440994
2.9770431423564516
2.448466338351472
1.969432972023038
1.650668970059709
1.2834570390866262
0.9814336886639079
0.7393896129899473
5.541461067585419
4.8709557702271065
4.174528061520702
3.4894106374800122
2.847796274525925
2.2731784566085564
1.8944838918872515
1.4620306313989568
1.1096257619349694
0.8295780663259518
6.425288676267052
5.614350817412634
4.781793063108439
3.971878721182909
3.2209990633338452
2.555092245819694
2.1195839076893996
1.6258583811867664
1.2264760680032696
0.9112748859924256
7.280587280562375
6.32918516705344
5.362007930994525
4.429755172969388
3.5732488516490872
2.81962763758506
2.3299988932942495
1.7781749794012196
1.3345807636593483
0.9864786497750622
8.111210765378075
7.019614447415797
5.919352064745976
4.867408367914047
3.9081037636298355
3.0699236779259405
2.5284009836775403
1.9211726080289075
1.4356385813883368
1.0565110309934789
8.920142454589637
7.688781406586701
6.456963331791582
5.287634413912098
4.228236299503675
3.308222802611689
2.7167447145629096
2.0564079538746665
1.530902046992933
1.1222980086021965
9.709739455071333
8.33916625171654
6.977274211274957
5.692939842510938
4.535663228374682
3.536228270667929
2.8964977199277215
2.185082714611899
1.621261869325119
1.1845399835853798
10.48191575274049
8.972758103293156
7.482218516649726
6.084405770571514
4.831916994619145
3.7552649811878407
3.068796716789715
2.30807866871383
1.7073948523607712
1.2437212141047609
11.238255840148812
9.591188186546523
7.973358628748748
6.4641940435232925
5.1181913370709005
3.966392373357098
3.234543973646232
2.4261057055574535
1.7898781274245148
1.3002616806182847
11.980092729112569
10.195819812656644
8.451956606141211
6.83326057217403
5.395707544310149
4.17046978619138
3.394470545833117
2.5397359033151012
1.8691248757248595
1.3544838372627017
12.70893807142161
10.787806778050564
8.920007063975344
7.192603058019677
5.665230349954288
4.368207469828853
3.5491788912023354
2.6494386234690412
1.9454914478036751
1.4066496627102023