# data/BKevo/ATAN_BKevo/atan75.dat
# N(r,Y=0), r, *FL(x,Q^2)
# 1e-05 < r < 100.0
# 1 < Q^2 < 50, n=15, lin grid
# 1e-5 < x < 1e-2, n=10, log grid
###
3.677477826095797e-05
4.189971209289443e-05
4.772027803883059e-05
5.4355268127848934e-05
6.192790180970759e-05
7.053648397128334e-05
8.034073161043435e-05
9.153015392576277e-05
0.00010426229493598656
0.00011874969194906789
0.00013528340596075577
0.00015411446111272034
0.00017552208941170274
0.00019995275082091563
0.00022780442353842253
0.0002594380412753723
0.00029553761589492806
0.0003367313660927082
0.0003834759491391036
0.000436818159550117
0.0004977012435553714
0.0005668200599455904
0.0006456410712112975
0.0007356021053940132
0.0008378280702672823
0.0009542983370752012
0.0010872256571820811
0.0012384179033118788
0.001410521602282951
0.0016069372393164199
0.0018305523631890806
0.00208486466680519
0.00237509300997381
0.002705824929026894
0.00308161601014285
0.003510465988897056
0.003999629592162054
0.004554928992226475
0.005188612452111407
0.005911886943282879
0.006732663157400767
0.00766901631718869
0.008737717506196698
0.009951617370409995
0.01133519787545433
0.012914281630718921
0.014709575564083003
0.01675394291024192
0.019087074846579198
0.021742098988365325
0.02476262570564648
0.028209542388859123
0.03213548238371021
0.03659739544765084
0.04168842148734934
0.047491536834993735
0.054079165847084436
0.0615930633241526
0.07016262322452876
0.07987492065675168
0.09094336542404186
0.10355425444652903
0.11783137535999748
0.13405285565855143
0.152480921267156
0.17327025535107798
0.19672984314861214
0.2231823863969431
0.25272851308450955
0.2855425844692263
0.3218825003038353
0.36152753238582364
0.40403627880795956
0.4493629212730903
0.4966294750048444
0.5441753505587823
0.5918813675368519
0.6386246728019455
0.6819185061968155
0.7226095357165957
0.7602188363224334
0.7928816870964459
0.8221089767352094
0.8481061714818193
0.8700950535265155
0.8891461199922049
0.9057966913234887
0.9198005180557663
0.9317032082017531
0.9420376346567745
0.950762603070119
0.9580832350963309
0.9644261224687832
0.9698206322536921
0.9743003638406463
0.9781800855730663
0.9815076212668928
0.9842453811829418
0.9866166752991374
0.9886680812523163
###
1e-05
1.1768119524349992e-05
1.3848863713938717e-05
1.6297508346206434e-05
1.917910261672489e-05
2.2570197196339216e-05
2.656087782946684e-05
3.1257158496882356e-05
3.678379771828634e-05
4.328761281083062e-05
5.0941380148163754e-05
5.994842503189409e-05
7.054802310718646e-05
8.302175681319735e-05
9.770099572992247e-05
0.00011497569953977356
0.00013530477745798074
0.00015922827933410923
0.0001873817422860383
0.00022051307399030456
0.00025950242113997375
0.0003053855508833416
0.00035938136638046257
0.0004229242874389499
0.0004977023564332109
0.0005857020818056661
0.0006892612104349695
0.0008111308307896872
0.0009545484566618337
0.0011233240329780276
0.0013219411484660286
0.0015556761439304723
0.0018307382802953678
0.002154434690031882
0.0025353644939701114
0.0029836472402833374
0.003511191734215131
0.004132012400115334
0.004862601580065354
0.005722367659350214
0.006734150657750821
0.007924828983539169
0.0093260334688322
0.010974987654930556
0.01291549665014884
0.01519911082952933
0.01788649529057435
0.0210490414451202
0.02477076355991709
0.029150530628251757
0.034304692863149154
0.040370172585965536
0.047508101621027934
0.05590810182512223
0.06579332246575675
0.0774263682681127
0.09111627561154886
0.10722672220103231
0.1261856883066021
0.14849682622544635
0.1747528400007683
0.20565123083486514
0.24201282647943834
0.2848035868435799
0.3351602650938841
0.3944206059437656
0.46415888336127725
0.5462277217684337
0.642807311728432
0.7564633275546291
0.8902150854450375
1.0476157527896641
1.232846739442066
1.4508287784959402
1.7073526474706886
2.009233002565046
2.364489412645407
2.782559402207126
3.274549162877725
3.8535285937105273
4.534878508128582
5.3366992312063015
6.280291441834247
7.390722033525775
8.697490026177835
10.235310218990248
12.045035402587812
14.174741629268048
16.68100537200059
19.630406500402685
23.10129700083158
27.1858824273294
31.992671377973846
37.64935806792464
44.30621457583877
52.14008287999685
61.35907273413163
72.20809018385457
84.97534359086438
100.0
###
0.38399373640628165
0.37477233900357143
0.36038863597740506
0.3397451922388501
0.3125777710485393
0.2798630692971165
0.2528609270195588
0.21561756925739792
0.17928437034044575
0.145864328329571
1.8034866669782685
1.7208368632285462
1.6044583886594503
1.454079680516871
1.276422135867681
1.0839730481993692
0.9386947025702997
0.754917864721327
0.5915122344680963
0.45359140247329083
3.167166466510913
2.9858700591953333
2.7412506169074544
2.43848722480478
2.0966564409794155
1.7412314735063428
1.4820644394437752
1.1644925677468754
0.8915348774221745
0.6680232533790066
4.491981452518558
4.198618512381895
3.8137282620781754
3.3510666493690073
2.842036742492786
2.326821250990555
1.9590596674915521
1.517291551067183
1.1452158995933877
0.8459888993138401
5.786673643112689
5.372303499274645
4.839855291613554
4.212989223201082
3.5370402913260923
2.8658527188433083
2.394022226275553
1.8351217949121081
1.3711113720723869
1.0027178074744028
7.056549780713792
6.514805793599475
5.829665073795233
5.036420033224186
4.194522949932799
3.37065526360064
2.7987070700214245
2.1282405682906824
1.5777826022432198
1.1450007447969717
8.305209616600296
7.630840962329409
6.789623631934039
5.8287942673632385
4.822246780352787
3.849185304684337
3.1800900525953035
2.4026287502443884
1.7700534941743773
1.2765858764113303
9.535276278478669
8.724175131370927
7.724236270601675
6.5952516144383715
5.4256356150319816
4.306095776855769
3.5427081796376436
2.6621132547313326
1.9509772297060475
1.3998675327845032
10.748909457023611
9.797556235720451
8.63684659902375
7.339417647275041
6.008118016895629
4.7449316915084
3.8896716621299103
2.9092906234320743
2.122636143529223
1.5164008219630594
11.947491834259662
10.85311175596716
9.53020260094944
8.064152620364494
6.572654585557693
5.168557266972933
4.223549729517908
3.146113147763003
2.2865308930898514
1.627319867125628
13.132409651322128
11.8925555873462
10.40597408974318
8.771669782715051
7.121434604384963
5.578545125617507
4.545607519148909
3.3739588767281745
2.443786299621153
1.7334661645621403
14.304745407400262
12.917298774068215
11.266066572411855
9.463751503211249
7.656200055295305
5.976699647430046
4.857766240207612
3.5940393027227575
2.5952722288216443
1.8354861547974421
15.465108913586368
13.928523961091432
12.111824481768373
10.14186266821687
8.178371178258967
6.3641917234183545
5.16092818091179
3.8072520831496988
2.741680563657669
1.9338896120038005
16.61486068624986
14.927237406271843
12.944413118384483
10.807430748429269
8.689239864141003
6.742119820454363
5.456021300132984
4.0143071751248876
2.883567441237801
2.0290870849775215
17.754408933106756
15.914034508160288
13.764828369116788
11.461135392496208
9.189138277855395
7.11135941224631
5.743812494627789
4.215811942590827
3.0213621070211953
2.1214158511855037