# ../data/BKevo/MV2g_BKevo/mv2g_19.dat
# N(r,Y=0), r, *FL(x,Q^2)
# 1e-05 < r < 100.0
# 1 < Q^2 < 50, n=15, lin grid
# 1e-5 < x < 1e-2, n=10, log grid
###
1.0258104666409953e-13
1.4905653299412258e-13
2.1829746152855413e-13
3.188266904358025e-13
4.63425860622188e-13
6.771931087386819e-13
9.892110595876703e-13
1.438142334646337e-12
2.0971053285786906e-12
3.0639524384079655e-12
4.454803876950058e-12
6.481942491114622e-12
9.471843186376482e-12
1.3772173759695548e-11
1.9994204628968073e-11
2.921980359251231e-11
4.2485889405153735e-11
6.153714449112641e-11
8.993507959785182e-11
1.3075831122598133e-10
1.8925393215601786e-10
2.761189411777587e-10
4.014002287903695e-10
5.808368134885583e-10
8.454160337565853e-10
1.2287295415525158e-09
1.7774412707176088e-09
2.580645068831493e-09
3.74950791617377e-09
5.421633910863874e-09
7.851021854063257e-09
1.14019742902161e-08
1.647780349564743e-08
2.379572081685353e-08
3.4538147505743744e-08
4.9879145547744e-08
7.182191971491995e-08
1.0416752186410444e-07
1.5030778456598605e-07
2.159091105075821e-07
3.1265115104046915e-07
4.5067219731109024e-07
6.466407941155258e-07
9.333734379130793e-07
1.3437964671455564e-06
1.9256686733825915e-06
2.7702862943681985e-06
3.983211988963397e-06
5.7003272873167055e-06
8.173396926685586e-06
1.1737632619958466e-05
1.6778347948259727e-05
2.398667066512257e-05
3.4424537452746297e-05
4.91916458844532e-05
7.019698243656845e-05
0.00010084812554040687
0.0001443732342111388
0.00020619707814299203
0.00029771752999626044
0.0004290724896218704
0.0006179975755103604
0.0009021654261519421
0.0013212816140183098
0.0019403081179903184
0.0028992414056675368
0.004377889319364668
0.006652287142220607
0.010319701297439103
0.01629287580147219
0.025879349853911007
0.04178844604624171
0.06858303971400156
0.11161701074381819
0.17943629093382474
0.28084680122352973
0.4098676716095352
0.5437276494241697
0.6396403622463293
0.7059649694088892
0.7675824149544029
0.8325262645582343
0.8955272553265105
0.948239665789131
0.9802911364152033
0.9949053625762101
0.9993788641289081
0.9999704128395424
0.9999992211747749
0.999999995944526
0.9999999999999648
1.0
1.0
1.0
1.0
1.0
1.0
1.0
1.0
1.0
###
1e-05
1.1768119524349992e-05
1.3848863713938717e-05
1.6297508346206434e-05
1.917910261672489e-05
2.2570197196339216e-05
2.656087782946684e-05
3.1257158496882356e-05
3.678379771828634e-05
4.328761281083062e-05
5.0941380148163754e-05
5.994842503189409e-05
7.054802310718646e-05
8.302175681319735e-05
9.770099572992247e-05
0.00011497569953977356
0.00013530477745798074
0.00015922827933410923
0.0001873817422860383
0.00022051307399030456
0.00025950242113997375
0.0003053855508833416
0.00035938136638046257
0.0004229242874389499
0.0004977023564332109
0.0005857020818056661
0.0006892612104349695
0.0008111308307896872
0.0009545484566618337
0.0011233240329780276
0.0013219411484660286
0.0015556761439304723
0.0018307382802953678
0.002154434690031882
0.0025353644939701114
0.0029836472402833374
0.003511191734215131
0.004132012400115334
0.004862601580065354
0.005722367659350214
0.006734150657750821
0.007924828983539169
0.0093260334688322
0.010974987654930556
0.01291549665014884
0.01519911082952933
0.01788649529057435
0.0210490414451202
0.02477076355991709
0.029150530628251757
0.034304692863149154
0.040370172585965536
0.047508101621027934
0.05590810182512223
0.06579332246575675
0.0774263682681127
0.09111627561154886
0.10722672220103231
0.1261856883066021
0.14849682622544635
0.1747528400007683
0.20565123083486514
0.24201282647943834
0.2848035868435799
0.3351602650938841
0.3944206059437656
0.46415888336127725
0.5462277217684337
0.642807311728432
0.7564633275546291
0.8902150854450375
1.0476157527896641
1.232846739442066
1.4508287784959402
1.7073526474706886
2.009233002565046
2.364489412645407
2.782559402207126
3.274549162877725
3.8535285937105273
4.534878508128582
5.3366992312063015
6.280291441834247
7.390722033525775
8.697490026177835
10.235310218990248
12.045035402587812
14.174741629268048
16.68100537200059
19.630406500402685
23.10129700083158
27.1858824273294
31.992671377973846
37.64935806792464
44.30621457583877
52.14008287999685
61.35907273413163
72.20809018385457
84.97534359086438
100.0
###
0.18076163842278578
0.16051163341096203
0.14193519855389225
0.1251927763959589
0.11032670896717167
0.09728742494255258
0.08863958702210482
0.0785083174775727
0.06983109088220385
0.062451111502425445
0.5305683958751266
0.44416402072809225
0.36872366112045285
0.3036859221663125
0.2481227984316171
0.20094520689165624
0.17037475567606306
0.135129090871134
0.10520931283178894
0.07964129029798306
0.7509846757621286
0.6137070600376138
0.4964372403251451
0.3973260905985404
0.3142735965877143
0.24505489888925525
0.20090500463150002
0.1507708402044016
0.10894398693818942
0.0738137739769163
0.9224729041455882
0.7425766039230609
0.5909902816181694
0.46461371395842005
0.360093827403425
0.27412214729110407
0.21994375637313313
0.1591809745124038
0.10926905736878188
0.06807767990023056
1.0662408859002566
0.8490192426846074
0.6678445900345346
0.5183017333570326
0.3958554018711881
0.29618074832504093
0.2339660859260948
0.16490376675013718
0.10892659651573641
0.06345201035077337
1.1916281748951851
0.9408839756695421
0.7334046525429061
0.5634934689017247
0.4255170851032234
0.3141411583622521
0.24517656238153648
0.1692829659567157
0.10847149024265976
0.05975336104560794
1.303733590896658
1.022312191837364
0.7909905366022062
0.6028212143591218
0.4510375595542668
0.3293909260974359
0.25457789583755625
0.17286300321326364
0.1080424357004924
0.0567484553993966
1.4056645710513571
1.0958505825209
0.8426256222537969
0.6378023016450236
0.4735422213393918
0.3427037552325132
0.2627133837647462
0.17591830077867632
0.10767282981305455
0.0542614333881196
1.4995147655195225
1.1631642407720648
0.88960940057128
0.6694251103141153
0.49374091320013885
0.3545578479220384
0.26991011145419036
0.1785957094155996
0.10736474855990522
0.052166829151909865
1.5867441157693287
1.2254274429839986
0.932841435652068
0.6983615752305851
0.5121124803735522
0.3652691567607522
0.27638005304126556
0.1809906138186052
0.10711248477348267
0.0503760457048811
1.668431589447577
1.2834854733259518
0.972972138316746
0.7250930253995597
0.5289961670944714
0.3750585951171619
0.28226887219856267
0.18316503650501323
0.10690822008703207
0.04882492516801338
1.74539593492751
1.3379780445210552
1.0104889269378494
0.749977362121901
0.5446519316990385
0.38408720092659526
0.2876816828583438
0.1851604760190727
0.10674435888683365
0.0474662810484722
1.8182759552428895
1.3893920730009879
1.0457674133280572
0.7732884760546549
0.5592495202401354
0.392475927799375
0.2926963163485064
0.18700904662752957
0.1066142940390877
0.04626449608289186
1.887581291148058
1.4381591132057798
1.0791040234776126
0.7952569561755449
0.572946870230687
0.40031793294312323
0.29737272326813113
0.18873343416444202
0.10651306857966263
0.045192527835367084
1.9537258351658346
1.4845580547604458
1.1107371857741994
0.8160142938252402
0.5858615324533022
0.40768737951546113
0.301757791226666
0.1903510464515798
0.10643467350410095
0.04422915240076688