# data/BKevo/ATAN_BKevo/atan77.dat
# N(r,Y=0), r, *FL(x,Q^2)
# 1e-05 < r < 100.0
# 1 < Q^2 < 50, n=15, lin grid
# 1e-5 < x < 1e-2, n=10, log grid
###
2.2320115015694983e-07
2.712702208848063e-07
3.298853450263037e-07
4.010977662894469e-07
4.875056892856015e-07
5.927720654017247e-07
7.207758893785018e-07
8.760999368397252e-07
1.065144127837286e-06
1.2952285758546735e-06
1.5744322336917668e-06
1.9139250747062884e-06
2.3274947541380304e-06
2.8293757585279937e-06
3.439041035343584e-06
4.182414749673297e-06
5.084562439055573e-06
6.17939017939323e-06
7.51556341362283e-06
9.137193258743077e-06
1.1104735324279452e-05
1.3504919952824027e-05
1.6419815496826602e-05
1.995663608628071e-05
2.426713317008726e-05
2.950665211185631e-05
3.5864341728049294e-05
4.360546081832668e-05
5.30234230194792e-05
6.445175519229639e-05
7.835364154611372e-05
9.528218177710693e-05
0.00011582516645970436
0.00014079048773500593
0.00017121887699373984
0.00020814563550391744
0.0002529782149504432
0.0003076716168245724
0.00037404826171649004
0.0004545822538254741
0.0005528644148884675
0.0006721765462442209
0.0008169420467103857
0.000993445817862677
0.0012079055527825764
0.0014681257587989935
0.0017850948606523446
0.00217056426740946
0.002638294029010081
0.003207470501555313
0.0039002475663608297
0.004740858414849655
0.00576273969197377
0.007007523413659051
0.008517797137212908
0.010351643112868453
0.012586885985629636
0.015298015088466708
0.018585269922298097
0.022592504450620315
0.027448487464250906
0.03332848041468894
0.040476765744908896
0.049123536429066986
0.05955948205265472
0.07216959361885097
0.08733302238335293
0.10547938443195622
0.12711265888924314
0.1527039721663414
0.18270429981028752
0.21744257644151685
0.2569834461081125
0.3013573436785949
0.35003143443356943
0.4015869043243258
0.4554903543654236
0.5103638903413013
0.5632190406770969
0.614354737341748
0.6628462247296018
0.7060587601187578
0.745452102990437
0.781053861855238
0.8116316318755906
0.8384343729688358
0.8620834090204345
0.8821513658960884
0.8993312850871259
0.9143318925880366
0.9270621963230722
0.9377909223969286
0.9471179953771943
0.9550746395929975
0.9617001926851086
0.9674499119021767
0.9723901464191453
0.9764617110266978
0.9799925696045539
0.9830503678580139
###
1e-05
1.1768119524349992e-05
1.3848863713938717e-05
1.6297508346206434e-05
1.917910261672489e-05
2.2570197196339216e-05
2.656087782946684e-05
3.1257158496882356e-05
3.678379771828634e-05
4.328761281083062e-05
5.0941380148163754e-05
5.994842503189409e-05
7.054802310718646e-05
8.302175681319735e-05
9.770099572992247e-05
0.00011497569953977356
0.00013530477745798074
0.00015922827933410923
0.0001873817422860383
0.00022051307399030456
0.00025950242113997375
0.0003053855508833416
0.00035938136638046257
0.0004229242874389499
0.0004977023564332109
0.0005857020818056661
0.0006892612104349695
0.0008111308307896872
0.0009545484566618337
0.0011233240329780276
0.0013219411484660286
0.0015556761439304723
0.0018307382802953678
0.002154434690031882
0.0025353644939701114
0.0029836472402833374
0.003511191734215131
0.004132012400115334
0.004862601580065354
0.005722367659350214
0.006734150657750821
0.007924828983539169
0.0093260334688322
0.010974987654930556
0.01291549665014884
0.01519911082952933
0.01788649529057435
0.0210490414451202
0.02477076355991709
0.029150530628251757
0.034304692863149154
0.040370172585965536
0.047508101621027934
0.05590810182512223
0.06579332246575675
0.0774263682681127
0.09111627561154886
0.10722672220103231
0.1261856883066021
0.14849682622544635
0.1747528400007683
0.20565123083486514
0.24201282647943834
0.2848035868435799
0.3351602650938841
0.3944206059437656
0.46415888336127725
0.5462277217684337
0.642807311728432
0.7564633275546291
0.8902150854450375
1.0476157527896641
1.232846739442066
1.4508287784959402
1.7073526474706886
2.009233002565046
2.364489412645407
2.782559402207126
3.274549162877725
3.8535285937105273
4.534878508128582
5.3366992312063015
6.280291441834247
7.390722033525775
8.697490026177835
10.235310218990248
12.045035402587812
14.174741629268048
16.68100537200059
19.630406500402685
23.10129700083158
27.1858824273294
31.992671377973846
37.64935806792464
44.30621457583877
52.14008287999685
61.35907273413163
72.20809018385457
84.97534359086438
100.0
###
0.31317356249946193
0.2902124749555449
0.2648777925387109
0.23803002352965363
0.21066991689502554
0.18374374200264845
0.16432878779709362
0.14001696801712346
0.1179209140526839
0.09827956303048224
1.247671959831596
1.1068546981491465
0.9641298474146026
0.82496844160815
0.6940560729139149
0.5748668301561302
0.4943900775846448
0.3996424619286843
0.31913600583090784
0.2520744172430827
2.0153272518653638
1.7538399867022694
1.497584673753677
1.255630126172299
1.0348848585437864
0.839561414845289
0.7107997251906772
0.5624807074286593
0.43954137797687004
0.33933920169761117
2.6962727049543607
2.317264330675713
1.9535772785690404
1.616960616029703
1.3155631096065372
1.05351976397452
0.8832606053647046
0.6898324200199696
0.5316926057029159
0.40458375246584194
3.319410137283408
2.8264962410170167
2.3606624798048603
1.9356197307764422
1.5601407515021746
1.2377501667582933
1.0304198636990334
0.7971253526610638
0.608354319113225
0.4580879015688858
3.8997604624001974
3.2963531609905368
2.732843998194674
2.2243574719317127
1.779807162921371
1.4017612302133764
1.1606005669385426
0.8912106422590073
0.6749636044573463
0.5041164286666127
4.446461248439828
3.7356890076341163
3.078335218269471
2.4904679138915857
1.9809000207927039
1.5509096821029102
1.2783893882594672
0.9757640817296851
0.7344180350674236
0.5448889076104774
4.965641562835461
4.15036101615417
3.4024405774983846
2.738717493607553
2.167405212450653
1.6885042596959592
1.3866097620198437
1.053032191310288
0.7884447335094396
0.5817292687507263
5.461679960707975
4.544453361859164
3.708957292636935
2.9723274374203705
2.342109391374496
1.8167780765659487
1.4871685095542992
1.124509396240032
0.8381962253758172
0.6154957089769245
5.937845664003079
4.921051754791421
4.0006457965637034
3.19368715171327
2.5069590371596764
1.9373579960729055
1.581413091993788
1.1912455696050652
0.8844704621819525
0.6467983705624526
6.396667031920303
5.282478710806879
4.2794532322675245
3.404411440329738
2.6634753157424043
2.05141806180515
1.670341354887858
1.2540091260662576
0.9278486386997626
0.6760298889623044
6.8401371173423975
5.630574491122038
4.547061249841134
3.60610695251301
2.812687944070869
2.1598706294536067
1.7547108317268554
1.3133851333574174
0.9687693149931162
0.7035277799471152
7.269948034327151
5.966822243726211
4.804567840554003
3.7997645810466065
2.9555707300446885
2.2633946761634864
1.8351200810218626
1.369830439618118
1.0075671290795292
0.7295388789700816
7.687353665422634
6.292445037651343
5.0534541629125425
3.986225616318313
3.092825076053334
2.3626412037698374
1.9120445800453796
1.4237154805055494
1.0445240474268849
0.7542577768985818
8.093866035185505
6.608445334887777
5.294358647281295
4.166356627739042
3.225095392773383
2.4580479338552017
1.9858747148453133
1.4753180833207349
1.0798498920566442
0.7778329147240168