# data/BKevo/ATAN_BKevo/atan52.dat
# N(r,Y=0), r, *FL(x,Q^2)
# 1e-05 < r < 100.0
# 1 < Q^2 < 50, n=15, lin grid
# 1e-5 < x < 1e-2, n=10, log grid
###
7.085000982378887e-10
9.181232202801084e-10
1.1925844622214225e-09
1.5479907920920905e-09
2.0064205362144887e-09
2.6049559125445604e-09
3.382063359464022e-09
4.3845909316824455e-09
5.689772713596766e-09
7.38890038781244e-09
9.581249346176812e-09
1.2427178489506613e-08
1.6142187371444312e-08
2.0936349762038202e-08
2.7141446756316487e-08
3.5263811116034474e-08
4.5747288943260494e-08
5.927561231207626e-08
7.703359843158453e-08
9.995744441497392e-08
1.29519822182515e-07
1.6827321090245842e-07
2.1839873415082164e-07
2.830500417132231e-07
3.675643754598019e-07
4.77166649291677e-07
6.185522691543608e-07
8.02851546504123e-07
1.042497047962681e-06
1.3516853236744025e-06
1.7535584596292765e-06
2.2775302621515533e-06
2.953660711018299e-06
3.829906358708642e-06
4.975512343431857e-06
6.454033232806599e-06
8.364474594973618e-06
1.0869147677778969e-05
1.4102206254913785e-05
1.8271249111456874e-05
2.374306343109132e-05
3.081255321797231e-05
3.993006788435216e-05
5.186337352746911e-05
6.732122634108837e-05
8.726020884245742e-05
0.00011328324098780123
0.00014708134184579142
0.00019068367964669478
0.00024742690203346493
0.00032132027995643574
0.0004166614815796478
0.0005403720317424981
0.0007019035508512152
0.0009103394748341022
0.001179975660585334
0.0015329668556824222
0.0019884491111510257
0.00257577186930998
0.003346503588261444
0.004340704167742836
0.0056215447420037
0.0072971857916547915
0.009460786123821407
0.012243920697573131
0.015865165041640494
0.020536834389396904
0.02652061432077201
0.03423305216960887
0.04411745255597359
0.05663757744916297
0.07247366009242502
0.09235875877095427
0.1168790194671896
0.1467385476343053
0.1824457015421106
0.2241159660728163
0.27159555717734024
0.32356754042128494
0.3792883243541689
0.4374108429389432
0.49459549857839963
0.5506445113845096
0.6045044038022142
0.6535115705651104
0.6983218217948445
0.739185940916281
0.774899258191271
0.8061680529832069
0.8339307784389516
0.8578388191820682
0.8782282944677672
0.8961065559131925
0.9114717343560467
0.9243491017521318
0.935575238206152
0.9452588480537639
0.9532687300723235
0.9602324110329314
0.9662761214393369
###
1e-05
1.1768119524349992e-05
1.3848863713938717e-05
1.6297508346206434e-05
1.917910261672489e-05
2.2570197196339216e-05
2.656087782946684e-05
3.1257158496882356e-05
3.678379771828634e-05
4.328761281083062e-05
5.0941380148163754e-05
5.994842503189409e-05
7.054802310718646e-05
8.302175681319735e-05
9.770099572992247e-05
0.00011497569953977356
0.00013530477745798074
0.00015922827933410923
0.0001873817422860383
0.00022051307399030456
0.00025950242113997375
0.0003053855508833416
0.00035938136638046257
0.0004229242874389499
0.0004977023564332109
0.0005857020818056661
0.0006892612104349695
0.0008111308307896872
0.0009545484566618337
0.0011233240329780276
0.0013219411484660286
0.0015556761439304723
0.0018307382802953678
0.002154434690031882
0.0025353644939701114
0.0029836472402833374
0.003511191734215131
0.004132012400115334
0.004862601580065354
0.005722367659350214
0.006734150657750821
0.007924828983539169
0.0093260334688322
0.010974987654930556
0.01291549665014884
0.01519911082952933
0.01788649529057435
0.0210490414451202
0.02477076355991709
0.029150530628251757
0.034304692863149154
0.040370172585965536
0.047508101621027934
0.05590810182512223
0.06579332246575675
0.0774263682681127
0.09111627561154886
0.10722672220103231
0.1261856883066021
0.14849682622544635
0.1747528400007683
0.20565123083486514
0.24201282647943834
0.2848035868435799
0.3351602650938841
0.3944206059437656
0.46415888336127725
0.5462277217684337
0.642807311728432
0.7564633275546291
0.8902150854450375
1.0476157527896641
1.232846739442066
1.4508287784959402
1.7073526474706886
2.009233002565046
2.364489412645407
2.782559402207126
3.274549162877725
3.8535285937105273
4.534878508128582
5.3366992312063015
6.280291441834247
7.390722033525775
8.697490026177835
10.235310218990248
12.045035402587812
14.174741629268048
16.68100537200059
19.630406500402685
23.10129700083158
27.1858824273294
31.992671377973846
37.64935806792464
44.30621457583877
52.14008287999685
61.35907273413163
72.20809018385457
84.97534359086438
100.0
###
0.2035512866445024
0.17823741505162377
0.15410470752753083
0.1316493835882052
0.11124265956364658
0.09305345512749728
0.0808946299626029
0.06661422887315484
0.05442406358206058
0.04412945072953627
0.6559003662072571
0.5463732203239833
0.4489844864109055
0.36424195470164233
0.29194274471595416
0.23126227761953472
0.19269875129380792
0.1495021768604296
0.11448860018706489
0.08637316278434651
0.9674782128264285
0.7901009659777436
0.6364410605297882
0.5059840988421327
0.3972465567304267
0.30797403058996126
0.25227495696099483
0.19099823213531297
0.14231431323172833
0.10398913792501097
1.220616671299541
0.9845591593143481
0.783281488777694
0.6149451302640505
0.47660377466818976
0.3645435795453219
0.29544940275710085
0.2202559233901564
0.16126943818315323
0.11542755785292863
1.4389807439131719
1.1503425017641324
0.9069985168404612
0.7056434914885109
0.541827858378005
0.4104120063037017
0.33005906268436275
0.24330643928340231
0.17588663017578252
0.12398875128155812
1.633512412696183
1.2967546715176583
1.0153252151817675
0.7843984286167485
0.5979299184194676
0.44947311021902914
0.35927449950901974
0.2625362387529641
0.1878941616922314
0.13087629326237887
1.8103575404580057
1.4289737185932607
1.1124933636598409
0.854519209285297
0.6475392673269982
0.4837474456790715
0.38476011544303207
0.27913692443361154
0.19814513061401673
0.136664712150539
1.9734264205225729
1.550210643722669
1.2010937141585214
0.9181007472335742
0.6922538374700712
0.5144529265034858
0.4074727293166213
0.2938228892687809
0.20712768368428502
0.14167401706568297
2.1253462512076378
1.662631073249149
1.282873511654106
0.9765051778361382
0.7331250570815113
0.5423678943700783
0.4280369394018911
0.3070336544170338
0.21514554389644988
0.14610162019706727
2.268008445536125
1.7678168726136607
1.359050239160515
1.0306879301828145
0.7708805848412261
0.5680381569541453
0.4468756513972546
0.31907715910006906
0.222404675758323
0.15007698567535135
2.4028570285422264
1.8668340610262124
1.4305292697612098
1.081347903745795
0.8060488702332569
0.5918550836740725
0.4643003073707391
0.33015721985168955
0.22904920335656254
0.15369038968548623
2.530913826026056
1.9605902482196624
1.4979976502560985
1.129012946187089
0.8390292368497314
0.614111494829622
0.48053702029786804
0.3404388836710397
0.23518498116445863
0.15700679537628037
2.6530669926164774
2.049771492259571
1.561992253972093
1.1740943603612282
0.8701293694963755
0.6350329746331452
0.49575525978461454
0.3500433602100366
0.24089195788166842
0.1600754013958547
2.770022368290634
2.1349282911218515
1.6229420532644252
1.2169192157647089
0.8995932605498486
0.6547972083525888
0.5101026282725382
0.35906541554989
0.24623227367691852
0.1629334343797121
2.8823201198722805
2.2165197587248158
1.6811959646103172
1.2577545837698385
0.9276179001373928
0.6735470634213914
0.523696159543717
0.3675805271475204
0.25125496794210544
0.16561054160275343