# ../data/BKevo/MV2g_BKevo/mv2g_38.dat
# N(r,Y=0), r, *FL(x,Q^2)
# 1e-05 < r < 100.0
# 1 < Q^2 < 50, n=15, lin grid
# 1e-5 < x < 1e-2, n=10, log grid
###
1.0263655781533075e-13
1.4916414003715346e-13
2.1843591750312624e-13
3.190798554985472e-13
4.638510748582797e-13
6.778701716282805e-13
9.903533487151894e-13
1.4400309289059753e-12
2.1002030571903967e-12
3.069149799528583e-12
4.463383142101003e-12
6.4962078533588996e-12
9.495622776156531e-12
1.381152040234504e-11
2.005904711530098e-11
2.9328281773735614e-11
4.266531070881667e-11
6.18317012205498e-11
9.042827459198825e-11
1.315748574390714e-10
1.9059331566032225e-10
2.78355700504731e-10
4.0510598710396435e-10
5.869180598715744e-10
8.555303004460079e-10
1.2454966521006697e-09
1.8049661316922235e-09
2.6262294624883264e-09
3.825117087837983e-09
5.545784548187648e-09
8.055714631897877e-09
1.1741635119282382e-08
1.7035595208198837e-08
2.4711077933735167e-08
3.60574815484928e-08
5.237409312727833e-08
7.589604847916045e-08
1.1093040229344906e-07
1.614105149013824e-07
2.339710529058854e-07
3.425842242820796e-07
4.997878815649096e-07
7.264777472546749e-07
1.0649870182532744e-06
1.5595635196299682e-06
2.2759807382702384e-06
3.3444854060571435e-06
4.9232812450741e-06
7.22404566458859e-06
1.0655289345911948e-05
1.57929900044842e-05
2.333640260981179e-05
3.4594695278855615e-05
5.171022317955107e-05
7.705796820772855e-05
0.00011492401792336837
0.0001734559413757712
0.00026093738012300397
0.00039166007604685555
0.0005972501901133022
0.0009072610693292203
0.0013738345928859424
0.0021100944676284454
0.0032347551697792087
0.004938912827703935
0.007623459174550718
0.01176932721681195
0.018066736828859734
0.027890361190455012
0.04305756081227537
0.06576876646469622
0.09985010218890474
0.14993682561389263
0.21885583426116226
0.3079440215461888
0.41031243845609905
0.5110533031861443
0.5941351519507042
0.6527529010177586
0.7071699761977387
0.7675876659750628
0.8325262643416077
0.8955272553264326
0.948239665789131
0.9802911364152033
0.9949053625762101
0.9993788641289081
0.9999704128395424
0.9999992211747749
0.999999995944526
0.9999999999999648
1.0
1.0
1.0
1.0
1.0
1.0
1.0
1.0
1.0
###
1e-05
1.1768119524349992e-05
1.3848863713938717e-05
1.6297508346206434e-05
1.917910261672489e-05
2.2570197196339216e-05
2.656087782946684e-05
3.1257158496882356e-05
3.678379771828634e-05
4.328761281083062e-05
5.0941380148163754e-05
5.994842503189409e-05
7.054802310718646e-05
8.302175681319735e-05
9.770099572992247e-05
0.00011497569953977356
0.00013530477745798074
0.00015922827933410923
0.0001873817422860383
0.00022051307399030456
0.00025950242113997375
0.0003053855508833416
0.00035938136638046257
0.0004229242874389499
0.0004977023564332109
0.0005857020818056661
0.0006892612104349695
0.0008111308307896872
0.0009545484566618337
0.0011233240329780276
0.0013219411484660286
0.0015556761439304723
0.0018307382802953678
0.002154434690031882
0.0025353644939701114
0.0029836472402833374
0.003511191734215131
0.004132012400115334
0.004862601580065354
0.005722367659350214
0.006734150657750821
0.007924828983539169
0.0093260334688322
0.010974987654930556
0.01291549665014884
0.01519911082952933
0.01788649529057435
0.0210490414451202
0.02477076355991709
0.029150530628251757
0.034304692863149154
0.040370172585965536
0.047508101621027934
0.05590810182512223
0.06579332246575675
0.0774263682681127
0.09111627561154886
0.10722672220103231
0.1261856883066021
0.14849682622544635
0.1747528400007683
0.20565123083486514
0.24201282647943834
0.2848035868435799
0.3351602650938841
0.3944206059437656
0.46415888336127725
0.5462277217684337
0.642807311728432
0.7564633275546291
0.8902150854450375
1.0476157527896641
1.232846739442066
1.4508287784959402
1.7073526474706886
2.009233002565046
2.364489412645407
2.782559402207126
3.274549162877725
3.8535285937105273
4.534878508128582
5.3366992312063015
6.280291441834247
7.390722033525775
8.697490026177835
10.235310218990248
12.045035402587812
14.174741629268048
16.68100537200059
19.630406500402685
23.10129700083158
27.1858824273294
31.992671377973846
37.64935806792464
44.30621457583877
52.14008287999685
61.35907273413163
72.20809018385457
84.97534359086438
100.0
###
0.209383356577847
0.18890227073091176
0.16967461020426658
0.1519407012018088
0.13584499569044625
0.12143450422468756
0.11171539847799927
0.10014285265254393
0.09005032015745743
0.08131658969613018
0.651883199918275
0.5569161724030661
0.47227609836790624
0.3978684547759482
0.3332245117351566
0.27760126911497623
0.24120549105080055
0.1989492652040704
0.16296105772342184
0.13225382161576515
0.9426122188319798
0.7867626182354106
0.6509622327937474
0.533924366614117
0.434235936026653
0.3499301473298044
0.2955526727908071
0.23324226862064767
0.18085639686515276
0.13667634011179347
1.1726281420894682
0.9644318485730116
0.7853525904064019
0.6332318455447292
0.5052426202199499
0.3983234185543725
0.330064775541661
0.2526414997911755
0.1882803704137611
0.13459811656517484
1.3673819780495964
1.1124999689012844
0.8955606363639936
0.7130520429778652
0.5609742728721815
0.43509597489521856
0.3554270329763172
0.2657985968415752
0.1920201939115196
0.1311130319802236
1.5384139521894131
1.2410678599859686
0.9900214225027506
0.7805128848983459
0.6072713370869574
0.4649804404669825
0.37554320468676755
0.27563517629955464
0.194171151914728
0.12743671925065395
1.692108741373081
1.3555746290920092
1.0733429106029821
0.8393486093276601
0.647125801926394
0.49026737230873124
0.39226015457184726
0.28345293764927987
0.19533846475171676
0.12391731410221114
1.8324400397455667
1.4593622765429506
1.148270656099915
0.8917938329917521
0.682273397191201
0.5122690144574402
0.4065985518578857
0.2899277276705276
0.19609969161273394
0.12065030705744682
1.9620769778468712
1.5546526384526418
1.216607682897303
0.9392829393730854
0.713813632109363
0.5317947767746718
0.41917996082517345
0.29545162700757827
0.19657835671346252
0.11764116716324952
2.0829415240536218
1.6430016611819453
1.279608147143353
0.9827803531174464
0.742492530138879
0.5493841841439688
0.43040694943692837
0.3002675612502274
0.1968758159844049
0.1148887758479397
2.1963845522377436
1.725568152707873
1.3381905868881068
1.022997416563488
0.7688396634534304
0.5654148445865634
0.44055725258759204
0.3045440366973135
0.19705823121125077
0.11236627962170476
2.3035287961027526
1.8032010892497146
1.3930268163699995
1.0604526790129967
0.7932462786306254
0.5801627412183715
0.44983157287169895
0.30839067775768186
0.19716460553418874
0.11004794676188424
2.4051541919323083
1.8765776848425642
1.4446539588966407
1.0955692248013185
0.8160098301875709
0.5938341988311306
0.4583805050507639
0.3118926847460163
0.19721977748539576
0.10790298102380647
2.501959300663558
1.9462427344483915
1.4934916833421163
1.1286574873308846
0.8373622765815926
0.6065888286041917
0.4663131877700732
0.31509854266209314
0.19723635305804976
0.10591636946115147
2.5944912634783317
2.0125867399156387
1.5398783903548316
1.159972428076822
0.8574881675373744
0.618552270884265
0.4737201714285261
0.31806575116787966
0.19723869654182022
0.10407024392455409