# ../data/BKevo/MV2g_BKevo/mv2g_43.dat
# N(r,Y=0), r, *FL(x,Q^2)
# 1e-05 < r < 100.0
# 1 < Q^2 < 50, n=15, lin grid
# 1e-5 < x < 1e-2, n=10, log grid
###
8.490265733781095e-05
9.552227016435603e-05
0.00010739854290847244
0.00012074771714794826
0.00013577596231934013
0.00015259388763341983
0.00017146051741564284
0.0001926857882333029
0.0002164541840629865
0.00024306285672893508
0.00027297576701345823
0.0003064935785004914
0.0003439345405626695
0.0003859903292167354
0.0004331421660729019
0.0004856901085450324
0.0005446611486390597
0.0006108142256409333
0.0006843535655809328
0.0007667979059270734
0.0008592222637315944
0.0009619146573982267
0.00107679055846634
0.0012054201793988404
0.0013483614011763057
0.0015078197486571427
0.0016861297020140035
0.0018842862436194853
0.0021046696920878245
0.002350728137402486
0.002624147166920995
0.002927212077574474
0.0032649825652363417
0.0036402134002759524
0.004054560533271059
0.004515399604401214
0.005027112254110109
0.005589753979019299
0.006214004548115959
0.006906277038720969
0.007664576281742049
0.008503041819903932
0.009430070045125891
0.010443725007975926
0.011558644567583598
0.012786928261083698
0.01412701487317574
0.015591976964566115
0.01719911016472137
0.018947821703367243
0.020846006549370848
0.022918299387551126
0.02516624126556561
0.02758697043901282
0.030215755449789074
0.033058722933117846
0.03609511989281125
0.039376588905393
0.042919478587300684
0.04668035175259309
0.05073926146581649
0.055127401423434245
0.05982251819712899
0.06493511459798158
0.07056349740849066
0.07680276564645584
0.08389660286899377
0.09217687303509055
0.10217397798527562
0.11471802021306943
0.13092591901998613
0.15272425883438157
0.18295530827391449
0.2245341415513359
0.28149255691888947
0.35728455339770204
0.4493284387188237
0.5485447851110917
0.631148657440175
0.6858697783047978
0.7151980358517596
0.7328795463274617
0.7504314823295533
0.7690843300701318
0.7884787613364818
0.8086448381939437
0.8294843565272737
0.850351709238181
0.8710040566267727
0.8913192536447565
0.9105441638553807
0.9281827466518545
0.9443032511112492
0.9583617052503202
0.9698667996769057
0.979305770159496
0.9866254367885015
0.9916702566338437
0.9952071754626295
0.9975226078168715
###
1e-05
1.1768119524349992e-05
1.3848863713938717e-05
1.6297508346206434e-05
1.917910261672489e-05
2.2570197196339216e-05
2.656087782946684e-05
3.1257158496882356e-05
3.678379771828634e-05
4.328761281083062e-05
5.0941380148163754e-05
5.994842503189409e-05
7.054802310718646e-05
8.302175681319735e-05
9.770099572992247e-05
0.00011497569953977356
0.00013530477745798074
0.00015922827933410923
0.0001873817422860383
0.00022051307399030456
0.00025950242113997375
0.0003053855508833416
0.00035938136638046257
0.0004229242874389499
0.0004977023564332109
0.0005857020818056661
0.0006892612104349695
0.0008111308307896872
0.0009545484566618337
0.0011233240329780276
0.0013219411484660286
0.0015556761439304723
0.0018307382802953678
0.002154434690031882
0.0025353644939701114
0.0029836472402833374
0.003511191734215131
0.004132012400115334
0.004862601580065354
0.005722367659350214
0.006734150657750821
0.007924828983539169
0.0093260334688322
0.010974987654930556
0.01291549665014884
0.01519911082952933
0.01788649529057435
0.0210490414451202
0.02477076355991709
0.029150530628251757
0.034304692863149154
0.040370172585965536
0.047508101621027934
0.05590810182512223
0.06579332246575675
0.0774263682681127
0.09111627561154886
0.10722672220103231
0.1261856883066021
0.14849682622544635
0.1747528400007683
0.20565123083486514
0.24201282647943834
0.2848035868435799
0.3351602650938841
0.3944206059437656
0.46415888336127725
0.5462277217684337
0.642807311728432
0.7564633275546291
0.8902150854450375
1.0476157527896641
1.232846739442066
1.4508287784959402
1.7073526474706886
2.009233002565046
2.364489412645407
2.782559402207126
3.274549162877725
3.8535285937105273
4.534878508128582
5.3366992312063015
6.280291441834247
7.390722033525775
8.697490026177835
10.235310218990248
12.045035402587812
14.174741629268048
16.68100537200059
19.630406500402685
23.10129700083158
27.1858824273294
31.992671377973846
37.64935806792464
44.30621457583877
52.14008287999685
61.35907273413163
72.20809018385457
84.97534359086438
100.0
###
0.38610333072132175
0.375514086985182
0.3565411341869457
0.3266197711260177
0.28585632723399684
0.23797082345836293
0.2012269553557099
0.15605413835357018
0.11871160956275313
0.09030518601316363
1.8293316513209388
1.7387723746486854
1.595100398554008
1.39465657711428
1.1516125594902111
0.8951839522274015
0.7135183755902944
0.5048838029760069
0.3429317557394897
0.22552260382399242
3.23107750083603
3.0349941038845443
2.739452744956348
2.347664546878362
1.8948361029750218
1.4370664918700704
1.123331167441493
0.7724632076068678
0.5069823289926316
0.3186496776321955
4.60323905415458
4.287997437121268
3.8283367674982016
3.2385429826672043
2.577224803961328
1.9265156863412112
1.4895542614449677
1.0089249059827885
0.6511370446697903
0.4008052816941745
5.952334278790868
5.5087624047684125
4.877439677863917
4.086698686558459
3.219299512387169
2.382417722975973
1.828641918770491
1.2268283422284132
0.7838423181459571
0.477056307127863
7.282312690852378
6.703583222487572
5.895270375058937
4.902163860974546
3.8314438925649204
2.8139785128969974
2.1482999643108993
1.4315585534827846
0.9086235796906652
0.5492421163969103
8.595874300758787
7.876460631319537
6.887931423067716
5.691405495833012
4.419907054412807
3.226552469001588
2.4529890671841317
1.6262874147190824
1.0273930490105503
0.6183353438498813
9.895010130665904
9.030451533997786
7.858599853417256
6.458679487174783
4.988859544277768
3.6236815687400483
2.7456189865108254
1.8129874354782183
1.1413570731984346
0.6849282233742392
11.181216118598357
10.167782002812004
8.810487111280326
7.207097635494804
5.541273377542575
4.007848384295087
3.0281252857463263
1.9930189572094934
1.251323284418853
0.7494188953582093
12.455692418266308
11.290188099282108
9.74544075736769
7.939006885555692
6.07937257338912
4.38088089491125
3.3020011946363903
2.167372193427632
1.357885332679476
0.8121087456051135
13.719418618738272
12.399072118730038
10.665476933360619
8.656217551906515
6.60483977820593
4.744187886081384
3.5683657424800383
2.3367977125912707
1.4614937153041554
0.8732158271982912
14.973211577028888
13.495654503207602
11.571930074484268
9.360976299925627
7.119116592963998
5.098880432458214
3.828098843213748
2.501882847668107
1.562496178818305
0.9329158593002941
16.21776403277436
14.580772720735016
12.465970994322717
10.053275951903357
7.623289333855727
5.447625326221171
4.081908841993045
2.6630803599476356
1.661172848404805
0.9913506925323058
17.453671928791508
15.655315339072084
13.348587138748332
10.734808967332645
8.118278993554933
5.785931001336683
4.330377301949795
2.820810304435172
1.7577530129364713
1.0486373538824185
18.681453970588365
16.71968853365373
14.220622593908956
11.406343523757537
8.604883116347462
6.119581296957024
4.57388478657279
2.9753774541427735
1.852427367948772
1.1048735705986925