# ../data/BKevo/MV2g_BKevo/mv2g_21.dat
# N(r,Y=0), r, *FL(x,Q^2)
# 1e-05 < r < 100.0
# 1 < Q^2 < 50, n=15, lin grid
# 1e-5 < x < 1e-2, n=10, log grid
###
6.435328718946111e-05
7.24039758257031e-05
8.140776149011934e-05
9.152869409807293e-05
0.00010292324963385763
0.00011567562626951782
0.0001299825103082292
0.00014607925064164255
0.00016410639638779598
0.0001842900030901293
0.00020698261258405087
0.00023241353565603686
0.0002608258631508815
0.00029274563809664325
0.0003285403996492746
0.00036844174484332125
0.00041323167399095096
0.0004634908892550553
0.000519383350454812
0.0005820673532922369
0.0006523687951258273
0.000730524479253887
0.0008180019147662123
0.000916013484535012
0.0010250181816815977
0.0011467226326468077
0.001282940282816855
0.001434495468225477
0.001603269200937989
0.0017919615761203401
0.0020019855247669087
0.002235240075003123
0.0024957294707794245
0.0027858006243886993
0.003107066708304092
0.0034654462962667196
0.003864751544311631
0.004305783202683969
0.004797267018207255
0.005345001731143443
0.0059490147676624855
0.0066212712551514084
0.007369961254500759
0.008196501768022049
0.009114632516042876
0.010136970742799133
0.01126766308458816
0.012522103807686357
0.013919811427331024
0.015470023292122399
0.01718982231521466
0.019109577962947478
0.021247696987841902
0.023623776316625114
0.026285362177815644
0.029266925438540977
0.032593604236465144
0.036340204650849695
0.04056862121724015
0.04531739966805311
0.050704429116954844
0.05683180761561067
0.06378423762322936
0.07173064750178522
0.08084434996183848
0.09129082454514004
0.10331749975964086
0.1172069807304016
0.1332413208127066
0.1517732459184382
0.173219496732517
0.19796933866631666
0.22640946948043478
0.25900262851194755
0.29602063749093144
0.3373583558211332
0.3830899081846489
0.4326607023449229
0.48393417416547935
0.5360725748344234
0.587090866228801
0.6325473591344091
0.6724673110211609
0.7063176030163951
0.7333340152366046
0.7565975889532396
0.7783499479944229
0.7995589171720906
0.8209724465939516
0.8427686341293501
0.8643386619345746
0.8851917316690174
0.9053053117251146
0.9240197204702952
0.9406023780331463
0.9553322060244944
0.9678707187149534
0.9776184616819208
0.9852952014281945
0.9910437661432259
###
1e-05
1.1768119524349992e-05
1.3848863713938717e-05
1.6297508346206434e-05
1.917910261672489e-05
2.2570197196339216e-05
2.656087782946684e-05
3.1257158496882356e-05
3.678379771828634e-05
4.328761281083062e-05
5.0941380148163754e-05
5.994842503189409e-05
7.054802310718646e-05
8.302175681319735e-05
9.770099572992247e-05
0.00011497569953977356
0.00013530477745798074
0.00015922827933410923
0.0001873817422860383
0.00022051307399030456
0.00025950242113997375
0.0003053855508833416
0.00035938136638046257
0.0004229242874389499
0.0004977023564332109
0.0005857020818056661
0.0006892612104349695
0.0008111308307896872
0.0009545484566618337
0.0011233240329780276
0.0013219411484660286
0.0015556761439304723
0.0018307382802953678
0.002154434690031882
0.0025353644939701114
0.0029836472402833374
0.003511191734215131
0.004132012400115334
0.004862601580065354
0.005722367659350214
0.006734150657750821
0.007924828983539169
0.0093260334688322
0.010974987654930556
0.01291549665014884
0.01519911082952933
0.01788649529057435
0.0210490414451202
0.02477076355991709
0.029150530628251757
0.034304692863149154
0.040370172585965536
0.047508101621027934
0.05590810182512223
0.06579332246575675
0.0774263682681127
0.09111627561154886
0.10722672220103231
0.1261856883066021
0.14849682622544635
0.1747528400007683
0.20565123083486514
0.24201282647943834
0.2848035868435799
0.3351602650938841
0.3944206059437656
0.46415888336127725
0.5462277217684337
0.642807311728432
0.7564633275546291
0.8902150854450375
1.0476157527896641
1.232846739442066
1.4508287784959402
1.7073526474706886
2.009233002565046
2.364489412645407
2.782559402207126
3.274549162877725
3.8535285937105273
4.534878508128582
5.3366992312063015
6.280291441834247
7.390722033525775
8.697490026177835
10.235310218990248
12.045035402587812
14.174741629268048
16.68100537200059
19.630406500402685
23.10129700083158
27.1858824273294
31.992671377973846
37.64935806792464
44.30621457583877
52.14008287999685
61.35907273413163
72.20809018385457
84.97534359086438
100.0
###
0.38238116512663417
0.3695308460474968
0.3483027271210015
0.3173042753338362
0.27742625211834915
0.23233072908216396
0.19805023454919002
0.15535596861869055
0.11878124534459401
0.08937284322498704
1.7940902408357344
1.6874467953311814
1.5310604421710836
1.3287416443418583
1.097456275223753
0.8632050424683242
0.7003561717720711
0.5130358245675329
0.3652041248877002
0.2547426376819085
3.151530206925374
2.9237387549230918
2.6058985599274274
2.214295372349908
1.7869784374139044
1.3720346269453905
1.0930361135026123
0.7811755961978054
0.5422424524292386
0.36823917237586
4.471961535035665
4.10914964733224
3.618857507706037
3.033166777759698
2.412419406109392
1.8249973377896984
1.4379721785123099
1.0128848059380489
0.6928614976476278
0.4633302555298231
5.764080447004647
5.257219171726572
4.588209562153768
3.8067146853425142
2.9958562798115134
2.2425862851908405
1.7533733874924882
1.2226691621816133
0.828035292987918
0.5479327528373937
7.033000543702774
6.375554801284533
5.523623796410335
4.546096838209475
3.548256244528597
2.6346841098375595
2.04774241656435
1.417191597694441
0.9526316206319638
0.625614500691636
8.282207853191295
7.469279905976293
6.4315174166323095
5.258178678993864
4.076448755646367
3.0071019728458612
2.326177186515355
1.6002111174416005
1.0693556178353862
0.6980907906202771
9.514209347875312
8.54168469608658
7.31616192085802
5.947594203348768
4.584753887492754
3.363486823324549
2.591747215888466
1.7741111886380014
1.1799378851518691
0.7665513707988301
10.730912899244158
9.595429138775074
8.180723232912017
6.6177398554400835
5.07637134005303
3.7067035701336084
2.8467245222779143
1.9405194101225798
1.2854345151667042
0.8317617315989614
11.932445194962874
10.632647644214007
9.02761510591516
7.270985360070288
5.553555178544233
4.0386045947658875
3.0927149354978147
2.100620859894591
1.386742287811881
0.8942651900293836
13.12416898363978
11.654913325403808
9.858755478699598
7.909468081904762
6.018125317037815
4.360674175662008
3.330921421854
2.2552995371355116
1.484441720005874
0.9544635607358818
14.30278952991523
12.66358474128742
10.675555915984953
8.53465000737987
6.471503526749954
4.674079841516479
3.5622979214598915
2.405243553619097
1.5790050669714009
1.0126681423856156
15.470829648715009
13.65977915226488
11.479599264233284
9.147880197900157
6.914802289927095
4.979758887430823
3.78760832715363
2.551000742410733
1.6708056915961516
1.069120228877674
16.628893057895176
14.644443943171217
12.271761195727349
9.750210936476508
7.349030817557936
5.278484361889777
4.007477815159718
2.693293549506269
1.7601453328910284
1.124015993056533
17.777614236625073
15.618392889933814
13.052988476769052
10.341921731964224
7.77494773910342
5.57089895363384
4.222422208252521
2.8319632547602858
1.8472724235022886
1.177516186660374