# ../data/BKevo/MV2g_BKevo/mv2g_1.dat
# N(r,Y=0), r, *FL(x,Q^2)
# 1e-05 < r < 100.0
# 1 < Q^2 < 50, n=15, lin grid
# 1e-5 < x < 1e-2, n=10, log grid
###
6.434997576035358e-05
7.239973767510261e-05
8.14023276287133e-05
9.152173237229713e-05
0.00010291434245426723
0.00011566421654337424
0.00012996789741953458
0.00014606056088072803
0.00016408247843640255
0.00018425938223625414
0.00020694346464571805
0.0002323634867282942
0.00026076181630836816
0.0002926637935159953
0.000328435874788503
0.0003683080526560743
0.0004130609195128332
0.00046327305759603915
0.0005191048917298362
0.0005817119102893551
0.0006519157000398572
0.0007299458921511799
0.0008172638656546453
0.0009150733267632471
0.0010238191739773397
0.0011451943479741562
0.0012809950436707591
0.0014320180734677312
0.0016001142365937866
0.0017879495282751012
0.0019968835086802395
0.002228749243424056
0.0024874840040672182
0.0027753320189678435
0.0030937640655428382
0.0034485681458333944
0.0038433605737975035
0.004278638339973507
0.004762874753889866
0.0053014923402018715
0.005893897848181963
0.006551554076254748
0.007281913971737066
0.008085224203747002
0.008974152119607124
0.009959914664154811
0.011044481274986374
0.012241004227948497
0.013566379649882039
0.015025858971714087
0.016631947302354358
0.018410188171328973
0.020371830184981687
0.022527382006481706
0.02491569918848477
0.027558693868547663
0.030464082929374768
0.03369144266590882
0.03728125216422223
0.04124017136073858
0.04566031878803591
0.05060738297901222
0.05611493789555435
0.06230687538624262
0.0692993038883844
0.07718324768891506
0.08613527318734593
0.09635824752849734
0.10804450642168689
0.12146447601119564
0.136955791872809
0.1548622151666997
0.17558770451004954
0.1996306933352181
0.22747337644135796
0.2595396734649907
0.29634324424350234
0.33819836509895607
0.3847366011400719
0.4358861163648626
0.49083857728273206
0.5465865477064795
0.6018726695578672
0.65441925881695
0.6998999516710627
0.7383648591682749
0.7705524848934797
0.7969382525875403
0.8202942674509962
0.8426634285402692
0.8643301534007019
0.8851911559799107
0.9053052958300103
0.9240197204381007
0.9406023780330007
0.9553322060244943
0.9678707187149534
0.9776184616819208
0.9852952014281945
0.9910437661432259
###
1e-05
1.1768119524349992e-05
1.3848863713938717e-05
1.6297508346206434e-05
1.917910261672489e-05
2.2570197196339216e-05
2.656087782946684e-05
3.1257158496882356e-05
3.678379771828634e-05
4.328761281083062e-05
5.0941380148163754e-05
5.994842503189409e-05
7.054802310718646e-05
8.302175681319735e-05
9.770099572992247e-05
0.00011497569953977356
0.00013530477745798074
0.00015922827933410923
0.0001873817422860383
0.00022051307399030456
0.00025950242113997375
0.0003053855508833416
0.00035938136638046257
0.0004229242874389499
0.0004977023564332109
0.0005857020818056661
0.0006892612104349695
0.0008111308307896872
0.0009545484566618337
0.0011233240329780276
0.0013219411484660286
0.0015556761439304723
0.0018307382802953678
0.002154434690031882
0.0025353644939701114
0.0029836472402833374
0.003511191734215131
0.004132012400115334
0.004862601580065354
0.005722367659350214
0.006734150657750821
0.007924828983539169
0.0093260334688322
0.010974987654930556
0.01291549665014884
0.01519911082952933
0.01788649529057435
0.0210490414451202
0.02477076355991709
0.029150530628251757
0.034304692863149154
0.040370172585965536
0.047508101621027934
0.05590810182512223
0.06579332246575675
0.0774263682681127
0.09111627561154886
0.10722672220103231
0.1261856883066021
0.14849682622544635
0.1747528400007683
0.20565123083486514
0.24201282647943834
0.2848035868435799
0.3351602650938841
0.3944206059437656
0.46415888336127725
0.5462277217684337
0.642807311728432
0.7564633275546291
0.8902150854450375
1.0476157527896641
1.232846739442066
1.4508287784959402
1.7073526474706886
2.009233002565046
2.364489412645407
2.782559402207126
3.274549162877725
3.8535285937105273
4.534878508128582
5.3366992312063015
6.280291441834247
7.390722033525775
8.697490026177835
10.235310218990248
12.045035402587812
14.174741629268048
16.68100537200059
19.630406500402685
23.10129700083158
27.1858824273294
31.992671377973846
37.64935806792464
44.30621457583877
52.14008287999685
61.35907273413163
72.20809018385457
84.97534359086438
100.0
###
0.3816373036502648
0.3677982036141179
0.3446961033951271
0.3107695489829052
0.2671572639085746
0.218201888334134
0.1815459835894926
0.1368920149046941
0.0998904408065827
0.07129603170573574
1.7887453552765973
1.6765105852700506
1.5112996961949234
1.2974133435532762
1.0541679927790333
0.8102712674599011
0.643131368122171
0.4547443995230251
0.31020966313252724
0.20578459660562873
3.1407545781808115
2.9030217183331093
2.570395719332537
2.160942213896181
1.7169328435320161
1.2903421570852616
1.0074024524680465
0.6972223965185806
0.46558814698146583
0.30207352409622645
4.455509195926447
4.078587702100795
3.5683002270338866
2.959663225321604
2.3189201625593094
1.719172004535228
1.3292600006257795
0.9087745918445653
0.5997349826948213
0.38451169491888304
5.741776837675561
5.21678356798799
4.523077220275423
3.7144420063227215
2.8810986073460727
2.115497272906355
1.624751956131652
1.101558841213149
0.7213053772925365
0.45891888899145905
7.004776424276475
6.325397462703668
5.444527041037302
4.436111208648056
3.4139626733407473
2.48836908398501
1.9014043207484064
1.2811829201108553
0.8341615043813545
0.5278390980930028
8.248013095188442
7.409368744427122
6.3388249421034
5.131340618008305
3.9238198013252457
2.8430846625313704
2.16368428873137
1.4508358040378202
0.9404767310450576
0.5926698620906794
9.474029289864875
8.472406408986119
7.21022133825573
5.804618308992083
4.414827187221946
3.1830990540573096
2.414393996981756
1.612535513513765
1.0416194237992877
0.6542822545676046
10.684752953042093
9.517050922126325
8.061805436593522
6.4592086839649845
4.889993149184807
3.5108555587014947
2.6555005102113616
1.7676794873546622
1.1385092911154349
0.7132652762547709
11.881485769240996
10.545017978623896
8.89656641768916
7.097542125305848
5.351473007360959
3.8281508739491885
2.8884410901013338
1.9172787540183711
1.2318246751753494
0.7700398338472989
13.065776028981512
11.55815849645842
9.71561388395903
7.721521383714889
5.80098114232814
4.136313101537726
3.114307852997905
2.0620960406180866
1.3220664151960666
0.8249238079110447
14.238508815846858
12.557806476781414
10.520726264371548
8.33266938198705
6.239865980979275
4.436432762632593
3.3339401672642337
2.202735774538407
1.4096245501336244
0.8781589110351602
15.400542078404513
13.545074819447754
11.3130534969416
8.93223094617085
6.671554597645625
4.729373899823192
3.548072209229597
2.339655452035219
1.4948091306366933
0.9299383751084416
16.552610151476234
14.520527406705908
12.09328971288817
9.521141395191648
7.089947771873485
5.015848791441381
3.7572170432602183
2.473249711231883
1.577872021753308
0.9804185484816548
17.69534923374549
15.485698339999317
12.863213070409289
10.100476172497514
7.502806394417592
5.296449652325049
3.9618587578988738
2.603839035395329
1.659021162330203
1.0297281147890904