# data/BKevo/ATAN_BKevo/atan61.dat
# N(r,Y=0), r, *FL(x,Q^2)
# 1e-05 < r < 100.0
# 1 < Q^2 < 50, n=15, lin grid
# 1e-5 < x < 1e-2, n=10, log grid
###
9.066815496195213e-10
1.1749403933394913e-09
1.5261738579100138e-09
1.980994348000017e-09
2.5676559332587463e-09
3.3336134593822815e-09
4.328093186245314e-09
5.611047493447041e-09
7.2813143620787114e-09
9.45572155890843e-09
1.2261313760871949e-08
1.590330541604808e-08
2.06574755534028e-08
2.6792659719557312e-08
3.473344472511923e-08
4.512779459073036e-08
5.854370792589715e-08
7.585617014857243e-08
9.858141520292021e-08
1.2791751299156453e-07
1.6574907080156226e-07
2.153425465291959e-07
2.79489166984838e-07
3.6222471991168696e-07
4.7037937878592834e-07
6.106395686752359e-07
7.915735321190027e-07
1.0274249470428623e-06
1.3341040122717707e-06
1.7297783301288044e-06
2.2440632780835605e-06
2.9146002724789994e-06
3.779857645662964e-06
4.9012063088435e-06
6.367260558345233e-06
8.259352332255548e-06
1.0704180820669249e-05
1.3909458478721305e-05
1.804686398827293e-05
2.338206457334515e-05
3.0384442337443125e-05
3.943138852175619e-05
5.109921812126e-05
6.637044164875406e-05
8.615204819509002e-05
0.00011166816056536096
0.0001449699848238654
0.00018822142558449435
0.0002440190498378219
0.0003166323802356118
0.00041119137771472266
0.0005331947061574099
0.0006914975175126358
0.0008981903888729227
0.0011648909933835508
0.0015098807139263593
0.0019614814697654914
0.0025441444023096603
0.0032953573469611205
0.004280929398547181
0.005551911887954928
0.007188738206047135
0.009328801402824305
0.012090019343730149
0.01563847757888358
0.020248436287426883
0.026183891332600455
0.03376741585969413
0.043504709678728645
0.05592097921101164
0.0715508503011472
0.091146966208909
0.11545961236387478
0.1450300078663257
0.18040786824292168
0.22172570976564893
0.26879396784663306
0.3209919725758664
0.37624330064455114
0.43378643132609435
0.49214086638201715
0.5478240469736109
0.6011548763502629
0.6513959193058434
0.6962594389580898
0.7367216876013979
0.7732308685868697
0.8048417612480311
0.8323265827361936
0.8566066049786606
0.8774258145291312
0.8951211580038726
0.9106004868092162
0.9238775442651288
0.9349863732190996
0.944659718070642
0.9529959352874547
0.9598854149457756
0.9658715788555053
0.9710644051841204
###
1e-05
1.1768119524349992e-05
1.3848863713938717e-05
1.6297508346206434e-05
1.917910261672489e-05
2.2570197196339216e-05
2.656087782946684e-05
3.1257158496882356e-05
3.678379771828634e-05
4.328761281083062e-05
5.0941380148163754e-05
5.994842503189409e-05
7.054802310718646e-05
8.302175681319735e-05
9.770099572992247e-05
0.00011497569953977356
0.00013530477745798074
0.00015922827933410923
0.0001873817422860383
0.00022051307399030456
0.00025950242113997375
0.0003053855508833416
0.00035938136638046257
0.0004229242874389499
0.0004977023564332109
0.0005857020818056661
0.0006892612104349695
0.0008111308307896872
0.0009545484566618337
0.0011233240329780276
0.0013219411484660286
0.0015556761439304723
0.0018307382802953678
0.002154434690031882
0.0025353644939701114
0.0029836472402833374
0.003511191734215131
0.004132012400115334
0.004862601580065354
0.005722367659350214
0.006734150657750821
0.007924828983539169
0.0093260334688322
0.010974987654930556
0.01291549665014884
0.01519911082952933
0.01788649529057435
0.0210490414451202
0.02477076355991709
0.029150530628251757
0.034304692863149154
0.040370172585965536
0.047508101621027934
0.05590810182512223
0.06579332246575675
0.0774263682681127
0.09111627561154886
0.10722672220103231
0.1261856883066021
0.14849682622544635
0.1747528400007683
0.20565123083486514
0.24201282647943834
0.2848035868435799
0.3351602650938841
0.3944206059437656
0.46415888336127725
0.5462277217684337
0.642807311728432
0.7564633275546291
0.8902150854450375
1.0476157527896641
1.232846739442066
1.4508287784959402
1.7073526474706886
2.009233002565046
2.364489412645407
2.782559402207126
3.274549162877725
3.8535285937105273
4.534878508128582
5.3366992312063015
6.280291441834247
7.390722033525775
8.697490026177835
10.235310218990248
12.045035402587812
14.174741629268048
16.68100537200059
19.630406500402685
23.10129700083158
27.1858824273294
31.992671377973846
37.64935806792464
44.30621457583877
52.14008287999685
61.35907273413163
72.20809018385457
84.97534359086438
100.0
###
0.219274805945026
0.19406912727624198
0.1696295757525243
0.14657945157291108
0.12529229354633412
0.1060492172637914
0.09303255970789624
0.07756885750414337
0.06419446473206399
0.052781949176105215
0.7253199042733234
0.610908019780496
0.5076459094548337
0.41661460415041734
0.3378308140290637
0.27086733293930154
0.227853495519427
0.1791912202631307
0.13930026555281852
0.10691763225885871
1.080578056507975
0.892176444090468
0.7265517210744611
0.5842052626630545
0.4638955702082846
0.36395371660226405
0.30095365798866835
0.23096346195577028
0.17473867170042828
0.1299879490874371
1.371635449639974
1.1183637341502526
0.8993333679883089
0.7139261919172429
0.5595206302618824
0.4330046342190564
0.35420892139460175
0.2676347557308272
0.19897287583395554
0.14500903567816278
1.6240336424591195
1.3121707145470445
1.045593570603885
0.8223632625254409
0.6384370155043213
0.48918568532062
0.39703142286631
0.29660178232141865
0.21768545769104106
0.15624981749635844
1.8497371007848908
1.4839444887794042
1.1740680943503958
0.9167503787893782
0.7064599499676927
0.5371386365722867
0.43326216100952647
0.32079056844929893
0.23306633859538348
0.16528355299537964
2.0555322730703733
1.6394464385733594
1.289591128360691
1.001013934907109
0.7667343020215112
0.5792767181363602
0.4648998170548811
0.3417029398847198
0.24619744401702987
0.1728665978389802
2.2457346934863933
1.7823662452075346
1.3951382771289145
1.0775528330135542
0.8211510744577015
0.6170803629470512
0.49312587711864203
0.3602151884720658
0.25770378673270794
0.17942183359674108
2.4232864333498396
1.9151319134955431
1.492712818382407
1.1479626657014177
0.8709461319007424
0.6514833667733443
0.5186997228514539
0.3768701302047849
0.26797456903342654
0.1852091325435465
2.5902929743041123
2.0394950903647997
1.5837308296461896
1.2133636440746816
0.917000337337192
0.6831473552016809
0.5421505190599945
0.39205215782631825
0.27727195256506104
0.19039994071179966
2.748346395898603
2.1568285228276127
1.6692378970329278
1.2745758754847
0.9599451894975137
0.7125468975082526
0.5638499107126492
0.4060307008804616
0.28578116705814255
0.19511352669939844
2.8986674358223685
2.2679997837871295
1.7500318183008536
1.332222543235876
1.0002430236064705
0.7400377879002851
0.5840826862551065
0.4190052423178522
0.29363779431510917
0.1994360853155124
3.0422236033657497
2.3738696809597566
1.8267372595573252
1.3867891255697837
1.0382700355168344
0.7658943075983569
0.6030585250532705
0.43112792459224414
0.30094440098639674
0.2034323356882939
3.179870827017089
2.4750490552491535
1.899854207693999
1.4386624600001483
1.074310244668016
0.7903328330508217
0.6209505432733617
0.4425201091887544
0.3077806453615612
0.2071518131956954
3.3121069082916095
2.572064434390438
1.9697899569499244
1.4881564147821102
1.1086262015266177
0.8135275192243466
0.6378946658949088
0.4532691570183058
0.3142095528464188
0.21063302881770835