# ../data/BKevo/MV2g_BKevo/mv2g_15.dat
# N(r,Y=0), r, *FL(x,Q^2)
# 1e-05 < r < 100.0
# 1 < Q^2 < 50, n=15, lin grid
# 1e-5 < x < 1e-2, n=10, log grid
###
2.566722193461626e-09
3.2850999133948567e-09
4.212027693141471e-09
5.396489632924518e-09
6.90474579992471e-09
8.84500427547488e-09
1.132860334223101e-08
1.4489834227361786e-08
1.8544115460459704e-08
2.3742441083961688e-08
3.035608246888475e-08
3.881186567017922e-08
4.9671347791716326e-08
6.348057107459866e-08
8.108092246970342e-08
1.037199289891142e-07
1.3249259808530312e-07
1.6904838606132184e-07
2.1614021674353732e-07
2.759552713444683e-07
3.518538687458529e-07
4.4943439907718703e-07
5.734852306766191e-07
7.307896450028093e-07
9.323869203073238e-07
1.1890092596388e-06
1.5142004877880784e-06
1.929625104155341e-06
2.459114583584201e-06
3.1296121440120623e-06
3.983432549252198e-06
5.073063375639275e-06
6.451921958756111e-06
8.202281245707633e-06
1.0438939628814073e-05
1.326750407759479e-05
1.684728613572439e-05
2.142800504220455e-05
2.7218076543071204e-05
3.4530419937603154e-05
4.3890104812536954e-05
5.5724704203363845e-05
7.066841657317741e-05
8.975223357464344e-05
0.00011393170719048096
0.00014447261301466419
0.0001834074191313048
0.0002328724981116086
0.00029541301381701916
0.0003750667773628788
0.00047664064159638
0.0006053149506540266
0.00076920816390482
0.0009792779048420702
0.0012462533383246906
0.0015867235789002244
0.002026167643458477
0.0025873097259985454
0.0033047102793079077
0.004239138878236537
0.00543998124140727
0.0069850221000935
0.009010390037340653
0.01163907653938969
0.015048060555942653
0.019544408788160987
0.025444151079060916
0.03315297878063385
0.043361178736565656
0.05686442683283619
0.07455050166026245
0.09784605507034541
0.12847877036491928
0.16792668309375527
0.21814396758682458
0.28076757682136666
0.3555329546196658
0.44065630073765244
0.5291159047437565
0.6144451960889206
0.6897262359675359
0.7479839062388681
0.7970575144093871
0.8421882129000159
0.8839631768084522
0.9216392586759536
0.9532171731705046
0.9755345760072976
0.989155741134202
0.9963668943106778
0.999115745700083
0.9998293683511045
0.9999815980967005
0.9999993239653276
0.9999999741231912
0.9999999996232414
0.9999999999998975
0.9999999999999999
1.0
1.0
###
1e-05
1.1768119524349992e-05
1.3848863713938717e-05
1.6297508346206434e-05
1.917910261672489e-05
2.2570197196339216e-05
2.656087782946684e-05
3.1257158496882356e-05
3.678379771828634e-05
4.328761281083062e-05
5.0941380148163754e-05
5.994842503189409e-05
7.054802310718646e-05
8.302175681319735e-05
9.770099572992247e-05
0.00011497569953977356
0.00013530477745798074
0.00015922827933410923
0.0001873817422860383
0.00022051307399030456
0.00025950242113997375
0.0003053855508833416
0.00035938136638046257
0.0004229242874389499
0.0004977023564332109
0.0005857020818056661
0.0006892612104349695
0.0008111308307896872
0.0009545484566618337
0.0011233240329780276
0.0013219411484660286
0.0015556761439304723
0.0018307382802953678
0.002154434690031882
0.0025353644939701114
0.0029836472402833374
0.003511191734215131
0.004132012400115334
0.004862601580065354
0.005722367659350214
0.006734150657750821
0.007924828983539169
0.0093260334688322
0.010974987654930556
0.01291549665014884
0.01519911082952933
0.01788649529057435
0.0210490414451202
0.02477076355991709
0.029150530628251757
0.034304692863149154
0.040370172585965536
0.047508101621027934
0.05590810182512223
0.06579332246575675
0.0774263682681127
0.09111627561154886
0.10722672220103231
0.1261856883066021
0.14849682622544635
0.1747528400007683
0.20565123083486514
0.24201282647943834
0.2848035868435799
0.3351602650938841
0.3944206059437656
0.46415888336127725
0.5462277217684337
0.642807311728432
0.7564633275546291
0.8902150854450375
1.0476157527896641
1.232846739442066
1.4508287784959402
1.7073526474706886
2.009233002565046
2.364489412645407
2.782559402207126
3.274549162877725
3.8535285937105273
4.534878508128582
5.3366992312063015
6.280291441834247
7.390722033525775
8.697490026177835
10.235310218990248
12.045035402587812
14.174741629268048
16.68100537200059
19.630406500402685
23.10129700083158
27.1858824273294
31.992671377973846
37.64935806792464
44.30621457583877
52.14008287999685
61.35907273413163
72.20809018385457
84.97534359086438
100.0
###
0.2267768541186307
0.20243185336649713
0.1788966265652469
0.1567298119925191
0.13633168456917338
0.11789926241398738
0.10542205190326959
0.09055808496100136
0.07763837774265875
0.06644992417190834
0.7545384680638495
0.6395072290370933
0.5353669797671063
0.4432021595089498
0.3631589032017665
0.2945997156377215
0.2501939108712868
0.19940823128010474
0.15706215451347466
0.12192384833114116
1.1264758566473048
0.9348617258793613
0.7658267136815982
0.6198066248848152
0.49590003004176947
0.3920962686984927
0.3260928454849363
0.2519446827810002
0.19135519996627146
0.14205525785739595
1.4318059003478631
1.1726104736435077
0.9476744852070518
0.7562769393588603
0.5962051605264848
0.4639432256336391
0.3808740410617171
0.2886094750605194
0.21426673928621773
0.15463418333649986
1.6969727205237592
1.3765201559459614
1.10163719422743
0.8702850189777237
0.6788349292449739
0.5222360983257444
0.42475310629304847
0.31742294548097694
0.2318366321733213
0.1639470586780778
1.934384669666228
1.5574052910840537
1.2369389589646056
0.969529683631951
0.7500428374449963
0.5719356712955175
0.46183000255007717
0.3414530919592379
0.24626576142646994
0.17144200028941697
2.1510823202937344
1.7213023698722865
1.3586581211132966
1.0581484469149272
0.8131312676587257
0.6156137814689754
0.494190323947408
0.36223204116790203
0.25860872489652553
0.1777737531938985
2.3515331983084997
1.87203298134717
1.469927968057617
1.1386701109665562
0.8701122237163017
0.654798540890669
0.5230797892362515
0.3806400296259906
0.26945699728998124
0.18329426751338126
2.5388037271227826
2.01214749068269
1.5728465677162593
1.2127740787458345
0.9222639621165748
0.6904700854164478
0.5492722651246792
0.3972303817165877
0.27917492665022214
0.18821650504790677
2.7150865090891068
2.143475621293224
1.6689497039265966
1.2816355533306716
0.9705103950770946
0.7233188952096552
0.5733057948862549
0.4123793891694843
0.28800709596228297
0.19267479369391105
2.8820478557418894
2.267446958480811
1.7592282332996276
1.3461552974853876
1.015512520481697
0.75383716965204
0.595566244403236
0.4263526013224919
0.29612278360260735
0.19676271599154005
3.040944899598928
2.384991229913659
1.8445821303011707
1.4069124313270513
1.0577681331406321
0.7823930390212382
0.6163428286589663
0.4393468545469278
0.30364569707338274
0.20054688963455852
3.192759529433478
2.496965847996668
1.925655322000628
1.4644499009155603
1.0976499876525911
0.8092696893781198
0.6358479181998413
0.45151043657274864
0.3106692673468992
0.20407855922312593
3.33832383736947
2.6040417850275537
2.0029711972889164
1.519172518608754
1.1354878663708252
0.8346903152542361
0.6542575807551522
0.462959665002313
0.3172655940459528
0.20739394502588576
3.478306641492225
2.7066601285206104
2.07695591138662
1.5714085311136732
1.171516252577969
0.8588342946685578
0.671709615361551
0.47378698140721087
0.32349140435323054
0.2105226055495766