# ../data/BKevo/MV2g_BKevo/mv2g_6.dat
# N(r,Y=0), r, *FL(x,Q^2)
# 1e-05 < r < 100.0
# 1 < Q^2 < 50, n=15, lin grid
# 1e-5 < x < 1e-2, n=10, log grid
###
2.5663388365492683e-09
3.284542773235091e-09
4.211211947626635e-09
5.395298235713795e-09
6.9030140094805934e-09
8.84247366497614e-09
1.1324906746510758e-08
1.448446011829692e-08
1.853627893024476e-08
2.3730991731722848e-08
3.0339436014712676e-08
3.878764461210203e-08
4.963595524898716e-08
6.342911098546515e-08
8.100621518532498e-08
1.0361075408822803e-07
1.3233386177571677e-07
1.6881847807390975e-07
2.158042263851962e-07
2.7546679194710573e-07
3.511469014158386e-07
4.484030095818077e-07
5.719859831136594e-07
7.286203626959387e-07
9.292297973641257e-07
1.184421178401516e-06
1.5075642893145443e-06
1.9199914258225185e-06
2.4451197199503605e-06
3.109379701777787e-06
3.954140126718246e-06
5.030532512117844e-06
6.390473918641741e-06
8.113570676469502e-06
1.031022857424538e-05
1.3081698057527049e-05
1.657986243447321e-05
2.1040363909000155e-05
2.6659081992130276e-05
3.372801149974108e-05
4.272917879747832e-05
5.4052919156235983e-05
6.827229887870499e-05
8.629833981353188e-05
0.00010896682887109615
0.00013737040658156022
0.00017321224778147989
0.00021825099727641162
0.0002745490651966772
0.00034525710608032054
0.0004340162742832239
0.0005446869917145509
0.0006830518671087134
0.0008565608522488361
0.0010724238415109953
0.0013412540454663159
0.0016782950855514654
0.0020971939520128685
0.002617776999026289
0.003272105137614596
0.004087211076722644
0.005103869391898681
0.00638943537004679
0.00800838408645586
0.010053017699355776
0.012682989476188821
0.0160775425291229
0.020479833483919064
0.026329955647582906
0.034206430894794554
0.04484263422555654
0.05957237005353078
0.08038147054826557
0.10945226279603827
0.1503764295560945
0.20822846683383936
0.2857607230909309
0.38432639698099175
0.4966493390735156
0.6063534992027766
0.6956077866354318
0.7530394509603876
0.7985544121997136
0.8423159939947878
0.8839671409116964
0.9216393150054839
0.953217173280406
0.9755345760072978
0.989155741134202
0.9963668943106778
0.999115745700083
0.9998293683511045
0.9999815980967005
0.9999993239653276
0.9999999741231912
0.9999999996232414
0.9999999999998975
0.9999999999999999
1.0
1.0
###
1e-05
1.1768119524349992e-05
1.3848863713938717e-05
1.6297508346206434e-05
1.917910261672489e-05
2.2570197196339216e-05
2.656087782946684e-05
3.1257158496882356e-05
3.678379771828634e-05
4.328761281083062e-05
5.0941380148163754e-05
5.994842503189409e-05
7.054802310718646e-05
8.302175681319735e-05
9.770099572992247e-05
0.00011497569953977356
0.00013530477745798074
0.00015922827933410923
0.0001873817422860383
0.00022051307399030456
0.00025950242113997375
0.0003053855508833416
0.00035938136638046257
0.0004229242874389499
0.0004977023564332109
0.0005857020818056661
0.0006892612104349695
0.0008111308307896872
0.0009545484566618337
0.0011233240329780276
0.0013219411484660286
0.0015556761439304723
0.0018307382802953678
0.002154434690031882
0.0025353644939701114
0.0029836472402833374
0.003511191734215131
0.004132012400115334
0.004862601580065354
0.005722367659350214
0.006734150657750821
0.007924828983539169
0.0093260334688322
0.010974987654930556
0.01291549665014884
0.01519911082952933
0.01788649529057435
0.0210490414451202
0.02477076355991709
0.029150530628251757
0.034304692863149154
0.040370172585965536
0.047508101621027934
0.05590810182512223
0.06579332246575675
0.0774263682681127
0.09111627561154886
0.10722672220103231
0.1261856883066021
0.14849682622544635
0.1747528400007683
0.20565123083486514
0.24201282647943834
0.2848035868435799
0.3351602650938841
0.3944206059437656
0.46415888336127725
0.5462277217684337
0.642807311728432
0.7564633275546291
0.8902150854450375
1.0476157527896641
1.232846739442066
1.4508287784959402
1.7073526474706886
2.009233002565046
2.364489412645407
2.782559402207126
3.274549162877725
3.8535285937105273
4.534878508128582
5.3366992312063015
6.280291441834247
7.390722033525775
8.697490026177835
10.235310218990248
12.045035402587812
14.174741629268048
16.68100537200059
19.630406500402685
23.10129700083158
27.1858824273294
31.992671377973846
37.64935806792464
44.30621457583877
52.14008287999685
61.35907273413163
72.20809018385457
84.97534359086438
100.0
###
0.20549372543275893
0.18068315009688943
0.15730822485736365
0.13580450747168918
0.11647539008078947
0.09941473379221555
0.08808334069921496
0.07481520645046888
0.06347137821468533
0.053827285433504374
0.6594900484748738
0.5490059944731351
0.45131873678990525
0.3665001637652543
0.29425217975433515
0.23353360597982364
0.19475550785767595
0.1509534093288986
0.11478878175356537
0.08499038117618965
0.9722352297775513
0.7922649360932131
0.6369786776600491
0.5053505815326461
0.39570768574424503
0.3055247851404166
0.2489907250654581
0.18625892275547132
0.13564978386090573
0.09487775698541209
1.226773177818576
0.986579909742175
0.7825052094749352
0.6120839027050962
0.4721184394145706
0.35857452122683264
0.2882732974846462
0.21123391961289575
0.15005592517804733
0.1015610563053159
1.4467630760135832
1.152542010614999
0.9053350369475712
0.7011036475829288
0.5350838629387673
0.4017637750620632
0.3199717631169981
0.23117602469335843
0.1614505962201368
0.10697476339216029
1.6431055287596295
1.2993986418431955
1.0131083292870413
0.778544763485848
0.5894118202433621
0.43872482266589174
0.3469614065361222
0.24805600915308568
0.17112648947703185
0.11167086689748375
1.82189635716743
1.43224679428909
1.1099657207208742
0.8477414967237384
0.6376237564307202
0.4713429129988724
0.37066531373853795
0.2628415603286171
0.17962175776795736
0.11588411371307504
1.9869993911503094
1.5542644045795484
1.1984594355571372
0.9106002556741454
0.6812366407778074
0.5007056753747238
0.39195281468093124
0.27608692061500784
0.18725313129955667
0.11973948606749102
2.1410314919105873
1.6675862718444405
1.280286437438309
0.9684980515692788
0.7212241726991213
0.5275300302152428
0.41135255870810133
0.2881424697716072
0.1942181315810163
0.12331351091135911
2.2858667083286908
1.7737296276277805
1.356643063285219
1.022318794044588
0.7582887538006049
0.5523110541443693
0.42924785389275705
0.29924502124832647
0.200649404830195
0.1266573500227703
2.42290316300682
1.873814537158798
1.4284026404101633
1.072744947456362
0.7929007180385834
0.5753935245212878
0.44589099212594313
0.30956523719177587
0.20664158524545062
0.12980808316750989
2.553217096641425
1.9687083736726696
1.496269329546033
1.1202842034264897
0.8254464761082484
0.5970592724021605
0.46148240456868095
0.3192278558653515
0.21226415020850387
0.13279326376719766
2.6776579626346577
2.059082714098183
1.560718737248425
1.1653312193765024
0.8562149525084357
0.6175066461014803
0.4761793324145544
0.3283232959779635
0.2175704583220606
0.135633644167307
2.7969104452339515
2.145479297617826
1.6221868517801166
1.208199944876196
0.8854349943358907
0.6368789445496046
0.49010099496542625
0.3369438587373493
0.22260214774929377
0.13834761977864773
2.911535919180247
2.228340497391714
1.681017128924619
1.2491447681650514
0.9132913583921187
0.6553173430205896
0.5033346618360819
0.3451328767427145
0.22739263866318996
0.14094737764826606