# data/BKevo/ATAN_BKevo/atan50.dat
# N(r,Y=0), r, *FL(x,Q^2)
# 1e-05 < r < 100.0
# 1 < Q^2 < 50, n=15, lin grid
# 1e-5 < x < 1e-2, n=10, log grid
###
1.372103642749878e-07
1.6676027788589238e-07
2.027932576888581e-07
2.465702823850826e-07
2.996885686600541e-07
3.6439987414995996e-07
4.4308876668171144e-07
5.385724553628642e-07
6.547852181382141e-07
7.962270113832195e-07
9.678642792999405e-07
1.1765636357712955e-06
1.4308008848065324e-06
1.7393265148733804e-06
2.114111298644899e-06
2.571091821396477e-06
3.125676836919487e-06
3.798709719371141e-06
4.620106996016713e-06
5.616985474181995e-06
6.826509552340162e-06
8.301995723510152e-06
1.0093894575846537e-05
1.2268114780259831e-05
1.4917943824669054e-05
1.8138878519370222e-05
2.204719597232377e-05
2.680596106984532e-05
3.2595546593957056e-05
3.962098451400977e-05
4.816701232118221e-05
5.857364222205321e-05
7.120221239383521e-05
8.654936655801097e-05
0.0001052548848828101
0.00012795520993247073
0.00015551556206711464
0.00018913776844006614
0.0002299421549838234
0.00027944967384795885
0.0003398678021516209
0.0004132140558780081
0.000502207787464422
0.0006107128434381667
0.0007425518214894078
0.0009025230118130728
0.001097382669651067
0.001334356601868423
0.0016219062716001564
0.0019718318948396124
0.0023977613698298763
0.002914604142851434
0.0035429402172183237
0.004308408730521015
0.005237247968144662
0.00636527546394616
0.007740569110308871
0.009409192053254958
0.011433258747822165
0.013902396597778987
0.01689702565777845
0.020527199074251355
0.02494851166398979
0.030308750294568365
0.036797157762963946
0.044673869807307975
0.05420216470057979
0.06569121907328027
0.0795441712990746
0.09618018251262157
0.11604050392774085
0.13962931029683795
0.16740809239317803
0.19979001679208602
0.23704182074544128
0.2789962933935676
0.32558256902934063
0.3762023342022371
0.42887198275593086
0.4831758472274904
0.5378456059989237
0.5896923018628248
0.6391406926490075
0.6855465623673518
0.726806738504089
0.7638704345650493
0.7971825900768241
0.8259003653485874
0.850768406748606
0.8726578683635118
0.8913587655104707
0.9071995938498117
0.9210182829831305
0.9328396026974889
0.9427055826999831
0.9512801428901623
0.9586564152150368
0.9647420068798808
0.9700229938303262
0.9745989419374385
###
1e-05
1.1768119524349992e-05
1.3848863713938717e-05
1.6297508346206434e-05
1.917910261672489e-05
2.2570197196339216e-05
2.656087782946684e-05
3.1257158496882356e-05
3.678379771828634e-05
4.328761281083062e-05
5.0941380148163754e-05
5.994842503189409e-05
7.054802310718646e-05
8.302175681319735e-05
9.770099572992247e-05
0.00011497569953977356
0.00013530477745798074
0.00015922827933410923
0.0001873817422860383
0.00022051307399030456
0.00025950242113997375
0.0003053855508833416
0.00035938136638046257
0.0004229242874389499
0.0004977023564332109
0.0005857020818056661
0.0006892612104349695
0.0008111308307896872
0.0009545484566618337
0.0011233240329780276
0.0013219411484660286
0.0015556761439304723
0.0018307382802953678
0.002154434690031882
0.0025353644939701114
0.0029836472402833374
0.003511191734215131
0.004132012400115334
0.004862601580065354
0.005722367659350214
0.006734150657750821
0.007924828983539169
0.0093260334688322
0.010974987654930556
0.01291549665014884
0.01519911082952933
0.01788649529057435
0.0210490414451202
0.02477076355991709
0.029150530628251757
0.034304692863149154
0.040370172585965536
0.047508101621027934
0.05590810182512223
0.06579332246575675
0.0774263682681127
0.09111627561154886
0.10722672220103231
0.1261856883066021
0.14849682622544635
0.1747528400007683
0.20565123083486514
0.24201282647943834
0.2848035868435799
0.3351602650938841
0.3944206059437656
0.46415888336127725
0.5462277217684337
0.642807311728432
0.7564633275546291
0.8902150854450375
1.0476157527896641
1.232846739442066
1.4508287784959402
1.7073526474706886
2.009233002565046
2.364489412645407
2.782559402207126
3.274549162877725
3.8535285937105273
4.534878508128582
5.3366992312063015
6.280291441834247
7.390722033525775
8.697490026177835
10.235310218990248
12.045035402587812
14.174741629268048
16.68100537200059
19.630406500402685
23.10129700083158
27.1858824273294
31.992671377973846
37.64935806792464
44.30621457583877
52.14008287999685
61.35907273413163
72.20809018385457
84.97534359086438
100.0
###
0.2820501050463877
0.2551361368061934
0.22683709928097145
0.19826222457921108
0.17046943259316336
0.14432942645591235
0.1262018171755635
0.10431907954941469
0.0852186454790476
0.06889521619689136
1.0643026396843995
0.9181149268376153
0.7769234189282883
0.6453941811664161
0.5271352783593949
0.42373601219217655
0.35623808129829854
0.279253459795793
0.21607454325943773
0.1650856475571354
1.679935858955596
1.4207961220090448
1.1784428274250536
0.9596193479840933
0.7682184621545584
0.6053667337277066
0.5013681985476488
0.3851538297216151
0.29181763708751307
0.2180412928570317
2.2145919798488802
1.849560768585928
1.5148359489556915
1.2182772756170086
0.9633624352841695
0.749928618252371
0.6154235142965985
0.46695876936673403
0.34929668268881303
0.25746102991062186
2.696985952976854
2.2318926166489104
1.8113433954561609
1.4437522507894147
1.1316210129908872
0.8732632430557488
0.7119633283906336
0.5354869601039922
0.39693248848265306
0.2897647982164702
3.1416302499686495
2.581159325949603
2.0800065785050266
1.6463328718471957
1.28162573494509
0.9823881280405524
0.7969370666935494
0.5953179519772936
0.4382356251307504
0.31756970426285663
3.5571566453433614
2.9052357977263874
2.3275801709592248
1.8317325342108437
1.418175900106053
1.081152843023984
0.8734988398484352
0.6489637780329953
0.47506391988843827
0.3422161108163435
3.9490229130006402
3.209230924947765
2.558515660033919
2.0039109756140374
1.5442716055748675
1.171930938566096
0.9436097776303127
0.697883336347239
0.5084983768273699
0.3645035696389027
4.321315661769823
3.4965827591251215
2.7758476496982185
2.165231456184551
1.6619383169098758
1.2563204417767122
1.008606870027593
0.7430623237740959
0.5392596151960811
0.3849497692621974
4.676897100950387
3.7699157162903143
2.9817043232436276
2.3175070119035306
1.7726208257389435
1.3354001190883962
1.0693961435254626
0.7851873338211248
0.5678624872661261
0.4039120941000146
5.0180360963305395
4.0311430906699295
3.177844236095622
2.4621677054762863
1.8773927421288872
1.4100598552897463
1.1266535768715953
0.824760679508881
0.5946593449732988
0.421639126469851
5.346499725043169
4.281744697158619
3.365503642136731
2.600103711603707
1.9770780479591012
1.4809136218382333
1.1809245505583073
0.8621773775163519
0.6199376036558543
0.4383256853847165
5.663705789128227
4.523222671887683
3.545703884485904
2.7322173468725617
2.0723254282533525
1.5484590025622775
1.2325294692685698
0.8977009839070356
0.643916517227183
0.4541193215116525
5.970818832383187
4.75639142034138
3.719273825972964
2.85918679946246
2.1636566279044573
1.6130944315520026
1.2818585471586192
0.9315832963067052
0.6667162245286639
0.4691365978281392
6.26880920328967
4.9820499327829255
3.8868974939655456
2.9814457671437093
2.2514987406575426
1.675144906240911
1.3291526659886967
0.9640145885688902
0.6885276458910266
0.48347076141563594