# data/BKevo/ATAN_BKevo/atan86.dat
# N(r,Y=0), r, *FL(x,Q^2)
# 1e-05 < r < 100.0
# 1 < Q^2 < 50, n=15, lin grid
# 1e-5 < x < 1e-2, n=10, log grid
###
2.532826356913831e-07
3.078301186258421e-07
3.743449780851178e-07
4.5515491001707303e-07
5.532082868271339e-07
6.726617267985478e-07
8.179170083760241e-07
9.941745415382742e-07
1.2086967826718324e-06
1.4697903988101474e-06
1.7866231673423748e-06
2.1718704722811975e-06
2.6411781723171243e-06
3.210699178225596e-06
3.902530864707974e-06
4.746091273900183e-06
5.769824100573076e-06
7.012205043522886e-06
8.528458332262793e-06
1.0368640070225073e-05
1.2601353648991707e-05
1.5325018316105258e-05
1.8632763018270644e-05
2.264625144933388e-05
2.7537687043596467e-05
3.348335150937215e-05
4.069788579222031e-05
4.9482298364697706e-05
6.016954702432853e-05
7.313810894055511e-05
8.891359282725118e-05
0.00010812364091243044
0.00013143526157992352
0.0001597652280473822
0.00019429453231068888
0.00023619800401783166
0.0002870727770561771
0.0003491373247517148
0.00042445967013166644
0.0005158473404939971
0.0006273750562969166
0.0007627668656083458
0.0009270422296298262
0.0011273328706540029
0.0013706941925174315
0.0016659821042558389
0.0020256650021351612
0.0024630766945807504
0.0029938296657291493
0.0036396916933280677
0.004425795350656518
0.005379630173816586
0.006539119530550888
0.00795147023043223
0.009664964282591337
0.011745424606094752
0.014280980934474257
0.017355950751267227
0.02108370030438655
0.02562654560632329
0.03112963658313528
0.03779007344219179
0.045880901041130254
0.05565856240742339
0.06744496204540805
0.0816594562458586
0.09871021211864209
0.11905247673196982
0.14319317737068515
0.17158118681613554
0.20462639253748707
0.2425264688882777
0.2851382844287536
0.33233347368297267
0.38329870865574
0.43627111098274496
0.49071081950821377
0.5451730024524573
0.5966438687188771
0.6457257250160072
0.6916785522721879
0.7321219472255759
0.7686777938213057
0.8014897951685478
0.829501064753794
0.8539517269821029
0.8754587985322811
0.8936615098494534
0.9092153513321561
0.922778236823853
0.9342758662102866
0.9439576685926984
0.9523698371519372
0.9595426832696224
0.9655133102244616
0.970693379448853
0.9751432515714478
0.9788100223909199
0.9819894716724731
0.9847426783948432
###
1e-05
1.1768119524349992e-05
1.3848863713938717e-05
1.6297508346206434e-05
1.917910261672489e-05
2.2570197196339216e-05
2.656087782946684e-05
3.1257158496882356e-05
3.678379771828634e-05
4.328761281083062e-05
5.0941380148163754e-05
5.994842503189409e-05
7.054802310718646e-05
8.302175681319735e-05
9.770099572992247e-05
0.00011497569953977356
0.00013530477745798074
0.00015922827933410923
0.0001873817422860383
0.00022051307399030456
0.00025950242113997375
0.0003053855508833416
0.00035938136638046257
0.0004229242874389499
0.0004977023564332109
0.0005857020818056661
0.0006892612104349695
0.0008111308307896872
0.0009545484566618337
0.0011233240329780276
0.0013219411484660286
0.0015556761439304723
0.0018307382802953678
0.002154434690031882
0.0025353644939701114
0.0029836472402833374
0.003511191734215131
0.004132012400115334
0.004862601580065354
0.005722367659350214
0.006734150657750821
0.007924828983539169
0.0093260334688322
0.010974987654930556
0.01291549665014884
0.01519911082952933
0.01788649529057435
0.0210490414451202
0.02477076355991709
0.029150530628251757
0.034304692863149154
0.040370172585965536
0.047508101621027934
0.05590810182512223
0.06579332246575675
0.0774263682681127
0.09111627561154886
0.10722672220103231
0.1261856883066021
0.14849682622544635
0.1747528400007683
0.20565123083486514
0.24201282647943834
0.2848035868435799
0.3351602650938841
0.3944206059437656
0.46415888336127725
0.5462277217684337
0.642807311728432
0.7564633275546291
0.8902150854450375
1.0476157527896641
1.232846739442066
1.4508287784959402
1.7073526474706886
2.009233002565046
2.364489412645407
2.782559402207126
3.274549162877725
3.8535285937105273
4.534878508128582
5.3366992312063015
6.280291441834247
7.390722033525775
8.697490026177835
10.235310218990248
12.045035402587812
14.174741629268048
16.68100537200059
19.630406500402685
23.10129700083158
27.1858824273294
31.992671377973846
37.64935806792464
44.30621457583877
52.14008287999685
61.35907273413163
72.20809018385457
84.97534359086438
100.0
###
0.32033380416558066
0.29854930423156917
0.2742220707748738
0.24811289286028873
0.2211694081519042
0.19435291292796247
0.17481645687302041
0.15008831647266774
0.12735676280696812
0.10692992158660053
1.2933455662845639
1.1554552428521612
1.01389185508901
0.8741501747125053
0.7411665775846168
0.6187771761686557
0.5353270846650047
0.4361967797318914
0.3512310177407508
0.2798051806382489
2.1014470460738504
1.842194500350734
1.5848475731122995
1.3389704998860705
1.1121222830311768
0.9093450795894499
0.7744026215197571
0.6177640563680977
0.48666815926515505
0.37899841169550696
2.8222657627185472
2.4436067815743434
2.075595419148074
1.7310563420958136
1.419160998421587
1.1453072091597518
0.9657433377873391
0.760165247417287
0.5906537977196543
0.4533179257701708
3.4844106153478287
2.989201595870987
2.515270935294216
2.0779933350595696
1.6875286858774174
1.3490226596861126
1.1294173630708728
0.8804356060331638
0.6772962469556448
0.5143252102716168
4.102771093688233
3.493994144544815
2.9182934320999725
2.3931291026260246
1.929088483508589
1.5307607918707524
1.2744478129095715
0.9860376943841866
0.7526326263185537
0.5668220116204524
4.68661574504485
3.9670127200448246
3.2931724583115933
2.6841342257583625
2.1505907678593643
1.6962582915875999
1.4058415740089885
1.0810284546408202
0.8199384763440393
0.6133245770354286
5.242100862603383
4.414300200368015
3.6454213827467314
2.955975029000352
2.356322263674715
1.8491023254366692
1.526674885818451
1.1678961872561489
0.8810851298076571
0.6553370870509683
5.773662557222037
4.839912899869431
3.9790205521778135
3.2121080350118776
2.5492353271492605
1.9917364486882243
1.6390412309534557
1.2482988262116428
0.9374260063273407
0.6938410410813589
6.284626848844232
5.247373606393273
4.29686770739669
3.4549712200296185
2.731514908168611
2.1259106907958403
1.7444203329389645
1.3234036180887334
0.9898394053783999
0.7295305118399343
6.777572934705453
5.638572282575171
4.600985571090587
3.6866629312670636
2.904595695131134
2.2529083103490115
1.843907486916163
1.3940633549534052
1.0389799015631556
0.7628519939560483
7.254554804774586
6.0158820405771865
4.893154380030354
3.9084219360426378
3.0696940515979407
2.3737319695676358
1.9383450075563033
1.4609307127073239
1.0853419844760592
0.7941734824360503
7.717243386477645
6.380679379246243
5.174534357928056
4.121392027439607
3.227953619104245
2.4891850633524863
2.0283833026554077
1.524513747896478
1.1293027154988462
0.8238161881710102
8.1670222653059
6.734234085782055
5.4466783078170735
4.326767250298827
3.3800817699245815
2.5998654381757684
2.114552556701671
1.5852177445146232
1.1711812421365837
0.8519984709143257
8.605051110465087
7.0776070035176994
5.710292689980162
4.525207127476744
3.526718040036965
2.706305967325627
2.1972831894093483
1.64337217763924
1.2112140108727083
0.8788569872489258