# ../data/BKevo/MV2g_BKevo/mv2g_23.dat
# N(r,Y=0), r, *FL(x,Q^2)
# 1e-05 < r < 100.0
# 1 < Q^2 < 50, n=15, lin grid
# 1e-5 < x < 1e-2, n=10, log grid
###
6.434550750495342e-05
7.239401895403334e-05
8.13949954830709e-05
9.151233861279483e-05
0.00010290232360928345
0.0001156488209034469
0.00012994817961310142
0.00014603534197327083
0.00016405020490415831
0.00018421806418624973
0.00020689064063008088
0.00023229595353421796
0.00026067539512019923
0.0002925533570679801
0.00032829483485600613
0.0003681276559888393
0.00041283051309747487
0.0004629791279150149
0.0005187291553522302
0.0005812322957460807
0.0006513043194095763
0.0007291651798925284
0.0008162679847250601
0.0009138047324187064
0.001022201303200949
0.0011431321712359328
0.0012783702550788422
0.0014286752292801497
0.0015958571270568622
0.001782535933241522
0.0019899991969180926
0.0022199909852969016
0.002476358211297671
0.0027612065675376514
0.0030758147308657525
0.003425794564587734
0.003814498213372646
0.004242012990003224
0.004716471798359755
0.005242789915185951
0.005819537541286613
0.006457500694301554
0.007163139544273997
0.007935125809142499
0.0087846850073145
0.009721152952321411
0.010743579688133059
0.011862117759529396
0.013090162174729093
0.014427664634168766
0.015881076878182788
0.01746959549354725
0.01919514022037003
0.021056546854185627
0.023081660248685576
0.025276802161285646
0.027628952126898382
0.030180192602615095
0.032947550208078775
0.03590742666627212
0.03912998084931547
0.042654871700628864
0.04649912095476722
0.0507838505196858
0.05564349660316837
0.06127585779186008
0.06802055952302097
0.07635357083263386
0.0871262733056349
0.10157088477132659
0.12127124376402246
0.1489710643386749
0.1883709852778152
0.24254681843358297
0.31459955371321563
0.40320114079534025
0.4982085445263029
0.5823813528173473
0.6330804381939593
0.6592106192562951
0.6748004604933504
0.6891590353647042
0.704720041284792
0.7215894327132244
0.7395140092798002
0.7585764784875197
0.7787631654777661
0.7996176587865088
0.8209786732138405
0.8427689191018742
0.8643386646454875
0.885191731701843
0.9053053117252243
0.9240197204702952
0.9406023780331463
0.9553322060244944
0.9678707187149534
0.9776184616819208
0.9852952014281945
0.9910437661432259
###
1e-05
1.1768119524349992e-05
1.3848863713938717e-05
1.6297508346206434e-05
1.917910261672489e-05
2.2570197196339216e-05
2.656087782946684e-05
3.1257158496882356e-05
3.678379771828634e-05
4.328761281083062e-05
5.0941380148163754e-05
5.994842503189409e-05
7.054802310718646e-05
8.302175681319735e-05
9.770099572992247e-05
0.00011497569953977356
0.00013530477745798074
0.00015922827933410923
0.0001873817422860383
0.00022051307399030456
0.00025950242113997375
0.0003053855508833416
0.00035938136638046257
0.0004229242874389499
0.0004977023564332109
0.0005857020818056661
0.0006892612104349695
0.0008111308307896872
0.0009545484566618337
0.0011233240329780276
0.0013219411484660286
0.0015556761439304723
0.0018307382802953678
0.002154434690031882
0.0025353644939701114
0.0029836472402833374
0.003511191734215131
0.004132012400115334
0.004862601580065354
0.005722367659350214
0.006734150657750821
0.007924828983539169
0.0093260334688322
0.010974987654930556
0.01291549665014884
0.01519911082952933
0.01788649529057435
0.0210490414451202
0.02477076355991709
0.029150530628251757
0.034304692863149154
0.040370172585965536
0.047508101621027934
0.05590810182512223
0.06579332246575675
0.0774263682681127
0.09111627561154886
0.10722672220103231
0.1261856883066021
0.14849682622544635
0.1747528400007683
0.20565123083486514
0.24201282647943834
0.2848035868435799
0.3351602650938841
0.3944206059437656
0.46415888336127725
0.5462277217684337
0.642807311728432
0.7564633275546291
0.8902150854450375
1.0476157527896641
1.232846739442066
1.4508287784959402
1.7073526474706886
2.009233002565046
2.364489412645407
2.782559402207126
3.274549162877725
3.8535285937105273
4.534878508128582
5.3366992312063015
6.280291441834247
7.390722033525775
8.697490026177835
10.235310218990248
12.045035402587812
14.174741629268048
16.68100537200059
19.630406500402685
23.10129700083158
27.1858824273294
31.992671377973846
37.64935806792464
44.30621457583877
52.14008287999685
61.35907273413163
72.20809018385457
84.97534359086438
100.0
###
0.381069296142478
0.3666790515527715
0.34293148208335117
0.30873944414602417
0.2660621178303983
0.2198369095241659
0.186374942295251
0.14687706390034136
0.11510471305823292
0.09102443457667227
1.7838603861729412
1.6672836649588698
1.4963869132369172
1.2772130941302398
1.031863943614546
0.7904255680502751
0.6279390591809567
0.4477874311426081
0.3113695657101049
0.21302419115624457
3.1305978391301146
2.884201687473679
2.5408016650841003
2.1210536017399706
1.6717050192365535
1.2460439417747153
0.9678087446458649
0.6666533256318745
0.44398423958893235
0.2866203694607008
4.439414929977823
4.049870638764637
3.5240860252975623
2.9007085074508345
2.251999751520593
1.6521526179423403
1.2671040623830019
0.8565976022924863
0.5576067272806016
0.34922240010339156
5.7196242177762215
5.177939822169857
4.4644038897424085
3.637236069609405
2.7938441066977022
2.027478978224791
1.5419701964260573
1.0299444483943716
0.6611137704166478
0.40664991273157836
6.976440113208432
6.276866095616995
5.371756330391483
4.341390192061569
3.3075007437634993
2.380821623440431
1.7995686106288211
1.191944743524877
0.757904918853124
0.4608265677345928
8.21340267973664
7.350932057040166
6.252269182944008
5.019779059387026
3.7991597239906243
2.717275184355072
2.0443791504091675
1.3454453144548875
0.8497405044106322
0.512634624778122
9.43308405193464
8.404174307682675
7.110174886316878
5.676835326757618
4.2729056881885805
3.040100057963723
2.2786544551342165
1.4922102467316587
0.9376775274007252
0.5625852562823747
10.637440382724762
9.438808719493755
7.9485335725833615
6.315644559055467
4.731504669310066
3.3516183800469967
2.5042882111874185
1.633427803795921
1.022417924581176
0.610997274403598
11.828049657628183
10.456811066223265
8.770364599480486
6.938746305380585
5.177094408006964
3.653324599596978
2.7225898022423634
1.7699630207648565
1.1044547847468609
0.658098568576075
13.005649301129301
11.460299873857316
9.576793479281108
7.5479307559760676
5.6112353890928555
3.9466580410956627
2.9345426042687848
1.902491172044285
1.1841588914844388
0.7040444015730128
14.17196188651848
12.450382190635752
10.369338678140014
8.144677457150278
6.036090759708325
4.232555046290668
3.140914293852459
2.031422605203294
1.261815381496024
0.7489827274927277
15.327572653256746
13.428169969857516
11.149160315629919
8.730094147104456
6.450529883932184
4.5118143712399235
3.3423668476981527
2.1572340779709833
1.3376507639064836
0.7929969202999771
16.473220002384142
14.394604829150229
11.917769931494348
9.305417972036945
6.857249497842763
4.785090737396564
3.539311500844606
2.2802586006633683
1.4120045499740996
0.8361789497609132
17.609543253870072
15.350494648628102
12.675836636770091
9.871381939388902
7.256569950240948
5.052928327293979
3.732208293523556
2.4006918104046404
1.4845517480600448
0.8785994348840049