# ../data/BKevo/MV2g_BKevo/mv2g_39.dat
# N(r,Y=0), r, *FL(x,Q^2)
# 1e-05 < r < 100.0
# 1 < Q^2 < 50, n=15, lin grid
# 1e-5 < x < 1e-2, n=10, log grid
###
1.0258104666409953e-13
1.4905653299412258e-13
2.1829746152855413e-13
3.188266904358025e-13
4.63425860622188e-13
6.771931087386819e-13
9.892110595876703e-13
1.438142334646337e-12
2.0971053285786906e-12
3.0639524384079655e-12
4.454803876950058e-12
6.481942491114622e-12
9.471843186376482e-12
1.3772173759695548e-11
1.999426014011931e-11
2.9219838879870377e-11
4.248592729257358e-11
6.153731168355956e-11
8.993535426496335e-11
1.307588050958099e-10
1.892548073987122e-10
2.7612062245427543e-10
4.014034330074695e-10
5.808427635465216e-10
8.454273148566158e-10
1.228750847313417e-09
1.7774809045552003e-09
2.5807200035668505e-09
3.749649980138157e-09
5.4218985903957395e-09
7.851519001820052e-09
1.1402918272503752e-08
1.647956409043217e-08
2.379900406562968e-08
3.454439252822125e-08
4.9890805412115834e-08
7.184350083021731e-08
1.0420864132404362e-07
1.5038463095108426e-07
2.1605059190854393e-07
3.129204566646337e-07
4.511758995465023e-07
6.475683990461874e-07
9.351266019895029e-07
1.3470775797998349e-06
1.9317113816217486e-06
2.781621300101665e-06
4.0044340256012115e-06
5.739402969039157e-06
8.246113137664681e-06
1.1873788981063111e-05
1.702892126872062e-05
2.444904151244126e-05
3.529009484074399e-05
5.078321821744781e-05
7.31077993678564e-05
0.00010629408714952305
0.00015437558509819803
0.00022432111804472114
0.0003315983979420675
0.0004912142030445188
0.0007302879921868427
0.001110458312482221
0.0017027459385302644
0.0026283017143774465
0.004163764159616029
0.006688255063009263
0.010803995221728622
0.01784979426313592
0.029904395347179813
0.04989410872686993
0.08354346120427732
0.13904088709993737
0.22228465023395247
0.3348441441591516
0.4567903030019441
0.5545844216661233
0.6137782901988388
0.6567612457673592
0.7074741826688323
0.7675893134418267
0.8325262654030043
0.8955272553265133
0.948239665789131
0.9802911364152033
0.9949053625762101
0.9993788641289081
0.9999704128395424
0.9999992211747749
0.999999995944526
0.9999999999999648
1.0
1.0
1.0
1.0
1.0
1.0
1.0
1.0
1.0
###
1e-05
1.1768119524349992e-05
1.3848863713938717e-05
1.6297508346206434e-05
1.917910261672489e-05
2.2570197196339216e-05
2.656087782946684e-05
3.1257158496882356e-05
3.678379771828634e-05
4.328761281083062e-05
5.0941380148163754e-05
5.994842503189409e-05
7.054802310718646e-05
8.302175681319735e-05
9.770099572992247e-05
0.00011497569953977356
0.00013530477745798074
0.00015922827933410923
0.0001873817422860383
0.00022051307399030456
0.00025950242113997375
0.0003053855508833416
0.00035938136638046257
0.0004229242874389499
0.0004977023564332109
0.0005857020818056661
0.0006892612104349695
0.0008111308307896872
0.0009545484566618337
0.0011233240329780276
0.0013219411484660286
0.0015556761439304723
0.0018307382802953678
0.002154434690031882
0.0025353644939701114
0.0029836472402833374
0.003511191734215131
0.004132012400115334
0.004862601580065354
0.005722367659350214
0.006734150657750821
0.007924828983539169
0.0093260334688322
0.010974987654930556
0.01291549665014884
0.01519911082952933
0.01788649529057435
0.0210490414451202
0.02477076355991709
0.029150530628251757
0.034304692863149154
0.040370172585965536
0.047508101621027934
0.05590810182512223
0.06579332246575675
0.0774263682681127
0.09111627561154886
0.10722672220103231
0.1261856883066021
0.14849682622544635
0.1747528400007683
0.20565123083486514
0.24201282647943834
0.2848035868435799
0.3351602650938841
0.3944206059437656
0.46415888336127725
0.5462277217684337
0.642807311728432
0.7564633275546291
0.8902150854450375
1.0476157527896641
1.232846739442066
1.4508287784959402
1.7073526474706886
2.009233002565046
2.364489412645407
2.782559402207126
3.274549162877725
3.8535285937105273
4.534878508128582
5.3366992312063015
6.280291441834247
7.390722033525775
8.697490026177835
10.235310218990248
12.045035402587812
14.174741629268048
16.68100537200059
19.630406500402685
23.10129700083158
27.1858824273294
31.992671377973846
37.64935806792464
44.30621457583877
52.14008287999685
61.35907273413163
72.20809018385457
84.97534359086438
100.0
###
0.20384729514344604
0.183907546528523
0.16534143454026531
0.14837816864809816
0.13311381650573625
0.11955634000597548
0.11047578668090721
0.09973788071507371
0.090457489720168
0.08250014855136174
0.6236470439007522
0.531888009783842
0.45051076236501175
0.3793168880024508
0.3177659718073886
0.2648905123754029
0.23034266446125115
0.19025649304901246
0.1560839966498602
0.12688457188389038
0.8951573336174046
0.745187945692654
0.6150811890142003
0.5034240580805935
0.40849428550936173
0.3283109263988064
0.2765647323413669
0.21716610344559037
0.16702213218423984
0.12443067419534358
1.108424122816638
0.9086682008896175
0.7376562583903394
0.5928195773175023
0.471183163755414
0.3696076639160359
0.3047053469693621
0.23089113789588359
0.1692126300191815
0.11732702096382024
1.2882133262900382
1.044364728012552
0.8375727373220557
0.6641975922505057
0.5199434042260439
0.4005694898531625
0.324930871064754
0.23960776306925444
0.16900161590486526
0.11022116089942786
1.4456231073664698
1.1617424097335745
0.9229433641095165
0.7242566810291137
0.56021982113266
0.42553482366006845
0.3407800130918494
0.2458718122543239
0.16803770885621624
0.10389487074897129
1.586751640914155
1.2660243386697374
0.9980587055919745
0.7765015777879578
0.5947855013730997
0.44657179649937545
0.3538787523655669
0.2507440096892391
0.16686438743510087
0.09839960107171886
1.7153874901132324
1.3603751454954043
1.0654513776684151
0.8229662841549596
0.6252022326314051
0.4648339204293576
0.3650817496612812
0.2547417045374181
0.1656796974378388
0.09363856205113869
1.8340522833540518
1.4468666931399805
1.126820145977341
0.8649635562013228
0.6524583385570774
0.4810239705470696
0.3749099927515233
0.2581473187723313
0.16455880352621893
0.08949261867736324
1.9445117816841355
1.5269595391108688
1.1833254097577393
0.903389159644799
0.6772162174528124
0.495601719504358
0.383681072212476
0.2611274196018554
0.1635253305854257
0.08585659243010689
2.0480956038537523
1.601713727220105
1.23580667169846
0.9388844732642582
0.6999587565085275
0.5088897968008415
0.3916244691646161
0.26378597484224137
0.16258689630826068
0.08264415319763146
2.1458075650595374
1.6719563855374524
1.2848933047157716
0.9719261661214064
0.7210047042860261
0.5211175145674337
0.39889523415245226
0.2662000024755099
0.16173952527324315
0.07978550046319255
2.2384327595230666
1.7382885493183315
1.3310731601863905
1.0028986923932788
0.740627723527838
0.532458299645854
0.40560844986513933
0.26841579196675464
0.16097295333146922
0.07722473945959782
2.3265988418264185
1.801218447753395
1.374729042298803
1.0320283810130584
0.7590306175827534
0.5430446754415491
0.41185392102672
0.27046920262773655
0.1602808443752166
0.07491424500265643
2.4108165247975353
1.8611484292257654
1.4161698142138555
1.059599772013552
0.776374165272602
0.5529820698796465
0.4176969620386701
0.2723886475768615
0.15965169232698695
0.07282284522952236