# ../data/BKevo/MV2g_BKevo/mv2g_24.dat
# N(r,Y=0), r, *FL(x,Q^2)
# 1e-05 < r < 100.0
# 1 < Q^2 < 50, n=15, lin grid
# 1e-5 < x < 1e-2, n=10, log grid
###
6.434550750489791e-05
7.239401895397783e-05
8.139499548295987e-05
9.151233861262156e-05
0.00010290232360901214
0.0001156488209029585
0.0001299481796122934
0.00014603534197195624
0.00016405020490196085
0.00018421806418261117
0.0002068906406240853
0.0002322959535242588
0.00026067539510356096
0.0002925533570404563
0.0003282948348106176
0.00036812765591299535
0.00041283051297194307
0.00046297912770898724
0.0005187291550072765
0.0005812322951749946
0.0006513043184728304
0.0007291651783283629
0.000816267982133871
0.0009138047281668896
0.0010222012961303175
0.0011431321595160445
0.0012783702358423025
0.0014286751974278654
0.0015958570742353733
0.0017825358465273686
0.001989999053985451
0.0022199907481910857
0.0024763578220495445
0.00276120592900589
0.0030758136714960273
0.003425792825814274
0.0038144953755805434
0.004242008282600349
0.0047164640758038555
0.005242777362103312
0.005819516758870834
0.006457466630955949
0.0071630842407167635
0.00793503477540909
0.008784536013569294
0.00972091148505813
0.010743184764670368
0.011861472813070456
0.013089119644742882
0.014425972018655352
0.015878321694956243
0.017465158418963365
0.01918799758861277
0.021044975962550776
0.023063125678140763
0.025247268978762852
0.027581445829806615
0.03010468879899449
0.03282875449962512
0.03571835178726015
0.038832994842673156
0.04219393005123839
0.04577982025693453
0.04967530664112593
0.05396021848416714
0.05873132399877186
0.06423574547119287
0.07085209813182175
0.07932337276247015
0.0909315841948728
0.10758972318655421
0.13308841372222124
0.17353694015597512
0.23508114336514901
0.32432619348739405
0.43740042172977645
0.5481603925508465
0.6222389173764145
0.6479968620854153
0.6615676027638755
0.6748546544322509
0.6891594216901974
0.7047200417104904
0.7215894327132332
0.7395140092798002
0.7585764784875197
0.7787631654777661
0.7996176587865088
0.8209786732138405
0.8427689191018742
0.8643386646454875
0.885191731701843
0.9053053117252243
0.9240197204702952
0.9406023780331463
0.9553322060244944
0.9678707187149534
0.9776184616819208
0.9852952014281945
0.9910437661432259
###
1e-05
1.1768119524349992e-05
1.3848863713938717e-05
1.6297508346206434e-05
1.917910261672489e-05
2.2570197196339216e-05
2.656087782946684e-05
3.1257158496882356e-05
3.678379771828634e-05
4.328761281083062e-05
5.0941380148163754e-05
5.994842503189409e-05
7.054802310718646e-05
8.302175681319735e-05
9.770099572992247e-05
0.00011497569953977356
0.00013530477745798074
0.00015922827933410923
0.0001873817422860383
0.00022051307399030456
0.00025950242113997375
0.0003053855508833416
0.00035938136638046257
0.0004229242874389499
0.0004977023564332109
0.0005857020818056661
0.0006892612104349695
0.0008111308307896872
0.0009545484566618337
0.0011233240329780276
0.0013219411484660286
0.0015556761439304723
0.0018307382802953678
0.002154434690031882
0.0025353644939701114
0.0029836472402833374
0.003511191734215131
0.004132012400115334
0.004862601580065354
0.005722367659350214
0.006734150657750821
0.007924828983539169
0.0093260334688322
0.010974987654930556
0.01291549665014884
0.01519911082952933
0.01788649529057435
0.0210490414451202
0.02477076355991709
0.029150530628251757
0.034304692863149154
0.040370172585965536
0.047508101621027934
0.05590810182512223
0.06579332246575675
0.0774263682681127
0.09111627561154886
0.10722672220103231
0.1261856883066021
0.14849682622544635
0.1747528400007683
0.20565123083486514
0.24201282647943834
0.2848035868435799
0.3351602650938841
0.3944206059437656
0.46415888336127725
0.5462277217684337
0.642807311728432
0.7564633275546291
0.8902150854450375
1.0476157527896641
1.232846739442066
1.4508287784959402
1.7073526474706886
2.009233002565046
2.364489412645407
2.782559402207126
3.274549162877725
3.8535285937105273
4.534878508128582
5.3366992312063015
6.280291441834247
7.390722033525775
8.697490026177835
10.235310218990248
12.045035402587812
14.174741629268048
16.68100537200059
19.630406500402685
23.10129700083158
27.1858824273294
31.992671377973846
37.64935806792464
44.30621457583877
52.14008287999685
61.35907273413163
72.20809018385457
84.97534359086438
100.0
###
0.3809754368821223
0.3664561907362259
0.34248145923342255
0.30798138352261106
0.2649955050958807
0.2188237941907131
0.18551616831721188
0.14645279913870846
0.11529115601493453
0.09193471501663818
1.7832076901823666
1.6658295544945456
1.4936131547884997
1.2726814727299138
1.0256099587479843
0.7833051424239567
0.6206411646163448
0.4406569052132993
0.3047775245962596
0.2071720616488105
3.129232537307436
2.8815225382295937
2.5358692149266138
2.11304922868889
1.660970653317466
1.233987600635911
0.955364739345347
0.6541442698483207
0.43179117997310074
0.27490537748534866
4.437560098945655
4.046029823078596
3.517157120734676
2.8900446204781147
2.237562181417043
1.6361821701730297
1.2507425836550319
0.8401763503811607
0.5414634421585242
0.3336065672483522
5.717182618526303
5.173389425181267
4.455842671363315
3.624077652817205
2.776191155415449
2.0082860713605237
1.5224861013709776
1.010575965959268
0.6421540576150591
0.38840644879297687
6.973424658423675
6.271045949748391
5.361440807492994
4.325980546434385
3.2870620169386804
2.358865258672031
1.777643005341888
1.1702724842371945
0.7368497384331218
0.4407509842823697
8.209826662097138
7.34395716724777
6.240397707242578
5.002311164562642
3.776171332057797
2.692967092546217
2.020162347243488
1.321918072412245
0.8270805527560783
0.49126547000836074
9.428959909068249
8.396239689262604
7.096816043000656
5.657385296757016
4.247549283908827
3.0136691567825142
2.252550646996937
1.4671365539495729
0.9137539458593729
0.5402791192191246
10.63278064129162
9.429950553165234
7.934247082179157
6.294484345168671
4.704145127968122
3.3232218825326756
2.476537216845433
1.6070949930433995
0.9974781529428182
0.5880059515380316
11.822870294725485
10.44706138407565
8.75456022141717
6.915913391952155
5.147661452221549
3.6231733139854234
2.6933641933463033
1.7425383657967137
1.0786858115943947
0.6345998043617235
12.999943925717977
11.449685551911239
9.559565594369346
7.523430273684887
5.579992840403762
3.914987366729024
2.9039864853827644
1.8740877565460579
1.1576798193335516
0.6802111070874023
14.165748894871264
12.438928395464552
10.350906362293868
8.118766080328246
6.002411430048729
4.199408374291129
3.1091459808884685
2.0022121813225113
1.2348269892682882
0.7248792718264813
15.320860748556605
13.415899665351828
11.12956436906396
8.70275737853238
6.415811328821247
4.477295083990921
3.309381562176061
2.1272386226498603
1.3101814789329873
0.7686999818372714
16.466017382892336
14.381539104179662
11.89705422086807
9.276707903322933
6.821097708162854
4.749289670287252
3.5052854005181233
2.249560002707345
1.3839968710733592
0.8117546097320657
17.601857662524104
15.336652978567031
12.654037865864424
9.841357023791886
7.218781237782709
5.015928527598315
3.6972135190556563
2.370290228378388
1.456331924041925
0.8540940917334781