# ../data/BKevo/MVge_BKevo/mvge_4.dat
# N(r,Y=0), r, *FL(x,Q^2)
# 1e-05 < r < 100.0
# 1 < Q^2 < 50, n=15, lin grid
# 1e-5 < x < 1e-2, n=10, log grid
###
0.0001286951316877882
0.00014479354525306616
0.00016279738493833198
0.00018303459319740813
0.0002058179167206402
0.0002313154435053038
0.00025992024033137217
0.00029210265023094876
0.0003281432603822966
0.0003684936295559911
0.0004138582692231644
0.00046469502313239394
0.0005214891974778806
0.000585292065480948
0.0006568377039979432
0.0007365883020495387
0.0008261070211332019
0.0009265544936894071
0.001038258852923006
0.001163536842609834
0.0013040416477324624
0.0014602527559721239
0.0016351104558542174
0.0018310492903861326
0.0020490107966811047
0.0022924329605829435
0.0025649778144791816
0.0028683661319958203
0.0032064468430017144
0.0035847237347578385
0.00400621685292772
0.004474990657928573
0.004999326814486153
0.005584397973454797
0.006234173667061168
0.006961151160011254
0.007774047317788598
0.00867636951274347
0.009687032775365739
0.010819989179436653
0.01207959968707215
0.013492901677813956
0.015081098312852795
0.01685511137198763
0.018849053564890337
0.021096780726933193
0.02362007470126361
0.02646210939635544
0.029675474357390458
0.03329824764310884
0.03738421614106497
0.04201260448010027
0.04724441384847885
0.05314316329472085
0.05982523405111717
0.06738298255631747
0.07588217883338876
0.08549073388186665
0.09634337881222421
0.1084855072440765
0.12215559960642172
0.13752394648044128
0.15462228889932844
0.17372164448001753
0.19503293496859458
0.21854850256585043
0.2445067606465665
0.27314861192105294
0.3043683690876633
0.33823347308980417
0.37498655960793204
0.41433802971851413
0.45592913942750296
0.4999790613956772
0.5459373570895331
0.5926631808439727
0.6404023003972581
0.6883805030209107
0.7344067447263242
0.7790037264018521
0.8213394455756383
0.8588032529724829
0.8922712910295743
0.9213547803538147
0.9444757947360429
0.9626661478868583
0.9765483790801153
0.9860174842549441
0.9921674810957039
0.9960507746196128
0.9981794962738124
0.9992143043781362
0.9997114295122794
0.9999109213565253
0.9999733832429812
0.9999937402438533
0.9999989834051395
0.9999998183909549
0.999999976756641
0.9999999986747193
###
1e-05
1.1768119524349992e-05
1.3848863713938717e-05
1.6297508346206434e-05
1.917910261672489e-05
2.2570197196339216e-05
2.656087782946684e-05
3.1257158496882356e-05
3.678379771828634e-05
4.328761281083062e-05
5.0941380148163754e-05
5.994842503189409e-05
7.054802310718646e-05
8.302175681319735e-05
9.770099572992247e-05
0.00011497569953977356
0.00013530477745798074
0.00015922827933410923
0.0001873817422860383
0.00022051307399030456
0.00025950242113997375
0.0003053855508833416
0.00035938136638046257
0.0004229242874389499
0.0004977023564332109
0.0005857020818056661
0.0006892612104349695
0.0008111308307896872
0.0009545484566618337
0.0011233240329780276
0.0013219411484660286
0.0015556761439304723
0.0018307382802953678
0.002154434690031882
0.0025353644939701114
0.0029836472402833374
0.003511191734215131
0.004132012400115334
0.004862601580065354
0.005722367659350214
0.006734150657750821
0.007924828983539169
0.0093260334688322
0.010974987654930556
0.01291549665014884
0.01519911082952933
0.01788649529057435
0.0210490414451202
0.02477076355991709
0.029150530628251757
0.034304692863149154
0.040370172585965536
0.047508101621027934
0.05590810182512223
0.06579332246575675
0.0774263682681127
0.09111627561154886
0.10722672220103231
0.1261856883066021
0.14849682622544635
0.1747528400007683
0.20565123083486514
0.24201282647943834
0.2848035868435799
0.3351602650938841
0.3944206059437656
0.46415888336127725
0.5462277217684337
0.642807311728432
0.7564633275546291
0.8902150854450375
1.0476157527896641
1.232846739442066
1.4508287784959402
1.7073526474706886
2.009233002565046
2.364489412645407
2.782559402207126
3.274549162877725
3.8535285937105273
4.534878508128582
5.3366992312063015
6.280291441834247
7.390722033525775
8.697490026177835
10.235310218990248
12.045035402587812
14.174741629268048
16.68100537200059
19.630406500402685
23.10129700083158
27.1858824273294
31.992671377973846
37.64935806792464
44.30621457583877
52.14008287999685
61.35907273413163
72.20809018385457
84.97534359086438
100.0
###
0.3918061997362642
0.38731883914643533
0.3788106739659148
0.3642011412491013
0.3418136980734246
0.31124239179730595
0.2838338895544917
0.24379351861783427
0.20305370348579402
0.16485910298486556
1.8834127155355427
1.8382010045742496
1.7606798062040887
1.6413453572778725
1.4780151578802123
1.2792575291649468
1.1176644507498956
0.9029467891746967
0.7054183666491687
0.5368073580964383
3.3533981970208666
3.248710903629619
3.0768751351566803
2.824279324220878
2.4945067886188212
2.1114741261757817
1.8119240837364696
1.4281858644001395
1.0884752042473704
0.808274931943106
4.805531954912398
4.629887803282435
4.34972962154738
3.9500543534242714
3.4438799421390516
2.873043945200393
2.4373480631906914
1.8916835288282556
1.4197668099847103
1.038709659001181
6.243062370888483
5.988016055799488
5.58988251270529
5.034360684475309
4.346435833569848
3.5870605874686023
3.017726357338158
2.316063495320089
1.719320188437611
1.244588922912532
7.6680505126156895
7.3269530973212
6.803525869347113
6.08594861077311
5.213102364620255
4.265797111736955
3.5650476276975573
2.712348043944181
1.9964365326373035
1.4334468119893722
9.082117058715742
8.64938434652428
7.9948287054948395
7.110912663833398
6.0507335887172315
4.916287715019618
4.086509202204539
3.086994794251634
2.2565996110029567
1.6096081352635612
10.486360676728378
9.957256522726926
9.166764229274747
8.112713920748135
6.864032119419366
5.543212128521648
4.586652361303482
3.4441724943986882
2.503205686361263
1.7756496667308894
11.88164263998613
11.252063039573372
10.321579636941085
9.094503372525603
7.6564234099783794
6.150714632591182
5.069198552614299
3.7869741599700486
2.7386568468495245
1.933532398331661
13.268694784393759
12.535002127331905
11.46103850321901
10.05844189477742
8.430388108279045
6.741171544734172
5.536476936685642
4.11736197068788
2.9647015901261615
2.084535600755806
14.648080027333735
13.807052890399506
12.586649343518479
11.007025486787796
9.188492922458575
7.316641568457089
5.990438160343082
4.437059566509359
3.1826449266928165
2.2296535707065632
16.02036623994195
15.068858747296277
13.699452070327029
11.94082888510675
9.931799715178201
7.878772447033505
6.43282534067101
4.747359219468357
3.3935089374668115
2.369656908024148
17.385957159343278
16.321431466613223
14.80049748841171
12.860802698682317
10.661950355399627
8.428890979777991
6.8644778360390895
5.049299493157594
3.598110017367444
2.5051535648229106
18.745229645787266
17.565224990978695
15.890633761937774
13.769204067439004
11.379935057370641
8.968113402588873
7.286277726244554
5.343731482338629
3.797052712372366
2.6366404025463095
20.09851500081464
18.800761294594924
16.970328892969086
14.666359533794957
12.087402365669487
9.497375253895203
7.699692216185019
5.631357683730059
3.990999024071905
2.7645253899325724