# datat/BKevo/MVg_BKevo/mvg47.dat
# N(r,Y=0), r, *FL(x,Q^2)
# 1e-05 < r < 100.0
# 1 < Q^2 < 50, n=15, log grid
# 1e-5 < x < 1e-2, n=10, log grid
###
1.57076283510921e-06
1.8852968768003719e-06
2.2631679561500193e-06
2.7160740524130633e-06
3.2584308099324717e-06
3.909243162870591e-06
4.689221760100445e-06
5.622726068401716e-06
6.741575593346741e-06
8.082251907585095e-06
9.685830652588894e-06
1.1605468183604974e-05
1.3905077503223758e-05
1.665376625816356e-05
1.994013241388369e-05
2.387548498452752e-05
2.8575816512163363e-05
3.418845202919013e-05
4.090597735551222e-05
4.892258271286349e-05
5.848579312989633e-05
6.991699344078261e-05
8.354978427670224e-05
9.979703424677175e-05
0.00011918748587838281
0.00014229545714775343
0.00016980511761157887
0.00020258280436559654
0.00024160788687049338
0.00028800932082862244
0.00034320032165710096
0.00040883254807455913
0.0004867601342730491
0.0005792773915326213
0.0006891330233010178
0.0008193561123074815
0.0009736522389910687
0.0011565217299738945
0.0013728838978644565
0.001628700932939694
0.0019311593547669504
0.002288225840526763
0.0027094211140584502
0.003205929732322694
0.0037905385718140614
0.004478229510495069
0.005286175495240655
0.0062343236107644286
0.007345950794338967
0.008647024976919042
0.010167497832116807
0.011943029669955795
0.014012254076587169
0.016417826819811087
0.019213614622663334
0.022456230422173665
0.026201951157869198
0.030531231388749726
0.03552622685583039
0.041252976871343584
0.04783119980926051
0.05537435401740651
0.06396369323091372
0.07376087573816759
0.08492545783383541
0.09756330442789529
0.11187912382128765
0.12810458658763027
0.14638913250712876
0.1669752944986297
0.19020330212484934
0.21628702099370703
0.24546314810463105
0.27819633875571625
0.3147308398493435
0.3550927803982146
0.3997767612993288
0.4488485169428466
0.5014695152646919
0.5578823140838662
0.6174433788269823
0.6774521874533281
0.737473336367209
0.7957891757716151
0.8481989799492614
0.8938669135913717
0.9318157215844988
0.9596202444499363
0.9783475510929672
0.9900994441870625
0.9961449052596733
0.9986842439390319
0.9996651737317914
0.9999420327430361
0.9999906443985607
0.9999990753080894
0.9999999695334711
0.9999999985874428
0.9999999999678004
0.999999999999964
###
1e-05
1.1768119524349992e-05
1.3848863713938717e-05
1.6297508346206434e-05
1.917910261672489e-05
2.2570197196339216e-05
2.656087782946684e-05
3.1257158496882356e-05
3.678379771828634e-05
4.328761281083062e-05
5.0941380148163754e-05
5.994842503189409e-05
7.054802310718646e-05
8.302175681319735e-05
9.770099572992247e-05
0.00011497569953977356
0.00013530477745798074
0.00015922827933410923
0.0001873817422860383
0.00022051307399030456
0.00025950242113997375
0.0003053855508833416
0.00035938136638046257
0.0004229242874389499
0.0004977023564332109
0.0005857020818056661
0.0006892612104349695
0.0008111308307896872
0.0009545484566618337
0.0011233240329780276
0.0013219411484660286
0.0015556761439304723
0.0018307382802953678
0.002154434690031882
0.0025353644939701114
0.0029836472402833374
0.003511191734215131
0.004132012400115334
0.004862601580065354
0.005722367659350214
0.006734150657750821
0.007924828983539169
0.0093260334688322
0.010974987654930556
0.01291549665014884
0.01519911082952933
0.01788649529057435
0.0210490414451202
0.02477076355991709
0.029150530628251757
0.034304692863149154
0.040370172585965536
0.047508101621027934
0.05590810182512223
0.06579332246575675
0.0774263682681127
0.09111627561154886
0.10722672220103231
0.1261856883066021
0.14849682622544635
0.1747528400007683
0.20565123083486514
0.24201282647943834
0.2848035868435799
0.3351602650938841
0.3944206059437656
0.46415888336127725
0.5462277217684337
0.642807311728432
0.7564633275546291
0.8902150854450375
1.0476157527896641
1.232846739442066
1.4508287784959402
1.7073526474706886
2.009233002565046
2.364489412645407
2.782559402207126
3.274549162877725
3.8535285937105273
4.534878508128582
5.3366992312063015
6.280291441834247
7.390722033525775
8.697490026177835
10.235310218990248
12.045035402587812
14.174741629268048
16.68100537200059
19.630406500402685
23.10129700083158
27.1858824273294
31.992671377973846
37.64935806792464
44.30621457583877
52.14008287999685
61.35907273413163
72.20809018385457
84.97534359086438
100.0
###
0.3496546057716525
0.329752528194255
0.3048966379294418
0.2756052234304445
0.2430223425336876
0.20883734887867936
0.18324274288062287
0.15058958042392503
0.12087930214460205
0.09496608700349475
1.5131886052610573
1.3744717159489848
1.217793933772954
1.0505137959905662
0.8817382889526069
0.7203044491290472
0.6082816754004905
0.4751324135704423
0.362526159030528
0.2706342293793546
2.545411696199052
2.2722868611272795
1.97588143477347
1.6716662960208502
1.3758801636400104
1.1025316686369286
0.9181536971852728
0.7045151311048657
0.5285594818651332
0.3883238363244065
3.501402503019406
3.0897986200078957
2.6541909702231177
2.2179638556227603
1.8033068924469304
1.4280909824946113
1.179252804027765
0.8954297680810008
0.6652911432784807
0.4844208038008811
4.403436876427953
3.852163613818368
3.2793268102272797
2.71563044418475
2.188535141185015
1.7186819437649226
1.4109061043490656
1.0634319259314433
0.7848529604543754
0.5680367634406644
5.263446809240149
4.57278913176446
3.865034005654331
3.1779285926648067
2.5435628389732496
1.984633169051627
1.6218504865105898
1.2156375895374758
0.8926826360879898
0.6432371046195612
6.090164252208411
5.2600143554001475
4.419610891721894
3.6127964750379964
2.875509588652191
2.2318089731192607
1.8172534104694853
1.3560475346933283
0.9918363324813256
0.7121991204113387
6.888051343553594
5.919512515888321
4.948691609012648
4.025383097884316
3.18885908205157
2.464192988505694
2.000355918254236
1.4871879086458168
1.084200400641014
0.7763216195426496
7.661382383563111
6.555399637685247
5.45630733235304
4.41935769543076
3.4868070776418634
2.684316049636165
2.173399641889728
1.61077764612487
1.1710589742613884
0.8365293539060737
8.41319390067632
7.17078429116217
5.94538569332598
4.797438611076325
3.77169324957047
2.894118312266004
2.3379919657126034
1.7280602100567708
1.2533306043434382
0.8934840730419935
9.145879821742357
7.768095538122427
6.4182742549425065
5.161701669388666
4.045297926669069
3.0950541377628293
2.495356582885294
1.83995695164354
1.33170052826046
0.9476754711706156
9.861379775847944
8.34928127206253
6.876827765120045
5.513796773395931
4.309016476181823
3.288255809316995
2.6464095961594736
1.9471850749959516
1.4066963539847404
0.9994862229358873
10.56135814295504
8.915924252119085
7.322534737770355
5.8550508291103505
4.563968351078331
3.47462676152675
2.7919243043792914
2.050312591944859
1.4787348966502285
1.0492110998074273
11.246652595769602
9.469373458892823
7.756612448569846
6.186555073759443
4.8110693089843615
3.6549111727966133
2.932499225869355
2.1497986129869737
1.5481524370020012
1.0970898504941398
11.919593858525207
10.010740108047017
8.180176413202727
6.509220949672879
5.051080624239284
3.829679307974511
3.068642725479749
2.2460211822287532
1.6152218024568745
1.1433190894238268