# ../data/BKevo/MV2g_BKevo/mv2g_57.dat
# N(r,Y=0), r, *FL(x,Q^2)
# 1e-05 < r < 100.0
# 1 < Q^2 < 50, n=15, lin grid
# 1e-5 < x < 1e-2, n=10, log grid
###
4.468255455671652e-09
5.718721124771094e-09
7.332145753429302e-09
9.393759675574653e-09
1.2018845255008403e-08
1.5395640415696085e-08
1.9717807241200304e-08
2.5218908771786844e-08
3.2273534441684925e-08
4.131805364297888e-08
5.2824021632810394e-08
6.753320403536815e-08
8.642120480720946e-08
1.1043647553901569e-07
1.4103997789191976e-07
1.8039674318997323e-07
2.304065410012192e-07
2.939298872766327e-07
3.7573672307381053e-07
4.796151153074602e-07
6.113815687773527e-07
7.807138261795644e-07
9.958835271179772e-07
1.2685986081465753e-06
1.617877869584357e-06
2.0621885007231054e-06
2.6248079077240495e-06
3.3428761898461187e-06
4.257162642598549e-06
5.413682277091507e-06
6.884455689180618e-06
8.758497120934098e-06
1.1126185538863507e-05
1.4126096528441842e-05
1.7950406536787428e-05
2.2775343338848764e-05
2.886524137908295e-05
3.6630139612078314e-05
4.641083177878076e-05
5.871526106136069e-05
7.438162792237797e-05
9.408845270326956e-05
0.00011883158623016299
0.00015019293466606473
0.0001896226682631382
0.00023901526451325567
0.0003013191803278689
0.00037957385895242944
0.00047733815650608907
0.0006000323854930835
0.0007538979201643394
0.0009455308991519436
0.001184757338558217
0.0014841371604860135
0.0018557566609045328
0.0023172465430234507
0.0028935290931679887
0.003606758802566737
0.004488746485012864
0.005589584028433665
0.006951616435674646
0.008638062313697965
0.010751805899573367
0.013394840314984214
0.01671615318875711
0.02098474029764611
0.02653293750665831
0.033849537304833505
0.043916584072407165
0.05821129555861039
0.07882067281875829
0.10986317686847602
0.157790907532465
0.2289936982704027
0.3304631516504893
0.4587174421665262
0.5877783248776485
0.6834239502181764
0.7337051941306914
0.774255101948367
0.8159838990913435
0.8574271260162818
0.8971526278473767
0.9328298261037169
0.9603859423912625
0.979788380680755
0.9917893194157136
0.9973205938010314
0.9993155942371557
0.9998945094383949
0.9999914887552144
0.9999994242780678
0.999999984104786
0.9999999999678054
0.9999999999998544
0.9999999999999999
1.0
1.0
1.0
1.0
###
1e-05
1.1768119524349992e-05
1.3848863713938717e-05
1.6297508346206434e-05
1.917910261672489e-05
2.2570197196339216e-05
2.656087782946684e-05
3.1257158496882356e-05
3.678379771828634e-05
4.328761281083062e-05
5.0941380148163754e-05
5.994842503189409e-05
7.054802310718646e-05
8.302175681319735e-05
9.770099572992247e-05
0.00011497569953977356
0.00013530477745798074
0.00015922827933410923
0.0001873817422860383
0.00022051307399030456
0.00025950242113997375
0.0003053855508833416
0.00035938136638046257
0.0004229242874389499
0.0004977023564332109
0.0005857020818056661
0.0006892612104349695
0.0008111308307896872
0.0009545484566618337
0.0011233240329780276
0.0013219411484660286
0.0015556761439304723
0.0018307382802953678
0.002154434690031882
0.0025353644939701114
0.0029836472402833374
0.003511191734215131
0.004132012400115334
0.004862601580065354
0.005722367659350214
0.006734150657750821
0.007924828983539169
0.0093260334688322
0.010974987654930556
0.01291549665014884
0.01519911082952933
0.01788649529057435
0.0210490414451202
0.02477076355991709
0.029150530628251757
0.034304692863149154
0.040370172585965536
0.047508101621027934
0.05590810182512223
0.06579332246575675
0.0774263682681127
0.09111627561154886
0.10722672220103231
0.1261856883066021
0.14849682622544635
0.1747528400007683
0.20565123083486514
0.24201282647943834
0.2848035868435799
0.3351602650938841
0.3944206059437656
0.46415888336127725
0.5462277217684337
0.642807311728432
0.7564633275546291
0.8902150854450375
1.0476157527896641
1.232846739442066
1.4508287784959402
1.7073526474706886
2.009233002565046
2.364489412645407
2.782559402207126
3.274549162877725
3.8535285937105273
4.534878508128582
5.3366992312063015
6.280291441834247
7.390722033525775
8.697490026177835
10.235310218990248
12.045035402587812
14.174741629268048
16.68100537200059
19.630406500402685
23.10129700083158
27.1858824273294
31.992671377973846
37.64935806792464
44.30621457583877
52.14008287999685
61.35907273413163
72.20809018385457
84.97534359086438
100.0
###
0.24384820981285932
0.22042347176751192
0.19772884839952012
0.17634415051270574
0.15672328384824216
0.13911423391987804
0.12728306827496944
0.11332878452892987
0.10135583399964158
0.09121781390568548
0.8324981888302633
0.7132277552313355
0.6041539138794855
0.5067382482881594
0.42142015365110247
0.3478777958650107
0.29990072096662707
0.24457240892775295
0.197904351108839
0.15856382256049054
1.255939836867735
1.0523827695196342
0.8707865463028229
0.7122660001420803
0.5762856404291412
0.46132861473143405
0.38748855036508234
0.30347696165809385
0.2336239034490191
0.1754405273037475
1.6072185244734372
1.3280815212183659
1.0829930394303984
0.8721937757271835
0.69386142965504
0.5450536808738319
0.4505195701865236
0.3441288422808142
0.2567385246524281
0.18483453099295305
1.9145278489712925
1.5661556467562374
1.26381986529318
1.006617578045445
0.7912709796833656
0.6133510193596
0.5013100970956179
0.37629467014082546
0.2746749350475708
0.19202561122254447
2.191209213452193
1.778485753204979
1.4235778938893964
1.1242447459497442
0.8756726015700156
0.6719444915088979
0.5445720240414538
0.4034582360485035
0.2897774851536331
0.19824583320855918
2.4448997100353824
1.9717518557067162
1.5679342375562293
1.2297569155022479
0.9508584583285895
0.7237746764042281
0.5826294523031643
0.42726385664511823
0.30305928630383094
0.20393745688660928
2.680478080393516
2.1501488239120974
1.7004008174671037
1.3260230839470346
1.0190490566111758
0.7705350029113492
0.6168667551098868
0.4486296234888732
0.315043187436524
0.2092753298073559
2.901285314723534
2.3165257682546523
1.8233375587710803
1.4149368891744356
1.0817419883956894
0.8133457357043644
0.6481355510608483
0.46812233106946083
0.326043261345032
0.2143441504234153
3.109742127643144
2.47292213279649
1.93841675755112
1.4978305281817843
1.139965085606045
0.8529714745068426
0.6770397079710738
0.4861216824255093
0.3362598981166338
0.2191899088337102
3.3076666439873788
2.620858255712629
2.0468750619115217
1.5756811456553663
1.1944658075896013
0.8899575296901516
0.7039513102141963
0.5028869506973586
0.34583171877929303
0.22384553165295987
3.4964685612700652
2.7615039003035133
2.1496784203491583
1.6492303674160609
1.245807419925537
0.9247303943260717
0.7292204031083279
0.5186274298563851
0.35486107152050417
0.2283289648746561
3.677216953299504
2.895782027509784
2.247527748463233
1.7190564127686294
1.294426570715979
0.9575722201564023
0.7530854431383166
0.5334835420708135
0.3634234943239532
0.2326576947117632
3.850918704487061
3.0244362932002065
2.3410368525895517
1.7856204552937949
1.3406708143800776
0.9887504204562658
0.7757215408755346
0.5475828777499048
0.3715789380594999
0.2368469559983756
4.018237204672699
3.1480763229761384
2.4306895509861075
1.8492969738793488
1.3848144649736291
1.018464318121819
0.7972645147125768
0.5610209742893111
0.3793750832655044
0.2409039002020902