# ../data/BKevo/MVge_BKevo/mvge_20.dat
# N(r,Y=0), r, *FL(x,Q^2)
# 1e-05 < r < 100.0
# 1 < Q^2 < 50, n=15, lin grid
# 1e-5 < x < 1e-2, n=10, log grid
###
0.0
0.0
0.0
0.0
9.843898662361054e-17
1.110223024625157e-16
1.6776503291610388e-16
3.1476570993963623e-16
4.778730094790371e-16
8.199675607435164e-16
1.3473524296061914e-15
2.2027753527695722e-15
3.593603646778182e-15
5.987287687709029e-15
9.918048364214833e-15
1.6526687592294265e-14
2.735358161412662e-14
4.4878741867980315e-14
7.518569966965241e-14
1.2457409180433295e-13
2.0438861008039115e-13
3.414938352024973e-13
5.660266484622978e-13
9.29382990281082e-13
1.546750437634118e-12
2.566167416234382e-12
4.216367654852603e-12
6.990604703425665e-12
1.161055294569666e-11
1.9092906472171915e-11
3.153654310827494e-11
5.2447252692169215e-11
8.634251060116289e-11
1.4210587503825505e-10
2.3673904872470805e-10
3.903374131469818e-10
6.403444945686989e-10
1.0692638002215128e-09
1.7668325374152073e-09
2.894793119868623e-09
4.841616075127453e-09
8.023860405739834e-09
1.3183907096905138e-08
2.2026236765644e-08
3.664082261043475e-08
6.041914927946485e-08
1.0087604947751978e-07
1.6854044042952597e-07
2.790330838625714e-07
4.6559995588557134e-07
7.814723877955089e-07
1.2990692538019006e-06
2.1656068391800174e-06
3.650833491206491e-06
6.091983575095512e-06
1.0139661273500856e-05
1.7162227899971467e-05
2.8734141396042766e-05
4.771684658863735e-05
8.105142534290381e-05
0.00013609635187976238
0.00022639881672115771
0.0003839517080439053
0.0006463016291090146
0.0010772473269271103
0.0018214660519555673
0.003071634865901416
0.005125459768052308
0.008627543418376864
0.014544659937574523
0.024219460091800413
0.040362349017309875
0.06738072986183737
0.11034800240812659
0.1778415686672671
0.2817023154046263
0.42577879831606275
0.605750702913257
0.7863009704130972
0.9221502361383385
0.9878342269833904
0.9990637536486883
0.9999792916288472
0.999999968283553
0.9999999999999934
1.0
1.0
1.0
1.0
1.0
1.0
1.0
1.0
1.0
1.0
1.0
1.0
1.0
1.0
1.0
###
1e-05
1.1768119524349992e-05
1.3848863713938717e-05
1.6297508346206434e-05
1.917910261672489e-05
2.2570197196339216e-05
2.656087782946684e-05
3.1257158496882356e-05
3.678379771828634e-05
4.328761281083062e-05
5.0941380148163754e-05
5.994842503189409e-05
7.054802310718646e-05
8.302175681319735e-05
9.770099572992247e-05
0.00011497569953977356
0.00013530477745798074
0.00015922827933410923
0.0001873817422860383
0.00022051307399030456
0.00025950242113997375
0.0003053855508833416
0.00035938136638046257
0.0004229242874389499
0.0004977023564332109
0.0005857020818056661
0.0006892612104349695
0.0008111308307896872
0.0009545484566618337
0.0011233240329780276
0.0013219411484660286
0.0015556761439304723
0.0018307382802953678
0.002154434690031882
0.0025353644939701114
0.0029836472402833374
0.003511191734215131
0.004132012400115334
0.004862601580065354
0.005722367659350214
0.006734150657750821
0.007924828983539169
0.0093260334688322
0.010974987654930556
0.01291549665014884
0.01519911082952933
0.01788649529057435
0.0210490414451202
0.02477076355991709
0.029150530628251757
0.034304692863149154
0.040370172585965536
0.047508101621027934
0.05590810182512223
0.06579332246575675
0.0774263682681127
0.09111627561154886
0.10722672220103231
0.1261856883066021
0.14849682622544635
0.1747528400007683
0.20565123083486514
0.24201282647943834
0.2848035868435799
0.3351602650938841
0.3944206059437656
0.46415888336127725
0.5462277217684337
0.642807311728432
0.7564633275546291
0.8902150854450375
1.0476157527896641
1.232846739442066
1.4508287784959402
1.7073526474706886
2.009233002565046
2.364489412645407
2.782559402207126
3.274549162877725
3.8535285937105273
4.534878508128582
5.3366992312063015
6.280291441834247
7.390722033525775
8.697490026177835
10.235310218990248
12.045035402587812
14.174741629268048
16.68100537200059
19.630406500402685
23.10129700083158
27.1858824273294
31.992671377973846
37.64935806792464
44.30621457583877
52.14008287999685
61.35907273413163
72.20809018385457
84.97534359086438
100.0
###
0.1811644854113942
0.16158205532004236
0.14371785305587087
0.12771771986195846
0.11361173438403147
0.10134335922231388
0.0932846759507179
0.0839540758021146
0.07610844188030322
0.06960770354402745
0.5275334625441263
0.44275411441385254
0.36869143237376356
0.3047961012439335
0.2500995762736808
0.20349191890745158
0.17316237243513485
0.1379910449961125
0.10788108878355052
0.08187913481793059
0.7440206482403474
0.6091160067040903
0.4937286525229695
0.3960645536107843
0.314021961235295
0.24534740928492105
0.2013445326537816
0.15109007438180894
0.10883657290274334
0.0730461895199466
0.9118046001687038
0.734942692383406
0.5857755067472589
0.4611923874490264
0.3578659879062085
0.2725494541100426
0.21854826549978654
0.1576769420008705
0.10740783188730747
0.06554984079165217
1.0521096888534136
0.8386024984482092
0.6603185204372803
0.512917008841788
0.3918967265586674
0.2930224563892301
0.23106241396643737
0.1619733376857654
0.10566553435962314
0.05970150292137655
1.1742453225012226
0.9278322094616652
0.7237230835285045
0.5563190456404825
0.4200045189194148
0.30959594425320075
0.24098280167389663
0.16517072552038753
0.10413927492957144
0.055065308270412915
1.2832798558935827
1.0068067809092065
0.7793341666280783
0.5939843789710191
0.44410845046893654
0.3236058762904154
0.24924825304255088
0.16773659844837077
0.10281463982198147
0.051297947312901264
1.3822956043305963
1.0780218114311375
0.8290980797950848
0.6274222235643497
0.4653103714957258
0.33579509620078696
0.25636707598752595
0.16989916267631333
0.10167362437911166
0.04816813260160849
1.4733644588116361
1.1431354449869118
0.8743111794713769
0.6575977560243372
0.48429903109943623
0.34661722538268286
0.26264090442826316
0.17177996280471552
0.10068737241304324
0.04551826487500506
1.5579318319244293
1.2033021336485987
0.915863989151244
0.685169034412331
0.5015386015541975
0.3563731817634503
0.2682631929845339
0.1734534585816788
0.09982969355102832
0.04323930401424591
1.6370624668236273
1.2593419767118617
0.9543940815874563
0.7106064652243479
0.5173570407820883
0.36527166818589146
0.2733679220289615
0.17496669089464098
0.0990785784750059
0.04125339046502209
1.711564008958229
1.3119037608917457
0.9903798138120478
0.7342592002323741
0.5319954489312576
0.3734643271895553
0.27805016080820427
0.17635372894699392
0.09841630192394832
0.039503549539577694
1.7820659737077331
1.3614776083726334
1.0241893202322105
0.7563939946225259
0.5456364609649157
0.381064889340034
0.2823803685260877
0.17763707956233854
0.09782844556931919
0.037946849892737514
1.8490701403489163
1.4084357508454972
1.0561127766324798
0.777219812708185
0.5584221214390512
0.3881609750374752
0.2864122807013812
0.17883445389169622
0.09730373925757803
0.03655069904920122
1.9129836884733986
1.4530983679885219
1.0863833290007883
0.7969103746566852
0.5704651457292859
0.39482115770041537
0.2901880795067854
0.1799567490572719
0.09683282334887998
0.035289450967427485