# ../data/BKevo/MVge_BKevo/mvge_30.dat
# N(r,Y=0), r, *FL(x,Q^2)
# 1e-05 < r < 100.0
# 1 < Q^2 < 50, n=15, lin grid
# 1e-5 < x < 1e-2, n=10, log grid
###
0.00016981384929367057
0.00019105595776263033
0.00021481241399410163
0.0002415159900051525
0.00027157943107310965
0.00030522467471374813
0.00034297053287693155
0.0003854378282847826
0.0004329971713700217
0.0004862448676414124
0.0005461110523307062
0.0006132007865405695
0.0006881557827656407
0.0007723645382331513
0.0008667979358350481
0.0009720695764406955
0.0010902453553782844
0.0012228620892434851
0.0013703628583214879
0.0015358125593846578
0.0017214056734287234
0.0019277993532062492
0.002158894203201242
0.002417933836091715
0.0027062167386233695
0.003028334523251464
0.003389191139815712
0.003791182133921037
0.004239526437672869
0.0047416459570154106
0.005301793158629008
0.00592567059726307
0.006624542953220488
0.007405777667966074
0.008275381440453672
0.009250505963934647
0.010343671834388508
0.011561093060378754
0.012928900684905237
0.014467266861510864
0.016184716779342977
0.018118838993225632
0.02030035073369183
0.02274743461658427
0.025508036452443202
0.028630326896806075
0.0321471392159691
0.03611897135855872
0.04061894644499015
0.04570048748558684
0.05143715644937115
0.05793686397914652
0.06528086257987457
0.07355107439455058
0.0829033659396138
0.09345581619587898
0.10528128707718952
0.1186006826955132
0.13357928783518475
0.15023557410051394
0.16887588636394346
0.1896906045760874
0.2126386183380648
0.2380376721607417
0.2660938942862226
0.29664934363318557
0.32991228363721686
0.366071582967206
0.4047538656478345
0.44583967958351717
0.48946033344882367
0.5349298521749396
0.5814814009314231
0.6292121230889693
0.6771366544863527
0.7235717569958893
0.7687991250236236
0.8118218886413484
0.8501999321543825
0.8848608166342855
0.9152376171462288
0.9393865822630968
0.9588181356460775
0.9738289569453973
0.9840690239162716
0.9909466600985125
0.9953642985301835
0.9977876428221427
0.9990262905233307
0.9996354839043052
0.9998806090083832
0.9999633595503354
0.9999911942016538
0.9999984180258886
0.9999997064825459
0.9999999614999316
0.9999999974116136
0.9999999997625074
0.999999999986111
0.9999999999998126
###
1e-05
1.1768119524349992e-05
1.3848863713938717e-05
1.6297508346206434e-05
1.917910261672489e-05
2.2570197196339216e-05
2.656087782946684e-05
3.1257158496882356e-05
3.678379771828634e-05
4.328761281083062e-05
5.0941380148163754e-05
5.994842503189409e-05
7.054802310718646e-05
8.302175681319735e-05
9.770099572992247e-05
0.00011497569953977356
0.00013530477745798074
0.00015922827933410923
0.0001873817422860383
0.00022051307399030456
0.00025950242113997375
0.0003053855508833416
0.00035938136638046257
0.0004229242874389499
0.0004977023564332109
0.0005857020818056661
0.0006892612104349695
0.0008111308307896872
0.0009545484566618337
0.0011233240329780276
0.0013219411484660286
0.0015556761439304723
0.0018307382802953678
0.002154434690031882
0.0025353644939701114
0.0029836472402833374
0.003511191734215131
0.004132012400115334
0.004862601580065354
0.005722367659350214
0.006734150657750821
0.007924828983539169
0.0093260334688322
0.010974987654930556
0.01291549665014884
0.01519911082952933
0.01788649529057435
0.0210490414451202
0.02477076355991709
0.029150530628251757
0.034304692863149154
0.040370172585965536
0.047508101621027934
0.05590810182512223
0.06579332246575675
0.0774263682681127
0.09111627561154886
0.10722672220103231
0.1261856883066021
0.14849682622544635
0.1747528400007683
0.20565123083486514
0.24201282647943834
0.2848035868435799
0.3351602650938841
0.3944206059437656
0.46415888336127725
0.5462277217684337
0.642807311728432
0.7564633275546291
0.8902150854450375
1.0476157527896641
1.232846739442066
1.4508287784959402
1.7073526474706886
2.009233002565046
2.364489412645407
2.782559402207126
3.274549162877725
3.8535285937105273
4.534878508128582
5.3366992312063015
6.280291441834247
7.390722033525775
8.697490026177835
10.235310218990248
12.045035402587812
14.174741629268048
16.68100537200059
19.630406500402685
23.10129700083158
27.1858824273294
31.992671377973846
37.64935806792464
44.30621457583877
52.14008287999685
61.35907273413163
72.20809018385457
84.97534359086438
100.0
###
0.3934142770871258
0.39065512563959476
0.38518120552004875
0.37531119780693095
0.3592828129330436
0.3360116161381944
0.31392232236280687
0.27969342285722304
0.24252197152141597
0.2054441778232444
1.9009009405248778
1.87103196878272
1.8170385406264564
1.7288732207129172
1.5999660736332755
1.4321302377610796
1.2871781124260313
1.0825604716320578
0.8818534617121523
0.6998793830260275
3.3952467784451907
3.3239834913352975
3.2002513753989374
3.0067060019380114
2.7362216665209953
2.399823904071274
2.1200648572270917
1.7401204561740502
1.3819229561398663
1.0688902727228005
4.8772949315619964
4.755357758007679
4.5492456243435075
4.235919152014814
3.810501577827853
3.296684316901147
2.880005403804607
2.3270791935559685
1.8187822022132
1.3844791138003334
6.34899369327178
6.16932728058165
5.871700862850615
5.428772644025575
4.840344946448788
4.144856606130555
3.5912092609357913
2.8684856126595264
2.21607533513834
1.6675692347660354
7.811694816373299
7.568511333462762
7.172279154888802
6.592339406895191
5.835457730220845
4.955897307698647
4.265432307351749
3.3765040651547404
2.5850176678969836
1.927898358953013
9.266387831543463
8.954846292163404
8.454081640636208
7.731718810064568
6.802312870415473
5.737073661170998
4.910858955146929
3.8585885156800037
2.9322470081607386
2.171070340783413
10.713986887107108
10.329695385429734
9.719487828422412
8.849934741864068
7.744742305760586
6.493342777501988
5.5324012484114515
4.319607972949574
3.2621147851176175
2.4006858251009984
12.154596244348046
11.694144776463904
10.969128677830346
9.949628357119945
8.66634145554115
7.228654005554497
6.134079652546946
4.762996391188061
3.5776390548448527
2.619156825755893
13.589212222955467
13.049069655898139
12.207573583249893
11.03234458074999
9.569490680997463
7.944671863380363
6.717680567947504
5.191296001417978
3.8809831059340474
2.828254697695597
15.017970344211307
14.395192675253574
13.432907440476454
12.100492021180768
10.456239267320976
8.644581156765298
7.286130325075361
5.606458012857872
4.173713115231759
3.029312870356497
16.441392872879046
15.733122570839209
14.64687480263375
13.154993636896668
11.3279817220224
9.329751215561851
7.840951183457521
6.010023181499907
4.4572477002617
3.2233669317487514
17.859683059560126
17.063208810664324
15.850693124730434
14.19694462758371
12.186127220105375
10.003158998746317
8.383436391093248
6.403235984306911
4.732860086576593
3.41124110432375
19.2731210549512
18.38626215324543
17.04481873807375
15.227884583578431
13.03178548647747
10.663054411179665
8.914786616198523
6.787120681802084
5.0009015652713105
3.593605933589787
20.681926559362818
19.702488146610513
18.229855883042724
16.247438752549932
13.86590389401593
11.311990817508214
9.435963795422394
7.162536006766499
5.262309939392346
3.7710120744910576