# ../data/BKevo/MV2g_BKevo/mv2g_72.dat
# N(r,Y=0), r, *FL(x,Q^2)
# 1e-05 < r < 100.0
# 1 < Q^2 < 50, n=15, lin grid
# 1e-5 < x < 1e-2, n=10, log grid
###
9.985073919916191e-05
0.00011233984847957711
0.00012630678210429788
0.00014200583355018716
0.00015967944278360912
0.0001794576450970254
0.00020164502250899927
0.00022660602391987565
0.00025455752243940346
0.0002858488833869187
0.0003210256442583222
0.0003604412310276648
0.0004044697013516791
0.0004539242979057307
0.0005093706427354074
0.0005711611516785978
0.0006405032273230177
0.0007182888273594403
0.0008047571634794266
0.0009016936035796422
0.0010103612852823665
0.001131097107218724
0.0012661522316582698
0.0014173711807899997
0.0015854067523290605
0.0017728496149840309
0.0019824413631262727
0.0022153463138969384
0.0024743576369934774
0.002763523600859345
0.0030848165416520507
0.0034409124081926272
0.003837749992612584
0.004278552686738102
0.004765247595225787
0.005306490300380045
0.00590740911778392
0.0065680384965448755
0.0073009125431510325
0.008113541503063572
0.009003548024216124
0.00998753569487751
0.011075358087531266
0.012264754663061993
0.01357296465490161
0.015014281054471253
0.016587081563597103
0.018307012265519073
0.020194792749308653
0.022250568418091785
0.024484804451630936
0.026927822177526272
0.029584038581162448
0.03245417322063423
0.035583725055082165
0.038987019680908855
0.04265219059670143
0.04665068908408416
0.05101946018074491
0.05574234585748379
0.06093911961727853
0.06668914924696964
0.07304397183010408
0.08019415173482147
0.08833982166447658
0.09772781762648945
0.10874510744228091
0.12187453137575383
0.1378131121754329
0.15744899116737193
0.18180066222748026
0.212307317894075
0.25059425134610325
0.297908438856482
0.3553567370662593
0.42254146625236855
0.49701377321368917
0.5737106026039382
0.641542325969428
0.6960317421304364
0.7347065487945739
0.7590175713022149
0.7789530160912623
0.7984420972857462
0.8181931040359588
0.8383908576699722
0.8588954545948723
0.8789673857169863
0.8983431033224066
0.9169059566292747
0.9339082707773043
0.9489262701058396
0.9621257384513402
0.9731084722683625
0.9815926637189999
0.9881644679510053
0.9929275582878656
0.9959356274263463
0.9978751517543604
0.9990269459255775
###
1e-05
1.1768119524349992e-05
1.3848863713938717e-05
1.6297508346206434e-05
1.917910261672489e-05
2.2570197196339216e-05
2.656087782946684e-05
3.1257158496882356e-05
3.678379771828634e-05
4.328761281083062e-05
5.0941380148163754e-05
5.994842503189409e-05
7.054802310718646e-05
8.302175681319735e-05
9.770099572992247e-05
0.00011497569953977356
0.00013530477745798074
0.00015922827933410923
0.0001873817422860383
0.00022051307399030456
0.00025950242113997375
0.0003053855508833416
0.00035938136638046257
0.0004229242874389499
0.0004977023564332109
0.0005857020818056661
0.0006892612104349695
0.0008111308307896872
0.0009545484566618337
0.0011233240329780276
0.0013219411484660286
0.0015556761439304723
0.0018307382802953678
0.002154434690031882
0.0025353644939701114
0.0029836472402833374
0.003511191734215131
0.004132012400115334
0.004862601580065354
0.005722367659350214
0.006734150657750821
0.007924828983539169
0.0093260334688322
0.010974987654930556
0.01291549665014884
0.01519911082952933
0.01788649529057435
0.0210490414451202
0.02477076355991709
0.029150530628251757
0.034304692863149154
0.040370172585965536
0.047508101621027934
0.05590810182512223
0.06579332246575675
0.0774263682681127
0.09111627561154886
0.10722672220103231
0.1261856883066021
0.14849682622544635
0.1747528400007683
0.20565123083486514
0.24201282647943834
0.2848035868435799
0.3351602650938841
0.3944206059437656
0.46415888336127725
0.5462277217684337
0.642807311728432
0.7564633275546291
0.8902150854450375
1.0476157527896641
1.232846739442066
1.4508287784959402
1.7073526474706886
2.009233002565046
2.364489412645407
2.782559402207126
3.274549162877725
3.8535285937105273
4.534878508128582
5.3366992312063015
6.280291441834247
7.390722033525775
8.697490026177835
10.235310218990248
12.045035402587812
14.174741629268048
16.68100537200059
19.630406500402685
23.10129700083158
27.1858824273294
31.992671377973846
37.64935806792464
44.30621457583877
52.14008287999685
61.35907273413163
72.20809018385457
84.97534359086438
100.0
###
0.38847874099541885
0.3801611731510676
0.364725477201433
0.33936918588516224
0.3032044688844693
0.25865095968459473
0.2229618968358945
0.17723745417096787
0.13774930286366335
0.10637663419653386
1.8512501317798984
1.7767038391783725
1.653634517575108
1.4744470804830283
1.2472898364764453
0.9966154148904564
0.8124750410986427
0.5936117871576561
0.41796907772518954
0.2868754623590287
3.280174887252708
3.1156028465849888
2.8570919840205318
2.4993112633132633
2.0671562388152824
1.6113957850925633
1.2873107623602436
0.9136045569406878
0.622024163524472
0.4095239856998431
4.683945417053079
4.416059139641176
4.00861179999556
3.462959332613508
2.8235882506440015
2.167510759452211
1.7117802273897167
1.1951028963819135
0.7989807497679456
0.514531547486516
6.067817437877769
5.687403846694449
5.12259459647089
4.383746717068974
3.5375845483943786
2.686652925637029
2.1047355570833974
1.453471263244622
0.9603515472823916
0.6099962604250861
7.435048255898125
6.9350220635707585
6.20668243299054
5.271736540165913
4.219794616326831
3.178607478627035
2.475107362260717
1.695634567587345
1.1110853638719849
0.6991390084789888
8.787879535151284
8.162581758610894
7.266214070197046
6.133075401608318
4.8767639999192385
3.6493140660393046
2.828066762017528
1.9254972471956144
1.2538609168724182
0.7836281639125529
10.127962685478396
9.37270052486917
8.304560872400973
6.971961390226837
5.512967668870286
4.102708811060632
3.166979778112784
2.145534940175779
1.3903477516552742
0.8645221903737823
11.4565727253397
10.567372556342175
9.324491250789768
7.792245216567908
6.131378092416987
4.541556780607364
3.494169750911104
2.357440321598409
1.5216713716948522
0.9424155434746252
12.774593604378326
11.74825006431955
10.328066905285084
8.59520230385829
6.734407441043949
4.967904962598665
3.811376427472712
2.5624892577090805
1.6486359882429538
1.0178090140471263
14.083116480916173
12.916013272228028
11.316931909259104
9.383128768526943
7.323879771886691
5.383338943338219
4.119829676964059
2.761513187338829
1.7718524643097313
1.0910521962787751
15.3827216773186
14.072438506422777
12.29242920261989
10.157528555559125
7.901251303998533
5.789075969310938
4.420618637451118
2.955349695559457
1.8917808058412502
1.1624139485954883
16.67400500061335
15.218118672475688
13.255746061800687
10.919637086230498
8.467627287078464
6.186134470828484
4.714549539278757
3.144533640297537
2.009278978378091
1.2321189714230718
17.957480766197214
16.35380197204653
14.207564815510144
11.67039377015852
9.024545627122107
6.5753438449822195
5.002308166663015
3.3295382925014922
2.1227184412722333
1.3003166423739965
19.233597984282188
17.480135684099505
15.149018236377188
12.41096759910769
9.572005590163176
6.957398860232208
5.284437256069073
3.5107566248187583
2.2347084496278597
1.3671588575676124