# ../data/BKevo/MV2g_BKevo/mv2g_80.dat
# N(r,Y=0), r, *FL(x,Q^2)
# 1e-05 < r < 100.0
# 1 < Q^2 < 50, n=15, lin grid
# 1e-5 < x < 1e-2, n=10, log grid
###
0.0
5.2095891799614435e-17
6.922798728602872e-17
1.110223024625157e-16
1.6024179577432093e-16
2.997024981745345e-16
5.020635195259812e-16
8.424254260803482e-16
1.36966192729861e-15
2.297602464445226e-15
3.820012683893542e-15
6.2927625770427526e-15
1.0522584951211498e-14
1.736981190066507e-14
2.863096666552054e-14
4.794443824988826e-14
7.928961122678505e-14
1.3022646241654442e-13
2.181179778404868e-13
3.6117067669291625e-13
5.92603551127891e-13
9.89912571479219e-13
1.6404673914238995e-12
2.6929335642205146e-12
4.4806906146850375e-12
7.431167905137822e-12
1.2204846456686566e-11
2.022428798708387e-11
3.3567380821139893e-11
5.5156975309172614e-11
9.101574432732532e-11
1.511771575681063e-10
2.4852609020716053e-10
4.083325377322432e-10
6.787541870926186e-10
1.1163579324549806e-09
1.8261308128678142e-09
3.037910830936691e-09
4.9990473861098e-09
8.153017869539892e-09
1.3555042249229642e-08
2.231895843300079e-08
3.641507912115785e-08
6.031095573171075e-08
9.938174586242903e-08
1.6224620865154767e-07
2.677246712236088e-07
4.4164092823407973e-07
7.216770486348336e-07
1.1868174067552906e-06
1.9608821569729793e-06
3.2089521635741154e-06
5.261900324398872e-06
8.714236190374152e-06
1.4293277684638953e-05
2.338648064483667e-05
3.8864851862998096e-05
6.396720120611219e-05
0.00010453903553954361
0.00017460234807691643
0.0002888253887264667
0.0004741571865574442
0.000793986937912289
0.001322620656657694
0.00218670755811419
0.003674974271206194
0.006176354072326654
0.010298681230809584
0.017374299412422228
0.02943477411743046
0.04932899140821105
0.08276523927253414
0.13863646398585794
0.22572460472427772
0.35457442260110267
0.5247525517186484
0.7071581984801163
0.8581831724627418
0.9425155703777232
0.9845679567088181
0.9985758542239055
0.9999381167588985
0.9999993221508562
0.999999999597907
1.0
1.0
1.0
1.0
1.0
1.0
1.0
1.0
1.0
1.0
1.0
1.0
1.0
1.0
1.0
1.0
###
1e-05
1.1768119524349992e-05
1.3848863713938717e-05
1.6297508346206434e-05
1.917910261672489e-05
2.2570197196339216e-05
2.656087782946684e-05
3.1257158496882356e-05
3.678379771828634e-05
4.328761281083062e-05
5.0941380148163754e-05
5.994842503189409e-05
7.054802310718646e-05
8.302175681319735e-05
9.770099572992247e-05
0.00011497569953977356
0.00013530477745798074
0.00015922827933410923
0.0001873817422860383
0.00022051307399030456
0.00025950242113997375
0.0003053855508833416
0.00035938136638046257
0.0004229242874389499
0.0004977023564332109
0.0005857020818056661
0.0006892612104349695
0.0008111308307896872
0.0009545484566618337
0.0011233240329780276
0.0013219411484660286
0.0015556761439304723
0.0018307382802953678
0.002154434690031882
0.0025353644939701114
0.0029836472402833374
0.003511191734215131
0.004132012400115334
0.004862601580065354
0.005722367659350214
0.006734150657750821
0.007924828983539169
0.0093260334688322
0.010974987654930556
0.01291549665014884
0.01519911082952933
0.01788649529057435
0.0210490414451202
0.02477076355991709
0.029150530628251757
0.034304692863149154
0.040370172585965536
0.047508101621027934
0.05590810182512223
0.06579332246575675
0.0774263682681127
0.09111627561154886
0.10722672220103231
0.1261856883066021
0.14849682622544635
0.1747528400007683
0.20565123083486514
0.24201282647943834
0.2848035868435799
0.3351602650938841
0.3944206059437656
0.46415888336127725
0.5462277217684337
0.642807311728432
0.7564633275546291
0.8902150854450375
1.0476157527896641
1.232846739442066
1.4508287784959402
1.7073526474706886
2.009233002565046
2.364489412645407
2.782559402207126
3.274549162877725
3.8535285937105273
4.534878508128582
5.3366992312063015
6.280291441834247
7.390722033525775
8.697490026177835
10.235310218990248
12.045035402587812
14.174741629268048
16.68100537200059
19.630406500402685
23.10129700083158
27.1858824273294
31.992671377973846
37.64935806792464
44.30621457583877
52.14008287999685
61.35907273413163
72.20809018385457
84.97534359086438
100.0
###
0.20860532184018651
0.1896173370197813
0.17214060628460348
0.15636492809035046
0.14241551104189726
0.13031424444314543
0.12242790887461903
0.1134425922882438
0.10612452039349894
0.10038958600289269
0.6378218981962173
0.5469662650875239
0.46632325028350996
0.3957023403187422
0.3344642818866989
0.28173731121515766
0.24714047641364248
0.2068252437522899
0.17205285379574653
0.14201845709311312
0.9148038509103823
0.7650348323190023
0.634777065082749
0.5226219902166394
0.4268558707521793
0.34547300887274063
0.2926018246752695
0.23138315292848488
0.17905083160035182
0.13390453614084907
1.1321411578537044
0.93187270515479
0.7599033864523617
0.6136969464856177
0.4903162021673808
0.3865894880489185
0.3198510298724576
0.24329115094897436
0.1785534685119267
0.12334069932817732
1.3152374021022557
1.0702014322166529
0.8617423960449402
0.6862624433762422
0.5395115227344296
0.41730338864251926
0.33932928387192546
0.25065356344885875
0.17648150049014602
0.11400798045020784
1.4754602725481654
1.1897685597251364
0.9486958801312696
0.7472419377170924
0.5801112243817969
0.44202510779852294
0.3545601961526878
0.25587015316588246
0.17415059971720898
0.10613806707811207
1.6190509940122229
1.295937953640199
1.0250766163650558
0.8002394242464559
0.6149115477770215
0.4628391599812459
0.3671340721984333
0.25989937196990887
0.17192007889880906
0.09950553381927019
1.7498846328997633
1.3919407459719983
1.0936063714611224
0.8473354976093462
0.6455101369395467
0.48089301822936487
0.37788623448877146
0.26319440623851603
0.1698833253939354
0.09386188436792546
1.8705079518319927
1.479912219019816
1.155967505098221
0.8898757433689435
0.6729095457598357
0.49688921232102884
0.38731201230560336
0.26599771347695744
0.1680529168060011
0.08900475344922495
1.9828209034973963
1.5613448864829833
1.2133589677473273
0.9287760610217612
0.6977834027090675
0.5112867777348514
0.3957283170169638
0.26845174800774063
0.16641478749530736
0.08477791857839831
2.0880870938197837
1.6373287992469365
1.26664063478806
0.9646918034949198
0.7206071877533532
0.524402559931402
0.40334476916288187
0.2706458488784494
0.1649476265662124
0.08106169635323368
2.1873636347031886
1.7086976204468305
1.3164567066033608
0.9981096762040611
0.7417297345567312
0.536467654839378
0.41031610226253074
0.2726373079359886
0.16362997835265178
0.07776497494650109
2.28145246455116
1.7760757167107504
1.3633063900019116
1.0294017891467284
0.7614296780503782
0.5476533133545758
0.41675132369576307
0.27446986293838255
0.1624415895913352
0.07481704033711337
2.3709944638611877
1.8399828892230894
1.4075812281914701
1.058882774324978
0.7798834246884557
0.55809073348902
0.42273590066085914
0.27617039208773425
0.16136749341820397
0.07216131902724222
2.4565111697342474
1.9008291911609294
1.4495970246522518
1.086740417161525
0.7972681564936733
0.5678846616488834
0.4283363459033212
0.27776091216351007
0.16039135303785118
0.06975478013683378