# ../data/BKevo/MV2g_BKevo/mv2g_85.dat
# N(r,Y=0), r, *FL(x,Q^2)
# 1e-05 < r < 100.0
# 1 < Q^2 < 50, n=15, lin grid
# 1e-5 < x < 1e-2, n=10, log grid
###
6.1810281598784894e-09
7.91094538750187e-09
1.0143050275364132e-08
1.299528942837092e-08
1.6627205355704415e-08
2.129933430292122e-08
2.727974316971555e-08
3.4891753752191075e-08
4.4653988761351144e-08
5.717069236475546e-08
7.309490298740335e-08
9.345406688574783e-08
1.195998537925526e-07
1.5284652448140502e-07
1.9521904175445046e-07
2.497194556400199e-07
3.189826078605167e-07
4.069770885166015e-07
5.203250613390365e-07
6.64287268556392e-07
8.469450657570505e-07
1.081758106531478e-06
1.3802366913972713e-06
1.758683322644637e-06
2.243617747539642e-06
2.8608146855808634e-06
3.6427922754222977e-06
4.641535485876491e-06
5.914201132196698e-06
7.5253838331194275e-06
9.576450181327921e-06
1.2193031475513714e-05
1.5502914886156896e-05
1.9702713005827687e-05
2.50663792907096e-05
3.1845746986182644e-05
4.042021941383092e-05
5.138309397159683e-05
6.522905844708254e-05
8.269961664023584e-05
0.00010503432727263531
0.0001332412032248094
0.0001688118695709724
0.00021415886060217827
0.0002715126775516997
0.00034381898771141094
0.00043577607573305733
0.0005523015678877097
0.0006992322612905306
0.0008857502131885702
0.0011227108875421256
0.0014217639432981273
0.0018009840248913599
0.0022845059094645515
0.0028958611024321847
0.0036710317009194895
0.004664417687678215
0.005924362314930661
0.007523565957067839
0.009587097634396963
0.01221632345883953
0.01556880145397048
0.019913615033298145
0.02549202819971592
0.03264621325984838
0.04195304511049418
0.05399456969863386
0.06950124569950417
0.08966274203490383
0.11577824215689542
0.1492070947915349
0.19191837703071513
0.2458557175565916
0.3121192884964528
0.3912364577868645
0.4809948582099568
0.5770266478741453
0.6720616828001605
0.7533450644843434
0.8197647382167056
0.8719176829184682
0.9112709745033218
0.9435834813182603
0.9687927728569942
0.984869393549145
0.99395381883291
0.9982616755002007
0.999629628040312
0.9999405762257868
0.9999952229629185
0.99999986789984
0.9999999963551016
0.9999999999667734
0.9999999999999958
1.0
1.0
1.0
1.0
1.0
1.0
###
1e-05
1.1768119524349992e-05
1.3848863713938717e-05
1.6297508346206434e-05
1.917910261672489e-05
2.2570197196339216e-05
2.656087782946684e-05
3.1257158496882356e-05
3.678379771828634e-05
4.328761281083062e-05
5.0941380148163754e-05
5.994842503189409e-05
7.054802310718646e-05
8.302175681319735e-05
9.770099572992247e-05
0.00011497569953977356
0.00013530477745798074
0.00015922827933410923
0.0001873817422860383
0.00022051307399030456
0.00025950242113997375
0.0003053855508833416
0.00035938136638046257
0.0004229242874389499
0.0004977023564332109
0.0005857020818056661
0.0006892612104349695
0.0008111308307896872
0.0009545484566618337
0.0011233240329780276
0.0013219411484660286
0.0015556761439304723
0.0018307382802953678
0.002154434690031882
0.0025353644939701114
0.0029836472402833374
0.003511191734215131
0.004132012400115334
0.004862601580065354
0.005722367659350214
0.006734150657750821
0.007924828983539169
0.0093260334688322
0.010974987654930556
0.01291549665014884
0.01519911082952933
0.01788649529057435
0.0210490414451202
0.02477076355991709
0.029150530628251757
0.034304692863149154
0.040370172585965536
0.047508101621027934
0.05590810182512223
0.06579332246575675
0.0774263682681127
0.09111627561154886
0.10722672220103231
0.1261856883066021
0.14849682622544635
0.1747528400007683
0.20565123083486514
0.24201282647943834
0.2848035868435799
0.3351602650938841
0.3944206059437656
0.46415888336127725
0.5462277217684337
0.642807311728432
0.7564633275546291
0.8902150854450375
1.0476157527896641
1.232846739442066
1.4508287784959402
1.7073526474706886
2.009233002565046
2.364489412645407
2.782559402207126
3.274549162877725
3.8535285937105273
4.534878508128582
5.3366992312063015
6.280291441834247
7.390722033525775
8.697490026177835
10.235310218990248
12.045035402587812
14.174741629268048
16.68100537200059
19.630406500402685
23.10129700083158
27.1858824273294
31.992671377973846
37.64935806792464
44.30621457583877
52.14008287999685
61.35907273413163
72.20809018385457
84.97534359086438
100.0
###
0.2733055672495179
0.2509812154996873
0.22839411645047666
0.20623367704386036
0.18505983941674206
0.16534483110719136
0.1516677990712177
0.13504431160510408
0.12029923085889334
0.10738704572031611
0.9899946133375518
0.8663338164051664
0.7491439986986491
0.6409550015164656
0.5432952307730281
0.45678704692723576
0.39922696761694765
0.33175685185222753
0.2740036701084305
0.22487445202115697
1.5294336124342882
1.3109957103500889
1.1094851542792252
0.9280915504606183
0.7681766294895355
0.6296153727352066
0.5390927057699955
0.4346626616494943
0.346930371040119
0.27353332812400144
1.9860710581028096
1.6799613200019532
1.402359271413934
1.156452941065933
0.9429168178365641
0.7605146671807912
0.6427427634256662
0.5084314750815796
0.396982497574666
0.304901628655455
2.390612484291939
2.00252702673509
1.6549746411331265
1.350680979426065
1.0893468087968978
0.8684518689046288
0.7270572322359687
0.5672268271476542
0.4358638776542389
0.3283980354116271
2.7581170299677846
2.292709423802412
1.879972709592866
1.5219040590804611
1.2170641873107975
0.9615118652541199
0.7990819102388067
0.6167288965379093
0.4680380684906632
0.3473929864005689
3.0974029572288866
2.558584097243273
2.0844845201570017
1.6763010177780684
1.3312684456892137
1.0440283303436324
0.8624728683779205
0.6598368819344497
0.49570588496460954
0.3634629599880273
3.414192336306996
2.8052281744103618
2.27301094393023
1.8177045276005297
1.4351593111837972
1.1185290627530542
0.9193971238173623
0.6982296075208926
0.5201170593751514
0.37748075138201964
3.71241532024766
3.0361510344576166
2.448611724357119
1.9486936353307032
1.5308607357282333
1.186749487934633
0.9713009568958338
0.7329855528981215
0.5420492871943059
0.38996691101237824
3.9950815030221745
3.254021698838705
2.613451363315633
2.071147478063283
1.6198606596193175
1.2498624800333598
1.0191173553100643
0.7648384069376418
0.5620273702250628
0.4012656086146
4.264352307218944
3.460718314493989
2.769226160423462
2.1863355787103664
1.7032540091095378
1.3087527705546689
1.063574513812285
0.7943134522962856
0.5804218045843643
0.4116174325264502
4.522015812507215
3.6577955859614812
2.917167180665063
2.2953326702765153
1.7818718123508568
1.3640582937598107
1.1052010210607484
0.821797167399583
0.5975001756581311
0.4211901875827381
4.769289523936379
3.8463244585627603
3.0582689152686
2.3989515491624798
1.8563618211260846
1.4162815911725335
1.1444038620257537
0.8475850512629471
0.6134678459516578
0.4301119335706896
5.007307391316353
4.027320533889898
3.1933969316767072
2.4978436908460204
1.9272403853315978
1.465820846247026
1.1815039779515115
0.8719114589789353
0.628483076045043
0.438479346118053
5.237222699825972
4.201575852723039
3.323085899035467
2.5925403843146175
1.9949265565331844
1.512997640869549
1.216759359054826
0.8949682154894962
0.642671361027888
0.4463703076065837