# ../data/BKevo/MVge_BKevo/mvge_43.dat
# N(r,Y=0), r, *FL(x,Q^2)
# 1e-05 < r < 100.0
# 1 < Q^2 < 50, n=15, lin grid
# 1e-5 < x < 1e-2, n=10, log grid
###
0.0
0.0
1.110223024625157e-16
1.110223024625157e-16
2.0946128908612616e-16
3.5521364940579244e-16
5.575746707572391e-16
8.515760248043037e-16
1.4336190284371117e-15
2.408624766907742e-15
3.931034986356058e-15
6.532310608089367e-15
1.1002855545259575e-14
1.8183907668052113e-14
2.998914510006833e-14
5.006459957305877e-14
8.284318087378333e-14
1.3608610533058264e-13
2.2780107215080926e-13
3.771997781071986e-13
6.187589771315916e-13
1.0334488350570278e-12
1.7123133827321535e-12
2.8103239033358925e-12
4.6748283689737805e-12
7.751382008394367e-12
1.2727414246508527e-11
2.1083883565741658e-11
3.498237030183751e-11
5.746183737408915e-11
9.478104816197476e-11
1.5736002184567094e-10
2.585692190375925e-10
4.246166990673272e-10
7.054080890871897e-10
1.1595019976003352e-09
1.895523616176905e-09
3.1510721474079206e-09
5.181537987335838e-09
8.444609212107401e-09
1.4028473153682331e-08
2.3080547952024952e-08
3.7629984315475874e-08
6.227578079193371e-08
1.0254944104389035e-07
1.6732154164813479e-07
2.7596892252532286e-07
4.551026145169197e-07
7.436000620070024e-07
1.2230699893870704e-06
2.0217602087624376e-06
3.3111673466411545e-06
5.435897248675802e-06
9.01751320259475e-06
1.4820163117771967e-05
2.430573273568406e-05
4.05118189222351e-05
6.688347541157284e-05
0.00010964895723652813
0.00018378428834081074
0.00030498712732754125
0.0005020643990476456
0.0008426189137562232
0.0014053779660999966
0.0023236340238304226
0.003898065401694656
0.006526086429362759
0.010817609877352084
0.018080743769394895
0.030242724242553583
0.049911115549941036
0.08216113014493961
0.13462573022805005
0.21475225051152227
0.3324050336954087
0.4922897230488257
0.6777103825013018
0.8520040989987254
0.9546671604631471
0.9932413336094131
0.9998536221855778
0.9999991455136603
0.99999999935381
0.9999999999999934
1.0
1.0
1.0
1.0
1.0
1.0
1.0
1.0
1.0
1.0
1.0
1.0
1.0
1.0
1.0
1.0
###
1e-05
1.1768119524349992e-05
1.3848863713938717e-05
1.6297508346206434e-05
1.917910261672489e-05
2.2570197196339216e-05
2.656087782946684e-05
3.1257158496882356e-05
3.678379771828634e-05
4.328761281083062e-05
5.0941380148163754e-05
5.994842503189409e-05
7.054802310718646e-05
8.302175681319735e-05
9.770099572992247e-05
0.00011497569953977356
0.00013530477745798074
0.00015922827933410923
0.0001873817422860383
0.00022051307399030456
0.00025950242113997375
0.0003053855508833416
0.00035938136638046257
0.0004229242874389499
0.0004977023564332109
0.0005857020818056661
0.0006892612104349695
0.0008111308307896872
0.0009545484566618337
0.0011233240329780276
0.0013219411484660286
0.0015556761439304723
0.0018307382802953678
0.002154434690031882
0.0025353644939701114
0.0029836472402833374
0.003511191734215131
0.004132012400115334
0.004862601580065354
0.005722367659350214
0.006734150657750821
0.007924828983539169
0.0093260334688322
0.010974987654930556
0.01291549665014884
0.01519911082952933
0.01788649529057435
0.0210490414451202
0.02477076355991709
0.029150530628251757
0.034304692863149154
0.040370172585965536
0.047508101621027934
0.05590810182512223
0.06579332246575675
0.0774263682681127
0.09111627561154886
0.10722672220103231
0.1261856883066021
0.14849682622544635
0.1747528400007683
0.20565123083486514
0.24201282647943834
0.2848035868435799
0.3351602650938841
0.3944206059437656
0.46415888336127725
0.5462277217684337
0.642807311728432
0.7564633275546291
0.8902150854450375
1.0476157527896641
1.232846739442066
1.4508287784959402
1.7073526474706886
2.009233002565046
2.364489412645407
2.782559402207126
3.274549162877725
3.8535285937105273
4.534878508128582
5.3366992312063015
6.280291441834247
7.390722033525775
8.697490026177835
10.235310218990248
12.045035402587812
14.174741629268048
16.68100537200059
19.630406500402685
23.10129700083158
27.1858824273294
31.992671377973846
37.64935806792464
44.30621457583877
52.14008287999685
61.35907273413163
72.20809018385457
84.97534359086438
100.0
###
0.20749953657380393
0.1883959604001838
0.17079507515109424
0.1548977658045062
0.14082742928403402
0.12860599189081093
0.12063156743541206
0.11152146908900175
0.10407683222705452
0.09820882563039944
0.6338155998907553
0.542881544807219
0.4622128329434906
0.39157667370773813
0.3303405484597565
0.2776217056857538
0.2430336737938544
0.20267875282776138
0.16795959175168737
0.13791851604076807
0.9089083274444663
0.7593068509811025
0.6292608670959396
0.5173561366779007
0.42186818748727917
0.34078414825757775
0.2881510416673061
0.22726867578368612
0.1752940547741534
0.13054391041593033
1.1247778072318257
0.924927249469142
0.7534273557170593
0.6077303094603331
0.48488515432964635
0.38171978959790276
0.31541915741358006
0.239471334164674
0.17538192865027163
0.12088056850883548
1.3066439454043564
1.0622712416370943
0.8545608726781118
0.6797856596370453
0.5337982069954739
0.41237247291050083
0.3349990031897344
0.24715006948484794
0.1738451144213738
0.11230428861301364
1.4657929090105775
1.1809982563130277
0.9408597452982441
0.7403607563079718
0.5741921678044817
0.43707539529533185
0.35034470077386504
0.25265078202925534
0.17196008683052885
0.10503273436857372
1.6084219311259955
1.2864240544111705
1.016717873564866
0.7930176091640896
0.6088282167553973
0.45788572875494893
0.3630256767983607
0.25692268712817407
0.17009186862117218
0.09887052657078482
1.7383791753447477
1.3817648618008738
1.0847660332616536
0.8398171081460991
0.6392876378353406
0.47594044526792617
0.37387235714100137
0.26042239180465365
0.16835482545048056
0.09359812838412007
1.858194195300566
1.469128331986176
1.1467009304016822
0.8820926455898391
0.666564599163194
0.49193768135894445
0.38337974279969694
0.26339813655734945
0.16676948802313046
0.08903669198289656
1.9697536360449726
1.5499992581789366
1.2037015195588059
0.9207523880099083
0.6913277948117658
0.5063356321387923
0.39186453644903474
0.265999228897179
0.16533493872030902
0.08504754207185412
2.074312903966501
1.6254594004108103
1.256621444098895
0.956446620483465
0.7140494494318032
0.5194479416469603
0.39954156391579926
0.26831822303685954
0.16403802648302077
0.08152451037791837
2.1729220077468137
1.6963374922675172
1.3060997863113508
0.9896584980297464
0.7350907276101128
0.5315084674315874
0.4065665612957921
0.2704167962486088
0.16286316857136066
0.0783859792626155
2.266377534417222
1.7632513252290132
1.3526320861789145
1.0207575448282338
0.7546864119042872
0.5426873346371718
0.4130432541788448
0.27234180538234526
0.1617979452162658
0.07556812742836032
2.3553162071064433
1.8267183764168837
1.396607026776784
1.0500569656350582
0.7730548421401818
0.5531166779627333
0.4190625224338059
0.27412194125618133
0.16082833230972474
0.07302118557110863
2.440256044976716
1.8871455637644954
1.438338160422168
1.0777134042761247
0.7903580850015263
0.5629000125776201
0.4246942528222914
0.275782706275998
0.1599436973037159
0.07070461552016932