# ../data/BKevo/MVge_BKevo/mvge_28.dat
# N(r,Y=0), r, *FL(x,Q^2)
# 1e-05 < r < 100.0
# 1 < Q^2 < 50, n=15, lin grid
# 1e-5 < x < 1e-2, n=10, log grid
###
0.00016980660815757686
0.00019104627080367544
0.00021479940915761976
0.00024149855020253496
0.0002715560944839245
0.000305193369579106
0.0003429285400499125
0.00038538162327692027
0.00043292183682406253
0.000486143788752627
0.0005459757374497468
0.0006130195785948646
0.0006879126055423426
0.0007720389553382648
0.0008663623600455822
0.0009714849973442312
0.0010894626767651077
0.0012218161828626893
0.001368959295836798
0.0015339337244027142
0.0017188963768603961
0.0019244358906863838
0.0021543940885135103
0.0024119275632939587
0.002698180899088545
0.0030175938611781924
0.003374873015074361
0.003772073871753883
0.00421403207655849
0.004707730832177493
0.005256689250533809
0.005865671708711423
0.006544997509076428
0.007300506693542717
0.008136005417423807
0.00906669925729431
0.010102079557698533
0.011243497523412832
0.012513328467493008
0.013926005681241442
0.015480479467464331
0.017207348403823174
0.019127003766495124
0.02124183221379679
0.023586752897902755
0.026193565864314233
0.029071903633769214
0.032260916096104444
0.035810395958261326
0.03974362015528473
0.04410422463228852
0.04896965952883429
0.05438625651803865
0.06040226657062629
0.06713549957499788
0.07466710017131661
0.08304656143042106
0.09244682945384482
0.10299638455073895
0.11472984684537274
0.1278914679454129
0.1426490116379139
0.15903620414616598
0.1773262396977389
0.1977314500481356
0.22025848948888288
0.24515017874703549
0.272651600449881
0.3026838012719893
0.33533147953430925
0.37084425021391615
0.40897257109561186
0.4494002146360384
0.4923544415817188
0.5373346033706069
0.5832721382131245
0.6304114619262474
0.678020901294003
0.7239870234958856
0.7687990388786045
0.8116314521129829
0.8498817748048858
0.8843556566075718
0.9146098913347319
0.9389704274644846
0.9583895650199895
0.9734225380181483
0.983862626375123
0.9907782057433543
0.995235927677992
0.997742460455374
0.9989977010257329
0.9996188039571814
0.9998771649147359
0.999961809629877
0.9999905692648247
0.9999983591255744
0.9999996901638586
0.9999999576329294
0.9999999972967888
###
1e-05
1.1768119524349992e-05
1.3848863713938717e-05
1.6297508346206434e-05
1.917910261672489e-05
2.2570197196339216e-05
2.656087782946684e-05
3.1257158496882356e-05
3.678379771828634e-05
4.328761281083062e-05
5.0941380148163754e-05
5.994842503189409e-05
7.054802310718646e-05
8.302175681319735e-05
9.770099572992247e-05
0.00011497569953977356
0.00013530477745798074
0.00015922827933410923
0.0001873817422860383
0.00022051307399030456
0.00025950242113997375
0.0003053855508833416
0.00035938136638046257
0.0004229242874389499
0.0004977023564332109
0.0005857020818056661
0.0006892612104349695
0.0008111308307896872
0.0009545484566618337
0.0011233240329780276
0.0013219411484660286
0.0015556761439304723
0.0018307382802953678
0.002154434690031882
0.0025353644939701114
0.0029836472402833374
0.003511191734215131
0.004132012400115334
0.004862601580065354
0.005722367659350214
0.006734150657750821
0.007924828983539169
0.0093260334688322
0.010974987654930556
0.01291549665014884
0.01519911082952933
0.01788649529057435
0.0210490414451202
0.02477076355991709
0.029150530628251757
0.034304692863149154
0.040370172585965536
0.047508101621027934
0.05590810182512223
0.06579332246575675
0.0774263682681127
0.09111627561154886
0.10722672220103231
0.1261856883066021
0.14849682622544635
0.1747528400007683
0.20565123083486514
0.24201282647943834
0.2848035868435799
0.3351602650938841
0.3944206059437656
0.46415888336127725
0.5462277217684337
0.642807311728432
0.7564633275546291
0.8902150854450375
1.0476157527896641
1.232846739442066
1.4508287784959402
1.7073526474706886
2.009233002565046
2.364489412645407
2.782559402207126
3.274549162877725
3.8535285937105273
4.534878508128582
5.3366992312063015
6.280291441834247
7.390722033525775
8.697490026177835
10.235310218990248
12.045035402587812
14.174741629268048
16.68100537200059
19.630406500402685
23.10129700083158
27.1858824273294
31.992671377973846
37.64935806792464
44.30621457583877
52.14008287999685
61.35907273413163
72.20809018385457
84.97534359086438
100.0
###
0.3931215935438484
0.38978691657016246
0.38299621830074676
0.37038752627833565
0.3495394321189127
0.3192494431570591
0.29089043771826456
0.2482627687233237
0.20434536022710018
0.16330400872227802
1.8978762995721754
1.8632993085336784
1.7995664351945286
1.6936259206554467
1.5378491963000636
1.3368125406104554
1.1667904893704628
0.9349858652140177
0.7196385435139971
0.5364197631143548
3.3883462176247123
3.307089951544355
3.163688364312543
2.9364978814799203
2.618248950019651
2.2269287463193765
1.9091218418720572
1.4918424085941415
1.1190477825014435
0.8126956983974521
4.865816394806701
4.728085813746217
4.4920238457302935
4.129171767411361
3.6367357777469285
3.0495232973708335
2.584605064771633
1.9882515237322222
1.4680512438128426
1.049413797212272
6.33245583013871
6.130870641355447
5.792832049268762
5.2848510702507685
4.611497696725407
3.826274211798336
3.2159699056334348
2.4461302603717483
1.785940048974809
1.2624469045538527
7.789718862239533
7.518326422489485
7.071085984776768
6.411124893095156
5.552528424143123
4.568503952442138
3.814697373477992
2.8761868967280417
2.081094234138903
1.4590561612587414
9.238644454259703
8.89245262784703
8.329520821084376
7.5133097155142625
6.465770345578214
5.2831499046163755
4.387775764346281
3.2847397322903324
2.3600775906047144
1.643365345594767
10.680247121044209
10.254734405703156
9.572523759476292
8.594283244636525
7.355861664720981
5.9749664012363555
4.939905905665237
3.675900672525683
2.6256947174623892
1.8179479842371107
12.114599940138687
11.606202411365995
10.799985881705254
9.656992404251666
8.225854971462999
6.647309765724532
5.474223304435313
4.052553992237167
2.8802770409303045
1.9845817718926704
13.542764510771176
12.948003960549636
12.013951446967685
10.70313654367905
9.078150394244352
7.302734868270573
5.993237604714986
4.4168230496432415
3.1255223123511464
2.144523222206583
14.964992827329137
14.280817036338759
13.215730413735141
11.734602164722581
9.914608060133926
7.943447164864923
6.498857151998708
4.77096216439527
3.3627230832438126
2.2987484745756457
16.38165182651362
15.605238185840314
14.4062471344082
12.752712808154964
10.737894811674558
8.57064492720573
6.992578657972634
5.11436307406801
3.592827525490151
2.44799336637361
17.79305782441142
16.92184058070671
15.586331131089162
13.758416682299258
11.547548155018532
9.185517887788766
7.475617859634262
5.449937987808687
3.816719129375725
2.592844590708638
19.19948700933666
18.23108119691037
16.75669293006309
14.752648853528978
12.345377951828906
9.789692380965715
7.948986999803548
5.777903369700353
4.035016770630684
2.733780901971458
20.60118293239923
19.533373588126743
17.91794848942986
15.736369432788829
13.132298963821398
10.383902727658866
8.413574772261985
6.098963587580423
4.248262026680191
2.8712036432960426