# ../data/BKevo/MV2g_BKevo/mv2g_76.dat
# N(r,Y=0), r, *FL(x,Q^2)
# 1e-05 < r < 100.0
# 1 < Q^2 < 50, n=15, lin grid
# 1e-5 < x < 1e-2, n=10, log grid
###
6.180320569892124e-09
7.909916979834486e-09
1.014154446058073e-08
1.2993090278823961e-08
1.6624008643450424e-08
2.129466310679938e-08
2.727291973318241e-08
3.4881833940026746e-08
4.463952380946378e-08
5.71495589336846e-08
7.306417691439013e-08
9.340936015065522e-08
1.1953452764279234e-07
1.527515427666901e-07
1.9508115400813332e-07
2.49517954585788e-07
3.186896386325527e-07
4.065527719481836e-07
5.197049769058483e-07
6.63385786483902e-07
8.456404104045682e-07
1.0798548317439162e-06
1.3774701790646452e-06
1.7546806142172403e-06
2.2377926451853582e-06
2.852349936545749e-06
3.6305497635497684e-06
4.623764741875696e-06
5.888388111482883e-06
7.488069894823949e-06
9.522434104288735e-06
1.2114614983245289e-05
1.5389638167082778e-05
1.953920927540237e-05
2.482920265576603e-05
3.1503444085201344e-05
3.9927688577596904e-05
5.0669387409008396e-05
6.420023644084088e-05
8.122338109892393e-05
0.00010289955774175932
0.0001301687042887578
0.0001644107699281095
0.00020781947148667624
0.00026240738010807846
0.0003308055867530119
0.00041711540386339647
0.0005255719632307625
0.0006611422701928781
0.0008314150498614788
0.0010451624168304082
0.0013116874028511131
0.0016449307402397794
0.002062866088269792
0.0025829035761173623
0.003230698955431619
0.00404318316302853
0.005053496997838918
0.006309900218992919
0.007890896085794233
0.009863007111862384
0.01232705171966347
0.015451468409604178
0.019398765728795245
0.024403283226222476
0.03087587968570396
0.03928063619488201
0.05024849063065969
0.06492304536403432
0.08478274684039062
0.11163638482954191
0.1485969182614321
0.19972321023272124
0.26834009725917024
0.35786342136744
0.4671303233455587
0.5859620706373646
0.6968400531972287
0.7758845146990587
0.8310075940842571
0.8744603849872622
0.9116156541855073
0.9436053866914343
0.9687930245940035
0.9848693937867387
0.9939538188330538
0.9982616755002007
0.999629628040312
0.9999405762257868
0.9999952229629185
0.99999986789984
0.9999999963551016
0.9999999999667734
0.9999999999999958
1.0
1.0
1.0
1.0
1.0
1.0
###
1e-05
1.1768119524349992e-05
1.3848863713938717e-05
1.6297508346206434e-05
1.917910261672489e-05
2.2570197196339216e-05
2.656087782946684e-05
3.1257158496882356e-05
3.678379771828634e-05
4.328761281083062e-05
5.0941380148163754e-05
5.994842503189409e-05
7.054802310718646e-05
8.302175681319735e-05
9.770099572992247e-05
0.00011497569953977356
0.00013530477745798074
0.00015922827933410923
0.0001873817422860383
0.00022051307399030456
0.00025950242113997375
0.0003053855508833416
0.00035938136638046257
0.0004229242874389499
0.0004977023564332109
0.0005857020818056661
0.0006892612104349695
0.0008111308307896872
0.0009545484566618337
0.0011233240329780276
0.0013219411484660286
0.0015556761439304723
0.0018307382802953678
0.002154434690031882
0.0025353644939701114
0.0029836472402833374
0.003511191734215131
0.004132012400115334
0.004862601580065354
0.005722367659350214
0.006734150657750821
0.007924828983539169
0.0093260334688322
0.010974987654930556
0.01291549665014884
0.01519911082952933
0.01788649529057435
0.0210490414451202
0.02477076355991709
0.029150530628251757
0.034304692863149154
0.040370172585965536
0.047508101621027934
0.05590810182512223
0.06579332246575675
0.0774263682681127
0.09111627561154886
0.10722672220103231
0.1261856883066021
0.14849682622544635
0.1747528400007683
0.20565123083486514
0.24201282647943834
0.2848035868435799
0.3351602650938841
0.3944206059437656
0.46415888336127725
0.5462277217684337
0.642807311728432
0.7564633275546291
0.8902150854450375
1.0476157527896641
1.232846739442066
1.4508287784959402
1.7073526474706886
2.009233002565046
2.364489412645407
2.782559402207126
3.274549162877725
3.8535285937105273
4.534878508128582
5.3366992312063015
6.280291441834247
7.390722033525775
8.697490026177835
10.235310218990248
12.045035402587812
14.174741629268048
16.68100537200059
19.630406500402685
23.10129700083158
27.1858824273294
31.992671377973846
37.64935806792464
44.30621457583877
52.14008287999685
61.35907273413163
72.20809018385457
84.97534359086438
100.0
###
0.26120251301277186
0.2379772502433436
0.21492935116219158
0.19277664390944096
0.17205075698687108
0.15313291435273066
0.14026475498694554
0.12492143675778336
0.11162212754683468
0.10025689532339141
0.9248071403391422
0.800664676387995
0.6848304702393258
0.5796692019502373
0.48607452136797485
0.4043590419869285
0.35060882496080803
0.28819710874954707
0.23527481575434553
0.19056225896694906
1.4162874413224236
1.200183188994615
1.0037635145645758
0.8296477509008094
0.6781355821370451
0.5485282495310316
0.464710765557407
0.3688221313453916
0.2888181350831666
0.2221951039681731
1.8295328330321565
1.5294802933694946
1.2612560054668
1.0271206853186416
0.8263499242184125
0.6569434224247305
0.5486170382584439
0.426071947415338
0.3250890409677162
0.24203134548963262
2.194174479399733
1.8162838987137864
1.4825942774462884
1.1945621228491476
0.9502421271615518
0.7461990663340624
0.6168482948366372
0.47177656048469235
0.3534282927608689
0.2571129001279244
2.524526234436798
2.073665057164578
1.6793030816238173
1.341944049734515
1.0582101630453848
0.8231794497404491
0.6752186624793686
0.5104463580879681
0.3771468551849611
0.26964268850013695
2.828899418776223
2.309041407411835
1.857872204510357
1.4747428491330141
1.1547459864058833
0.8914797863656927
0.7267112712933151
0.5443091920325807
0.3977980486218047
0.28056321788550825
3.112631426670118
2.527166352954685
2.0223297580738118
1.5962821312701274
1.242589580977688
0.9532515713963361
0.7730993731632686
0.5746442335411952
0.41623963848816253
0.2903588573993471
3.3794611266658694
2.7311842958598245
2.1754127369977136
1.708876598321182
1.323542746715312
1.0099089944988946
0.8154767526846232
0.6022526295498256
0.43299836360290983
0.2993119559993724
3.6319732548010464
2.9235324665376607
2.319067739792655
1.8140867207880345
1.3988694031992013
1.0624098841425855
0.8546937546346808
0.6276976298926822
0.44842473932158183
0.30760427414603037
3.872411528830777
3.105853211811807
2.4547558829141556
1.913082568884891
1.4694940817842255
1.1114579529950166
0.8911440282637566
0.6513438175091244
0.46276220665576123
0.3153583930762879
4.102281057194855
3.279558543360658
2.583587534827113
2.006768040452903
1.5361167894891896
1.1575913078862377
0.9254051011457906
0.6734945927140249
0.47619059086448823
0.32266274729930444
4.322796780853684
3.4457319212169444
2.7064405906404305
2.0958446189545157
1.5992820955278655
1.2012142409450075
0.9577610565196866
0.6943777915065792
0.488845677942758
0.3295831663547789
4.535017760490799
3.605182781739887
2.824021180041723
2.1808735959551875
1.6594234594540846
1.2426502511767388
0.9884305212042281
0.7141570208254903
0.5008327181550645
0.3361720074112663
4.739794735442449
3.7586470600496464
2.9369072554701967
2.2623120339915985
1.716892214293036
1.2821602629972002
1.0176333170373997
0.732967604050103
0.5122351492511764
0.3424671197977645