# datat/BKevo/MVg_BKevo/mvg43.dat
# N(r,Y=0), r, *FL(x,Q^2)
# 1e-05 < r < 100.0
# 1 < Q^2 < 50, n=15, log grid
# 1e-5 < x < 1e-2, n=10, log grid
###
0.0
1.0419178359922891e-16
1.110223024625157e-16
1.7326321810188395e-16
3.2048359154864186e-16
4.662359518683081e-16
7.253397036733429e-16
1.259062839758545e-15
2.022514340378664e-15
3.3908925454365814e-15
5.674507874609055e-15
9.424557677129478e-15
1.5668022682596423e-14
2.5991798434535036e-14
4.277343884333764e-14
7.156831834260574e-14
1.1842468463486342e-13
1.9436264715283505e-13
3.2551441638449717e-13
5.388817933277022e-13
8.840017572833609e-13
1.4763078976661275e-12
2.4460312754164767e-12
4.014356224768163e-12
6.677137421521574e-12
1.1070036780045903e-11
1.8174383149995016e-11
3.010230057144551e-11
4.9936177548294544e-11
8.200712180268461e-11
1.352313507005567e-10
2.2444283888352162e-10
3.686586476658834e-10
6.051289133384798e-10
1.0047042488179047e-09
1.650378680426706e-09
2.6959315129680106e-09
4.477097067405591e-09
7.353588867294898e-09
1.1968943499634407e-08
1.9848406308533356e-08
3.2591197841215343e-08
5.301699347842063e-08
8.748320775619806e-08
1.435708468977208e-07
2.333623454440465e-07
3.8303684035015515e-07
6.280905685506469e-07
1.0197817384648339e-06
1.6644270492843027e-06
2.7260750991524613e-06
4.419713425333234e-06
7.170330581754065e-06
1.1725662811010267e-05
1.897594278173716e-05
3.0590040751794236e-05
4.992698764292577e-05
8.062247332106508e-05
0.00012910312663663446
0.00021023845433904706
0.0003386703386342779
0.0005406441488098831
0.0008750625076776532
0.0014061418555642424
0.0022390735409078856
0.0036005642088213713
0.005771996849066736
0.009167937270382918
0.0146430767699134
0.02339529732685567
0.03699144679206137
0.058443007240722294
0.09230121422120288
0.14335427059793499
0.2191765879978197
0.328819175833004
0.47294547340026627
0.6440255971024195
0.8076772959695862
0.9284321191267799
0.9877036908027572
0.9988748365338193
0.9999665812095543
0.9999999147581268
0.9999999999998389
1.0
1.0
1.0
1.0
1.0
1.0
1.0
1.0
1.0
1.0
1.0
1.0
1.0
1.0
1.0
###
1e-05
1.1768119524349992e-05
1.3848863713938717e-05
1.6297508346206434e-05
1.917910261672489e-05
2.2570197196339216e-05
2.656087782946684e-05
3.1257158496882356e-05
3.678379771828634e-05
4.328761281083062e-05
5.0941380148163754e-05
5.994842503189409e-05
7.054802310718646e-05
8.302175681319735e-05
9.770099572992247e-05
0.00011497569953977356
0.00013530477745798074
0.00015922827933410923
0.0001873817422860383
0.00022051307399030456
0.00025950242113997375
0.0003053855508833416
0.00035938136638046257
0.0004229242874389499
0.0004977023564332109
0.0005857020818056661
0.0006892612104349695
0.0008111308307896872
0.0009545484566618337
0.0011233240329780276
0.0013219411484660286
0.0015556761439304723
0.0018307382802953678
0.002154434690031882
0.0025353644939701114
0.0029836472402833374
0.003511191734215131
0.004132012400115334
0.004862601580065354
0.005722367659350214
0.006734150657750821
0.007924828983539169
0.0093260334688322
0.010974987654930556
0.01291549665014884
0.01519911082952933
0.01788649529057435
0.0210490414451202
0.02477076355991709
0.029150530628251757
0.034304692863149154
0.040370172585965536
0.047508101621027934
0.05590810182512223
0.06579332246575675
0.0774263682681127
0.09111627561154886
0.10722672220103231
0.1261856883066021
0.14849682622544635
0.1747528400007683
0.20565123083486514
0.24201282647943834
0.2848035868435799
0.3351602650938841
0.3944206059437656
0.46415888336127725
0.5462277217684337
0.642807311728432
0.7564633275546291
0.8902150854450375
1.0476157527896641
1.232846739442066
1.4508287784959402
1.7073526474706886
2.009233002565046
2.364489412645407
2.782559402207126
3.274549162877725
3.8535285937105273
4.534878508128582
5.3366992312063015
6.280291441834247
7.390722033525775
8.697490026177835
10.235310218990248
12.045035402587812
14.174741629268048
16.68100537200059
19.630406500402685
23.10129700083158
27.1858824273294
31.992671377973846
37.64935806792464
44.30621457583877
52.14008287999685
61.35907273413163
72.20809018385457
84.97534359086438
100.0
###
0.1921272404561448
0.17226108378499663
0.1539904970946483
0.13749683172773797
0.12285864892163548
0.11008910128996284
0.10161386916765264
0.09180877122208657
0.08354402963464744
0.0766897891887265
0.5734304151440097
0.48473902529571145
0.406683514188167
0.33887050347441344
0.28052220996532395
0.2305931418249268
0.19801519134694628
0.1601809884334994
0.1277815487798963
0.09984291222538787
0.8162149430813759
0.6733062826703708
0.5502491048301789
0.44537987848079424
0.35678569618339423
0.2822892923906462
0.23439267288139168
0.17954661766262955
0.13332896919170792
0.0941227058091181
1.0058019485415155
0.8170950162338058
0.6567885358743188
0.5220116990735428
0.40959709308381975
0.3162859298188389
0.256989266224733
0.18990464539940732
0.13422182480678205
0.08779070971237063
1.1650644959769123
0.9360378983024099
0.7434794492522419
0.5831546970313967
0.4507511579521946
0.34198029082062803
0.27350636567013437
0.19681467934662103
0.13398005893692008
0.08237794649158556
1.304146532489379
1.0388009799361664
0.8174130130384701
0.6345920471287145
0.4848234942917192
0.3628115569315715
0.28660455391529627
0.20197564565990445
0.13347692935546301
0.07784799866316208
1.428611006377887
1.129914825921197
0.8823723555050879
0.6793146159933359
0.5140845588218426
0.3804276786234522
0.297507003838434
0.20610031227390146
0.13275641855104772
0.07402346642854223
1.5418593973980506
1.2122343162136937
0.9406175650444164
0.7190732252656
0.5398454976591465
0.39575067222633303
0.30687848301513837
0.20953928143212353
0.13217721371429128
0.07074925115259323
1.6461826142381337
1.2876117845522244
0.9936107977445215
0.7549918567815783
0.5629310687610767
0.4093507529830612
0.31511787944493114
0.2124978479709856
0.13149466786803388
0.06790861107332155
1.7431932637558993
1.3573450082945893
1.042365129358151
0.7878394440518611
0.583899896812688
0.4216046119756978
0.3224864902285811
0.21510162302398295
0.13092585650662147
0.06541433913536175
1.8340710534061813
1.4223778452411175
1.0876161831127236
0.8181669734843791
0.6031579325508797
0.432775216414264
0.32916212471359557
0.2174308772903368
0.13040236120322074
0.06320125044395017
1.9197201548366565
1.4834202312242115
1.1299134948179193
0.8463842029434806
0.6209734117154582
0.4430541306693351
0.33527150131820177
0.21954282132024805
0.1299225382059115
0.06121654968207852
2.0008448778654846
1.5410462784474817
1.1696813404014605
0.872804658229947
0.6375784349273351
0.4525847372439673
0.34091280353361514
0.22147726096412917
0.12948183265963584
0.05942859954588561
2.078007592256728
1.595669701371347
1.207254645541413
0.8976946947090956
0.6531448367223807
0.46147803023051065
0.3461551353092485
0.22326447546145914
0.12907823049848108
0.05780452234879958
2.1516653700217447
1.6476592201146578
1.2429028713241357
0.9211902763964464
0.6678091517597688
0.46982120892833246
0.3510562654223415
0.22492841354522133
0.12870628359914268
0.05631780613589566