# ../data/BKevo/MVge_BKevo/mvge_40.dat
# N(r,Y=0), r, *FL(x,Q^2)
# 1e-05 < r < 100.0
# 1 < Q^2 < 50, n=15, lin grid
# 1e-5 < x < 1e-2, n=10, log grid
###
4.713628254284561e-13
6.849896462468058e-13
1.0031372319938746e-12
1.4649922758804896e-12
2.129559314380183e-12
3.1119402156226737e-12
4.5458959543837575e-12
6.608993742303108e-12
9.637675354534474e-12
1.408166028147031e-11
2.0474886569215922e-11
2.9793639215750264e-11
4.35393730082634e-11
6.331181172092953e-11
9.192391908206525e-11
1.3435478099885929e-10
1.9537998798297083e-10
2.830360351242489e-10
4.137359098571204e-10
6.016802385099008e-10
8.710814221345031e-10
1.2713409310877678e-09
1.848926182412373e-09
2.6766861915395456e-09
3.898248977621012e-09
5.669660454797638e-09
8.208059233510667e-09
1.1928929332411672e-08
1.7352479845743756e-08
2.512481285796235e-08
3.6442514652486574e-08
5.3030953512950204e-08
7.68124195477741e-08
1.1122171733771617e-07
1.6196753965949644e-07
2.347823176971633e-07
3.395091173937331e-07
4.950503228675411e-07
7.185901084999023e-07
1.0390579904210046e-06
1.517113909369849e-06
2.2068438280338465e-06
3.1981187888022595e-06
4.6718851903283015e-06
6.815510361298601e-06
9.905726396573514e-06
1.4485396176791444e-05
2.1204458637322997e-05
3.0921498264582166e-05
4.527070341229378e-05
6.650787411234727e-05
9.731020512739263e-05
0.00014259857442416074
0.00021019686447844638
0.0003084730425839551
0.00045220379863313703
0.0006684674146707117
0.0009834154419317738
0.0014411497480960717
0.0021349900713061717
0.003146329777355451
0.004615384033094571
0.006830427493680258
0.010071436134269193
0.014771706024713763
0.021785000106944893
0.03204732520967622
0.04681683802931921
0.06841319622877572
0.09956414849192544
0.14321031287284755
0.2039478654619206
0.2863196415282617
0.3919759454871882
0.5200464526593914
0.6602554466788866
0.7960644479188235
0.9061232168665793
0.9669970495557172
0.9928846541017522
0.9994835218070004
0.9999770390916651
0.9999996398323836
0.9999999994523701
0.9999999999999987
1.0
1.0
1.0
1.0
1.0
1.0
1.0
1.0
1.0
1.0
1.0
1.0
1.0
1.0
1.0
###
1e-05
1.1768119524349992e-05
1.3848863713938717e-05
1.6297508346206434e-05
1.917910261672489e-05
2.2570197196339216e-05
2.656087782946684e-05
3.1257158496882356e-05
3.678379771828634e-05
4.328761281083062e-05
5.0941380148163754e-05
5.994842503189409e-05
7.054802310718646e-05
8.302175681319735e-05
9.770099572992247e-05
0.00011497569953977356
0.00013530477745798074
0.00015922827933410923
0.0001873817422860383
0.00022051307399030456
0.00025950242113997375
0.0003053855508833416
0.00035938136638046257
0.0004229242874389499
0.0004977023564332109
0.0005857020818056661
0.0006892612104349695
0.0008111308307896872
0.0009545484566618337
0.0011233240329780276
0.0013219411484660286
0.0015556761439304723
0.0018307382802953678
0.002154434690031882
0.0025353644939701114
0.0029836472402833374
0.003511191734215131
0.004132012400115334
0.004862601580065354
0.005722367659350214
0.006734150657750821
0.007924828983539169
0.0093260334688322
0.010974987654930556
0.01291549665014884
0.01519911082952933
0.01788649529057435
0.0210490414451202
0.02477076355991709
0.029150530628251757
0.034304692863149154
0.040370172585965536
0.047508101621027934
0.05590810182512223
0.06579332246575675
0.0774263682681127
0.09111627561154886
0.10722672220103231
0.1261856883066021
0.14849682622544635
0.1747528400007683
0.20565123083486514
0.24201282647943834
0.2848035868435799
0.3351602650938841
0.3944206059437656
0.46415888336127725
0.5462277217684337
0.642807311728432
0.7564633275546291
0.8902150854450375
1.0476157527896641
1.232846739442066
1.4508287784959402
1.7073526474706886
2.009233002565046
2.364489412645407
2.782559402207126
3.274549162877725
3.8535285937105273
4.534878508128582
5.3366992312063015
6.280291441834247
7.390722033525775
8.697490026177835
10.235310218990248
12.045035402587812
14.174741629268048
16.68100537200059
19.630406500402685
23.10129700083158
27.1858824273294
31.992671377973846
37.64935806792464
44.30621457583877
52.14008287999685
61.35907273413163
72.20809018385457
84.97534359086438
100.0
###
0.24923429155896784
0.23033217655839247
0.21223898496973995
0.19534024383141219
0.1799150547198938
0.16613293787709685
0.1569283404821418
0.146185979484843
0.13717885447537476
0.12986963494038065
0.836263570530137
0.7344615372906137
0.6411904278942798
0.5572290684722004
0.4827277713190985
0.41735463669569706
0.37399600874096767
0.32300440466000774
0.2790772549639034
0.24126074934770142
1.244861570521093
1.0688817868530858
0.9109458947725958
0.7713923156443416
0.6495709115726859
0.5441981274451021
0.47494263347152615
0.39421422121082544
0.3249891012484111
0.2654760529135224
1.5764593977366745
1.3339052052391827
1.1191967658212978
0.9318231304572624
0.7702451356408768
0.6318962736285005
0.5418044854917604
0.43755115481178036
0.3488487377391148
0.27312083524241315
1.861740392644562
1.5583548093588364
1.2925451201852638
1.0628204131838217
0.8664565332213807
0.6998533043298749
0.5921108550105413
0.46827070765405243
0.36373830041602
0.2751751755655788
2.115186750928302
1.7554134700911004
1.4428042238241
1.1747679572317966
0.9473476260801966
0.7557417155583761
0.6325284736038674
0.49187266168093075
0.37403023743947666
0.27490105106769885
2.3449313963381693
1.9324027338121845
1.5764414689516244
1.2732103375878103
1.017518663128252
0.8034185875488187
0.6665615623441763
0.5110836160966876
0.38164541698709736
0.27355077543559336
2.5561972840822036
2.09392813957128
1.6973850683922211
1.361473125501414
1.0797642006140404
0.845147926931027
0.6958964406036614
0.5271682853168439
0.3874728084367013
0.2717015845127836
2.752472735575275
2.2430616770552416
1.8082769424504226
1.4417750175832624
1.1358865411853412
0.8823502608487427
0.72175669927338
0.5410079354131777
0.3923866023364473
0.269610494802701
2.9363812819587816
2.381994226939869
1.9109616501312305
1.5156425198725756
1.1871139913967532
0.9159828101390263
0.7449138380971189
0.5531567724505896
0.3961316226236213
0.26742053247568137
3.1097815182058066
2.5124277683169947
2.00677977908746
1.5841837273123343
1.2343277258364331
0.946723172777298
0.7659101644818975
0.5639856855795303
0.3993985635786368
0.2652150079174458
3.2741347854312925
2.6354537524254176
2.096833342928219
1.6482261579684483
1.2781836901406465
0.9750686205556643
0.7851299149992866
0.5737368815890861
0.40219038275937874
0.2630366496749545
3.4305949145208183
2.7521119857722285
2.1817990947933414
1.7084262166532973
1.3191839544279313
1.0013957605249464
0.8028679024264753
0.5826214834759676
0.404621951374788
0.26090881618701445
3.580303484694355
2.863181131389979
2.262420997337366
1.7652956332714453
1.3577406936504806
1.0260163450327848
0.8193487433111057
0.5906381582871387
0.40676066529395793
0.258844027781034
3.72362696725321
2.9692961540960856
2.3391786968861243
1.8192194291733443
1.3941365008433677
1.0491240918843525
0.8347497035104063
0.5983245351901365
0.40866576290698126
0.25684808773838974