# ../data/BKevo/MV2g_BKevo/mv2g_74.dat
# N(r,Y=0), r, *FL(x,Q^2)
# 1e-05 < r < 100.0
# 1 < Q^2 < 50, n=15, lin grid
# 1e-5 < x < 1e-2, n=10, log grid
###
9.985073865777548e-05
0.00011233984769270953
0.00012630678095212105
0.00014200583186753585
0.00015967944033767534
0.0001794576415228076
0.00020164501728790735
0.0002266060163294057
0.0002545575113708478
0.000285848867215308
0.0003210256207457591
0.0003604411968157426
0.0004044696513590727
0.0004539242252158736
0.0005093705372052432
0.0005711609974557217
0.0006405030030815002
0.0007182885025648893
0.0008047566888001521
0.0009016929134351473
0.0010103602863975546
0.0011310956498611004
0.0012661501130677424
0.0014173681151382123
0.0015854022902411107
0.001772843129795233
0.001982431981892573
0.0022153326934685187
0.002474337847536478
0.0027634949863552887
0.0030847751056848976
0.0034408522319611156
0.003837663029238314
0.0042784271052142804
0.004765065326603548
0.005306227083005249
0.005907030125188646
0.006567488860516666
0.00730011951942091
0.008112402490523536
0.009001898912636749
0.009985159036558335
0.0110719487879854
0.01225983526658423
0.013565885118403674
0.015004141381114555
0.01657250506716612
0.018286073337260324
0.020164862063175203
0.022207719083355854
0.024423396372494032
0.026840266342961033
0.02945928408896875
0.03227594120862187
0.03533046011157218
0.038628177152536004
0.04214174523203919
0.045928822046938794
0.050003947276076634
0.054307240529974106
0.0589246750801412
0.06388003882044711
0.06912336178286578
0.07476326800851575
0.08088667942349548
0.08756274909705375
0.09505576723812205
0.10376036247558758
0.11439739904572123
0.1282565809878731
0.14727889538275157
0.17524090518594154
0.21824501014803832
0.2824758650451071
0.37452885177317585
0.49049643812667765
0.6042765528699843
0.6814835359713305
0.7103799593999659
0.7271299726481362
0.7435836166583172
0.7608497613661996
0.7791570875455662
0.798447762495391
0.818193138652089
0.8383908577755204
0.8588954545948988
0.8789673857169863
0.8983431033224066
0.9169059566292747
0.9339082707773043
0.9489262701058396
0.9621257384513402
0.9731084722683625
0.9815926637189999
0.9881644679510053
0.9929275582878656
0.9959356274263463
0.9978751517543604
0.9990269459255775
###
1e-05
1.1768119524349992e-05
1.3848863713938717e-05
1.6297508346206434e-05
1.917910261672489e-05
2.2570197196339216e-05
2.656087782946684e-05
3.1257158496882356e-05
3.678379771828634e-05
4.328761281083062e-05
5.0941380148163754e-05
5.994842503189409e-05
7.054802310718646e-05
8.302175681319735e-05
9.770099572992247e-05
0.00011497569953977356
0.00013530477745798074
0.00015922827933410923
0.0001873817422860383
0.00022051307399030456
0.00025950242113997375
0.0003053855508833416
0.00035938136638046257
0.0004229242874389499
0.0004977023564332109
0.0005857020818056661
0.0006892612104349695
0.0008111308307896872
0.0009545484566618337
0.0011233240329780276
0.0013219411484660286
0.0015556761439304723
0.0018307382802953678
0.002154434690031882
0.0025353644939701114
0.0029836472402833374
0.003511191734215131
0.004132012400115334
0.004862601580065354
0.005722367659350214
0.006734150657750821
0.007924828983539169
0.0093260334688322
0.010974987654930556
0.01291549665014884
0.01519911082952933
0.01788649529057435
0.0210490414451202
0.02477076355991709
0.029150530628251757
0.034304692863149154
0.040370172585965536
0.047508101621027934
0.05590810182512223
0.06579332246575675
0.0774263682681127
0.09111627561154886
0.10722672220103231
0.1261856883066021
0.14849682622544635
0.1747528400007683
0.20565123083486514
0.24201282647943834
0.2848035868435799
0.3351602650938841
0.3944206059437656
0.46415888336127725
0.5462277217684337
0.642807311728432
0.7564633275546291
0.8902150854450375
1.0476157527896641
1.232846739442066
1.4508287784959402
1.7073526474706886
2.009233002565046
2.364489412645407
2.782559402207126
3.274549162877725
3.8535285937105273
4.534878508128582
5.3366992312063015
6.280291441834247
7.390722033525775
8.697490026177835
10.235310218990248
12.045035402587812
14.174741629268048
16.68100537200059
19.630406500402685
23.10129700083158
27.1858824273294
31.992671377973846
37.64935806792464
44.30621457583877
52.14008287999685
61.35907273413163
72.20809018385457
84.97534359086438
100.0
###
0.38835562240037863
0.3798730273530257
0.3640676107952247
0.3380591771218992
0.3010636925752308
0.2559615450493217
0.22026658982310257
0.17536518907699808
0.13754156282658642
0.10837625765473469
1.8505257823163002
1.7747323500747674
1.6493870713492766
1.4663443871202793
1.2340764207758603
0.97873652051888
0.7920061894591597
0.5719403977661625
0.3973521964955443
0.26866894960181753
3.27873995685253
3.1118408069378507
2.8493592925318336
2.4850355162231645
2.044473111032712
1.5805997796730864
1.2523471928093637
0.8756401950446376
0.5841687236108525
0.37359419175137804
4.6817830479700575
4.410575311962238
3.9976960264906802
3.4431706237771165
2.792937977579202
2.1268708345637517
1.6653002084921673
1.1446408426620063
0.7482844197274251
0.4659431635317393
6.064925472789971
5.680261208882089
5.108523545262539
4.359370460152512
3.5000277511350473
2.6374918179327715
2.0488264141019203
1.3930185991399602
0.899749112939165
0.5520818721536785
7.431429667871347
6.926268094001897
6.189662804433655
5.242668359931209
4.176078585205544
3.1220677570382964
2.4111913405793577
1.6269457458554424
1.042552980512153
0.6341098831441324
8.78353939922918
8.152290931183977
7.246752501139577
6.099948581193044
4.827546690199069
3.5862841503294924
2.757231605119457
1.849823000009692
1.1787815740759215
0.7130052558307656
10.122906971149979
9.360912139131791
8.282544332523637
6.9350838787483555
5.458632762874105
4.033871490281334
3.090031532968988
2.0638219473016495
1.3097673390705968
0.7893346756731879
11.450807748601147
10.554107843634691
9.300033193408865
7.751203947285354
6.07237700862448
4.467458197537883
3.411750850473589
2.270429515611057
1.4363691020342337
0.8634981038392494
12.76812743375817
11.733429942160818
10.301265213493908
8.55053807524018
6.671100034551262
4.8889915442602705
3.7239759911060264
2.4707460872922744
1.559220151759141
0.9357650236643985
14.075954052096693
12.900134393113717
11.287946411819911
9.33566064565472
7.256504104136203
5.299965877830479
4.027921232884233
2.6655559892041634
1.6787980112463223
1.0063504247179595
15.374869205842149
14.055251904441166
12.261121672358627
10.10703479847998
7.830038867366549
5.701572816267915
4.324533378271197
2.855520601686154
1.7954519114873169
1.0754257576101334
16.665468535490128
15.199671852106306
13.222323400648914
10.866175896525409
8.392776980357787
6.094769614716174
4.6145978812986375
3.041599080345824
1.9096334397447996
1.1431315114490057
17.948266174037194
16.334145230664245
14.172267889643782
11.614178806374905
8.945809697051926
6.480349103595572
4.898739931100863
3.2228852223579785
2.0214015349261096
1.2095850033566982
19.223757683918535
17.4590268006844
15.111614601327313
12.35191168029149
9.489871938464702
6.858975976896694
5.177488247114939
3.4010587487755926
2.131037645459502
1.2748859094306788