# ../data/BKevo/MV2g_BKevo/mv2g_64.dat
# N(r,Y=0), r, *FL(x,Q^2)
# 1e-05 < r < 100.0
# 1 < Q^2 < 50, n=15, lin grid
# 1e-5 < x < 1e-2, n=10, log grid
###
8.490265733781095e-05
9.552227016430393e-05
0.00010739854290840323
0.00012074771714783726
0.00013577596231917983
0.00015259388763312018
0.00017146051741514083
0.00019268578823246048
0.00021645418406161682
0.00024306285672663757
0.00027297576700963816
0.00030649357849419864
0.00034393454055214683
0.0003859903291993656
0.0004331421660443297
0.0004856901084971989
0.000544661148559919
0.0006108142255110426
0.0006843535653634752
0.0007667979055671419
0.0008592222631412345
0.0009619146564126431
0.0010767905568340335
0.0012054201767210723
0.0013483613967244863
0.0015078197412805654
0.001686129689910736
0.0018842862235873145
0.002104669658884541
0.0023507280829237667
0.002624147077179255
0.0029272119288162686
0.0032649823212217944
0.0036402130003567066
0.004054559870519696
0.004515398517921703
0.00502711048328081
0.005589751046477094
0.006213999745987438
0.006906269248249179
0.007664563416795469
0.008503020791682471
0.009430036007034426
0.010443669189503122
0.011558553593688915
0.012786781499314963
0.014126776194457067
0.01559158970510777
0.01719848861911027
0.018946821221262133
0.02084439456792839
0.02291573252965074
0.025162164190978036
0.027580474195213686
0.030205540581457562
0.03304279543811623
0.036070210380255256
0.03933825293663299
0.04286138306361791
0.046592571550299146
0.050609682289920105
0.05494101385942849
0.05956237306041863
0.06459030169485815
0.07014073588647711
0.07637148986687133
0.0836518544602384
0.0925525534436009
0.1042160758274403
0.12056872376814859
0.14440611209960783
0.18104758645206717
0.23814880847577105
0.3211859896979664
0.43081876386368273
0.5456900408654624
0.6313211112458698
0.6717001499480331
0.6870448606748492
0.7012698715487007
0.7166221697432436
0.732941429568563
0.7504321601786971
0.7690843304722249
0.7884787613364818
0.8086448381939437
0.8294843565272737
0.850351709238181
0.8710040566267727
0.8913192536447565
0.9105441638553807
0.9281827466518545
0.9443032511112492
0.9583617052503202
0.9698667996769057
0.979305770159496
0.9866254367885015
0.9916702566338437
0.9952071754626295
0.9975226078168715
###
1e-05
1.1768119524349992e-05
1.3848863713938717e-05
1.6297508346206434e-05
1.917910261672489e-05
2.2570197196339216e-05
2.656087782946684e-05
3.1257158496882356e-05
3.678379771828634e-05
4.328761281083062e-05
5.0941380148163754e-05
5.994842503189409e-05
7.054802310718646e-05
8.302175681319735e-05
9.770099572992247e-05
0.00011497569953977356
0.00013530477745798074
0.00015922827933410923
0.0001873817422860383
0.00022051307399030456
0.00025950242113997375
0.0003053855508833416
0.00035938136638046257
0.0004229242874389499
0.0004977023564332109
0.0005857020818056661
0.0006892612104349695
0.0008111308307896872
0.0009545484566618337
0.0011233240329780276
0.0013219411484660286
0.0015556761439304723
0.0018307382802953678
0.002154434690031882
0.0025353644939701114
0.0029836472402833374
0.003511191734215131
0.004132012400115334
0.004862601580065354
0.005722367659350214
0.006734150657750821
0.007924828983539169
0.0093260334688322
0.010974987654930556
0.01291549665014884
0.01519911082952933
0.01788649529057435
0.0210490414451202
0.02477076355991709
0.029150530628251757
0.034304692863149154
0.040370172585965536
0.047508101621027934
0.05590810182512223
0.06579332246575675
0.0774263682681127
0.09111627561154886
0.10722672220103231
0.1261856883066021
0.14849682622544635
0.1747528400007683
0.20565123083486514
0.24201282647943834
0.2848035868435799
0.3351602650938841
0.3944206059437656
0.46415888336127725
0.5462277217684337
0.642807311728432
0.7564633275546291
0.8902150854450375
1.0476157527896641
1.232846739442066
1.4508287784959402
1.7073526474706886
2.009233002565046
2.364489412645407
2.782559402207126
3.274549162877725
3.8535285937105273
4.534878508128582
5.3366992312063015
6.280291441834247
7.390722033525775
8.697490026177835
10.235310218990248
12.045035402587812
14.174741629268048
16.68100537200059
19.630406500402685
23.10129700083158
27.1858824273294
31.992671377973846
37.64935806792464
44.30621457583877
52.14008287999685
61.35907273413163
72.20809018385457
84.97534359086438
100.0
###
0.38620147008234307
0.37584435934251437
0.35751544192907986
0.3289864965303693
0.2906529338142528
0.2462559349291082
0.21249666755838445
0.17120313556285333
0.13702921923701705
0.1107872834591575
1.8297884663189263
1.7401743690627776
1.5986484693599732
1.4022903315288282
1.1655318245651909
0.9168936102957349
0.7413208634278944
0.5394777075885429
0.38203933955637664
0.2666760918091476
3.2318463948443465
3.0372046643030624
2.7446615047431546
2.358191605771602
1.9129612846112967
1.4638511904698268
1.156223415829484
0.8111235432118635
0.5480576813092121
0.35873617184047246
4.604304759102943
4.2908538151656845
3.8348368354905853
3.2511272751681286
2.597992496618445
1.956016879077353
1.524736013194817
1.0484950546538363
0.690958669331425
0.43689826981145835
5.953662291182214
5.512161639264261
4.88491450925591
4.1009054789908745
3.242019024938325
2.413671653375597
1.8650707207930666
1.2662403162519251
0.8217455263781467
0.5090547405897751
7.283941772092123
6.707376313000718
5.904072441723633
4.917706516919268
3.8557163416971014
2.8464837722357292
2.185488014623704
1.4705512202527942
0.9445911697623837
0.577566838158482
8.597806034681525
7.880867230723135
6.897349416423523
5.708119513249569
4.445496183836991
3.2600725953573337
2.4907000637707344
1.6647515673327633
1.0615532870531912
0.6434919417603127
9.897135615623773
9.035389166744729
7.868935475281097
6.4764226365922415
5.01557852945166
3.6580145431767477
2.783665603550882
1.8509100181896638
1.1739048925800428
0.7073591188426458
11.183588966773682
10.173188069362102
8.82136428401328
7.225737621144334
5.568870996525989
4.04287694511166
3.0665568336968
2.030421871873765
1.282438408022272
0.769501205543728
12.458307692346644
11.296036541678085
9.757091701502357
7.958956708970185
6.107848647697779
4.416514134515409
3.3406993694786506
2.2042903884068443
1.3877276752846572
0.8301998048548
13.722271897533183
12.405354161464922
10.677787807121918
8.677331219571231
6.634155429406207
4.780354379829032
3.60714690316291
2.3732698644122703
1.4902619951767428
0.8895529188419583
14.976298848902484
13.502284809444468
11.584869269018027
9.382422926590413
7.149177870206694
5.135554743494642
3.867055423591711
2.5373981800702925
1.5902518497116045
0.9476822728095139
16.22108162151535
14.5878018493341
12.47951120852273
10.075413482733167
7.654043817388084
5.48298151655127
4.121107969875754
2.698767425116599
1.687939243670564
1.0047442894139644
17.457216439502364
15.662729790338542
13.362704481789184
10.757539257647405
8.149703849720387
5.823400109993291
4.369720979194476
2.8569606304106285
1.7836795166304855
1.0608118792091277
18.685222249354645
16.727549826534695
14.235295929465535
11.429738868733734
8.63691258892748
6.157435931629032
4.613470185314314
3.010413513250693
1.8775661004037707
1.115980783728126