# ../data/BKevo/MV2g_BKevo/mv2g_52.dat
# N(r,Y=0), r, *FL(x,Q^2)
# 1e-05 < r < 100.0
# 1 < Q^2 < 50, n=15, lin grid
# 1e-5 < x < 1e-2, n=10, log grid
###
8.490265787919742e-05
9.552227095117144e-05
0.00010739854406057996
0.00012074771883048856
0.0001357759647651137
0.000152593891207338
0.0001714605226362327
0.00019268579582293043
0.0002164541951301725
0.00024306287289824828
0.0002729757905222013
0.0003064936127061207
0.00034393459054475324
0.00038599040188922276
0.00043314227157444167
0.00048569026272007507
0.0005446613728013987
0.0006108145503054826
0.0006843540400426036
0.0007667985957113444
0.0008592232620255529
0.0009619161137693002
0.001076792675422744
0.0012054232423694842
0.0013483658588061274
0.001507826226457384
0.001686139071122124
0.0018842998439735966
0.0021046894482616278
0.0023507566972789254
0.0026241885128667967
0.0029272721045167935
0.0032650692836057107
0.003640338580033724
0.004054742135629089
0.004515661728737807
0.005027489463736694
0.005590300659375597
0.006214792726491466
0.006907408181205936
0.007666212376890424
0.008505397166669142
0.009433444784802495
0.01044858759982611
0.011565631284560982
0.012796917773648315
0.014141346314947368
0.015612516695971024
0.017228397325173117
0.018989629653130766
0.020905726059117006
0.023003147416739134
0.025286658599624205
0.027758219331389885
0.03045791026617494
0.03340000063408451
0.03657759239921033
0.04005449367698466
0.043866701276845166
0.04800861918698108
0.05258917310453924
0.05768696404932346
0.06336582956740854
0.06980664923749713
0.07720699987589742
0.08582567651218827
0.09604299879133121
0.10833574861260512
0.12341084211575551
0.14215406001742542
0.16557329858900727
0.19511480769397835
0.23240822866451205
0.27868625893876664
0.3350619883073956
0.4011552202360566
0.47450293376740504
0.5500531817765922
0.6167609087079486
0.6701401794256596
0.707745090004973
0.7311092395045782
0.7502280887243932
0.7690786652625802
0.7884787267203517
0.8086448380883956
0.8294843565272472
0.850351709238181
0.8710040566267727
0.8913192536447565
0.9105441638553807
0.9281827466518545
0.9443032511112492
0.9583617052503202
0.9698667996769057
0.979305770159496
0.9866254367885015
0.9916702566338437
0.9952071754626295
0.9975226078168715
###
1e-05
1.1768119524349992e-05
1.3848863713938717e-05
1.6297508346206434e-05
1.917910261672489e-05
2.2570197196339216e-05
2.656087782946684e-05
3.1257158496882356e-05
3.678379771828634e-05
4.328761281083062e-05
5.0941380148163754e-05
5.994842503189409e-05
7.054802310718646e-05
8.302175681319735e-05
9.770099572992247e-05
0.00011497569953977356
0.00013530477745798074
0.00015922827933410923
0.0001873817422860383
0.00022051307399030456
0.00025950242113997375
0.0003053855508833416
0.00035938136638046257
0.0004229242874389499
0.0004977023564332109
0.0005857020818056661
0.0006892612104349695
0.0008111308307896872
0.0009545484566618337
0.0011233240329780276
0.0013219411484660286
0.0015556761439304723
0.0018307382802953678
0.002154434690031882
0.0025353644939701114
0.0029836472402833374
0.003511191734215131
0.004132012400115334
0.004862601580065354
0.005722367659350214
0.006734150657750821
0.007924828983539169
0.0093260334688322
0.010974987654930556
0.01291549665014884
0.01519911082952933
0.01788649529057435
0.0210490414451202
0.02477076355991709
0.029150530628251757
0.034304692863149154
0.040370172585965536
0.047508101621027934
0.05590810182512223
0.06579332246575675
0.0774263682681127
0.09111627561154886
0.10722672220103231
0.1261856883066021
0.14849682622544635
0.1747528400007683
0.20565123083486514
0.24201282647943834
0.2848035868435799
0.3351602650938841
0.3944206059437656
0.46415888336127725
0.5462277217684337
0.642807311728432
0.7564633275546291
0.8902150854450375
1.0476157527896641
1.232846739442066
1.4508287784959402
1.7073526474706886
2.009233002565046
2.364489412645407
2.782559402207126
3.274549162877725
3.8535285937105273
4.534878508128582
5.3366992312063015
6.280291441834247
7.390722033525775
8.697490026177835
10.235310218990248
12.045035402587812
14.174741629268048
16.68100537200059
19.630406500402685
23.10129700083158
27.1858824273294
31.992671377973846
37.64935806792464
44.30621457583877
52.14008287999685
61.35907273413163
72.20809018385457
84.97534359086438
100.0
###
0.3862933815369514
0.37604692437395076
0.3578704561016923
0.3293740246216134
0.29064752537244853
0.24507866063597766
0.2098271717581418
0.16592046156543813
0.1288152632398565
0.09971582563931024
1.8306084791428139
1.7420181352791937
1.6021640466643943
1.4078620157230208
1.1726160350329988
0.9239949825561857
0.7469447244153642
0.5417934926112223
0.3805991321906424
0.26169230862181375
3.233552050003825
3.0409400427807713
2.7517253914033577
2.369459757042656
1.9280277823905894
1.4810178681866797
1.1729605602163455
0.8257203315600469
0.5602495236438587
0.368946023512346
4.606942220869784
4.2965107241618306
3.8453248582533788
3.267743561243664
2.620389340809644
1.98230673754831
1.5513461460554527
1.073861649586404
0.714919482913562
0.4600124914777683
5.957231455425579
5.51970517560837
4.898679804540623
4.122505568483478
3.271045374021473
2.4480762265515006
1.9003657823068467
1.300727571207912
0.8554140475632245
0.5424668495079814
7.288486190197255
6.7167545825588695
5.920960738318865
4.943914798276676
3.890797741711033
2.8881484812843397
2.2283903839559165
1.5128131196321317
0.9863126135257988
0.6193080877924494
8.603232075447321
7.892123296522157
6.917238604513594
5.739408652372174
4.48611669502022
3.3082756300456198
2.540356514479209
1.7137433673029343
1.1100797765914903
0.6920201563041921
9.903568021904025
9.04835591738113
7.891686673424107
6.511033392081497
5.061341882806602
3.7122122807705202
2.839407752704431
1.9057988418904919
1.2282439049430567
0.7615273346775306
11.190963517707791
10.18786561442459
8.846885231645992
7.264178077510997
5.619561336014473
4.102676124098224
3.127722895235326
2.090539263323082
1.3418026314066247
0.8284274632735532
12.46661856939429
11.31241551952728
9.785280898802672
8.001319149347307
6.162988454511744
4.481354297525987
3.4068937067803846
2.2690843781451386
1.4515123964350902
0.8931409628939194
13.731512843305286
12.423394889091007
10.70855864233869
8.722888738456275
6.693557440751018
4.849985582780511
3.6781304019945344
2.4423333581404845
1.557953695285724
0.9559850183010343
14.986463395498498
13.52195561153373
11.618143214825144
9.431326238741777
7.2127354358147695
5.209655961995725
3.9423804109802023
2.6108726899651638
1.6614462923911455
1.0171839606854387
16.232163229701175
14.60705026111276
12.515216663459382
10.127707122500887
7.72146300472341
5.561309169504174
4.200404330878353
2.775269328125627
1.7623739285747073
1.0769317349610297
17.469208584365973
15.685357671488008
13.40077581482778
10.813055198719933
8.220794742825658
5.905707856153025
4.452825026644535
2.9359424375040972
1.8616166350986398
1.1353798405945394
18.6981184736546
16.751907934020302
14.275672692683534
11.488262836273186
8.711351941348843
6.243513599835936
4.700019994506278
3.093242410303735
1.9575596870406424
1.1926529761933158