# ../data/BKevo/MV2g_BKevo/mv2g_67.dat
# N(r,Y=0), r, *FL(x,Q^2)
# 1e-05 < r < 100.0
# 1 < Q^2 < 50, n=15, lin grid
# 1e-5 < x < 1e-2, n=10, log grid
###
4.468255455671652e-09
5.718721124771094e-09
7.332145753429302e-09
9.393759675574653e-09
1.2018845255008403e-08
1.5395640415696085e-08
1.9717807241200304e-08
2.5218908771786844e-08
3.2273534441684925e-08
4.131805364297888e-08
5.2824021632810394e-08
6.753320403536815e-08
8.642120480720946e-08
1.1043647553901569e-07
1.410399779441921e-07
1.8039674318997323e-07
2.3040654103910667e-07
2.93929887387655e-07
3.7573672321991445e-07
4.796151155996992e-07
6.113815692704852e-07
7.807138271460991e-07
9.958835289351051e-07
1.2685986115228181e-06
1.6178778758933397e-06
2.0621885127022426e-06
2.6248079300354314e-06
3.3428762319830292e-06
4.257162722510743e-06
5.413682425988294e-06
6.884455968791973e-06
8.758497651921535e-06
1.112618652921705e-05
1.4126098375245077e-05
1.795041004963661e-05
2.2775349897542497e-05
2.886525351847418e-05
3.6630162741784905e-05
4.641087500487585e-05
5.871534064463855e-05
7.438177940679905e-05
9.408873603577124e-05
0.0001188321080079577
0.00015019392082083594
0.00018962451388900776
0.00023901866353659613
0.00030132555626855386
0.0003795857963479285
0.00047736013657669486
0.0006000732883603842
0.0007539745081126246
0.0009456718466287952
0.0011850174221057469
0.0014846240363221679
0.0018566519196971333
0.002318883875428031
0.0028965924388751558
0.003612385099360429
0.0044989411764538795
0.00560864171926141
0.006986570158192833
0.008701222550325526
0.010868959439821756
0.013609376498650946
0.0171030314403179
0.021695622181764893
0.02783113337972434
0.036180511035995525
0.04813753091380368
0.06581836948883246
0.09217525317408752
0.13286236833469833
0.195880728541789
0.2869260028409774
0.4070478124998599
0.535297290921623
0.6373337226998181
0.6972979850222248
0.7351515126670539
0.7742865635537082
0.8159839109658708
0.8574271260162819
0.8971526278473767
0.9328298261037169
0.9603859423912625
0.979788380680755
0.9917893194157136
0.9973205938010314
0.9993155942371557
0.9998945094383949
0.9999914887552144
0.9999994242780678
0.999999984104786
0.9999999999678054
0.9999999999998544
0.9999999999999999
1.0
1.0
1.0
1.0
###
1e-05
1.1768119524349992e-05
1.3848863713938717e-05
1.6297508346206434e-05
1.917910261672489e-05
2.2570197196339216e-05
2.656087782946684e-05
3.1257158496882356e-05
3.678379771828634e-05
4.328761281083062e-05
5.0941380148163754e-05
5.994842503189409e-05
7.054802310718646e-05
8.302175681319735e-05
9.770099572992247e-05
0.00011497569953977356
0.00013530477745798074
0.00015922827933410923
0.0001873817422860383
0.00022051307399030456
0.00025950242113997375
0.0003053855508833416
0.00035938136638046257
0.0004229242874389499
0.0004977023564332109
0.0005857020818056661
0.0006892612104349695
0.0008111308307896872
0.0009545484566618337
0.0011233240329780276
0.0013219411484660286
0.0015556761439304723
0.0018307382802953678
0.002154434690031882
0.0025353644939701114
0.0029836472402833374
0.003511191734215131
0.004132012400115334
0.004862601580065354
0.005722367659350214
0.006734150657750821
0.007924828983539169
0.0093260334688322
0.010974987654930556
0.01291549665014884
0.01519911082952933
0.01788649529057435
0.0210490414451202
0.02477076355991709
0.029150530628251757
0.034304692863149154
0.040370172585965536
0.047508101621027934
0.05590810182512223
0.06579332246575675
0.0774263682681127
0.09111627561154886
0.10722672220103231
0.1261856883066021
0.14849682622544635
0.1747528400007683
0.20565123083486514
0.24201282647943834
0.2848035868435799
0.3351602650938841
0.3944206059437656
0.46415888336127725
0.5462277217684337
0.642807311728432
0.7564633275546291
0.8902150854450375
1.0476157527896641
1.232846739442066
1.4508287784959402
1.7073526474706886
2.009233002565046
2.364489412645407
2.782559402207126
3.274549162877725
3.8535285937105273
4.534878508128582
5.3366992312063015
6.280291441834247
7.390722033525775
8.697490026177835
10.235310218990248
12.045035402587812
14.174741629268048
16.68100537200059
19.630406500402685
23.10129700083158
27.1858824273294
31.992671377973846
37.64935806792464
44.30621457583877
52.14008287999685
61.35907273413163
72.20809018385457
84.97534359086438
100.0
###
0.24945939943183004
0.2268164438994384
0.20479733482397008
0.18402851847261273
0.16489609081926845
0.1476663333366597
0.13604488536698697
0.12228238705821018
0.11040815397371037
0.10029402616762245
0.8574105324517467
0.739250244909177
0.6307920635714089
0.5335041270309366
0.4480167756860644
0.3739656971147184
0.32548334854031824
0.2693774492337237
0.2219045748376201
0.1818078140441819
1.2959457920032647
1.0925863004543177
0.9103970431800623
0.7505602922448597
0.6128998242488529
0.49585102877303944
0.4202809080369764
0.33391272430507507
0.26167080617939115
0.20115678991224892
1.659954855640938
1.3797834854004873
1.1326566274414211
0.9189896157538784
0.7374086382371967
0.5849132335735818
0.4875210350947795
0.377262985248684
0.2860162137603536
0.2103370245572152
1.9784646199369982
1.627709292297406
1.3218503301397866
1.0603225169937969
0.8401600370843347
0.6570983855310606
0.5411608359418807
0.41094568202189447
0.3041973655225023
0.21652082040966006
2.265249755408842
1.84875032615279
1.488853891385581
1.1837147209691368
0.9289398615535472
0.7187385440848665
0.5865338161904395
0.43905092318345934
0.3191524353411887
0.2215599845678636
2.5282217756438032
2.049892804822357
1.6396486546474258
1.2942720214667662
1.0078327604064254
0.773063407911261
0.6262584102584892
0.46348852760172643
0.3321216330817174
0.22607709478893948
2.7724041754888478
2.2355131067749716
1.7779617496925089
1.3950084000939418
1.0792863628475045
0.8219821782438275
0.6618706494946744
0.4853034940409386
0.34373233152957117
0.23030813014783685
3.0012697433607043
2.408586246845143
1.906257650537155
1.4880154900573181
1.144902696765758
0.8666615932982085
0.6943099148002473
0.5051318402022976
0.35434150228618966
0.23435790978217586
3.2173981812659047
2.5712703549722398
2.026294167797064
1.5746391147603205
1.205771806047412
0.9079464361448305
0.724210665024064
0.5233924117277202
0.3641727935484632
0.23827491284336128
3.4225013138030613
2.725099104188237
2.1393811072594153
1.6559410043470941
1.262674271125719
0.9464349365067924
0.752047930062951
0.5403744422150422
0.3733748988625469
0.24208235835454628
3.6181637386181906
2.871320417101386
2.246513229495842
1.7327080724748827
1.3162441453257663
0.9825636886797724
0.7781152137684206
0.5562904695615025
0.38205357617497165
0.24579401720411218
3.805515357181859
3.010898382305159
2.348483297624718
1.8055532145945021
1.366937577108532
1.0166913617677236
0.8027147666221338
0.5713002551472818
0.390286460200856
0.24942026279291055
3.9853770261133925
3.1446378592634954
2.44589345077412
1.8749647672657148
1.4151233407567532
1.0490444540051418
0.8260403451968391
0.5855278245421524
0.39813683788814075
0.252965039074419
4.158752806638016
3.2731131319592315
2.539263214414988
1.9413389224349888
1.4610990847570922
1.079856707216579
0.8482143876953671
0.5990712008649113
0.4056433881137216
0.25643236238501277