# ../data/BKevo/MVge_BKevo/mvge_35.dat
# N(r,Y=0), r, *FL(x,Q^2)
# 1e-05 < r < 100.0
# 1 < Q^2 < 50, n=15, lin grid
# 1e-5 < x < 1e-2, n=10, log grid
###
8.936961377900555e-09
1.1438126257327724e-08
1.4665340834306315e-08
1.8789123719406913e-08
2.4040128449027753e-08
3.079501316161483e-08
3.944132632265324e-08
5.044650410408197e-08
6.456033844117859e-08
8.265643446822566e-08
1.0567898188254683e-07
1.3511356308641356e-07
1.729147135797648e-07
2.2098308503897273e-07
2.822474149918712e-07
3.6105048565208295e-07
4.6120481648996613e-07
5.884538903794531e-07
7.523859437241866e-07
9.606218860361348e-07
1.2248728367175477e-06
1.5646622023739878e-06
1.9967016347525215e-06
2.5446785090613064e-06
3.247192047926868e-06
4.141822636490026e-06
5.276055553459724e-06
6.726027101651173e-06
8.575718807891927e-06
1.0920310632435476e-05
1.3909875878250694e-05
1.773151202677999e-05
2.257644592806283e-05
2.874097586548047e-05
3.664230669941963e-05
4.666676456507439e-05
5.940186155226789e-05
7.578287719619458e-05
9.659697076278653e-05
0.00012303788928542546
0.00015715606015516
0.00020063577145228054
0.00025600762960837373
0.0003275014815612963
0.0004190750378804236
0.000536037894140822
0.000687164362929746
0.0008817700403902534
0.0011310394258940838
0.0014531801010524304
0.0018700876714498379
0.0024053049885677303
0.0030964521084874464
0.003994731471009731
0.0051494554935715
0.006637685780892701
0.008577972481633299
0.011072488827327281
0.014276729240943526
0.018460059429089515
0.0238293041376794
0.030706809357472147
0.039629863969968745
0.05104750324423942
0.06557829020360334
0.08419514785330891
0.10777951593746504
0.13734948246788015
0.17433360220812755
0.21998490995834055
0.27534918766094924
0.34135795459304985
0.41798219493157796
0.5043597942454753
0.5977860508820737
0.692095539463011
0.782817475494618
0.8630970432081967
0.9225079525113762
0.9633349293872872
0.9869380737337136
0.996054535548847
0.9991624726981173
0.9999112397831745
0.9999937089083467
0.9999997059726141
0.999999996047762
0.9999999999953084
0.9999999999999899
1.0
1.0
1.0
1.0
1.0
1.0
1.0
1.0
1.0
1.0
1.0
###
1e-05
1.1768119524349992e-05
1.3848863713938717e-05
1.6297508346206434e-05
1.917910261672489e-05
2.2570197196339216e-05
2.656087782946684e-05
3.1257158496882356e-05
3.678379771828634e-05
4.328761281083062e-05
5.0941380148163754e-05
5.994842503189409e-05
7.054802310718646e-05
8.302175681319735e-05
9.770099572992247e-05
0.00011497569953977356
0.00013530477745798074
0.00015922827933410923
0.0001873817422860383
0.00022051307399030456
0.00025950242113997375
0.0003053855508833416
0.00035938136638046257
0.0004229242874389499
0.0004977023564332109
0.0005857020818056661
0.0006892612104349695
0.0008111308307896872
0.0009545484566618337
0.0011233240329780276
0.0013219411484660286
0.0015556761439304723
0.0018307382802953678
0.002154434690031882
0.0025353644939701114
0.0029836472402833374
0.003511191734215131
0.004132012400115334
0.004862601580065354
0.005722367659350214
0.006734150657750821
0.007924828983539169
0.0093260334688322
0.010974987654930556
0.01291549665014884
0.01519911082952933
0.01788649529057435
0.0210490414451202
0.02477076355991709
0.029150530628251757
0.034304692863149154
0.040370172585965536
0.047508101621027934
0.05590810182512223
0.06579332246575675
0.0774263682681127
0.09111627561154886
0.10722672220103231
0.1261856883066021
0.14849682622544635
0.1747528400007683
0.20565123083486514
0.24201282647943834
0.2848035868435799
0.3351602650938841
0.3944206059437656
0.46415888336127725
0.5462277217684337
0.642807311728432
0.7564633275546291
0.8902150854450375
1.0476157527896641
1.232846739442066
1.4508287784959402
1.7073526474706886
2.009233002565046
2.364489412645407
2.782559402207126
3.274549162877725
3.8535285937105273
4.534878508128582
5.3366992312063015
6.280291441834247
7.390722033525775
8.697490026177835
10.235310218990248
12.045035402587812
14.174741629268048
16.68100537200059
19.630406500402685
23.10129700083158
27.1858824273294
31.992671377973846
37.64935806792464
44.30621457583877
52.14008287999685
61.35907273413163
72.20809018385457
84.97534359086438
100.0
###
0.3083250642246452
0.2899693055224813
0.27071575054821806
0.2511293418359271
0.23178816815086828
0.21318164737142437
0.19996059765468982
0.1835379194496543
0.16871189406077486
0.15555718404616858
1.1930056354034828
1.0757253312693005
0.9600161563891728
0.8488790490302437
0.7446962506811464
0.6491950984015317
0.5837261656002802
0.5049097163361614
0.435571656500014
0.3751189852268865
1.8942951225444329
1.6754861089632458
1.4652189880286766
1.2682516929664096
1.0879299275993701
0.9260275041002333
0.8170046952667104
0.687781311204895
0.5759034336773884
0.47975447364374424
2.502753895998067
2.185641229714379
1.886102563884984
1.6100486998422845
1.361128830222398
1.1407823314526604
0.994064863196399
0.8221531244176198
0.6749732195180749
0.5498138431378392
3.050436254825025
2.638697041773649
2.2546802581242398
1.9049962414556296
1.5932239794596854
1.3201356672758615
1.1399638720458334
0.9304217952632411
0.7526584188495988
0.6028420629466211
3.5537809900025676
3.050847218816031
2.5864683687307344
2.1676274969464306
1.797485767547853
1.4759995677077735
1.265379548102886
1.022002347008606
0.8171770455123685
0.645640347482414
4.022665295875511
3.4316272444516227
2.890518648975412
2.4061656812488748
1.9813070417095373
1.6148886889751985
1.3762183758791253
1.1020245436342033
0.8726013714137322
0.6817639348062501
4.463579208834739
3.787374058260122
3.1725040809138663
2.625879045163904
2.149349857128181
1.7408151246746806
1.4760288095241647
1.1733190272905896
0.9213892121022871
0.7129705879018042
4.8813354605083035
4.122434087629239
3.4365696825381304
2.830302651085859
2.304729620778164
1.8564466908936526
1.567170209099591
1.2378553223208297
0.9650969268752333
0.740527387318414
5.27930790749839
4.440020524895894
3.6855814004991405
3.022089026392505
2.449671693876474
1.9636692973523076
1.6512719758267962
1.2969553363054058
1.0047658705208526
0.7652322664570743
5.6602800195625695
4.742660582885768
3.9217364006378057
3.203127788920956
2.5858642163539463
2.0638694462324354
1.7295272716508618
1.3516026795951452
1.0411534979314405
0.7876628620680057
6.026080248428885
5.032112111183311
4.14682016057666
3.374904027795019
2.7144986150484023
2.158095117605044
1.8028360846451295
1.4025045444952466
1.0748228613139008
0.808217660341689
6.378516878330677
5.309981284665818
4.362043772949029
3.5386772731896743
2.8365983839660265
2.247158321469985
1.8718958807493764
1.4502118475179653
1.1061787060016461
0.8272082828719778
6.718899546844547
5.57751882205866
4.568579123195102
3.6952291481836235
2.9529580285415675
2.3317055148715693
1.9372594810357566
1.4951579311240675
1.1355729892700477
0.8448709677322993
7.048352616308932
5.835758149024705
4.76733591915651
3.8454005155555753
3.064209086768279
2.4122888747588473
1.9993733375530935
1.5376904491312993
1.1632349162378117
0.8613918787229569