# ../data/BKevo/MV2g_BKevo/mv2g_98.dat
# N(r,Y=0), r, *FL(x,Q^2)
# 1e-05 < r < 100.0
# 1 < Q^2 < 50, n=15, lin grid
# 1e-5 < x < 1e-2, n=10, log grid
###
5.414419796102491e-13
7.869751130303238e-13
1.1523152439183835e-12
1.6829044491419667e-12
2.4463590267093626e-12
3.574894911693254e-12
5.222234194769575e-12
7.59235848486794e-12
1.1071653358759301e-11
1.61768080956982e-11
2.3521142368743462e-11
3.422618753952553e-11
5.001638595768635e-11
7.272920379116895e-11
1.0559500999989208e-10
1.5433143001771442e-10
2.2442104981579834e-10
3.2508927627263127e-10
4.751728552151645e-10
6.909617862343447e-10
1.0002255635021984e-09
1.4595970308200222e-09
2.1223012426248614e-09
3.07174224963546e-09
4.472219806841807e-09
6.501989192757658e-09
9.408820505271168e-09
1.3666129995180834e-08
1.9865288204635155e-08
2.8739068269468827e-08
4.164143678654339e-08
6.051736731086398e-08
8.752391693100205e-08
1.2650201098140068e-07
1.8379771408646132e-07
2.657305409347881e-07
3.83100444437882e-07
5.564631578049695e-07
8.042465329388453e-07
1.1572955471121052e-06
1.6794654426622974e-06
2.4265610381633292e-06
3.490585881727631e-06
5.053749376949504e-06
7.300430288947564e-06
1.049942715325873e-05
1.5168406489490377e-05
2.191215694810717e-05
3.1515460266536465e-05
4.5444846245832144e-05
6.567618087483548e-05
9.450541016952403e-05
0.00013608497169693523
0.00019687013274239623
0.000283618102853386
0.0004081177325715903
0.0005915625581954954
0.0008540600646162729
0.0012292953745271834
0.0017875792654638966
0.0025897376162521014
0.003740426649773332
0.0054540880035864586
0.007940700711088926
0.01152769939040824
0.016868462035992095
0.024702018021532844
0.03605127214661732
0.05287267731161769
0.07763105331710403
0.11320560907038772
0.16446162058298072
0.23707514389973477
0.3343802107094929
0.4578283922260167
0.5987252027662547
0.7383569728708882
0.8539224656841563
0.9255657954322588
0.9685656129639275
0.9911212727848825
0.9981678088746184
0.9997959285456153
0.9999943347903554
0.9999999653838698
0.9999999998944519
0.9999999999999735
1.0
1.0
1.0
1.0
1.0
1.0
1.0
1.0
1.0
1.0
1.0
1.0
1.0
###
1e-05
1.1768119524349992e-05
1.3848863713938717e-05
1.6297508346206434e-05
1.917910261672489e-05
2.2570197196339216e-05
2.656087782946684e-05
3.1257158496882356e-05
3.678379771828634e-05
4.328761281083062e-05
5.0941380148163754e-05
5.994842503189409e-05
7.054802310718646e-05
8.302175681319735e-05
9.770099572992247e-05
0.00011497569953977356
0.00013530477745798074
0.00015922827933410923
0.0001873817422860383
0.00022051307399030456
0.00025950242113997375
0.0003053855508833416
0.00035938136638046257
0.0004229242874389499
0.0004977023564332109
0.0005857020818056661
0.0006892612104349695
0.0008111308307896872
0.0009545484566618337
0.0011233240329780276
0.0013219411484660286
0.0015556761439304723
0.0018307382802953678
0.002154434690031882
0.0025353644939701114
0.0029836472402833374
0.003511191734215131
0.004132012400115334
0.004862601580065354
0.005722367659350214
0.006734150657750821
0.007924828983539169
0.0093260334688322
0.010974987654930556
0.01291549665014884
0.01519911082952933
0.01788649529057435
0.0210490414451202
0.02477076355991709
0.029150530628251757
0.034304692863149154
0.040370172585965536
0.047508101621027934
0.05590810182512223
0.06579332246575675
0.0774263682681127
0.09111627561154886
0.10722672220103231
0.1261856883066021
0.14849682622544635
0.1747528400007683
0.20565123083486514
0.24201282647943834
0.2848035868435799
0.3351602650938841
0.3944206059437656
0.46415888336127725
0.5462277217684337
0.642807311728432
0.7564633275546291
0.8902150854450375
1.0476157527896641
1.232846739442066
1.4508287784959402
1.7073526474706886
2.009233002565046
2.364489412645407
2.782559402207126
3.274549162877725
3.8535285937105273
4.534878508128582
5.3366992312063015
6.280291441834247
7.390722033525775
8.697490026177835
10.235310218990248
12.045035402587812
14.174741629268048
16.68100537200059
19.630406500402685
23.10129700083158
27.1858824273294
31.992671377973846
37.64935806792464
44.30621457583877
52.14008287999685
61.35907273413163
72.20809018385457
84.97534359086438
100.0
###
0.2391616400617575
0.21970924758516183
0.20120377700210082
0.1840120814972702
0.16839229771019779
0.15447872417584962
0.14519615983314926
0.134355980585584
0.1252314361317606
0.11775895396630179
0.786996328812118
0.685975418103683
0.5941063299425184
0.51193519726875
0.43945784343338073
0.3761986841035629
0.334357328984292
0.2853219561988918
0.24311880447693146
0.20679283784011926
1.1628467250570969
0.9905879248813033
0.837098830959523
0.7024745001246888
0.585750626959157
0.4852900530049384
0.41961741367962235
0.3433060382830355
0.27809656083955114
0.22216359910110015
1.4660148047807995
1.2305327911946726
1.0236115181953618
0.8444477102312793
0.6909110271221791
0.5602751255688829
0.47562840813963775
0.37810057935728886
0.2955249477767049
0.2252992966277239
1.7258901075474016
1.433020328923153
1.1784247635901164
0.9600268360122577
0.7745329567544774
0.61822886691022
0.5176567869465305
0.40267560377663175
0.30616502470754314
0.22481138848728296
1.956121885033877
1.6103713742389867
1.3122748599115976
1.0585648552284952
0.8447331094119085
0.6658169905704364
0.5514845171511321
0.42160581704640415
0.31353629346593703
0.22305206333439437
2.164463800663488
1.7693915929199218
1.43111804001983
1.1450902019441935
0.9055799594268151
0.7064356192711092
0.5798929412471227
0.43697922842464243
0.31880722399694833
0.22083519382157313
2.355693341432127
1.9143097187345186
1.538560709200987
1.2226321005851115
0.9595425036205599
0.7420019331847213
0.6044612835168955
0.44992698578930873
0.3229756035790841
0.2184884666119024
2.533200965166976
2.0479965526689385
1.636984587857229
1.2931370380190752
1.0081883043714381
0.7737280769648994
0.6261500848490656
0.4611150652155855
0.32633917070801743
0.21615775445982063
2.699314135179924
2.1724083978656754
1.72806157297726
1.3579628583902421
1.0525891444386337
0.8024284891312158
0.6456053746071331
0.4709003587784796
0.32913609751064693
0.21390387550965628
2.8557924100138354
2.2890411076444366
1.8130129560588895
1.4180930804461418
1.093512326698978
0.8286786525736655
0.6632688035032387
0.47979635344625426
0.33151727509741813
0.21176543917088053
3.0039882664948694
2.399032976979847
1.8927632657247206
1.4742655403620082
1.1315278589380706
0.8529169529341026
0.6794630211968201
0.4877800334851949
0.33357921107604654
0.2097270289929293
3.145106217428192
2.5032701985869927
1.9680561996110333
1.5270492730928915
1.1670942332200303
0.8754289406039635
0.6944312015562953
0.49507702996555464
0.33540002421480286
0.20779847803109763
3.279742994318703
2.6024616157305642
2.039426343988759
1.5768935974248777
1.200508822283988
0.8964787063858891
0.7083573884455052
0.5018035105359381
0.3370250110390469
0.20597535297513486
3.4087234877559527
2.697184503487298
2.1073547927608143
1.6241600516675274
1.2320654922370888
0.9162622626326672
0.7213875918832757
0.5080416400827502
0.3384940890192871
0.20425134039583487