# ../data/BKevo/MVge_BKevo/mvge_10.dat
# N(r,Y=0), r, *FL(x,Q^2)
# 1e-05 < r < 100.0
# 1 < Q^2 < 50, n=15, lin grid
# 1e-5 < x < 1e-2, n=10, log grid
###
5.132936455847869e-09
6.569478471375891e-09
8.42302650167763e-09
1.079151776100081e-08
1.3807428062145964e-08
1.768709060037609e-08
2.265309348507639e-08
2.8973908478805744e-08
3.708017775190395e-08
4.747365600912157e-08
6.069663774166857e-08
7.76023660698105e-08
9.931342719757247e-08
1.26921459087301e-07
1.6210858039415172e-07
2.0736906554026298e-07
2.648926331967476e-07
3.3797805032009024e-07
4.321323176917886e-07
5.517325037940857e-07
7.035048899595673e-07
8.986627504481278e-07
1.1468044328569754e-06
1.4615348021043665e-06
1.8650233791628109e-06
2.378854538976986e-06
3.0303015825819007e-06
3.863093693671236e-06
4.9254661094789974e-06
6.272086075548211e-06
7.989149521267367e-06
1.018411810531281e-05
1.296682580634488e-05
1.6507457111193674e-05
2.1045644200965385e-05
2.6803285784870958e-05
3.411784219687922e-05
4.352654084449205e-05
5.548153959412795e-05
7.066856190748199e-05
9.026549601629679e-05
0.00011523995015433795
0.00014704579882040568
0.0001881134111787021
0.0002407170564652859
0.0003079081687816916
0.0003947303842469394
0.0005065398236143428
0.000649768724528547
0.0008348924464132064
0.0010745151157587364
0.0013821969924197384
0.001779622997296266
0.0022963432299578793
0.002960856899770351
0.0038177640767662756
0.00493586532486708
0.006374657007018005
0.008224919854376761
0.010644913116040412
0.013757146551733681
0.017753566141226834
0.02295865058827767
0.02964856679860749
0.03820916007106058
0.04926698933968642
0.06341509050119237
0.08136751485062256
0.10421256982024293
0.13304313547782828
0.16893691272471448
0.21331874402782086
0.2674453390604824
0.3320576910836736
0.40749203877857376
0.4924461218240596
0.5849477948507122
0.680996849450404
0.771375732460498
0.852081716393062
0.9174245680121622
0.9593689081143655
0.983880773233871
0.9955266550385193
0.9990297906083535
0.9998525954755271
0.9999898862418671
0.9999997124594978
0.9999999930552015
0.9999999999522583
0.999999999999995
1.0
1.0
1.0
1.0
1.0
1.0
1.0
1.0
1.0
###
1e-05
1.1768119524349992e-05
1.3848863713938717e-05
1.6297508346206434e-05
1.917910261672489e-05
2.2570197196339216e-05
2.656087782946684e-05
3.1257158496882356e-05
3.678379771828634e-05
4.328761281083062e-05
5.0941380148163754e-05
5.994842503189409e-05
7.054802310718646e-05
8.302175681319735e-05
9.770099572992247e-05
0.00011497569953977356
0.00013530477745798074
0.00015922827933410923
0.0001873817422860383
0.00022051307399030456
0.00025950242113997375
0.0003053855508833416
0.00035938136638046257
0.0004229242874389499
0.0004977023564332109
0.0005857020818056661
0.0006892612104349695
0.0008111308307896872
0.0009545484566618337
0.0011233240329780276
0.0013219411484660286
0.0015556761439304723
0.0018307382802953678
0.002154434690031882
0.0025353644939701114
0.0029836472402833374
0.003511191734215131
0.004132012400115334
0.004862601580065354
0.005722367659350214
0.006734150657750821
0.007924828983539169
0.0093260334688322
0.010974987654930556
0.01291549665014884
0.01519911082952933
0.01788649529057435
0.0210490414451202
0.02477076355991709
0.029150530628251757
0.034304692863149154
0.040370172585965536
0.047508101621027934
0.05590810182512223
0.06579332246575675
0.0774263682681127
0.09111627561154886
0.10722672220103231
0.1261856883066021
0.14849682622544635
0.1747528400007683
0.20565123083486514
0.24201282647943834
0.2848035868435799
0.3351602650938841
0.3944206059437656
0.46415888336127725
0.5462277217684337
0.642807311728432
0.7564633275546291
0.8902150854450375
1.0476157527896641
1.232846739442066
1.4508287784959402
1.7073526474706886
2.009233002565046
2.364489412645407
2.782559402207126
3.274549162877725
3.8535285937105273
4.534878508128582
5.3366992312063015
6.280291441834247
7.390722033525775
8.697490026177835
10.235310218990248
12.045035402587812
14.174741629268048
16.68100537200059
19.630406500402685
23.10129700083158
27.1858824273294
31.992671377973846
37.64935806792464
44.30621457583877
52.14008287999685
61.35907273413163
72.20809018385457
84.97534359086438
100.0
###
0.2787680017682508
0.25715183675550946
0.23511043239113447
0.21328840122437612
0.19225029862374068
0.17244670840980042
0.15861550983689293
0.14166268405251556
0.12649932665388855
0.1131213329385533
1.0192454167652922
0.8972714172633512
0.7808388350867949
0.6724275265122442
0.5737224136187952
0.4855606062536389
0.426440472296242
0.3566112991225287
0.2964327130405178
0.24489119887444288
1.580013536218443
1.3630071968835318
1.1614459888803463
0.9785087216171463
0.8159015767000773
0.6738638263789021
0.5804421690407797
0.47198029290225985
0.38021066002715215
0.303028129330047
2.055777592591959
1.7503865087517227
1.4715485928267173
1.222578450438873
1.0046378723714147
0.8170156647435902
0.6950560766166768
0.5551484051356194
0.43829868926463855
0.34125578230766584
2.4777574757960616
2.0893993943533595
1.7393016049847216
1.4303590144622647
1.1629352526934482
0.9351591967762691
0.7884114519635038
0.621542998210337
0.4834918402708363
0.3700093009104949
2.86137285826831
2.3945712994473127
1.977891836675315
1.6135910748907771
1.3010064348044938
1.0370166228841156
0.8681133531125367
0.6773747556003318
0.5208571178203989
0.39318965478001094
3.2156844475888935
2.6742239098407388
2.1947905275697224
1.7788050062425032
1.4244472032470399
1.1272308068528796
0.9381726193459539
0.7259013628693909
0.5528682829851812
0.4126903947368042
3.546547137312084
2.933716517347066
2.3947269397858455
1.9300822059438725
1.5366756116327929
1.2086268191942777
1.0010302560441464
0.7690249619597546
0.580999519821265
0.42957391071409895
3.858167798840375
3.1767866509253277
2.5809488091993487
2.070193115701828
1.639991190670611
1.2830878408566264
1.0582125618058487
0.8079682701762383
0.6061712409530887
0.44449931588795816
4.153518573198814
3.40602910045783
2.7557554692393547
2.2010717466271528
1.7360129021338675
1.35191192542939
1.1108346320830342
0.8435710937755505
0.6290043157901223
0.4579001687460035
4.434958368075573
3.623501748260511
2.9208872064007987
2.324162538653057
1.8259240988020695
1.4160463538601074
1.1596858947625786
0.87643454556627
0.649938464667083
0.4700766068276808
4.704147000892343
3.8307114172967895
3.0776781054817453
2.4405869316994995
1.9106286903442677
1.476216289723382
1.2053575787464361
0.9070210485931647
0.6692972129452519
0.48125504421592274
4.9625600874111075
4.029020914297287
3.2271834312347347
2.5512606091276795
1.99083134319
1.5329745634520082
1.2483083665790624
0.9356452993916696
0.6873257693466381
0.4915947916774198
5.211443611929002
4.219383137237447
3.3703196763738337
2.656807043325595
2.0670942952675193
1.5867614682827902
1.2888978559326991
0.9625828137035762
0.7042148237370061
0.5012234924218063
5.451660366874845
4.4026310504497035
3.507656243342739
2.7578321314416496
2.139874213689735
1.6379327872794667
1.3274161716403916
0.9880534240745401
0.720115659683917
0.5102416389721004