# ../data/BKevo/MVge_BKevo/mvge_33.dat
# N(r,Y=0), r, *FL(x,Q^2)
# 1e-05 < r < 100.0
# 1 < Q^2 < 50, n=15, lin grid
# 1e-5 < x < 1e-2, n=10, log grid
###
8.936579188280415e-09
1.1437545937964101e-08
1.4664450553176202e-08
1.8787762492454767e-08
2.4038060091414597e-08
3.0791846741632197e-08
3.943648056489053e-08
5.0439134811858206e-08
6.454908144128485e-08
8.263919085922005e-08
1.0565273758921613e-07
1.35073564627955e-07
1.7285338618044853e-07
2.2088967640515987e-07
2.8210539661717066e-07
3.608325496926276e-07
4.6087265778815836e-07
5.8795018544476e-07
7.516124198668199e-07
9.594423718679849e-07
1.2230850619943446e-06
1.5619218630216493e-06
1.992522125155299e-06
2.538343861887565e-06
3.237512190241884e-06
4.127062797081479e-06
5.253697120248439e-06
6.691989578583219e-06
8.523869611282582e-06
1.084187579822102e-05
1.3791031540911337e-05
1.75508620123982e-05
2.2303880955215867e-05
2.8330488659858466e-05
3.6020721047946845e-05
4.573305440376335e-05
5.800677494185416e-05
7.36833142813445e-05
9.346469266730349e-05
0.00011840182328325798
0.0001502475076635902
0.00019042976709703324
0.0002410598483995893
0.00030554914799176984
0.00038706061561183906
0.000489774875013669
0.0006203679502647316
0.0007858574964511821
0.000994599493908272
0.0012597878076055593
0.001597112745175743
0.0020234906498679205
0.0025653010030146787
0.003258000097084421
0.004136234944134228
0.005253178658343942
0.006689568702819907
0.008516645111612545
0.01084145711109462
0.013847396879040371
0.017679463087434247
0.02256147673530485
0.02886654817111958
0.03691510213882538
0.04715065230106332
0.06028255817417204
0.07697958083066692
0.09803855642169834
0.12464468302311066
0.15795765557167615
0.1990873533033767
0.24940473765532464
0.30994510423782545
0.3811364804363507
0.46265130051268116
0.551987133592217
0.6463496535646684
0.7406100121732647
0.824323166006624
0.8945076464750332
0.9469439397809792
0.9767713216292557
0.992077115832412
0.9982467307343781
0.9997059889264814
0.9999664312313681
0.9999984750071755
0.9999999783527154
0.9999999997032143
0.999999999998981
1.0
1.0
1.0
1.0
1.0
1.0
1.0
1.0
1.0
1.0
###
1e-05
1.1768119524349992e-05
1.3848863713938717e-05
1.6297508346206434e-05
1.917910261672489e-05
2.2570197196339216e-05
2.656087782946684e-05
3.1257158496882356e-05
3.678379771828634e-05
4.328761281083062e-05
5.0941380148163754e-05
5.994842503189409e-05
7.054802310718646e-05
8.302175681319735e-05
9.770099572992247e-05
0.00011497569953977356
0.00013530477745798074
0.00015922827933410923
0.0001873817422860383
0.00022051307399030456
0.00025950242113997375
0.0003053855508833416
0.00035938136638046257
0.0004229242874389499
0.0004977023564332109
0.0005857020818056661
0.0006892612104349695
0.0008111308307896872
0.0009545484566618337
0.0011233240329780276
0.0013219411484660286
0.0015556761439304723
0.0018307382802953678
0.002154434690031882
0.0025353644939701114
0.0029836472402833374
0.003511191734215131
0.004132012400115334
0.004862601580065354
0.005722367659350214
0.006734150657750821
0.007924828983539169
0.0093260334688322
0.010974987654930556
0.01291549665014884
0.01519911082952933
0.01788649529057435
0.0210490414451202
0.02477076355991709
0.029150530628251757
0.034304692863149154
0.040370172585965536
0.047508101621027934
0.05590810182512223
0.06579332246575675
0.0774263682681127
0.09111627561154886
0.10722672220103231
0.1261856883066021
0.14849682622544635
0.1747528400007683
0.20565123083486514
0.24201282647943834
0.2848035868435799
0.3351602650938841
0.3944206059437656
0.46415888336127725
0.5462277217684337
0.642807311728432
0.7564633275546291
0.8902150854450375
1.0476157527896641
1.232846739442066
1.4508287784959402
1.7073526474706886
2.009233002565046
2.364489412645407
2.782559402207126
3.274549162877725
3.8535285937105273
4.534878508128582
5.3366992312063015
6.280291441834247
7.390722033525775
8.697490026177835
10.235310218990248
12.045035402587812
14.174741629268048
16.68100537200059
19.630406500402685
23.10129700083158
27.1858824273294
31.992671377973846
37.64935806792464
44.30621457583877
52.14008287999685
61.35907273413163
72.20809018385457
84.97534359086438
100.0
###
0.2923461892508699
0.2714667287187945
0.24983986055057064
0.2281672008838996
0.20700214866182903
0.1869047210203051
0.17276164531070962
0.1553613541531951
0.13974616241156845
0.125954213405264
1.0992737002770459
0.9754909627875953
0.8554249413601219
0.7422867518739211
0.6379811080925929
0.5439373671231662
0.48042704320114915
0.405014404797532
0.3397004546434013
0.2835731600520771
1.7252597385756
1.5006811819639487
1.2887678579274504
1.094199807176524
0.9191349087940777
0.7647683847668507
0.6625784178795511
0.5432461377297845
0.44172741380092984
0.3559745811943857
2.2629939502490415
1.9429929384389464
1.6463101220047598
1.3784006691251545
1.141076123953313
0.934876735790039
0.799966804586821
0.6443358173674605
0.5135708321571243
0.40446134589093036
2.7439702856777823
2.333437935373024
1.957638722876992
1.6224096195578095
1.3288227544628624
1.0765631673791531
0.9128877979471869
0.7257417230943616
0.5700860788608633
0.44138890664062813
3.184006081170832
2.6870959812071975
2.2368181401366325
1.8389361772222115
1.4936343789408324
1.1994484656647222
1.0099385078492837
0.7947344665703729
0.6171233297913167
0.47145978767034014
3.5925093753449397
3.012860817171573
2.491907759185262
2.0351749213524974
1.6417350772305508
1.3088655767463768
1.0957322531982399
0.855081941512247
0.6577213712308041
0.49695908362288066
3.9756619474839168
3.3163894317566225
2.728051802758597
2.2156193484253586
1.7769666241540867
1.4080452099847027
1.173040667550937
0.9089286055974586
0.6936078466529274
0.5192013112004104
4.337805417025944
3.6016925546352323
2.9487788206411905
2.3833254582471333
1.9019148095671876
1.4991127370200223
1.243659212829683
0.957817480025793
0.7258786654695178
0.5389843762166384
4.682158708928268
3.8716634980003355
3.156637158156498
2.540511963051909
2.0184129028112845
1.5835704937878583
1.3088733927185616
1.002658203202363
0.7552811741449932
0.5568469041746051
5.01112381734719
4.128471926644987
3.3535397790294468
2.688742699813756
2.127813154905744
1.662517733009667
1.3695993238182942
1.044191649792305
0.7823467633552359
0.5731651773745421
5.326605920789766
4.373871772431871
3.5409670381627727
2.8292981026406276
2.231144088474465
1.7367793831117018
1.4265393506494273
1.0829490688320544
0.807472356148745
0.5882153811322721
5.6300825680069675
4.609201393588764
3.7200930721762577
2.963190994513641
2.329210256548416
1.8070004063634015
1.4802249735463524
1.1193381173532775
0.8309444944228075
0.6021977742630615
5.923015833562097
4.835570583458935
3.8918669928338416
3.09116771966159
2.422680161491607
1.873693792144956
1.5310805454034841
1.1536792488156542
0.8530026016204287
0.6152737816218637
6.206522576797963
5.053897305283903
4.057071493043409
3.213897868426083
2.5120405273914472
1.9372685540686307
1.5794481524127637
1.186229291440973
0.8738389114163616
0.6275672736188148