# ../data/BKevo/MV2g_BKevo/mv2g_53.dat
# N(r,Y=0), r, *FL(x,Q^2)
# 1e-05 < r < 100.0
# 1 < Q^2 < 50, n=15, lin grid
# 1e-5 < x < 1e-2, n=10, log grid
###
8.490265733786647e-05
9.552227016435944e-05
0.00010739854290851424
0.00012074771714801048
0.00013577596231945113
0.00015259388763360856
0.00017146051741594875
0.00019268578823377505
0.00021645418406381439
0.00024306285673027616
0.00027297576701563374
0.0003064935785041578
0.00034393454056878505
0.00038599032922688936
0.0004331421660896659
0.0004856901085730429
0.000544661148685413
0.0006108142257169592
0.0006843535657082827
0.0007667979061379358
0.0008592222640774872
0.0009619146579758421
0.0010767905594234056
0.0012054201809695133
0.001348361403788809
0.0015078197529884742
0.0016861297091249644
0.0018842862553974616
0.002104669711626118
0.0023507281694890225
0.002624147219832284
0.002927212165391096
0.0032649827094795676
0.0036402136370416644
0.004054560926376573
0.004515400250136469
0.005027113308933521
0.005589755730750263
0.006214007425317243
0.00690628172174854
0.007664584047726827
0.008503054571695574
0.009430090788813865
0.010443759237081763
0.011558700741808255
0.012787019567554906
0.014127164741979068
0.015592222714171213
0.01719950916902588
0.01894847293390824
0.020847073163206647
0.02292002865675777
0.025169046739187767
0.027591558211012376
0.03022317989320977
0.03307069128823446
0.03611465333163986
0.03940813044345989
0.042969984080630554
0.046762588738483386
0.05087171457404423
0.0553387952721914
0.06016452021800293
0.06548430938975128
0.07143713575391755
0.07820514177584077
0.08613847263900046
0.09572305241325099
0.10779802952920856
0.12360095041438036
0.1447330523217468
0.17393104560229855
0.21489303258828718
0.2707193601958257
0.34450746324013376
0.4349109111759293
0.5318138653991565
0.6179685505849174
0.6706821182470306
0.6988814264357791
0.7165679639298158
0.7329410432430696
0.7504321597529986
0.769084330472216
0.7884787613364818
0.8086448381939437
0.8294843565272737
0.850351709238181
0.8710040566267727
0.8913192536447565
0.9105441638553807
0.9281827466518545
0.9443032511112492
0.9583617052503202
0.9698667996769057
0.979305770159496
0.9866254367885015
0.9916702566338437
0.9952071754626295
0.9975226078168715
###
1e-05
1.1768119524349992e-05
1.3848863713938717e-05
1.6297508346206434e-05
1.917910261672489e-05
2.2570197196339216e-05
2.656087782946684e-05
3.1257158496882356e-05
3.678379771828634e-05
4.328761281083062e-05
5.0941380148163754e-05
5.994842503189409e-05
7.054802310718646e-05
8.302175681319735e-05
9.770099572992247e-05
0.00011497569953977356
0.00013530477745798074
0.00015922827933410923
0.0001873817422860383
0.00022051307399030456
0.00025950242113997375
0.0003053855508833416
0.00035938136638046257
0.0004229242874389499
0.0004977023564332109
0.0005857020818056661
0.0006892612104349695
0.0008111308307896872
0.0009545484566618337
0.0011233240329780276
0.0013219411484660286
0.0015556761439304723
0.0018307382802953678
0.002154434690031882
0.0025353644939701114
0.0029836472402833374
0.003511191734215131
0.004132012400115334
0.004862601580065354
0.005722367659350214
0.006734150657750821
0.007924828983539169
0.0093260334688322
0.010974987654930556
0.01291549665014884
0.01519911082952933
0.01788649529057435
0.0210490414451202
0.02477076355991709
0.029150530628251757
0.034304692863149154
0.040370172585965536
0.047508101621027934
0.05590810182512223
0.06579332246575675
0.0774263682681127
0.09111627561154886
0.10722672220103231
0.1261856883066021
0.14849682622544635
0.1747528400007683
0.20565123083486514
0.24201282647943834
0.2848035868435799
0.3351602650938841
0.3944206059437656
0.46415888336127725
0.5462277217684337
0.642807311728432
0.7564633275546291
0.8902150854450375
1.0476157527896641
1.232846739442066
1.4508287784959402
1.7073526474706886
2.009233002565046
2.364489412645407
2.782559402207126
3.274549162877725
3.8535285937105273
4.534878508128582
5.3366992312063015
6.280291441834247
7.390722033525775
8.697490026177835
10.235310218990248
12.045035402587812
14.174741629268048
16.68100537200059
19.630406500402685
23.10129700083158
27.1858824273294
31.992671377973846
37.64935806792464
44.30621457583877
52.14008287999685
61.35907273413163
72.20809018385457
84.97534359086438
100.0
###
0.38617945506602086
0.37575773137723023
0.3571931974908923
0.3281330489801044
0.2887853091253998
0.2428554746237091
0.2076719675615725
0.16440882547299226
0.1284565410800246
0.10080526963598048
1.829748251331827
1.7399289726099285
1.5978160186456718
1.4002355965391071
1.1612849499883808
0.9095781883599234
0.731422193318415
0.5262600922400043
0.3662905284171962
0.24930611831685598
3.2318345239497224
3.0369254703063215
2.7437408444830527
2.3559243276261026
1.9083834373611175
1.4562788776489604
1.146309462561843
0.7985745409063659
0.534134758403955
0.3447488395581234
4.604297971046586
4.290617447886611
3.833925045547731
3.2488927933416747
2.59358080706226
1.9488840521109758
1.5156625986690384
1.037596896627241
0.6797941559326687
0.4270229359707044
5.953696355234857
5.512020551146323
4.884054846242558
4.098788432111424
3.2378842643217594
2.4071385213583447
1.8569809895888225
1.2570311398928251
0.813169441896393
0.5028042038868547
7.283968524795578
6.7074286807375305
5.903282215724549
4.915736970514966
3.8518954777365444
2.840564963921372
2.1783452535328576
1.4628713047830113
0.9382549003162134
0.5743303286120586
8.597816344654802
7.880868485792598
6.896637849265243
5.706308501338004
4.441991505932567
3.254741434538436
2.4844288049662575
1.6584088932733145
1.0571509629485154
0.6427242422748456
9.897231430477257
9.035395265244944
7.868306348680013
6.474771408611673
5.012379842847472
3.653233908913671
2.7781812517142273
1.8457698100208801
1.1711295599949259
0.7086304913444557
11.183710712038735
10.17323896440296
8.820818632497637
7.224242847079094
5.565963669644034
4.0385917497152874
3.061817343871965
2.0263236746470494
1.2810594726906528
0.7724693946328305
12.458454986351382
11.29613996388555
9.756629393207422
7.957619630051526
6.105216527366914
4.412690333615075
3.336625962518234
2.2011121384955663
1.3875563251865093
0.8345908111336907
13.722444365410805
12.405503474690958
10.677407936961515
8.676142705023585
6.63178271691407
4.776961883697217
3.6037263625757645
2.370907968206459
1.4910784603762754
0.8951371941181112
14.976496139787683
13.50255253605881
11.584570537157154
9.381377602910202
7.147049661307504
5.132547415454365
3.864039251916956
2.536313957514508
1.5919827393169217
0.9543164259991787
16.221303414631688
14.588125419375254
12.479292111510702
10.074506057593767
7.652146317879456
5.48033708816862
4.118489912724881
2.697811930153507
1.6905522996166893
1.012267756926702
17.457462444983896
15.663112745424145
13.362563424241507
10.7567645228632
8.148024378616983
5.82109270668523
4.367636026610822
2.8566775661457124
1.7870151483379282
1.0691055974670323
18.685492206620935
16.727891343915456
14.23523129033599
11.429092034732315
8.635439626937709
6.155442533211487
4.611792696121059
3.010552258490446
1.881566712368259
1.1249421679137972