# datat/BKevo/MVg_BKevo/mvg40.dat
# N(r,Y=0), r, *FL(x,Q^2)
# 1e-05 < r < 100.0
# 1 < Q^2 < 50, n=15, log grid
# 1e-5 < x < 1e-2, n=10, log grid
###
8.11017014915463e-11
1.1063541858063891e-10
1.515603367974194e-10
2.0730745355095557e-10
2.8276980691095597e-10
3.868258423287409e-10
5.290566245161598e-10
7.215352920540572e-10
9.856217525528151e-10
1.3478320229301742e-09
1.8378480333352943e-09
2.5067424445582876e-09
3.427304599118275e-09
4.672217931542749e-09
6.362761113382418e-09
8.69724019730666e-09
1.1852859859975521e-08
1.6115380779485264e-08
2.2021178664883865e-08
3.000019830047651e-08
4.075869419234648e-08
5.5620718020704445e-08
7.574041432667671e-08
1.028513884484126e-07
1.4010767073714804e-07
1.906866046232621e-07
2.587900779702809e-07
3.518776903212146e-07
4.785966106396128e-07
6.490724386706243e-07
8.808065348820292e-07
1.1970757827752484e-06
1.6221215762702694e-06
2.1966337093059124e-06
2.9825990445642967e-06
4.037624034832315e-06
5.4553412860414844e-06
7.399035032463107e-06
1.0004443368473223e-05
1.3489366300676495e-05
1.8264524803002508e-05
2.466121306869702e-05
3.320241227657e-05
4.4832548533478006e-05
6.043239010768771e-05
8.121949069948828e-05
0.00010933856060319532
0.00014708886041657083
0.00019727035534403833
0.000264684579114094
0.00035522260111041945
0.00047523289897766143
0.0006352928252058923
0.0008502032895925655
0.0011341287615088105
0.0015099541980088485
0.0020141035142280735
0.0026776214717664747
0.003549061348145427
0.004716129180934222
0.006245577560949442
0.008244620919108728
0.010900743999715624
0.014373487783747672
0.018890753171344254
0.024838541778790982
0.03259247461506198
0.04262080584187742
0.05568893624492602
0.07263151423517895
0.09434547605791448
0.12221069924802108
0.15782027662551462
0.2025372902274161
0.25815890012250675
0.3263266447981678
0.40746025877626857
0.5011380666966331
0.6031571758979394
0.7085264621706483
0.8093390876236082
0.8900445107970026
0.9479509055345832
0.9821693989234894
0.9953914338015455
0.999205980801962
0.999941666251294
0.9999985049854857
0.9999999727965992
0.9999999998914967
0.9999999999999989
1.0
1.0
1.0
1.0
1.0
1.0
1.0
1.0
1.0
###
1e-05
1.1768119524349992e-05
1.3848863713938717e-05
1.6297508346206434e-05
1.917910261672489e-05
2.2570197196339216e-05
2.656087782946684e-05
3.1257158496882356e-05
3.678379771828634e-05
4.328761281083062e-05
5.0941380148163754e-05
5.994842503189409e-05
7.054802310718646e-05
8.302175681319735e-05
9.770099572992247e-05
0.00011497569953977356
0.00013530477745798074
0.00015922827933410923
0.0001873817422860383
0.00022051307399030456
0.00025950242113997375
0.0003053855508833416
0.00035938136638046257
0.0004229242874389499
0.0004977023564332109
0.0005857020818056661
0.0006892612104349695
0.0008111308307896872
0.0009545484566618337
0.0011233240329780276
0.0013219411484660286
0.0015556761439304723
0.0018307382802953678
0.002154434690031882
0.0025353644939701114
0.0029836472402833374
0.003511191734215131
0.004132012400115334
0.004862601580065354
0.005722367659350214
0.006734150657750821
0.007924828983539169
0.0093260334688322
0.010974987654930556
0.01291549665014884
0.01519911082952933
0.01788649529057435
0.0210490414451202
0.02477076355991709
0.029150530628251757
0.034304692863149154
0.040370172585965536
0.047508101621027934
0.05590810182512223
0.06579332246575675
0.0774263682681127
0.09111627561154886
0.10722672220103231
0.1261856883066021
0.14849682622544635
0.1747528400007683
0.20565123083486514
0.24201282647943834
0.2848035868435799
0.3351602650938841
0.3944206059437656
0.46415888336127725
0.5462277217684337
0.642807311728432
0.7564633275546291
0.8902150854450375
1.0476157527896641
1.232846739442066
1.4508287784959402
1.7073526474706886
2.009233002565046
2.364489412645407
2.782559402207126
3.274549162877725
3.8535285937105273
4.534878508128582
5.3366992312063015
6.280291441834247
7.390722033525775
8.697490026177835
10.235310218990248
12.045035402587812
14.174741629268048
16.68100537200059
19.630406500402685
23.10129700083158
27.1858824273294
31.992671377973846
37.64935806792464
44.30621457583877
52.14008287999685
61.35907273413163
72.20809018385457
84.97534359086438
100.0
###
0.2365278072046719
0.2133612815409098
0.19073764568401114
0.16917789201958322
0.14909974667110878
0.13075304261223664
0.11820931397941915
0.1031243168445982
0.08987566823199573
0.07829474317429577
0.7963345394263381
0.6831044297976483
0.5793620952876821
0.4862683530750173
0.4042253514676294
0.3330083608016251
0.2862777366832477
0.23216343740353124
0.18635274933552842
0.14775852842498996
1.192731592787313
1.002093263309211
0.8318786993887345
0.682804200646944
0.5544385165319532
0.4454181124182771
0.3751995160900166
0.2953084885451603
0.22905925270075944
0.17434391008528982
1.518258053851131
1.2589111707328111
1.0310483415301555
0.834522120749882
0.6677481263098345
0.5280526602809493
0.4391905820481138
0.3392468125120951
0.2575012734042303
0.19095997750285992
1.800823964043021
1.4789585137813848
1.1994250294235846
0.961008501834467
0.7608109725654092
0.594837123938223
0.49018862511415945
0.3735245014778525
0.27909495576656956
0.20307440991482054
2.0536063333301753
1.6739286429013556
1.347151233910545
1.0708574566869518
0.8407545730300913
0.6515256620544103
0.5330596177316678
0.4018896853031028
0.2966192527949164
0.21262548568066494
2.2841231599232668
1.8503818270673555
1.4798136638043922
1.168710319045687
0.9113666217318388
0.7011487422423489
0.5702773523917231
0.42623012409484246
0.3114301059821151
0.22050113605314325
2.4971609632306024
2.0123908474911913
1.6008803085500682
1.2574236368007021
0.9749376701506207
0.7454715159294415
0.603320588412594
0.4476315461069586
0.3242944275602594
0.22725468827480633
2.6959840099896693
2.1628376791930455
1.7126761226568052
1.3388879899289146
1.032976066451675
0.7856802503129345
0.6331339210441862
0.466793363177321
0.3356900426710451
0.2331327837358837
2.882982818917702
2.3036800258195815
1.8168782011405287
1.4144284580631412
1.0865203147260722
0.8225637525227268
0.6603641244204808
0.48416518497580574
0.3459356841805002
0.23835040661245285
3.059914122711724
2.436403440623932
1.9146657718123348
1.4850421775745677
1.136336844583128
0.8567181837689335
0.6854793090340838
0.5000871648123205
0.3552542050529812
0.24304379243341961
3.2281469488147447
2.5622479012417063
2.006962886721759
1.5514392535089863
1.1829998860497328
0.8885728223227345
0.7088167030788567
0.5148039673603984
0.3638100220071861
0.24731043404263148
3.388845996817278
2.681937530578594
2.0945099783800774
1.6142059629812562
1.2269539920012587
0.9184619347813084
0.7306382820135933
0.5285014458453345
0.3717246309498929
0.2512230712208503
3.5427162485593837
2.7962646435594953
2.1778892546736333
1.6738105347850996
1.2685513693571837
0.9466489230196118
0.7511621688356779
0.5413244650633408
0.3790933259250755
0.2548346890840651
3.6905878090201427
2.9058278490566023
2.257574930833487
1.7305579024322004
1.3080763012480163
0.9733453441195596
0.7705659484840032
0.5533881941757203
0.3859909670912917
0.25819299340449636