# ../data/BKevo/MV2g_BKevo/mv2g_75.dat
# N(r,Y=0), r, *FL(x,Q^2)
# 1e-05 < r < 100.0
# 1 < Q^2 < 50, n=15, lin grid
# 1e-5 < x < 1e-2, n=10, log grid
###
6.180861900849432e-09
7.910703791829322e-09
1.0142696526346372e-08
1.2994772756844823e-08
1.6626454305998803e-08
2.1298236836265493e-08
2.7278140017097412e-08
3.488942309534336e-08
4.4650590167600175e-08
5.716572690584307e-08
7.308768348191114e-08
9.344356211366761e-08
1.195845036109315e-07
1.5282420510005444e-07
1.9518663878391808e-07
2.4967210161796113e-07
3.189137546182186e-07
4.0687736047147665e-07
5.20179311226723e-07
6.640753598925263e-07
8.466383584702722e-07
1.0813106252020464e-06
1.3795861784032139e-06
1.7577420141885138e-06
2.2422476625038887e-06
2.8588234054549233e-06
3.6399117607091004e-06
4.637353318010006e-06
5.9081247469933545e-06
7.516597684726868e-06
9.563727138800502e-06
1.2174554108942133e-05
1.5476212293226298e-05
1.9664152267462307e-05
2.5010411908281216e-05
3.176492268653895e-05
4.030384338076943e-05
5.121431603434207e-05
6.498553761506408e-05
8.234984055632082e-05
0.00010452788690535577
0.00013251129926232622
0.00016776476591673904
0.00021264783423102928
0.00026933792286081156
0.00034070379284642304
0.0004312969768316964
0.0005458659450305696
0.0006900304263401161
0.0008725717690840026
0.001103815312740768
0.0013948061628324742
0.0017625426006762166
0.002229527208647294
0.0028176339490825356
0.0035600083012816766
0.004506122230599008
0.005699860231363684
0.007206617415207539
0.009136926534291934
0.011580465642357396
0.014675220496795533
0.01865277775900979
0.023721105576541095
0.03017314734820235
0.038496414422051456
0.04918516234721279
0.06286118683001385
0.08053585795058127
0.10333585644343567
0.13247663109680238
0.1697806803531119
0.21723840630894609
0.2763069960021111
0.3484179464347017
0.4333746324056859
0.5286511390056132
0.6289246843889035
0.721963305159977
0.8022663470741376
0.8656375110624193
0.9097838504470157
0.9434013156628289
0.9687873593843677
0.9848693591706086
0.9939538187275058
0.9982616755001742
0.999629628040312
0.9999405762257868
0.9999952229629185
0.99999986789984
0.9999999963551016
0.9999999999667734
0.9999999999999958
1.0
1.0
1.0
1.0
1.0
1.0
###
1e-05
1.1768119524349992e-05
1.3848863713938717e-05
1.6297508346206434e-05
1.917910261672489e-05
2.2570197196339216e-05
2.656087782946684e-05
3.1257158496882356e-05
3.678379771828634e-05
4.328761281083062e-05
5.0941380148163754e-05
5.994842503189409e-05
7.054802310718646e-05
8.302175681319735e-05
9.770099572992247e-05
0.00011497569953977356
0.00013530477745798074
0.00015922827933410923
0.0001873817422860383
0.00022051307399030456
0.00025950242113997375
0.0003053855508833416
0.00035938136638046257
0.0004229242874389499
0.0004977023564332109
0.0005857020818056661
0.0006892612104349695
0.0008111308307896872
0.0009545484566618337
0.0011233240329780276
0.0013219411484660286
0.0015556761439304723
0.0018307382802953678
0.002154434690031882
0.0025353644939701114
0.0029836472402833374
0.003511191734215131
0.004132012400115334
0.004862601580065354
0.005722367659350214
0.006734150657750821
0.007924828983539169
0.0093260334688322
0.010974987654930556
0.01291549665014884
0.01519911082952933
0.01788649529057435
0.0210490414451202
0.02477076355991709
0.029150530628251757
0.034304692863149154
0.040370172585965536
0.047508101621027934
0.05590810182512223
0.06579332246575675
0.0774263682681127
0.09111627561154886
0.10722672220103231
0.1261856883066021
0.14849682622544635
0.1747528400007683
0.20565123083486514
0.24201282647943834
0.2848035868435799
0.3351602650938841
0.3944206059437656
0.46415888336127725
0.5462277217684337
0.642807311728432
0.7564633275546291
0.8902150854450375
1.0476157527896641
1.232846739442066
1.4508287784959402
1.7073526474706886
2.009233002565046
2.364489412645407
2.782559402207126
3.274549162877725
3.8535285937105273
4.534878508128582
5.3366992312063015
6.280291441834247
7.390722033525775
8.697490026177835
10.235310218990248
12.045035402587812
14.174741629268048
16.68100537200059
19.630406500402685
23.10129700083158
27.1858824273294
31.992671377973846
37.64935806792464
44.30621457583877
52.14008287999685
61.35907273413163
72.20809018385457
84.97534359086438
100.0
###
0.2681568585908704
0.24508246443699822
0.22184616334280846
0.1991168165619641
0.17749749711291743
0.15745191212216197
0.14360561388242513
0.12684703040852688
0.11205620686824325
0.09916939497100266
0.96405116059591
0.8390936982738639
0.7212376749671946
0.6129533481433651
0.5156704426665867
0.4300383628526171
0.3732820737956917
0.30704443370449885
0.2506616499662136
0.20293709705853297
1.485387516981861
1.2663745897951328
1.065346337688833
0.8853256335160408
0.7274705842304343
0.5914598488921687
0.5030419549447277
0.40158209315171856
0.3168552491995717
0.24640925269955632
1.9258938751981085
1.6203640323148532
1.344739788704692
1.1018499595507396
0.8920362415761712
0.7139598225769923
0.5995218951187181
0.46977265479425057
0.3627780598605699
0.27501053001188364
2.3157326439858497
1.9296031317770574
1.5856111741246504
1.286013952873634
1.0301581126739336
0.8151482286308943
0.6782532088964209
0.5243763842975891
0.3987729171567635
0.29678623931375075
2.6696306562050403
2.20765000418671
1.8001031940122507
1.4484042194771767
1.1506600546609893
0.9025207366315608
0.7456505605036424
0.5705418600992199
0.4287611901418667
0.31461272041347943
2.9961878170337193
2.4622784542457063
1.995032573506794
1.5948659882846141
1.258485393305599
0.9800903761679879
0.8050831026624599
0.6108664323474592
0.45468832007387733
0.32984494388623553
3.300905958646524
2.6984718995864023
2.1747329453024604
1.7290345311566158
1.3566371570045532
1.0502055425782317
0.858539644536979
0.6468832066616909
0.47766327965915395
0.3432328447202563
3.5877794272139454
2.919620852314935
2.342114972991578
1.8533743559488067
1.4470977669191258
1.114461985971288
0.9073502837236697
0.6795604751725637
0.49838070270473267
0.3552345765805571
3.8595786263951246
3.1281994596758285
2.499273159035563
1.9695915342927774
1.5312656266062212
1.1739785810848757
0.9523720076622754
0.7095654813091334
0.5173103062463366
0.3661520889047708
4.118358127642426
3.3261098397150635
2.647805177456629
2.0789613194118717
1.6101670835363204
1.2295473581813874
0.9942760269181455
0.7373756078271074
0.534783580193447
0.37619695178576795
4.365977051591008
3.5146985153653696
2.788843051975792
2.1824747092709895
1.684581251936156
1.2817664809390106
1.0335497949398984
0.7633495229737336
0.5510438164958268
0.3855210296817859
4.603660488403218
3.6951453724635983
2.923368328443282
2.280900300745318
1.7551155283168596
1.3311078406022436
1.0705690207912166
0.7877252777563232
0.5662782826849829
0.3942378781796443
4.832617808914949
3.868374823627223
3.0521449024379463
2.3748540914379155
1.8222541977551716
1.3779401647111291
1.1056302912577514
0.8107972506230634
0.5806285015989171
0.40243597471173426
5.053350235319156
4.035147249182772
3.175817319465343
2.46483840533844
1.8863903609128336
1.4225626377389453
1.1389722452838777
0.8326698394689338
0.5942096715690734
0.4101846635701327