# ../data/BKevo/MV2g_BKevo/mv2g_100.dat
# N(r,Y=0), r, *FL(x,Q^2)
# 1e-05 < r < 100.0
# 1 < Q^2 < 50, n=15, lin grid
# 1e-5 < x < 1e-2, n=10, log grid
###
5.551115123125783e-17
5.551115123125783e-17
1.110223024625157e-16
1.7326321810188395e-16
2.712640982368365e-16
4.883826938865535e-16
8.079906409090644e-16
1.3145739909898028e-15
2.1974937439796816e-15
3.638576108023017e-15
5.995582594195788e-15
9.959164890453962e-15
1.6638228754209195e-14
2.7523784197309233e-14
4.544723996370076e-14
7.595495064947759e-14
1.2568073365117097e-13
2.0636344261384507e-13
3.456140135174493e-13
5.723252667013799e-13
9.389895366166125e-13
1.5684946396848566e-12
2.5993499595521256e-12
4.266982036893016e-12
7.099502722139836e-12
1.1774478795126934e-11
1.9338118801637747e-11
3.204440194922287e-11
5.318558646462036e-11
8.739240875858325e-11
1.4420664469759358e-10
2.3952476723973264e-10
3.937596697082081e-10
6.469450533518595e-10
1.0753725510047703e-09
1.7686518820246736e-09
2.8930936164166693e-09
4.8127715018967315e-09
7.919474765352373e-09
1.2915628717879834e-08
2.147251144840182e-08
3.535408257651769e-08
5.768054488962347e-08
9.552621633276009e-08
1.5740159638435003e-07
2.5695170319897457e-07
4.239694152349443e-07
6.993279288271017e-07
1.1426614237490662e-06
1.8789508150610407e-06
3.104083941054573e-06
5.079168847071443e-06
8.327457494083863e-06
1.3788884026086444e-05
2.261297989793152e-05
3.69921681660196e-05
6.146163639876798e-05
0.0001011350360667006
0.00016523922031042978
0.0002758970247949603
0.000456232219472384
0.0007487112719421722
0.001253142499034625
0.00208635163209413
0.0034472241551018745
0.005788232284709907
0.00971641971539938
0.016175834340132044
0.027219297797751642
0.045924778248963405
0.076490705065301
0.12697121750667353
0.20866400930955464
0.3298421279393422
0.4941739897717176
0.6789587582519725
0.8391990229826187
0.941480972740616
0.9834953497209413
0.9976110664451406
0.9999457941764891
0.9999996136745066
0.9999999995743015
0.9999999999999912
1.0
1.0
1.0
1.0
1.0
1.0
1.0
1.0
1.0
1.0
1.0
1.0
1.0
1.0
1.0
1.0
###
1e-05
1.1768119524349992e-05
1.3848863713938717e-05
1.6297508346206434e-05
1.917910261672489e-05
2.2570197196339216e-05
2.656087782946684e-05
3.1257158496882356e-05
3.678379771828634e-05
4.328761281083062e-05
5.0941380148163754e-05
5.994842503189409e-05
7.054802310718646e-05
8.302175681319735e-05
9.770099572992247e-05
0.00011497569953977356
0.00013530477745798074
0.00015922827933410923
0.0001873817422860383
0.00022051307399030456
0.00025950242113997375
0.0003053855508833416
0.00035938136638046257
0.0004229242874389499
0.0004977023564332109
0.0005857020818056661
0.0006892612104349695
0.0008111308307896872
0.0009545484566618337
0.0011233240329780276
0.0013219411484660286
0.0015556761439304723
0.0018307382802953678
0.002154434690031882
0.0025353644939701114
0.0029836472402833374
0.003511191734215131
0.004132012400115334
0.004862601580065354
0.005722367659350214
0.006734150657750821
0.007924828983539169
0.0093260334688322
0.010974987654930556
0.01291549665014884
0.01519911082952933
0.01788649529057435
0.0210490414451202
0.02477076355991709
0.029150530628251757
0.034304692863149154
0.040370172585965536
0.047508101621027934
0.05590810182512223
0.06579332246575675
0.0774263682681127
0.09111627561154886
0.10722672220103231
0.1261856883066021
0.14849682622544635
0.1747528400007683
0.20565123083486514
0.24201282647943834
0.2848035868435799
0.3351602650938841
0.3944206059437656
0.46415888336127725
0.5462277217684337
0.642807311728432
0.7564633275546291
0.8902150854450375
1.0476157527896641
1.232846739442066
1.4508287784959402
1.7073526474706886
2.009233002565046
2.364489412645407
2.782559402207126
3.274549162877725
3.8535285937105273
4.534878508128582
5.3366992312063015
6.280291441834247
7.390722033525775
8.697490026177835
10.235310218990248
12.045035402587812
14.174741629268048
16.68100537200059
19.630406500402685
23.10129700083158
27.1858824273294
31.992671377973846
37.64935806792464
44.30621457583877
52.14008287999685
61.35907273413163
72.20809018385457
84.97534359086438
100.0
###
0.2244396615719973
0.206066411405622
0.18904271585128574
0.1736312706733019
0.16000292563099022
0.14821172256448753
0.14057844633085037
0.13198596655850814
0.12515437638764093
0.12003437333668025
0.7069311086291821
0.6136155605720911
0.5300392849045584
0.45632023974749614
0.3920198598823846
0.33639698905804305
0.2998262440379276
0.2571456664437642
0.22052867410890012
0.18904907903035323
1.0247521086457159
0.8675713451864134
0.7295646602017355
0.6096291244187599
0.5064603853478988
0.41814323339160137
0.3604496708122271
0.29330813352509705
0.23563604985079992
0.18570283385262726
1.2761698642217298
1.063428508299414
0.8787695480964995
0.7203536676935345
0.5853856247822056
0.47099090025072565
0.3968182044048531
0.3111034070338162
0.23798293280757696
0.17504752865042258
1.489020176941944
1.226400884436546
1.0006499882019055
0.8087239346283305
0.646654268051844
0.51036526289916
0.4226515016066884
0.3220085922262011
0.23687269561571825
0.1642511421583796
1.6759072416664016
1.367747282738828
1.104950665700357
0.8831093985972109
0.6971725908345662
0.5419662869460247
0.4427157036411521
0.32960037060182873
0.23471499545082836
0.15454403059486413
1.8438337921009076
1.493539634939761
1.1967569858072091
0.9478115519078443
0.7404697590679223
0.5684951902853376
0.4591743214899109
0.33534296423323284
0.23229823330485955
0.14604028789642962
1.9971431234188954
1.607481538590651
1.2792028712664008
1.0053529164416497
0.7785246701388906
0.591455293326341
0.47316792383351813
0.3399433200573512
0.22990696438733355
0.13861003340613384
2.1387556864337114
1.7120410910023662
1.3543076921173678
1.0573575200192813
0.8125926041442705
0.6117590766329664
0.4853801101863737
0.3437886665101307
0.2276466701070519
0.13208825249896425
2.270774210334069
1.8089457116978622
1.4235123295884664
1.1049346705717968
0.8435126441970301
0.63000289316709
0.4962367766017494
0.34709879934685955
0.22554822000057864
0.12632650876450732
2.3946769395305756
1.899468587343703
1.4878008927526643
1.1488793322664572
0.8718945601259064
0.6466012760324892
0.5060358860751607
0.3500117980741997
0.22362208580399867
0.12120010792429374
2.5116756935328537
1.984556432636965
1.547950342040099
1.1897825402914368
0.8981422222222712
0.66185479419403
0.5149829670023652
0.3526306283896197
0.22185277558079047
0.11660770692664128
2.6226741127819206
2.0649628553784423
1.6045514142978727
1.2281248474514685
0.9226014108541815
0.6759816270325102
0.5232164611064902
0.3550140105783515
0.2202298523207348
0.11246489952876344
2.728384533536675
2.141280698118995
1.6580709562122866
1.2641985683475738
0.9455281886025265
0.6891536997876975
0.5308613513198689
0.35720751626139424
0.21873951915719242
0.10870997458695877
2.8294230440034656
2.2139446436261836
1.7088849456075865
1.2983270647118388
0.9671254010936348
0.7015039083034198
0.5380040602725112
0.3592444728509639
0.21736817569232017
0.10528847817576809