# ../data/BKevo/MV2g_BKevo/mv2g_84.dat
# N(r,Y=0), r, *FL(x,Q^2)
# 1e-05 < r < 100.0
# 1 < Q^2 < 50, n=15, lin grid
# 1e-5 < x < 1e-2, n=10, log grid
###
9.985073865777548e-05
0.00011233984769270953
0.00012630678095212105
0.00014200583186753585
0.00015967944033767534
0.0001794576415228076
0.00020164501728790735
0.0002266060163294057
0.0002545575113708478
0.000285848867215308
0.0003210256207457591
0.0003604411968157426
0.0004044696513590727
0.0004539242252158736
0.0005093705372052954
0.0005711609974557217
0.0006405030030815381
0.0007182885025650003
0.0008047566888002982
0.0009016929134354396
0.0010103602863980481
0.0011310956498620669
0.0012661501130695593
0.0014173681151415883
0.0015854022902474197
0.0017728431298072124
0.0019824319819148847
0.002215332693510656
0.0024743378476163903
0.0027634949865041852
0.0030847751059645085
0.0034408522324921027
0.003837663030228667
0.0042784271070610835
0.004765065330116397
0.005306227089563942
0.005907030137328037
0.006567488883646373
0.007300119562647004
0.008112402570106814
0.009001899064121171
0.00998515931989084
0.011071949309763197
0.012259836252739
0.013565886964029543
0.0150041447801379
0.016572511443106803
0.018286085274655823
0.020164884043245807
0.022207759986223152
0.02442347296044232
0.026840407290437882
0.02945954417251628
0.03227642808445803
0.03533135537036479
0.03862981448494058
0.04214480857774636
0.04593444834373248
0.05001414196751765
0.054326298220801844
0.05895962880265938
0.06394319905707467
0.06924051532311418
0.07497780419218249
0.08127355767505627
0.08827363098117252
0.09635396311118807
0.10609133620674954
0.1186183458871178
0.13586365491809516
0.16063347573808076
0.1982400966521638
0.2563348311573623
0.34040816961568177
0.4511135126225465
0.5670762868817744
0.6538319506921538
0.6953575707753791
0.7118262779363285
0.7271614342534773
0.7435836285328445
0.7608497613661999
0.7791570875455662
0.798447762495391
0.818193138652089
0.8383908577755204
0.8588954545948988
0.8789673857169863
0.8983431033224066
0.9169059566292747
0.9339082707773043
0.9489262701058396
0.9621257384513402
0.9731084722683625
0.9815926637189999
0.9881644679510053
0.9929275582878656
0.9959356274263463
0.9978751517543604
0.9990269459255775
###
1e-05
1.1768119524349992e-05
1.3848863713938717e-05
1.6297508346206434e-05
1.917910261672489e-05
2.2570197196339216e-05
2.656087782946684e-05
3.1257158496882356e-05
3.678379771828634e-05
4.328761281083062e-05
5.0941380148163754e-05
5.994842503189409e-05
7.054802310718646e-05
8.302175681319735e-05
9.770099572992247e-05
0.00011497569953977356
0.00013530477745798074
0.00015922827933410923
0.0001873817422860383
0.00022051307399030456
0.00025950242113997375
0.0003053855508833416
0.00035938136638046257
0.0004229242874389499
0.0004977023564332109
0.0005857020818056661
0.0006892612104349695
0.0008111308307896872
0.0009545484566618337
0.0011233240329780276
0.0013219411484660286
0.0015556761439304723
0.0018307382802953678
0.002154434690031882
0.0025353644939701114
0.0029836472402833374
0.003511191734215131
0.004132012400115334
0.004862601580065354
0.005722367659350214
0.006734150657750821
0.007924828983539169
0.0093260334688322
0.010974987654930556
0.01291549665014884
0.01519911082952933
0.01788649529057435
0.0210490414451202
0.02477076355991709
0.029150530628251757
0.034304692863149154
0.040370172585965536
0.047508101621027934
0.05590810182512223
0.06579332246575675
0.0774263682681127
0.09111627561154886
0.10722672220103231
0.1261856883066021
0.14849682622544635
0.1747528400007683
0.20565123083486514
0.24201282647943834
0.2848035868435799
0.3351602650938841
0.3944206059437656
0.46415888336127725
0.5462277217684337
0.642807311728432
0.7564633275546291
0.8902150854450375
1.0476157527896641
1.232846739442066
1.4508287784959402
1.7073526474706886
2.009233002565046
2.364489412645407
2.782559402207126
3.274549162877725
3.8535285937105273
4.534878508128582
5.3366992312063015
6.280291441834247
7.390722033525775
8.697490026177835
10.235310218990248
12.045035402587812
14.174741629268048
16.68100537200059
19.630406500402685
23.10129700083158
27.1858824273294
31.992671377973846
37.64935806792464
44.30621457583877
52.14008287999685
61.35907273413163
72.20809018385457
84.97534359086438
100.0
###
0.38840579949428106
0.38000740233030644
0.36447203448863497
0.3390698249771304
0.3031984201987777
0.259687943676018
0.22534696423787123
0.18224625753614976
0.1457765401681757
0.11744795594100874
1.8507455687299825
1.7753907447046138
1.651056803890758
1.4700614539126273
1.2412716823588181
0.9903719233501849
0.8070480359077588
0.591139882879521
0.41921540576315774
0.29186360092282077
3.279124683654273
3.112915101483407
2.851922604006399
2.4904372546904137
2.0543879983288504
1.5960273234057603
1.271608659645917
0.8992005762651213
0.6097531715229342
0.3992963580948671
4.682322102492182
4.412036920927305
4.000992016494168
3.449808605673753
2.8046906155567863
2.144729588189514
1.6870166646694853
1.1702755014435113
0.7750167705617919
0.4914164496711276
6.065611444238376
5.682004320854344
5.112334014387346
4.36680931677036
3.5131790883281706
2.6571086473783554
2.0721952438775695
1.4198224672308866
0.9267396661991073
0.5765641437469893
7.432257051900597
6.928338682887144
6.194329212292375
5.251150581118447
4.190396812854071
3.143076890618044
2.435756502868796
1.6544833850049918
1.0694525203673677
0.6574140559723027
8.784503904112068
8.154641930609024
7.251580292860533
6.109150951627386
4.8428097305728315
3.608421952044572
2.782731181494548
1.877846938566772
1.2054686911695096
0.7351325551557947
10.124005125490985
9.363532851605349
8.287886773941793
6.944977673908233
5.474730237046404
4.056894121439387
3.1163108825937047
2.0922027422189466
1.336164821688078
0.8103601802619271
11.452036663564945
10.556987457278844
9.305878898778472
7.761687081405845
6.089208387273985
4.491260408819904
3.438633972894752
2.2990885959633722
1.4624591570732248
0.8834993723215947
12.76948398348844
11.73656006053294
10.30752115171878
8.561572270122046
6.688559802289244
4.9134791595173075
3.751416257911085
2.4996110165131116
1.585012759631117
0.954828894821049
14.077436659980943
12.9035076742885
11.294518034063207
9.347333053914456
7.274573645154496
5.325026769956155
4.055853421491399
2.694612220925692
1.7043099844902652
1.0246196654699347
15.376475989507325
14.05887129404582
12.268206212184543
10.119060446600432
7.848678026818149
5.727543864272388
4.3529153159794225
2.884744900103068
1.8207302953632993
1.0929265707181586
16.667197815717703
15.203534111233592
13.229698451449924
10.878731942570047
8.411604628426332
6.121275940611016
4.64333094433025
3.0705847587435673
1.9346376868776745
1.1599269438556716
17.95011643621187
16.337982398065584
14.1800074162529
11.627177853258996
8.965150465989327
6.50752012593875
4.927841979721131
3.252405540357884
2.0460969331620125
1.2257431420645524
19.22572723196607
17.463281022518718
15.11966885982271
12.365334310963002
9.509736960016541
6.886647175724561
5.206935655448899
3.4307185434238394
2.155493988326163
1.2904612003329698