# ../data/BKevo/MV2g_BKevo/mv2g_83.dat
# N(r,Y=0), r, *FL(x,Q^2)
# 1e-05 < r < 100.0
# 1 < Q^2 < 50, n=15, lin grid
# 1e-5 < x < 1e-2, n=10, log grid
###
9.985073865783099e-05
0.00011233984769281722
0.0001263067809522595
0.00014200583186778907
0.0001596794403381006
0.00017945764152348462
0.00020164501728904967
0.0002266060163312944
0.00025455751137394556
0.0002858488672205054
0.00032102562075433835
0.000360441196830008
0.0004044696513828523
0.0004539242252552202
0.0005093705372700825
0.0005711609975641647
0.0006405030032609215
0.0007182885028593898
0.0008047566892932185
0.000901692914251492
0.0010103602877365562
0.0011310956520971444
0.0012661501167721134
0.001417368121216884
0.0015854023003504052
0.0017728431465530172
0.001982432009400112
0.002215332739020115
0.0024743379230834986
0.0027634951103901436
0.003084775310160139
0.0034408525712089494
0.003837663586259785
0.004278428019134951
0.004765066843205416
0.005306229572851658
0.005907034189875685
0.006567495605407343
0.007300130588530955
0.008112420490567812
0.009001928727888788
0.00998520793187286
0.011072028219111404
0.012259966113155269
0.013566099449969374
0.015004489049494548
0.016573074307212762
0.018287004121875297
0.02016636868594136
0.0222101691624314
0.024427392161465743
0.026846714771778978
0.0294696898262827
0.03229284821279683
0.03535763012035506
0.03867163070349609
0.042211970431972605
0.046041010138757284
0.050181480925519786
0.05459195001297308
0.0593756756689441
0.06458674565777378
0.0702401514782604
0.07650981342343144
0.08358416878838276
0.09173332599610722
0.10143503526499076
0.11335407781388067
0.12865891281443684
0.14901682038319072
0.17650813347590705
0.21454673763679122
0.26723076967131754
0.3369793536428916
0.4242133900095838
0.5205984223359293
0.6103008322121747
0.6757144325272444
0.7078179331867279
0.7268572277823837
0.7435819810660806
0.7608497603048031
0.7791570875454855
0.798447762495391
0.818193138652089
0.8383908577755204
0.8588954545948988
0.8789673857169863
0.8983431033224066
0.9169059566292747
0.9339082707773043
0.9489262701058396
0.9621257384513402
0.9731084722683625
0.9815926637189999
0.9881644679510053
0.9929275582878656
0.9959356274263463
0.9978751517543604
0.9990269459255775
###
1e-05
1.1768119524349992e-05
1.3848863713938717e-05
1.6297508346206434e-05
1.917910261672489e-05
2.2570197196339216e-05
2.656087782946684e-05
3.1257158496882356e-05
3.678379771828634e-05
4.328761281083062e-05
5.0941380148163754e-05
5.994842503189409e-05
7.054802310718646e-05
8.302175681319735e-05
9.770099572992247e-05
0.00011497569953977356
0.00013530477745798074
0.00015922827933410923
0.0001873817422860383
0.00022051307399030456
0.00025950242113997375
0.0003053855508833416
0.00035938136638046257
0.0004229242874389499
0.0004977023564332109
0.0005857020818056661
0.0006892612104349695
0.0008111308307896872
0.0009545484566618337
0.0011233240329780276
0.0013219411484660286
0.0015556761439304723
0.0018307382802953678
0.002154434690031882
0.0025353644939701114
0.0029836472402833374
0.003511191734215131
0.004132012400115334
0.004862601580065354
0.005722367659350214
0.006734150657750821
0.007924828983539169
0.0093260334688322
0.010974987654930556
0.01291549665014884
0.01519911082952933
0.01788649529057435
0.0210490414451202
0.02477076355991709
0.029150530628251757
0.034304692863149154
0.040370172585965536
0.047508101621027934
0.05590810182512223
0.06579332246575675
0.0774263682681127
0.09111627561154886
0.10722672220103231
0.1261856883066021
0.14849682622544635
0.1747528400007683
0.20565123083486514
0.24201282647943834
0.2848035868435799
0.3351602650938841
0.3944206059437656
0.46415888336127725
0.5462277217684337
0.642807311728432
0.7564633275546291
0.8902150854450375
1.0476157527896641
1.232846739442066
1.4508287784959402
1.7073526474706886
2.009233002565046
2.364489412645407
2.782559402207126
3.274549162877725
3.8535285937105273
4.534878508128582
5.3366992312063015
6.280291441834247
7.390722033525775
8.697490026177835
10.235310218990248
12.045035402587812
14.174741629268048
16.68100537200059
19.630406500402685
23.10129700083158
27.1858824273294
31.992671377973846
37.64935806792464
44.30621457583877
52.14008287999685
61.35907273413163
72.20809018385457
84.97534359086438
100.0
###
0.3884511343402829
0.38010738631984536
0.36466939092449313
0.3394525330945811
0.30378162856515845
0.26035552138609364
0.22604899406500917
0.1825448199100396
0.145432275714261
0.1162780247139318
1.8509568173634612
1.7760431210312706
1.6523801452153286
1.4726011495533613
1.2452938374448916
0.9956982014493139
0.8135680694801565
0.5978572487445972
0.42553295036608707
0.29725437369655316
3.279538839984499
3.1142115157958448
2.854335872978079
2.494971752551286
2.0614852308372242
1.605381380801348
1.283090992807093
0.9117029778205669
0.6224870491420734
0.4115593823283542
4.682940208018157
4.413823038440538
4.004357250217253
3.4561085022086466
2.8143558778993687
2.1573072594707488
1.7023766018755269
1.1872222948695001
0.7925668642765451
0.508691773161346
6.066431074858137
5.6843612690968435
5.116615902439463
4.374538730614428
3.5249969312361666
2.672295312439679
2.090597206000095
1.4402197301716264
0.9479149142834536
0.5974603986958349
7.433274903959433
6.931177869847427
6.199482182633879
5.260293628438089
4.204014991425308
3.1604204106560756
2.456660695593897
1.677633961629198
1.0934271185243996
0.6809523433492125
8.78571650097657
8.157945179254412
7.257557407842672
6.119531607607845
4.858245328548303
3.627778128334478
2.805775256453542
1.9032615109434556
1.2316483024055798
0.7606311087783539
10.12540905224622
9.367281253123712
8.294623365758472
6.956474381013023
5.491801945836448
4.077971936123195
3.1411388821853437
2.1195005626968104
1.3641228254290578
0.8373954338293775
11.453628648526044
10.561177332247537
9.313243787045655
7.774156795891791
6.107693301641486
4.513886188955733
3.465063569069081
2.3279787137211154
1.4918774396254812
0.9116870268993766
12.77126068884822
11.739733820674306
10.315483183797646
8.575842253668071
6.708357324214904
4.9367127897732255
3.7792195143961314
2.529870788137149
1.6156412139291365
0.9839116573840492
14.079395347802746
12.908333883209847
11.303175182183942
9.36197749363
7.295573395872361
5.350361262761436
4.084877385221208
2.7260615165293505
1.735957100677404
1.0543549284962321
15.378613887033856
14.064026429127368
12.277467424113313
10.134651849376933
7.870796795350159
5.753692131778742
4.383034625225769
2.9166357432575616
1.8532442463671708
1.1232126801698081
16.66951230234522
15.208984551694769
13.239539798323008
10.895094816580713
8.434898980418364
6.148471452788918
4.67439437287252
3.1039290147450305
1.9678352948734197
1.1906243394809142
17.952605032054283
16.343955986532904
14.190412055593162
11.644336632190663
8.989445280093534
6.535424866047249
4.9597953274370665
3.2866278284721755
2.0799994899383325
1.2567632899149752
19.22838757449122
17.469587558241322
15.130609890512469
12.383166320303289
9.534794139521637
6.915423980424386
5.239702869466534
3.4656858589413932
2.1899571467248844
1.3217287223589764