# ../data/BKevo/MV2g_BKevo/mv2g_99.dat
# N(r,Y=0), r, *FL(x,Q^2)
# 1e-05 < r < 100.0
# 1 < Q^2 < 50, n=15, lin grid
# 1e-5 < x < 1e-2, n=10, log grid
###
5.413864684590179e-13
7.868675059872929e-13
1.152176787943811e-12
1.6826512840792223e-12
2.445933812473271e-12
3.5742178488036558e-12
5.221091905642055e-12
7.5904698906083e-12
1.106855563014759e-11
1.617161073457758e-11
2.3512563103592518e-11
3.421192217728125e-11
4.99926063679063e-11
7.268985714851945e-11
1.0553022302471042e-10
1.5422298712384921e-10
2.242416663995552e-10
3.24794886735641e-10
4.746799348881395e-10
6.901457338910832e-10
9.988870552405882e-10
1.4573619527695666e-09
2.1185986885283666e-09
3.065666953310407e-09
4.462116821252415e-09
6.485243387970405e-09
9.381335278134145e-09
1.362062053625936e-08
1.978982109693533e-08
2.861518231167692e-08
4.143724115646557e-08
6.017865046408534e-08
8.696788581323537e-08
1.255899371132952e-07
1.822846250661898e-07
2.632472532196256e-07
3.7904789678893886e-07
5.49741396835564e-07
7.932206489885471e-07
1.139375086114763e-06
1.649801675044852e-06
2.377949056144922e-06
3.411676533519143e-06
4.9238889606857335e-06
7.08794434911743e-06
1.0155157796610236e-05
1.4605542383534903e-05
2.0993309728634284e-05
3.0030817570987038e-05
4.303567003758488e-05
6.175697985141439e-05
8.819792882843285e-05
0.00012593931793052085
0.00018045000440358912
0.0002573433528631052
0.0003663015140160784
0.0005244007039692472
0.0007474982695914669
0.0010619564165250488
0.001521927473292662
0.0021736907499673996
0.003096880049074232
0.004454451848440234
0.006408691479839982
0.00921708827708175
0.013408767021057406
0.019620945867730166
0.02878853053948621
0.0428321103842986
0.06447788785200846
0.09733095133256146
0.1481549795983533
0.2261792053857795
0.3378090266822831
0.48472851483897933
0.6452030673120998
0.7818880913508672
0.8735656039322909
0.9295741401818595
0.9688698194350213
0.9911229202516462
0.9981678099360151
0.999795928545696
0.9999943347903554
0.9999999653838698
0.9999999998944519
0.9999999999999735
1.0
1.0
1.0
1.0
1.0
1.0
1.0
1.0
1.0
1.0
1.0
1.0
1.0
###
1e-05
1.1768119524349992e-05
1.3848863713938717e-05
1.6297508346206434e-05
1.917910261672489e-05
2.2570197196339216e-05
2.656087782946684e-05
3.1257158496882356e-05
3.678379771828634e-05
4.328761281083062e-05
5.0941380148163754e-05
5.994842503189409e-05
7.054802310718646e-05
8.302175681319735e-05
9.770099572992247e-05
0.00011497569953977356
0.00013530477745798074
0.00015922827933410923
0.0001873817422860383
0.00022051307399030456
0.00025950242113997375
0.0003053855508833416
0.00035938136638046257
0.0004229242874389499
0.0004977023564332109
0.0005857020818056661
0.0006892612104349695
0.0008111308307896872
0.0009545484566618337
0.0011233240329780276
0.0013219411484660286
0.0015556761439304723
0.0018307382802953678
0.002154434690031882
0.0025353644939701114
0.0029836472402833374
0.003511191734215131
0.004132012400115334
0.004862601580065354
0.005722367659350214
0.006734150657750821
0.007924828983539169
0.0093260334688322
0.010974987654930556
0.01291549665014884
0.01519911082952933
0.01788649529057435
0.0210490414451202
0.02477076355991709
0.029150530628251757
0.034304692863149154
0.040370172585965536
0.047508101621027934
0.05590810182512223
0.06579332246575675
0.0774263682681127
0.09111627561154886
0.10722672220103231
0.1261856883066021
0.14849682622544635
0.1747528400007683
0.20565123083486514
0.24201282647943834
0.2848035868435799
0.3351602650938841
0.3944206059437656
0.46415888336127725
0.5462277217684337
0.642807311728432
0.7564633275546291
0.8902150854450375
1.0476157527896641
1.232846739442066
1.4508287784959402
1.7073526474706886
2.009233002565046
2.364489412645407
2.782559402207126
3.274549162877725
3.8535285937105273
4.534878508128582
5.3366992312063015
6.280291441834247
7.390722033525775
8.697490026177835
10.235310218990248
12.045035402587812
14.174741629268048
16.68100537200059
19.630406500402685
23.10129700083158
27.1858824273294
31.992671377973846
37.64935806792464
44.30621457583877
52.14008287999685
61.35907273413163
72.20809018385457
84.97534359086438
100.0
###
0.235170509668168
0.21594270792041942
0.19780593860243953
0.18110085198789128
0.16606374398069781
0.1528070125713205
0.14405325881650013
0.13395479776300268
0.12560695442244135
0.11894436041849153
0.7650755953206321
0.6656952438040576
0.5757653134097079
0.4957182732788035
0.42536204393654087
0.3642457890705057
0.3239078650403948
0.27674243679457494
0.23623312627793258
0.20142135939936984
1.125014499259667
0.9561114359592175
0.806299454762099
0.6753101241089464
0.5619755329740989
0.46476110025111156
0.4012333075987633
0.3274120255817161
0.26425200380814473
0.20991772864359895
1.4140738719237596
1.1837434521129466
0.9821278110419873
0.8080834244979915
0.6592653984713628
0.5328716581905789
0.45098805205259623
0.3565772543477492
0.27645812133296616
0.20802745470991021
1.661189546398506
1.3752909079478786
1.1275739848624275
0.9157543463505788
0.7362728558740655
0.5851680745527102
0.48797383335002975
0.3767487666430625
0.2831531028033276
0.203924957943116
1.8797236680295943
1.5427293906244408
1.2531775900770612
1.0074237229652745
0.8007288849653821
0.6279797904185764
0.5176079245067191
0.39212129593987755
0.2873868086937963
0.1996042936567387
2.0771926887922154
1.6926474380313485
1.364487167092428
1.0877736488218077
0.856512272419885
0.6644588707862268
0.5424558626730709
0.4045741149977919
0.2903445424652797
0.1953216590650725
2.258246645775779
1.8291319833571464
1.4650075215679639
1.1596850285883775
0.9059388072902479
0.6963799250558335
0.5639358426397021
0.4150624552737926
0.29256933041342403
0.19148333074014773
2.426155660574184
1.9548821377579226
1.5570125447907965
1.2250303256982678
0.9504711758935204
0.7248532662647396
0.5829120020848753
0.4241453174277455
0.294336898199236
0.1880096384991425
2.5831676536830437
2.0718768139630375
1.6420940033083338
1.2850786251414086
0.9911043028821281
0.7506160164924595
0.5999517574284589
0.4321825723827554
0.29580692740031733
0.18487367305618835
2.7309770049136617
2.1814698988140897
1.721411303129291
1.3407527878714267
1.0285483504370452
0.7741872559652123
0.6154399820026707
0.4393962185613981
0.29707046503140927
0.18203777469412996
2.8709262265615023
2.284768901976492
1.7958374315179328
1.3927460297817098
1.0633292442740407
0.7959474582919159
0.6296622597858486
0.4459574252742841
0.2981836246779138
0.1795756686506147
3.00403612596468
2.38261884843194
1.8660754892175393
1.4415898744053388
1.0958481478692461
0.8161823492983917
0.6428233208693953
0.451983208463158
0.299178452254788
0.1771178565838308
3.1310225108598484
2.475694828083976
1.932630285913021
1.4877039368991871
1.1264187747713625
0.835113390900778
0.6550852447595135
0.4575560372127879
0.3000915583090659
0.17497474535060017
3.2526255144960903
2.5645460358414573
1.995987617095323
1.5314254720884206
1.155301502201844
0.8529155826263907
0.6665753984553532
0.46275201205790106
0.3009357234509
0.17300386437110082