# datat/BKevo/MVg_BKevo/mvg44.dat
# N(r,Y=0), r, *FL(x,Q^2)
# 1e-05 < r < 100.0
# 1 < Q^2 < 50, n=15, log grid
# 1e-5 < x < 1e-2, n=10, log grid
###
0.0
0.0
0.0
0.0
0.0
0.0
0.0
0.0
0.0
5.1277915322807525e-17
1.110223024625157e-16
1.2269125321023755e-16
2.678908726396666e-16
4.958453904621156e-16
8.030669222352067e-16
1.4639308450431497e-15
2.5693526991354752e-15
4.469887194868065e-15
8.041077898159123e-15
1.4127038910387173e-14
2.4639377286664153e-14
4.4087675373369236e-14
7.796919753254319e-14
1.3618974095443397e-13
2.423231187570603e-13
4.2913996123869003e-13
7.502160793107346e-13
1.3274880510278609e-12
2.3537047447067108e-12
4.1175524602363384e-12
7.246205897059844e-12
1.2861682932660918e-11
2.2514442221108225e-11
3.9392670912494615e-11
6.99919751356646e-11
1.225868986958339e-10
2.1318747445166374e-10
3.791283459385875e-10
6.642860996579367e-10
1.1501832222069575e-09
2.042937288056713e-09
3.5803099706352736e-09
6.198133874132189e-09
1.0943389204339885e-08
1.917868227262889e-08
3.3188397814774204e-08
5.822668464544693e-08
1.020171645320897e-07
1.764193119988559e-07
3.0743697495546644e-07
5.383346327920798e-07
9.300131500125298e-07
1.6091455638689006e-06
2.815010766689321e-06
4.856541583350373e-06
8.339835925127925e-06
1.4570455653472316e-05
2.5094888282236768e-05
4.275622075826708e-05
7.458021876250074e-05
0.0001282053543352926
0.00021780602449925462
0.0003773504590233726
0.0006474631548178016
0.0010977780996726193
0.0018880892024692043
0.0032345522473094723
0.005474761686629458
0.009348022045170322
0.01598054537642342
0.026958423933182166
0.045517511101226274
0.07698484241666645
0.127527085478926
0.2074099840152364
0.32982995864725706
0.49589230059228434
0.692142587571864
0.8629676833590714
0.9648329051337864
0.9976299962228229
0.9999436204896872
0.9999997838806798
0.9999999999808132
1.0
1.0
1.0
1.0
1.0
1.0
1.0
1.0
1.0
1.0
1.0
1.0
1.0
1.0
1.0
1.0
###
1e-05
1.1768119524349992e-05
1.3848863713938717e-05
1.6297508346206434e-05
1.917910261672489e-05
2.2570197196339216e-05
2.656087782946684e-05
3.1257158496882356e-05
3.678379771828634e-05
4.328761281083062e-05
5.0941380148163754e-05
5.994842503189409e-05
7.054802310718646e-05
8.302175681319735e-05
9.770099572992247e-05
0.00011497569953977356
0.00013530477745798074
0.00015922827933410923
0.0001873817422860383
0.00022051307399030456
0.00025950242113997375
0.0003053855508833416
0.00035938136638046257
0.0004229242874389499
0.0004977023564332109
0.0005857020818056661
0.0006892612104349695
0.0008111308307896872
0.0009545484566618337
0.0011233240329780276
0.0013219411484660286
0.0015556761439304723
0.0018307382802953678
0.002154434690031882
0.0025353644939701114
0.0029836472402833374
0.003511191734215131
0.004132012400115334
0.004862601580065354
0.005722367659350214
0.006734150657750821
0.007924828983539169
0.0093260334688322
0.010974987654930556
0.01291549665014884
0.01519911082952933
0.01788649529057435
0.0210490414451202
0.02477076355991709
0.029150530628251757
0.034304692863149154
0.040370172585965536
0.047508101621027934
0.05590810182512223
0.06579332246575675
0.0774263682681127
0.09111627561154886
0.10722672220103231
0.1261856883066021
0.14849682622544635
0.1747528400007683
0.20565123083486514
0.24201282647943834
0.2848035868435799
0.3351602650938841
0.3944206059437656
0.46415888336127725
0.5462277217684337
0.642807311728432
0.7564633275546291
0.8902150854450375
1.0476157527896641
1.232846739442066
1.4508287784959402
1.7073526474706886
2.009233002565046
2.364489412645407
2.782559402207126
3.274549162877725
3.8535285937105273
4.534878508128582
5.3366992312063015
6.280291441834247
7.390722033525775
8.697490026177835
10.235310218990248
12.045035402587812
14.174741629268048
16.68100537200059
19.630406500402685
23.10129700083158
27.1858824273294
31.992671377973846
37.64935806792464
44.30621457583877
52.14008287999685
61.35907273413163
72.20809018385457
84.97534359086438
100.0
###
0.18691002740146553
0.16751093028897832
0.14979479442103458
0.13392078058685827
0.11993495203667762
0.1078376458403058
0.0998502060900649
0.09070134293218433
0.08308682164799677
0.07688269752085262
0.5489473099332292
0.46298197505981337
0.3876298925790341
0.32241464307258166
0.26641991116702507
0.2185622721885189
0.18733719204829458
0.15103366712953015
0.11986067375294107
0.09285775004688027
0.776353978332059
0.6385072621565283
0.5202296138789486
0.4197060794531187
0.33492574777336875
0.26367596959114015
0.21783640490867498
0.16525570166670067
0.12079244409228936
0.08287707246156593
0.9529260727456643
0.771512330946248
0.6179154185653243
0.48911503723766586
0.3818367324495406
0.29284961979462626
0.2362710448635174
0.17217270084788813
0.1188183375232785
0.07414697286785918
1.1007445049783668
0.8811524150367499
0.6970601483296248
0.5442313381153369
0.4182050994677288
0.3147468783138848
0.24960707317243586
0.17658376560140435
0.11670926549287215
0.06728446429572364
1.2295264477460068
0.9755815919262592
0.7644002461914978
0.5904778484787295
0.44822682793399016
0.3324465215205888
0.2601470220485295
0.1798226407133308
0.11468125823683457
0.06183329097422979
1.3445529178968836
1.0591958302782483
0.8234788387571457
0.630612447584908
0.4739636887538531
0.34739590845714996
0.2689130728766155
0.18240474136972198
0.11298660576493594
0.057403739362789065
1.4490651741254499
1.1346209615713085
0.8763538190619885
0.6662439146965609
0.4965978066651434
0.3603948490916645
0.27645635769928567
0.184572305332378
0.11152978675988295
0.05372722461040282
1.5452264048356197
1.2036102734039051
0.9244068090225002
0.6984009328204162
0.5168672027050417
0.3719330576505086
0.28310119443192
0.18645578561002266
0.110272712875978
0.050618592176809814
1.6345536071212488
1.2673568911696313
0.968575243527954
0.7277845947481965
0.5352687023281735
0.3823329531721755
0.2890546255463207
0.1881325886795809
0.10918031108230722
0.047949109306814904
1.7181624023486148
1.3267626486636317
1.0095367381400517
0.7548959720235145
0.5521530786448157
0.3918181377693597
0.29445999926211647
0.18965056011426287
0.10822420901090618
0.04562652724050543
1.7969002367602165
1.3824860472447869
1.0477983966145659
0.7801069131968759
0.5677780409856898
0.40055085521629935
0.29941839226894507
0.1910438776636867
0.10738142394367813
0.04358324601794163
1.8714279617822167
1.4350412450645869
1.0837505323594958
0.8037014858933714
0.582338718304461
0.4086526468342263
0.30400469476182196
0.19233529517395587
0.1066334535367819
0.04176831177556332
1.9422725500296416
1.484846117222522
1.1177008367396368
0.825902192676808
0.5959868095361157
0.41621706659260616
0.30827584439226785
0.19354211032557014
0.10596576661314097
0.04014299382023589
2.0098617965008296
1.5322201232501835
1.1498965584128653
0.846893971801382
0.6088426508009167
0.42331727639224825
0.31227653591229504
0.19467676123554667
0.10536635546297247
0.03867641032053461