# ../data/BKevo/MVge_BKevo/mvge_39.dat
# N(r,Y=0), r, *FL(x,Q^2)
# 1e-05 < r < 100.0
# 1 < Q^2 < 50, n=15, lin grid
# 1e-5 < x < 1e-2, n=10, log grid
###
4.713628254284561e-13
6.849896462468058e-13
1.0030536433635216e-12
1.4649300349648505e-12
2.1294482920777207e-12
3.1118070465781927e-12
4.5456739097788325e-12
6.6085862554881544e-12
9.636958545020257e-12
1.4080404691171533e-11
2.0472722991493423e-11
2.978988812990875e-11
4.353274091248215e-11
6.330031086782488e-11
9.190412923062678e-11
1.3432000036639868e-10
1.9531970687302635e-10
2.8293237117136145e-10
4.1355361846407897e-10
6.013637994221056e-10
8.705385042883185e-10
1.2703884466879727e-09
1.847271874052186e-09
2.6738468207948537e-09
3.893294075616663e-09
5.661052942301271e-09
8.193290907235338e-09
1.1903321696621339e-08
1.7308030089010108e-08
2.504865991681969e-08
3.6311491470200305e-08
5.2804060535735693e-08
7.642493046113938e-08
1.1056145065715487e-07
1.6082951282691292e-07
2.3284968957555662e-07
3.3625575047389943e-07
4.894868422278506e-07
7.092252939061709e-07
1.0235045967621359e-06
1.4908678253043248e-06
2.163216433757401e-06
3.1266218740472414e-06
4.553654711133514e-06
6.622109430343503e-06
9.593928588860276e-06
1.3981169012100927e-05
2.0394537774445185e-05
2.963889279458504e-05
4.324240629179456e-05
6.330901737861592e-05
9.233124861281845e-05
0.00013488359522299535
0.00019822665087530905
0.0002901172547771023
0.00042424114890293903
0.0006256484629390027
0.0009185181899644936
0.0013436082465245805
0.0019870992290687535
0.0029241521023287346
0.004284227340588078
0.006333450072941603
0.009330443700183879
0.01367565101170985
0.020158837026209853
0.029647950768756932
0.04331280909963706
0.06331885058898479
0.09223481658772953
0.1328667042767773
0.18967796900160808
0.2673024976509726
0.3678634881560916
0.49160326360450796
0.6304357674125269
0.7692045135677101
0.8868750644776606
0.9570743282411985
0.9896699445892296
0.9990691510660291
0.9999476076113315
0.9999989058767141
0.9999999975442951
0.9999999999999793
1.0
1.0
1.0
1.0
1.0
1.0
1.0
1.0
1.0
1.0
1.0
1.0
1.0
1.0
1.0
###
1e-05
1.1768119524349992e-05
1.3848863713938717e-05
1.6297508346206434e-05
1.917910261672489e-05
2.2570197196339216e-05
2.656087782946684e-05
3.1257158496882356e-05
3.678379771828634e-05
4.328761281083062e-05
5.0941380148163754e-05
5.994842503189409e-05
7.054802310718646e-05
8.302175681319735e-05
9.770099572992247e-05
0.00011497569953977356
0.00013530477745798074
0.00015922827933410923
0.0001873817422860383
0.00022051307399030456
0.00025950242113997375
0.0003053855508833416
0.00035938136638046257
0.0004229242874389499
0.0004977023564332109
0.0005857020818056661
0.0006892612104349695
0.0008111308307896872
0.0009545484566618337
0.0011233240329780276
0.0013219411484660286
0.0015556761439304723
0.0018307382802953678
0.002154434690031882
0.0025353644939701114
0.0029836472402833374
0.003511191734215131
0.004132012400115334
0.004862601580065354
0.005722367659350214
0.006734150657750821
0.007924828983539169
0.0093260334688322
0.010974987654930556
0.01291549665014884
0.01519911082952933
0.01788649529057435
0.0210490414451202
0.02477076355991709
0.029150530628251757
0.034304692863149154
0.040370172585965536
0.047508101621027934
0.05590810182512223
0.06579332246575675
0.0774263682681127
0.09111627561154886
0.10722672220103231
0.1261856883066021
0.14849682622544635
0.1747528400007683
0.20565123083486514
0.24201282647943834
0.2848035868435799
0.3351602650938841
0.3944206059437656
0.46415888336127725
0.5462277217684337
0.642807311728432
0.7564633275546291
0.8902150854450375
1.0476157527896641
1.232846739442066
1.4508287784959402
1.7073526474706886
2.009233002565046
2.364489412645407
2.782559402207126
3.274549162877725
3.8535285937105273
4.534878508128582
5.3366992312063015
6.280291441834247
7.390722033525775
8.697490026177835
10.235310218990248
12.045035402587812
14.174741629268048
16.68100537200059
19.630406500402685
23.10129700083158
27.1858824273294
31.992671377973846
37.64935806792464
44.30621457583877
52.14008287999685
61.35907273413163
72.20809018385457
84.97534359086438
100.0
###
0.24568127927286945
0.2265507605315894
0.20826822169828013
0.19120542998104328
0.1756623463674559
0.16177407322535123
0.1524927975619569
0.14164762553613774
0.13252929844950204
0.12509168593549733
0.8188612624939979
0.7172372038150132
0.6243583340435127
0.5409019330195927
0.466988691670358
0.40224785638055266
0.35931838421066803
0.3088894374704219
0.2654451662651003
0.2280283778340503
1.2158601831348492
1.0410790822498928
0.8845489406646105
0.7466246560422662
0.626528329688023
0.5227676398911111
0.4547115308584378
0.37548650077825113
0.30761495004030753
0.24932515637165875
1.5373639330161775
1.2971902288069916
1.0851415640552768
0.9005412430118405
0.7417127681369639
0.606022871236927
0.5177912422503015
0.41591821987798966
0.3293868075074932
0.2556446749678658
1.8136061723943515
1.5138233646852042
1.2518698027113724
1.026044939370469
0.8334753625561233
0.6704889965292862
0.5652184322779834
0.44457475248487255
0.34293815467619454
0.2570301252353494
2.0587811518395838
1.7038456329709688
1.3962873961026383
1.1332274421395854
0.9105849793381364
0.7234578292205638
0.6033835991833694
0.4666020204279533
0.352297673353449
0.2564102102419985
2.2808864569704506
1.8744242074196495
1.5246296389747545
1.2274474359441836
0.9774439264169501
0.7686578507773107
0.6354865186808194
0.4845435975037721
0.3592217283861445
0.254891245110178
2.4849951808129163
2.030009690930844
1.6407582750473002
1.3118746667877474
1.0367467145022988
0.808218873126235
0.6631647526568412
0.4995707318971176
0.36457918691701435
0.25296978691934
2.6745389182894894
2.1735985647078238
1.7471869820790618
1.388675927075244
1.0902070922973421
0.843488760088819
0.6875701900239464
0.51251348324048
0.36887789673227744
0.2508733716751082
2.852069562334009
2.307351881026217
1.8457109889668573
1.459307282316237
1.1389985232453301
0.8753754434642997
0.7094297696058883
0.5238827080639977
0.37242192540657243
0.24871877032230869
3.0193986467587433
2.432785104019032
1.9376328909557043
1.5248332639231086
1.1839830838823084
0.9045213976520506
0.7292543372295524
0.5340177207623126
0.37540823999638195
0.2465743434784707
3.17794957582501
2.5511582079726733
2.0239823568518487
1.586064633742479
1.2257480287032376
0.9313979894948282
0.7474038366360081
0.5431608244941086
0.3779648522151452
0.24447385883696318
3.3290041412523785
2.663348567264052
2.1054480521749044
1.6435968299725632
1.264790858111233
0.9563621135261001
0.764158207849192
0.5514909148375732
0.38019528835903826
0.24243486766082015
3.4731854790096555
2.7701414303193874
2.1827372994860035
1.6979285319208361
1.3014870627033668
0.979709522797945
0.7797282594295356
0.559012159568534
0.38216073065417927
0.2404659535473729
3.611345974823051
2.872151564662524
2.25631076819916
1.749452515035504
1.336159126038705
1.0016230651259763
0.7942802950394048
0.5662257376085743
0.38391468768767595
0.23857007207798658