# ../data/BKevo/MVge_BKevo/mvge_6.dat
# N(r,Y=0), r, *FL(x,Q^2)
# 1e-05 < r < 100.0
# 1 < Q^2 < 50, n=15, lin grid
# 1e-5 < x < 1e-2, n=10, log grid
###
5.1326776730985365e-09
6.569085546470182e-09
8.422423784230968e-09
1.0790596360405287e-08
1.3806027809499902e-08
1.7684946974738634e-08
2.264981293544685e-08
2.896891938501781e-08
3.707255642687048e-08
4.746198105482093e-08
6.067886809839036e-08
7.757528269189343e-08
9.927189949511877e-08
1.2685820378702265e-07
1.6201240038150486e-07
2.0722145811185646e-07
2.6466764070825265e-07
3.376368201714185e-07
4.316082249693203e-07
5.509332067646278e-07
7.022931842904328e-07
8.968049860775958e-07
1.143970254551969e-06
1.4572379163498417e-06
1.8584549224381446e-06
2.3688346105040067e-06
3.0151158610658555e-06
3.839961787485301e-06
4.890204496938753e-06
6.218702018957566e-06
7.908185625043461e-06
1.0060907969973298e-05
1.2780689867770847e-05
1.6226717912965367e-05
2.061975410497665e-05
2.616224125977732e-05
3.315783838617622e-05
4.207759496161231e-05
5.331301829772419e-05
6.744764771062142e-05
8.544446863827039e-05
0.00010808303256538438
0.00013650749902436424
0.00017253546310050516
0.00021783319379184597
0.00027457751745298077
0.00034615646485646346
0.00043606248704970815
0.0005483845362494163
0.0006893495261604837
0.0008661249719994978
0.0010862812792343142
0.0013610862775183755
0.0017049166367533862
0.002131569195608559
0.002661102557865133
0.00332165340466103
0.004137971489008279
0.005145212109189396
0.00639709076291794
0.00793742461722292
0.009829391267956053
0.012166461416459799
0.015032604070920705
0.018538708181566964
0.022845078423592714
0.028112504563236395
0.034535411334152256
0.04239022336860311
0.05198204661928046
0.06365195721462086
0.07787458301684469
0.09521245979140967
0.11624105188595808
0.14172552901460572
0.17258293017308596
0.20963360789726823
0.2538495093087134
0.30611616099740385
0.367013732919706
0.43683669271252895
0.5141763953953804
0.5977030643015557
0.684637875142558
0.7679342828546551
0.8432786300110161
0.9064343465608122
0.9510691520145955
0.978311482268404
0.9927337886213556
0.998231491400166
0.9996587367022091
0.999963196193401
0.9999986479306552
0.9999999482463823
0.9999999992464828
0.9999999999997952
0.9999999999999997
1.0
1.0
###
1e-05
1.1768119524349992e-05
1.3848863713938717e-05
1.6297508346206434e-05
1.917910261672489e-05
2.2570197196339216e-05
2.656087782946684e-05
3.1257158496882356e-05
3.678379771828634e-05
4.328761281083062e-05
5.0941380148163754e-05
5.994842503189409e-05
7.054802310718646e-05
8.302175681319735e-05
9.770099572992247e-05
0.00011497569953977356
0.00013530477745798074
0.00015922827933410923
0.0001873817422860383
0.00022051307399030456
0.00025950242113997375
0.0003053855508833416
0.00035938136638046257
0.0004229242874389499
0.0004977023564332109
0.0005857020818056661
0.0006892612104349695
0.0008111308307896872
0.0009545484566618337
0.0011233240329780276
0.0013219411484660286
0.0015556761439304723
0.0018307382802953678
0.002154434690031882
0.0025353644939701114
0.0029836472402833374
0.003511191734215131
0.004132012400115334
0.004862601580065354
0.005722367659350214
0.006734150657750821
0.007924828983539169
0.0093260334688322
0.010974987654930556
0.01291549665014884
0.01519911082952933
0.01788649529057435
0.0210490414451202
0.02477076355991709
0.029150530628251757
0.034304692863149154
0.040370172585965536
0.047508101621027934
0.05590810182512223
0.06579332246575675
0.0774263682681127
0.09111627561154886
0.10722672220103231
0.1261856883066021
0.14849682622544635
0.1747528400007683
0.20565123083486514
0.24201282647943834
0.2848035868435799
0.3351602650938841
0.3944206059437656
0.46415888336127725
0.5462277217684337
0.642807311728432
0.7564633275546291
0.8902150854450375
1.0476157527896641
1.232846739442066
1.4508287784959402
1.7073526474706886
2.009233002565046
2.364489412645407
2.782559402207126
3.274549162877725
3.8535285937105273
4.534878508128582
5.3366992312063015
6.280291441834247
7.390722033525775
8.697490026177835
10.235310218990248
12.045035402587812
14.174741629268048
16.68100537200059
19.630406500402685
23.10129700083158
27.1858824273294
31.992671377973846
37.64935806792464
44.30621457583877
52.14008287999685
61.35907273413163
72.20809018385457
84.97534359086438
100.0
###
0.22640854516724482
0.19871008205869528
0.1715948792619762
0.1459137102593305
0.1222940310443355
0.10113813207887402
0.08699592557503663
0.07043471580443932
0.05636601957601292
0.04456193242317671
0.7716729455820092
0.6448468713550806
0.5297378763763292
0.42825488822149776
0.3410078618854919
0.2676090677567996
0.2210686920726374
0.16919346765178356
0.12748006507405626
0.09433945046071023
1.167019403571169
0.9565991773194472
0.7709481982406284
0.611554831752242
0.4778520822378711
0.36795786017501136
0.29961846225008193
0.22483267136394386
0.16594725742158725
0.12013937326729346
1.4967568337950796
1.2122470421417504
0.9655338124479934
0.7570708408570921
0.5848256039208791
0.4452156598683009
0.35941428802954617
0.26656499503943387
0.1943882229794851
0.1389598133710111
1.7863382695120216
1.434333712215227
1.1328017436015023
0.880908526727088
0.6749766004653983
0.509709598677045
0.4089848565534934
0.30084639703052424
0.21755099795927316
0.15417234361072063
2.0478511872041008
1.6332692480470627
1.281513649412091
0.990208103772243
0.7539843614560325
0.5658464246559021
0.45192284797882437
0.33035518740337316
0.2373748806445674
0.1671282724096356
2.288235713193679
1.8149979584970555
1.4165479568995802
1.0888936359467787
0.8249331213919777
0.6160219680892621
0.49013303908805855
0.35648765405803
0.2548504291074824
0.17850347635145244
2.5119158282433225
1.9832405541374878
1.5409563247259677
1.1793950993252387
0.8897108847054015
0.661609536128362
0.5247658094897139
0.3800804555217787
0.2705721546074421
0.1886996163172953
2.7219599880123635
2.1405415140967516
1.65678357040737
1.2633405567458051
0.9495714842689342
0.7035976503539055
0.556585920833833
0.40168330700917637
0.28492070155467475
0.19799115156152794
2.92056694088805
2.2887592047481404
1.7655331346477277
1.341883844324331
1.0054037521438395
0.7426483741257247
0.5860987274692745
0.42166941244979944
0.2981630986431786
0.2065468882781323
3.109365390050538
2.429205322001279
1.8682828386439054
1.4158775584025056
1.0578606057301254
0.7792290999853576
0.6136982921137387
0.4403200374093601
0.3104949439142238
0.21449567393733487
3.2897254745820805
2.5629622611024145
1.9658717672718435
1.4859728335978521
1.1074283235871283
0.8137160739885254
0.6396686184536313
0.4578291538585226
0.32204796406423836
0.22193366290124858
3.4626367435203877
2.690802141357977
2.0589912707497757
1.552692512800167
1.1544969079765286
0.8463949790103813
0.6642447497144242
0.47436315495984127
0.3329384353355004
0.22893873104054505
3.6289322856408215
2.8135324723402952
2.14811278237076
1.6164258322999472
1.1993746508961796
0.877493066069578
0.6875998707093816
0.49004824827506827
0.3432534665102647
0.23556042111954265
3.7892879125424956
2.9316187752825376
2.2337066593370625
1.6775149799388764
1.2423229516651284
0.9071945839680119
0.7098780688619116
0.5049862815576491
0.35306265345921833
0.24184971350077078