# ../data/BKevo/MV2g_BKevo/mv2g_95.dat
# N(r,Y=0), r, *FL(x,Q^2)
# 1e-05 < r < 100.0
# 1 < Q^2 < 50, n=15, lin grid
# 1e-5 < x < 1e-2, n=10, log grid
###
7.78039220870191e-09
9.957900188443412e-09
1.2767513085266147e-08
1.6357684774181713e-08
2.0929221828940994e-08
2.6810038243790666e-08
3.4337520180350327e-08
4.391859081308241e-08
5.620595298454067e-08
7.196004458779802e-08
9.200269203422335e-08
1.1762684847231598e-07
1.5053339010851694e-07
1.9237606542545258e-07
2.457027717982633e-07
3.1429050733507483e-07
4.0145411387863085e-07
5.121860688888101e-07
6.548158774364813e-07
8.359601713478137e-07
1.0657822468458731e-06
1.3612057678397674e-06
1.7367017422066112e-06
2.2127633401555223e-06
2.8227177468283003e-06
3.59894964229783e-06
4.582308802232694e-06
5.838073543877801e-06
7.437992829003879e-06
9.463130774778445e-06
1.2040630785530471e-05
1.5327982298085314e-05
1.9485318218270708e-05
2.475884421148472e-05
3.149128530270976e-05
3.999753544661475e-05
5.075158052154656e-05
6.449341628800363e-05
8.183964065831233e-05
0.00010371344062688138
0.00013165409934955572
0.0001669121938815856
0.00021133527219395314
0.0002679009217900229
0.00033935735588771837
0.0004293262113792623
0.0005435565852619982
0.0006880479898061704
0.000869902455038938
0.0011002244847418924
0.0013920765869628964
0.001759434305801342
0.002223820057827272
0.0028137421834590302
0.003556911747095037
0.0044953440410274385
0.005691791221999809
0.007201889908219952
0.009108576984559358
0.01155208876336291
0.014646029118213033
0.01856517833399389
0.023602552948775023
0.03002041878000736
0.038187407414838344
0.04871401637174953
0.062213911634533194
0.07945249827639436
0.10165599567746109
0.1301548613588115
0.1663366082179275
0.21217440975382973
0.26957922494856074
0.3396104997528488
0.4226568093453089
0.5162013784526305
0.6156377180310321
0.7132503525080077
0.7954468930499274
0.8608417210427959
0.909639292029718
0.9430428714365326
0.9677253635117978
0.9847279185661438
0.9938200057192108
0.998021110465576
0.9995867825166567
0.9999412583855818
0.9999937733801111
0.9999997150274761
0.9999999972890873
0.9999999999671744
0.9999999999998903
1.0
1.0
1.0
1.0
1.0
1.0
1.0
###
1e-05
1.1768119524349992e-05
1.3848863713938717e-05
1.6297508346206434e-05
1.917910261672489e-05
2.2570197196339216e-05
2.656087782946684e-05
3.1257158496882356e-05
3.678379771828634e-05
4.328761281083062e-05
5.0941380148163754e-05
5.994842503189409e-05
7.054802310718646e-05
8.302175681319735e-05
9.770099572992247e-05
0.00011497569953977356
0.00013530477745798074
0.00015922827933410923
0.0001873817422860383
0.00022051307399030456
0.00025950242113997375
0.0003053855508833416
0.00035938136638046257
0.0004229242874389499
0.0004977023564332109
0.0005857020818056661
0.0006892612104349695
0.0008111308307896872
0.0009545484566618337
0.0011233240329780276
0.0013219411484660286
0.0015556761439304723
0.0018307382802953678
0.002154434690031882
0.0025353644939701114
0.0029836472402833374
0.003511191734215131
0.004132012400115334
0.004862601580065354
0.005722367659350214
0.006734150657750821
0.007924828983539169
0.0093260334688322
0.010974987654930556
0.01291549665014884
0.01519911082952933
0.01788649529057435
0.0210490414451202
0.02477076355991709
0.029150530628251757
0.034304692863149154
0.040370172585965536
0.047508101621027934
0.05590810182512223
0.06579332246575675
0.0774263682681127
0.09111627561154886
0.10722672220103231
0.1261856883066021
0.14849682622544635
0.1747528400007683
0.20565123083486514
0.24201282647943834
0.2848035868435799
0.3351602650938841
0.3944206059437656
0.46415888336127725
0.5462277217684337
0.642807311728432
0.7564633275546291
0.8902150854450375
1.0476157527896641
1.232846739442066
1.4508287784959402
1.7073526474706886
2.009233002565046
2.364489412645407
2.782559402207126
3.274549162877725
3.8535285937105273
4.534878508128582
5.3366992312063015
6.280291441834247
7.390722033525775
8.697490026177835
10.235310218990248
12.045035402587812
14.174741629268048
16.68100537200059
19.630406500402685
23.10129700083158
27.1858824273294
31.992671377973846
37.64935806792464
44.30621457583877
52.14008287999685
61.35907273413163
72.20809018385457
84.97534359086438
100.0
###
0.28225998624347204
0.2603747792337916
0.2380427826266653
0.21590199800363127
0.19458602449748777
0.17460286904978853
0.16069183480833277
0.1437389251244429
0.12868536360383712
0.11551547952999618
1.0411135471498292
0.9161102517269288
0.7965048226986116
0.6849875483832412
0.5834864080210077
0.49296838428368545
0.4324280195703819
0.3611738673960143
0.299945115528635
0.24769667140351923
1.6210304880161333
1.3975522821201962
1.1894222166995194
1.0002710956654497
0.8321760379231631
0.6855511409286209
0.589279083144461
0.4777635690659919
0.3836465310273953
0.3046597160955631
2.1156954678129885
1.8001482857376694
1.5112767343932356
1.2530700272615847
1.0270687272753238
0.8327511911330858
0.7066447589190042
0.56227855829563
0.4419358932596479
0.3421559798474594
2.5561588374481072
2.1539432340535103
1.7903400097081508
1.469221443999702
1.191285257074536
0.9548441435936452
0.802759492020453
0.6301141650216514
0.4876265154900019
0.37061853033705994
2.957814087653827
2.4734136400894076
2.0398421652140604
1.6604983839909038
1.3350847193483322
1.0605573637835222
0.885221538063108
0.6875448274961383
0.52569067739
0.39384096388084144
3.329742792441445
2.766962310040091
2.267346174289587
1.8335156817325848
1.4640867409628417
1.1545623982720263
0.9580543831198632
0.7377601567073422
0.55856829982926
0.4136223049817052
3.6778752552759095
3.0399812058558244
2.47749338883342
1.9923620060883147
1.5817307011308996
1.2397397667002965
1.0236430688341405
0.7826327880198649
0.5876939082051081
0.43096143920859925
4.006294176614765
3.296189288153734
2.673714014182671
2.1398172261620885
1.6903360674706904
1.3178764012495912
1.0835850146650343
0.8233544856942056
0.613942084565246
0.4464682804406461
4.318153617653928
3.5383127798976566
2.8582570083574654
2.2778889801497746
1.7915203992124007
1.3903147874200619
1.1389234050164778
0.8607562815393918
0.6378912614163975
0.46054815409229694
4.6157129592236394
3.7683839745447147
3.0328961861831583
2.408024564261846
1.8864835046351736
1.4580114196940748
1.1904633012589065
0.8954331418190513
0.6600334408073611
0.47348012521808747
4.900895859788822
3.9879908543540026
3.1989857126284615
2.5313112456721467
1.976136485161203
1.5216813487111487
1.2387972594956225
0.9278256007580294
0.6806096729327027
0.4854628695412816
5.174897990638934
4.198314457988637
3.3576090723007264
2.6486774234388104
2.061191099077174
1.5818824100713103
1.2843654561522697
0.9582760033563996
0.6998791788435913
0.49665364531963374
5.439129830641999
4.400540573918349
3.5096085501565826
2.7608075266233345
2.142215852861468
1.6390556318438085
1.327556205050903
0.9870148280740945
0.7180255402979456
0.507161472161787
5.69440754505497
4.595555399828423
3.65570529412679
2.8682932161820136
2.2196729584727843
1.693562670322108
1.3686458650972726
1.014304295129715
0.7351944536482162
0.5170853572314241