# ../data/BKevo/MVge_BKevo/mvge_24.dat
# N(r,Y=0), r, *FL(x,Q^2)
# 1e-05 < r < 100.0
# 1 < Q^2 < 50, n=15, lin grid
# 1e-5 < x < 1e-2, n=10, log grid
###
0.0
0.0
0.0
0.0
0.0
0.0
0.0
0.0
0.0
0.0
0.0
0.0
0.0
0.0
0.0
0.0
0.0
0.0
0.0
7.01945132636899e-17
1.110223024625157e-16
2.5179292802062656e-16
3.9771496281162944e-16
7.469161424702221e-16
1.392376740175929e-15
2.6488893111451157e-15
4.933413017164668e-15
9.450108646524384e-15
1.784461577045493e-14
3.330381910409663e-14
6.25538955076317e-14
1.1893117436529443e-13
2.221720122523057e-13
4.1508251823969007e-13
7.913142025510969e-13
1.4811276972996544e-12
2.7492032705370943e-12
5.258421897263354e-12
9.868498232502739e-12
1.825268165289798e-11
3.496034059559509e-11
6.583083493112255e-11
1.221220158357633e-10
2.3300709483496345e-10
4.4064368692357653e-10
8.205782729854369e-10
1.5605122134996683e-09
2.966630018721545e-09
5.55028749344859e-09
1.0523852701470724e-08
2.0126282933800122e-08
3.784946292078505e-08
7.154505014299223e-08
1.376883384919833e-07
2.6030448735706567e-07
4.90244919232575e-07
9.493352347715665e-07
1.8037946217062568e-06
3.3818577459708832e-06
6.587310601077598e-06
1.2574282021380077e-05
2.3636385172086028e-05
4.5921179946717855e-05
8.802743716832827e-05
0.00016602187345700163
0.00032107858362631604
0.0006178284982953102
0.0011685677553969773
0.0022472459284857372
0.004336321234724373
0.008211985001617336
0.015650344582453745
0.03010275990550805
0.056496082404216164
0.10465836044703289
0.1926579406526811
0.33471330031366847
0.5388526417369895
0.7662611391042133
0.932418414630305
0.9952920217151989
0.9999154715464488
0.9999998545954649
0.9999999999979489
1.0
1.0
1.0
1.0
1.0
1.0
1.0
1.0
1.0
1.0
1.0
1.0
1.0
1.0
1.0
1.0
###
1e-05
1.1768119524349992e-05
1.3848863713938717e-05
1.6297508346206434e-05
1.917910261672489e-05
2.2570197196339216e-05
2.656087782946684e-05
3.1257158496882356e-05
3.678379771828634e-05
4.328761281083062e-05
5.0941380148163754e-05
5.994842503189409e-05
7.054802310718646e-05
8.302175681319735e-05
9.770099572992247e-05
0.00011497569953977356
0.00013530477745798074
0.00015922827933410923
0.0001873817422860383
0.00022051307399030456
0.00025950242113997375
0.0003053855508833416
0.00035938136638046257
0.0004229242874389499
0.0004977023564332109
0.0005857020818056661
0.0006892612104349695
0.0008111308307896872
0.0009545484566618337
0.0011233240329780276
0.0013219411484660286
0.0015556761439304723
0.0018307382802953678
0.002154434690031882
0.0025353644939701114
0.0029836472402833374
0.003511191734215131
0.004132012400115334
0.004862601580065354
0.005722367659350214
0.006734150657750821
0.007924828983539169
0.0093260334688322
0.010974987654930556
0.01291549665014884
0.01519911082952933
0.01788649529057435
0.0210490414451202
0.02477076355991709
0.029150530628251757
0.034304692863149154
0.040370172585965536
0.047508101621027934
0.05590810182512223
0.06579332246575675
0.0774263682681127
0.09111627561154886
0.10722672220103231
0.1261856883066021
0.14849682622544635
0.1747528400007683
0.20565123083486514
0.24201282647943834
0.2848035868435799
0.3351602650938841
0.3944206059437656
0.46415888336127725
0.5462277217684337
0.642807311728432
0.7564633275546291
0.8902150854450375
1.0476157527896641
1.232846739442066
1.4508287784959402
1.7073526474706886
2.009233002565046
2.364489412645407
2.782559402207126
3.274549162877725
3.8535285937105273
4.534878508128582
5.3366992312063015
6.280291441834247
7.390722033525775
8.697490026177835
10.235310218990248
12.045035402587812
14.174741629268048
16.68100537200059
19.630406500402685
23.10129700083158
27.1858824273294
31.992671377973846
37.64935806792464
44.30621457583877
52.14008287999685
61.35907273413163
72.20809018385457
84.97534359086438
100.0
###
0.16326149209981833
0.14427259128105457
0.12718775285860584
0.11206904241874376
0.09887447816937096
0.08749452528669491
0.080062260377382
0.07155476832328006
0.06430410516095111
0.05835006921774241
0.4562739446052979
0.3781319598049759
0.3106889403718874
0.2530695969944468
0.20414684166330987
0.1627666620517165
0.13586540882946582
0.10477003635162693
0.07813328328716863
0.05505420571535927
0.6341306169861309
0.5122543696531205
0.4092182287638381
0.3229246787888373
0.2510417212416597
0.19134545003933986
0.15335782602833048
0.11007426284383116
0.07388819114805763
0.043375461029564785
0.7704656518831021
0.6126169338899677
0.48100966317942695
0.37225511731706523
0.28292100385400126
0.20980225112594353
0.16386156682831782
0.1124427615108702
0.07030034480549294
0.03567672607161451
0.8837198478917507
0.6947775309273088
0.5388249626635417
0.41126616494858476
0.3076065103032791
0.2237305851251974
0.17161925280632995
0.11403300219299493
0.06765633247512239
0.03039223147269567
0.9818967595586174
0.7652076039660368
0.5878202280461569
0.44392062665555043
0.32798782930804343
0.23505710672578942
0.17785494218346917
0.11530987348909351
0.06568054967793925
0.02655446970739635
1.069198468451985
0.8273400365926379
0.6306695970187479
0.47221400660447815
0.345471675978963
0.2446765653535272
0.1831201621372417
0.11642116878685821
0.064163600226978
0.023638732006201594
1.1482636114496556
0.8832375750951368
0.6689489703195051
0.4973104643734193
0.3608560399125366
0.2530792148418861
0.18770742592330686
0.11742659560368413
0.06296929205767211
0.021344565108174698
1.2208171892807487
0.9342437811150098
0.7036751732509874
0.5199311153885178
0.37464076722532125
0.2605671222345218
0.1917888222336713
0.11835532264469768
0.06200879403769488
0.019489609274357986
1.2880623714515722
0.9812926232944871
0.7355552322805227
0.5405849031704726
0.38716141427493844
0.26733818031132284
0.19547730024494445
0.11922362140217095
0.06122254983548138
0.017956120854100588
1.35088335502768
1.0250602104618607
0.7650783342227052
0.559628887699173
0.3986545464595752
0.2735307184609402
0.19884961114628183
0.12004261752632366
0.06056921875350443
0.016665250085113707
1.4099488232418116
1.066055233766945
0.792610917102683
0.5773276752115338
0.4092938568740349
0.27924554601879886
0.2019621179809301
0.1208188853641141
0.060019718462399875
0.015562600985192588
1.4657629761007192
1.1046707559883655
0.8184668137204053
0.5938831384366177
0.4192114813590486
0.28455792365563454
0.20485575799037684
0.12155764110241875
0.05955249826598202
0.014608736833570028
1.5187504787572481
1.141217715075837
0.8428764631321899
0.6094532660604469
0.42850976796301715
0.28952625909091323
0.2075627133483009
0.12226318295080768
0.05915190684071112
0.013774795702124846
1.5692432153761524
1.1759467569733406
0.8659928521218253
0.624164171347349
0.43727006223688447
0.294197826045195
0.21010642365347745
0.12293893533917916
0.058805868029469265
0.013038856193087369