# ../data/BKevo/MV2g_BKevo/mv2g_50.dat
# N(r,Y=0), r, *FL(x,Q^2)
# 1e-05 < r < 100.0
# 1 < Q^2 < 50, n=15, lin grid
# 1e-5 < x < 1e-2, n=10, log grid
###
0.0
0.0
5.551115123125783e-17
5.551115123125783e-17
1.0473064454306313e-16
1.7760682470289622e-16
2.7878733537861954e-16
4.2578801240215184e-16
7.168095142185558e-16
1.2043123834538713e-15
1.9655174931780284e-15
3.266155304044683e-15
5.501427772629787e-15
9.091953834026058e-15
1.4994572550034164e-14
2.505252357969234e-14
4.147710158812292e-14
6.80443706242171e-14
1.1402909921340478e-13
1.888366170205568e-13
3.0976375471596653e-13
5.175095446356714e-13
8.576224786955346e-13
1.407841749309412e-12
2.3424540365311997e-12
3.8851286502398845e-12
6.3810929976500945e-12
1.0574272290693562e-11
1.7551421860504184e-11
2.8841195790482618e-11
4.759385641084427e-11
7.905811863308922e-11
1.299751098560942e-10
2.1356678567852973e-10
3.5503457212240034e-10
5.839863321262897e-10
9.553807226047446e-10
1.5895579005783632e-09
2.6160693632636383e-09
4.267227708229178e-09
7.095962764197325e-09
1.1686206045523821e-08
1.907114431761117e-08
3.1594418050503095e-08
5.2077601042713284e-08
8.504687845905074e-08
1.403912941319034e-07
2.316911476138004e-07
3.7877714431788053e-07
6.232458735745249e-07
1.0303762537683875e-06
1.6872996469532434e-06
2.768812144384687e-06
4.589410597840275e-06
7.534505446582196e-06
1.2340108626363764e-05
2.0531764118918673e-05
3.383462124156587e-05
5.5366006178756716e-05
9.261880651517833e-05
0.00015345702236266697
0.00025234827083380027
0.00042340944621177854
0.0007067896950840511
0.0011710821560158798
0.001973217698314204
0.0033258252721787727
0.0055630874225759
0.009423423045576244
0.016050163840812544
0.027083779166868188
0.045923942565293877
0.07827728586514418
0.13081847608366642
0.2143484570210982
0.34086244393963483
0.5055803035003746
0.6849572876038319
0.8263994211281637
0.9213371752620115
0.977182541786702
0.9959512524179274
0.9997028800489328
0.9999970564235089
0.9999999994843688
0.9999999999999759
1.0
1.0
1.0
1.0
1.0
1.0
1.0
1.0
1.0
1.0
1.0
1.0
1.0
1.0
###
1e-05
1.1768119524349992e-05
1.3848863713938717e-05
1.6297508346206434e-05
1.917910261672489e-05
2.2570197196339216e-05
2.656087782946684e-05
3.1257158496882356e-05
3.678379771828634e-05
4.328761281083062e-05
5.0941380148163754e-05
5.994842503189409e-05
7.054802310718646e-05
8.302175681319735e-05
9.770099572992247e-05
0.00011497569953977356
0.00013530477745798074
0.00015922827933410923
0.0001873817422860383
0.00022051307399030456
0.00025950242113997375
0.0003053855508833416
0.00035938136638046257
0.0004229242874389499
0.0004977023564332109
0.0005857020818056661
0.0006892612104349695
0.0008111308307896872
0.0009545484566618337
0.0011233240329780276
0.0013219411484660286
0.0015556761439304723
0.0018307382802953678
0.002154434690031882
0.0025353644939701114
0.0029836472402833374
0.003511191734215131
0.004132012400115334
0.004862601580065354
0.005722367659350214
0.006734150657750821
0.007924828983539169
0.0093260334688322
0.010974987654930556
0.01291549665014884
0.01519911082952933
0.01788649529057435
0.0210490414451202
0.02477076355991709
0.029150530628251757
0.034304692863149154
0.040370172585965536
0.047508101621027934
0.05590810182512223
0.06579332246575675
0.0774263682681127
0.09111627561154886
0.10722672220103231
0.1261856883066021
0.14849682622544635
0.1747528400007683
0.20565123083486514
0.24201282647943834
0.2848035868435799
0.3351602650938841
0.3944206059437656
0.46415888336127725
0.5462277217684337
0.642807311728432
0.7564633275546291
0.8902150854450375
1.0476157527896641
1.232846739442066
1.4508287784959402
1.7073526474706886
2.009233002565046
2.364489412645407
2.782559402207126
3.274549162877725
3.8535285937105273
4.534878508128582
5.3366992312063015
6.280291441834247
7.390722033525775
8.697490026177835
10.235310218990248
12.045035402587812
14.174741629268048
16.68100537200059
19.630406500402685
23.10129700083158
27.1858824273294
31.992671377973846
37.64935806792464
44.30621457583877
52.14008287999685
61.35907273413163
72.20809018385457
84.97534359086438
100.0
###
0.18738795501562716
0.16793428508045793
0.15014993857231418
0.13419610707748364
0.1201206244202956
0.10788396459588319
0.09985865236294816
0.09059587596283025
0.08285649293949124
0.07651374556495641
0.5512607727157018
0.46504956485265875
0.38945528226089854
0.3240260451634855
0.26782247289666644
0.21980029560150838
0.18847558058522318
0.15206992651130305
0.12083177927021818
0.09379847143916761
0.7800832340069204
0.6417732978242942
0.5230634708098354
0.42215023160664045
0.33703572006121807
0.2655050315487201
0.21948925580761547
0.16671482601593396
0.12209514195981377
0.08404464086772423
0.9578363823707562
0.7757479115952761
0.6215342492112762
0.49218797377846646
0.38443889946411974
0.29505398042184056
0.23822045414766557
0.17382701302309927
0.12021418906265513
0.07529282974211889
1.1066870574287593
0.8862195031460673
0.7013367845338818
0.5478149326360955
0.42119366445265394
0.31723123059645186
0.25176398121554133
0.17835718280875276
0.11806823047226561
0.06836965014775535
1.2363979755942571
0.9813845865126717
0.7692504853578956
0.5944988366220374
0.451537722024382
0.33515800040219623
0.26246816455031957
0.1816834478495414
0.11612422855731411
0.06286283867087074
1.3522703942059657
1.0656646738937223
0.8288424834717452
0.6350196565683932
0.47755746409020844
0.3503014077571473
0.2713724558908398
0.1843374696109888
0.11444214879227758
0.058390747774210404
1.4575675135508637
1.141704002053036
0.8821840065978014
0.6709995633574125
0.5004429232975781
0.3634726848070437
0.2790367738319446
0.18656819765835317
0.11299885094942241
0.05468385351000731
1.554462465460688
1.2112570519428845
0.9306673290220778
0.703475231073966
0.5209405041999434
0.3751658028314385
0.2857905555335085
0.18850911834984632
0.11175627682649232
0.05155464733457433
1.6444802624433499
1.2755355604352596
0.9752361583097466
0.7331535748673439
0.5395517754090146
0.38570744051326283
0.2918436954917642
0.1902392288146327
0.11067998984692218
0.04887215348941925
1.7287429701421932
1.3354417198482096
1.016572969121649
0.7605397646986028
0.5566308334326501
0.39532371605004785
0.29734129224086275
0.19180723519204018
0.1097410744883868
0.04654220664475634
1.8081029252604544
1.3916390416348234
1.0551885488252875
0.7860087084001443
0.5724378223724148
0.4041786715360642
0.3023857527382725
0.19324767882591032
0.1089161646183932
0.044495751233325546
1.8832248697412102
1.4446443339734232
1.091476080923402
0.8098468284200986
0.5871697173821779
0.4123951842174992
0.3070528738068965
0.19458437485684865
0.1081865284725589
0.04268076404187432
1.9546389333984264
1.4948812899156305
1.1257455444324544
0.8322784857747755
0.6009796564445435
0.42006783607812603
0.31140035456640625
0.19583485151999297
0.10753735451102911
0.04105769954433657
2.0227755148898066
1.5426681066188244
1.1582460460457538
0.8534901641839269
0.6139891215336891
0.42727058685386216
0.3154734139212394
0.19700980397638776
0.10695646871227422
0.039595552535951505