# ../data/BKevo/MV2g_BKevo/mv2g_73.dat
# N(r,Y=0), r, *FL(x,Q^2)
# 1e-05 < r < 100.0
# 1 < Q^2 < 50, n=15, lin grid
# 1e-5 < x < 1e-2, n=10, log grid
###
9.985073865783099e-05
0.00011233984769276514
0.00012630678095223205
0.00014200583186770906
0.00015967944033794663
0.00017945764152329588
0.00020164501728871538
0.00022660601633072032
0.00025455751137304534
0.00028584886721894656
0.00032102562075175475
0.00036044119682570176
0.00040446965137571093
0.00045392422524339737
0.0005093705372506317
0.0005711609975315656
0.000640503003207032
0.000718288502770917
0.0008047566891451058
0.0009016929140062335
0.001010360287334301
0.0011310956514252657
0.0012661501156589312
0.0014173681193900285
0.0015854022973117424
0.001772843141515121
0.001982432001129113
0.0022153327253208043
0.0024743379003579675
0.002763495073069442
0.003084775248617538
0.003440852469066931
0.0038376634184864402
0.004278427743746042
0.0047650663859732725
0.005306228821778707
0.005907032962980748
0.006567493567919541
0.007300127241976809
0.008112415043606176
0.009001919695052528
0.00998519309990394
0.011072004091542631
0.01225992630031764
0.013566034112148883
0.01500438284837784
0.016572899990628803
0.018286718283719267
0.020165904593161414
0.022209411698869266
0.024426151555720577
0.026844703417544916
0.02946642672072601
0.03228751210025672
0.03534899468211698
0.038657710335058805
0.04218925152913095
0.046004325850559386
0.05012274298453029
0.05449631540898609
0.05922166108678351
0.06434098046983759
0.06984266248069848
0.07587181188707562
0.0825699575424967
0.09010728289014196
0.09884058128995016
0.10926183517639967
0.12220029958888595
0.1388958815643269
0.1609604159602198
0.1911235558023953
0.23307905526987832
0.2899415401135411
0.3648022119989976
0.45629715719224134
0.5543247048454406
0.6416259714122633
0.6954635355085099
0.7247729891405559
0.7435294227194167
0.7608493750407065
0.7791570871198678
0.7984477624953821
0.818193138652089
0.8383908577755204
0.8588954545948988
0.8789673857169863
0.8983431033224066
0.9169059566292747
0.9339082707773043
0.9489262701058396
0.9621257384513402
0.9731084722683625
0.9815926637189999
0.9881644679510053
0.9929275582878656
0.9959356274263463
0.9978751517543604
0.9990269459255775
###
1e-05
1.1768119524349992e-05
1.3848863713938717e-05
1.6297508346206434e-05
1.917910261672489e-05
2.2570197196339216e-05
2.656087782946684e-05
3.1257158496882356e-05
3.678379771828634e-05
4.328761281083062e-05
5.0941380148163754e-05
5.994842503189409e-05
7.054802310718646e-05
8.302175681319735e-05
9.770099572992247e-05
0.00011497569953977356
0.00013530477745798074
0.00015922827933410923
0.0001873817422860383
0.00022051307399030456
0.00025950242113997375
0.0003053855508833416
0.00035938136638046257
0.0004229242874389499
0.0004977023564332109
0.0005857020818056661
0.0006892612104349695
0.0008111308307896872
0.0009545484566618337
0.0011233240329780276
0.0013219411484660286
0.0015556761439304723
0.0018307382802953678
0.002154434690031882
0.0025353644939701114
0.0029836472402833374
0.003511191734215131
0.004132012400115334
0.004862601580065354
0.005722367659350214
0.006734150657750821
0.007924828983539169
0.0093260334688322
0.010974987654930556
0.01291549665014884
0.01519911082952933
0.01788649529057435
0.0210490414451202
0.02477076355991709
0.029150530628251757
0.034304692863149154
0.040370172585965536
0.047508101621027934
0.05590810182512223
0.06579332246575675
0.0774263682681127
0.09111627561154886
0.10722672220103231
0.1261856883066021
0.14849682622544635
0.1747528400007683
0.20565123083486514
0.24201282647943834
0.2848035868435799
0.3351602650938841
0.3944206059437656
0.46415888336127725
0.5462277217684337
0.642807311728432
0.7564633275546291
0.8902150854450375
1.0476157527896641
1.232846739442066
1.4508287784959402
1.7073526474706886
2.009233002565046
2.364489412645407
2.782559402207126
3.274549162877725
3.8535285937105273
4.534878508128582
5.3366992312063015
6.280291441834247
7.390722033525775
8.697490026177835
10.235310218990248
12.045035402587812
14.174741629268048
16.68100537200059
19.630406500402685
23.10129700083158
27.1858824273294
31.992671377973846
37.64935806792464
44.30621457583877
52.14008287999685
61.35907273413163
72.20809018385457
84.97534359086438
100.0
###
0.3883870790732807
0.3799543568885926
0.36426013008341135
0.3384467037786666
0.30169505852059714
0.25670701045606514
0.22098034756468446
0.1757927138412627
0.13739101603070025
0.1074661778310779
1.850730759993493
1.775279533826758
1.6506248060890243
1.4687555997865087
1.2380697096702622
0.9840709702022676
0.7981691025933556
0.5786568326310515
0.40381945375851414
0.27449807043172253
3.2791367081427514
3.112856184078229
2.8515716028707314
2.489242253563169
2.0512634196782407
1.5896066962602333
1.262816368099686
0.8874604052339925
0.5961971747874457
0.3853207668413732
4.682370586167579
4.4120339423634904
4.000799861298243
3.448905855993319
2.802009615143566
2.1387768011179835
1.6790755986907502
1.1602167380315607
0.7642260984779589
0.48154059575480435
6.065700402666813
5.682126897582535
5.112436085669069
4.366348617893411
3.51105327918727
2.651715871851679
2.0651425619295476
1.4114530047795297
0.9185347926509607
0.5703265097863918
7.432388224756302
6.928540551322603
6.19432758326099
5.2509343548507665
4.1888341458870695
3.1382708439426317
2.42967821381452
1.6476496769125009
1.0634837094141834
0.6541764800195852
8.784677933697168
8.154944010486721
7.2520834022752805
6.109299108112591
4.841795325582434
3.604152787260974
2.7774898144894578
1.8723693864322433
1.2014040909537231
0.7343634392328764
10.124222071612847
9.363929364182141
8.288524565565499
6.945487693145376
5.474226416983066
4.053285125672071
3.1118053727782713
2.0879124573038723
1.3337170337597866
0.8116303368369533
11.452296259242924
10.557476056203823
9.306627644121829
7.762556238770096
6.089197482181986
4.488190118933252
3.434845742510511
2.2958432072097694
1.4614009565797452
0.8864667884149451
12.769785412629837
11.736034553884554
10.308443734572018
8.562794288046817
6.689001480546341
4.910703382317047
3.7482440480677273
2.4972902229824605
1.5851529851054973
0.9592664542939714
14.077780172588545
12.904171714584152
11.295677352145526
9.348640831500779
7.275447186776667
5.322650684359709
4.053234363775245
2.6931104988242054
1.7054929429978598
1.030219378840321
15.376860519829885
14.05960840626727
12.269393444689804
10.120776544695564
7.849954200441017
5.725508210245248
4.35078235611823
2.8839765664508783
1.8228272888280586
1.0995900580885103
16.667622709288338
15.204341206511605
13.231044908904988
10.880649195192456
8.413687879051588
6.119670273167769
4.641687717128762
3.0704661548078325
1.9375273973705873
1.1674504109481474
17.9505810270677
16.339121563673
14.181436397579903
11.629349103103458
8.967615546220655
6.506100981973632
4.926618586100531
3.2528932102802703
2.0497185501458763
1.2340368601054366
19.226231338442936
17.4642882207533
15.12137513749607
12.367748192996538
9.512551038075994
6.88558314934223
5.20609704463801
3.431748497790315
2.15975940586719
1.2994259532411798