# ../data/BKevo/MV2g_BKevo/mv2g_55.dat
# N(r,Y=0), r, *FL(x,Q^2)
# 1e-05 < r < 100.0
# 1 < Q^2 < 50, n=15, lin grid
# 1e-5 < x < 1e-2, n=10, log grid
###
4.468796842140111e-09
5.719507992277082e-09
7.333297930217245e-09
9.39544232685873e-09
1.2021291188820876e-08
1.5399214633544884e-08
1.9723028333105943e-08
2.522649924167745e-08
3.228460299731508e-08
4.133422525371345e-08
5.284753419591399e-08
6.756741595754542e-08
8.647119741357737e-08
1.1050916539616422e-07
1.411455080561945e-07
1.8055096606607473e-07
2.3063078251870903e-07
2.942546818276655e-07
3.762114023483421e-07
4.803052598022002e-07
6.123804535889753e-07
7.821711838032462e-07
9.980021176455913e-07
1.2716642599345498e-06
1.6223399575344267e-06
2.068673689520417e-06
2.634189141423128e-06
3.3564966182649745e-06
4.276952099597997e-06
5.442296781147334e-06
6.925891656333136e-06
8.818673352446173e-06
1.121314891313363e-05
1.425167805226309e-05
1.8132675159027713e-05
2.303856071364591e-05
2.924423397435752e-05
3.7179775640287415e-05
4.720385550890403e-05
5.9854273601395676e-05
7.603073950175343e-05
9.646511102244194e-05
0.00012224088577602612
0.00015511233114382642
0.00019670220476107755
0.00024915493786994953
0.0003158956767588543
0.0004005127872111746
0.0005072688426395393
0.0006428817202290193
0.0008153059993012429
0.0010330867337171876
0.001309511830751913
0.0016623691724983666
0.0021090216044145154
0.0026760890713963064
0.003403974457830235
0.004328625839712103
0.005504259389681138
0.007024689355943352
0.008966060972811968
0.011447172740220498
0.01467241594681166
0.018825724041289935
0.024169295429738218
0.03114980882708183
0.04022227771081718
0.05196370620499978
0.06733229720211886
0.08740370573810925
0.11334243966348695
0.1469295895766095
0.19014014873052995
0.24442627208177758
0.31129103694357263
0.39076247029221717
0.4805155452213534
0.575651016850784
0.6648675607001534
0.7431568714306671
0.8071068312276002
0.8555949359522971
0.8969485563930727
0.9328241608940722
0.9603859077751323
0.9797883805752069
0.991789319415687
0.9973205938010314
0.9993155942371557
0.9998945094383949
0.9999914887552144
0.9999994242780678
0.999999984104786
0.9999999999678054
0.9999999999998544
0.9999999999999999
1.0
1.0
1.0
1.0
###
1e-05
1.1768119524349992e-05
1.3848863713938717e-05
1.6297508346206434e-05
1.917910261672489e-05
2.2570197196339216e-05
2.656087782946684e-05
3.1257158496882356e-05
3.678379771828634e-05
4.328761281083062e-05
5.0941380148163754e-05
5.994842503189409e-05
7.054802310718646e-05
8.302175681319735e-05
9.770099572992247e-05
0.00011497569953977356
0.00013530477745798074
0.00015922827933410923
0.0001873817422860383
0.00022051307399030456
0.00025950242113997375
0.0003053855508833416
0.00035938136638046257
0.0004229242874389499
0.0004977023564332109
0.0005857020818056661
0.0006892612104349695
0.0008111308307896872
0.0009545484566618337
0.0011233240329780276
0.0013219411484660286
0.0015556761439304723
0.0018307382802953678
0.002154434690031882
0.0025353644939701114
0.0029836472402833374
0.003511191734215131
0.004132012400115334
0.004862601580065354
0.005722367659350214
0.006734150657750821
0.007924828983539169
0.0093260334688322
0.010974987654930556
0.01291549665014884
0.01519911082952933
0.01788649529057435
0.0210490414451202
0.02477076355991709
0.029150530628251757
0.034304692863149154
0.040370172585965536
0.047508101621027934
0.05590810182512223
0.06579332246575675
0.0774263682681127
0.09111627561154886
0.10722672220103231
0.1261856883066021
0.14849682622544635
0.1747528400007683
0.20565123083486514
0.24201282647943834
0.2848035868435799
0.3351602650938841
0.3944206059437656
0.46415888336127725
0.5462277217684337
0.642807311728432
0.7564633275546291
0.8902150854450375
1.0476157527896641
1.232846739442066
1.4508287784959402
1.7073526474706886
2.009233002565046
2.364489412645407
2.782559402207126
3.274549162877725
3.8535285937105273
4.534878508128582
5.3366992312063015
6.280291441834247
7.390722033525775
8.697490026177835
10.235310218990248
12.045035402587812
14.174741629268048
16.68100537200059
19.630406500402685
23.10129700083158
27.1858824273294
31.992671377973846
37.64935806792464
44.30621457583877
52.14008287999685
61.35907273413163
72.20809018385457
84.97534359086438
100.0
###
0.2553320755495457
0.23185942668705936
0.2085451814289324
0.1860302412191382
0.1648458909042311
0.1453521598106061
0.13196391607525526
0.11582001299177944
0.10160399183926201
0.08921908607566255
0.8948428333970698
0.7729704706275377
0.6596189517203477
0.5567373499027244
0.4653160709004763
0.38548271062270517
0.3329398087657214
0.27194725135468817
0.22031095284252708
0.17679128992317633
1.3639360850178763
1.1537941041240052
0.9634531235610577
0.7949958937937407
0.6487375755527521
0.5238850822410643
0.4431855878172513
0.35111749139020815
0.2746390607895805
0.21137002739934194
1.7562380954347652
1.4660205464127245
1.2075359306374995
0.9823421667238695
0.789736466728565
0.6275936791252763
0.5240659539992256
0.40731145285009446
0.31159052815562155
0.23344668744728314
2.1010903211064376
1.7369076455778572
1.4165173785089706
1.140568491775758
0.9071123394004638
0.712600746295664
0.589506252657418
0.45190648341018624
0.3401868691897884
0.2499461323324239
2.412540040518932
1.9792434171252196
1.6016491593188467
1.2793643892459616
1.009008419319002
0.7855817833333031
0.645189291484346
0.48932339423012283
0.36380564494907947
0.2632856686861718
2.698729733298164
2.200284791314252
1.7692563512383592
1.4040485426803577
1.099850429682293
0.8500717896898317
0.6940572843916532
0.5218173141162804
0.38408964024473047
0.27458238348098774
2.964987806991137
2.4046302480566863
1.9232483328140895
1.5178830503972367
1.1822170775487326
0.908167436714716
0.7378397530612885
0.5507008477635976
0.4019713533660873
0.28444522434473535
3.214905274784117
2.5954441077411468
2.066287842986612
1.623064895572971
1.2579076440347243
0.9612771572741594
0.7776832494606047
0.5768396093225575
0.4180297372582364
0.2932418810894654
3.451114905990457
2.7749804803856297
2.20029667320519
1.7211052149487662
1.328164662606714
1.0103151549576015
0.8143385217749283
0.6007656154186296
0.4326519709030769
0.3012121557315464
3.6756606854139973
2.9449587511440516
2.3266681749944427
1.8132597002952016
1.3938832872430853
1.0559960399707504
0.8483741982348758
0.6228826369389718
0.4461089349616705
0.30851984306065144
3.8898120232139326
3.106669768383344
2.446440252762149
1.9002883141750024
1.4557455251128404
1.0988398469130853
0.8802065250949567
0.6434967229672294
0.4586024014154149
0.3152865905765321
4.095196265465887
3.261099919128505
2.560509039373683
1.9828910330172513
1.514281478690308
1.1392328634300395
0.9101552563964656
0.6628108554231377
0.47027995050077287
0.32159793125294817
4.29259723016914
3.4091393403432804
2.6695271105052982
2.0616201811391464
1.5699126884703187
1.1775405666509557
0.9384720896671475
0.6810143803921616
0.48125915702168354
0.32752274768059514
4.482877411378671
3.5514600355926267
2.774065175182266
2.136890275289182
1.6229783439933823
1.2139557260734495
0.9653590932940052
0.69827760947174
0.4916321987615961
0.3331139993855842