# datat/BKevo/MVg_BKevo/mvg41.dat
# N(r,Y=0), r, *FL(x,Q^2)
# 1e-05 < r < 100.0
# 1 < Q^2 < 50, n=15, log grid
# 1e-5 < x < 1e-2, n=10, log grid
###
6.159981418690964e-13
8.95311076611445e-13
1.3109498595401696e-12
1.9146036148225624e-12
2.783131615781356e-12
4.066932833531074e-12
5.940837177916706e-12
8.6368695602061e-12
1.2594402656714738e-11
1.840084784725197e-11
2.675380750715033e-11
3.892816194079783e-11
5.688421798507565e-11
8.271038307953914e-11
1.2007780669536597e-10
1.7548295537391963e-10
2.5515383215932376e-10
3.695684901068401e-10
5.401153549742213e-10
7.852832809850341e-10
1.1365846742532216e-09
1.6582600956713137e-09
2.410647381368504e-09
3.488266672743723e-09
5.077211331060972e-09
7.37921333514737e-09
1.0674506499505258e-08
1.549812565023842e-08
2.251764749869904e-08
3.2559390152218854e-08
4.714859067116547e-08
6.847275898830183e-08
9.895351085359839e-08
1.4289701041889905e-07
2.0740195311724845e-07
2.9951588300984175e-07
4.312623468329171e-07
6.254517374564946e-07
9.024318878162953e-07
1.296190032825152e-06
1.8767537305687456e-06
2.7048628698382094e-06
3.880341648087598e-06
5.599555115417833e-06
8.05922767316671e-06
1.1544380493305391e-05
1.6598908142327868e-05
2.3849781543414277e-05
3.410161667075028e-05
4.883988219831118e-05
7.003016242090717e-05
9.991457510806804e-05
0.00014248609040239254
0.00020380266267150352
0.000290021427047747
0.0004116865063486794
0.0005871412236223162
0.0008330262210478108
0.001176651785059081
0.0016725685415662046
0.002365005414113635
0.0033283477318093798
0.004706660522517849
0.00663071688746889
0.00929695399516959
0.01307298010772288
0.018342207054012055
0.02560871295537314
0.035780255518048164
0.04992688644712104
0.06926018028123021
0.09582601268288467
0.13220882522501246
0.1806899940047353
0.24453468986536808
0.327066705778889
0.4286602950731601
0.5477579842518479
0.674757910219751
0.7972537398915829
0.899500555644855
0.9606036253759713
0.9896297557530576
0.9987554375570267
0.9999236573518931
0.9999977297268211
0.9999999881231165
0.9999999999997033
1.0
1.0
1.0
1.0
1.0
1.0
1.0
1.0
1.0
1.0
1.0
1.0
###
1e-05
1.1768119524349992e-05
1.3848863713938717e-05
1.6297508346206434e-05
1.917910261672489e-05
2.2570197196339216e-05
2.656087782946684e-05
3.1257158496882356e-05
3.678379771828634e-05
4.328761281083062e-05
5.0941380148163754e-05
5.994842503189409e-05
7.054802310718646e-05
8.302175681319735e-05
9.770099572992247e-05
0.00011497569953977356
0.00013530477745798074
0.00015922827933410923
0.0001873817422860383
0.00022051307399030456
0.00025950242113997375
0.0003053855508833416
0.00035938136638046257
0.0004229242874389499
0.0004977023564332109
0.0005857020818056661
0.0006892612104349695
0.0008111308307896872
0.0009545484566618337
0.0011233240329780276
0.0013219411484660286
0.0015556761439304723
0.0018307382802953678
0.002154434690031882
0.0025353644939701114
0.0029836472402833374
0.003511191734215131
0.004132012400115334
0.004862601580065354
0.005722367659350214
0.006734150657750821
0.007924828983539169
0.0093260334688322
0.010974987654930556
0.01291549665014884
0.01519911082952933
0.01788649529057435
0.0210490414451202
0.02477076355991709
0.029150530628251757
0.034304692863149154
0.040370172585965536
0.047508101621027934
0.05590810182512223
0.06579332246575675
0.0774263682681127
0.09111627561154886
0.10722672220103231
0.1261856883066021
0.14849682622544635
0.1747528400007683
0.20565123083486514
0.24201282647943834
0.2848035868435799
0.3351602650938841
0.3944206059437656
0.46415888336127725
0.5462277217684337
0.642807311728432
0.7564633275546291
0.8902150854450375
1.0476157527896641
1.232846739442066
1.4508287784959402
1.7073526474706886
2.009233002565046
2.364489412645407
2.782559402207126
3.274549162877725
3.8535285937105273
4.534878508128582
5.3366992312063015
6.280291441834247
7.390722033525775
8.697490026177835
10.235310218990248
12.045035402587812
14.174741629268048
16.68100537200059
19.630406500402685
23.10129700083158
27.1858824273294
31.992671377973846
37.64935806792464
44.30621457583877
52.14008287999685
61.35907273413163
72.20809018385457
84.97534359086438
100.0
###
0.21354036479948682
0.1919407769154048
0.1714847302380935
0.1525242684360367
0.13526755631265835
0.11981117473138332
0.10940079970986781
0.09704209065521034
0.08631695758225454
0.0770927583098967
0.6775039394512273
0.577117976556751
0.48720579492463845
0.4079101254584554
0.33893143093838746
0.2795356558604656
0.240715224976771
0.19570273235451885
0.15745922611690952
0.12483320208959388
0.9890500067080267
0.8240742795851754
0.6796185285015222
0.5550367271465447
0.4488587440995081
0.3592675494118534
0.3016704107587757
0.2359734067131982
0.18113574798297546
0.1353224250930346
1.2383386543265567
1.017413935257902
0.8268206119836731
0.664733689748786
0.5285001323293037
0.4150237108709282
0.3429291341988755
0.2616587188877165
0.19476751940791193
0.1397241888786369
1.4510261404253204
1.1800458773819276
0.9487919572281341
0.7541740109590048
0.5922045135334743
0.4586652396606283
0.37455155619801633
0.28061330315179467
0.20415476281601838
0.1420086348924756
1.638849576661919
1.3221834458225932
1.0542182791972226
0.8305458988312547
0.6458905255808489
0.4948287109353196
0.40038610655105733
0.2956797370075701
0.21124271180221146
0.14332108957264228
1.8083937264309895
1.4494483465762236
1.1477890098976973
0.8976827130071501
0.6925837904728984
0.5259124609724878
0.42232557794163644
0.3082094305840143
0.21690586913718235
0.1441132766072512
1.9637636801614118
1.5652708258597077
1.2323513189802686
0.957903190391087
0.7341014152976482
0.5532645719052397
0.4414580341538209
0.3189168874338691
0.22160516354429002
0.14460037263659448
2.107737634004271
1.6719954968081983
1.309812983133216
1.012700645621758
0.7716070464417384
0.5777640511114684
0.45846216016630686
0.3283240145640138
0.22561235343987315
0.14487592327114426
2.2423578465812692
1.7712768405494654
1.3814752012653646
1.0631169408089853
0.80589904647884
0.600001256611125
0.47379388991077936
0.33670376782922595
0.22910030996776184
0.1450589951063422
2.368984091820864
1.8642749927067863
1.448309947010835
1.1099072950962159
0.8375652597273346
0.6203958773915698
0.48777391425237765
0.3443212022174768
0.23218217528919532
0.14513770750977903
2.4887944266840187
1.9519282716664057
1.5110366690971675
1.1536380275508555
0.8670059292452025
0.6392578408535194
0.5006372199961173
0.3512204246525999
0.23494270104424428
0.14515500461252384
2.602675575286102
2.0349545129562596
1.5702732206958143
1.1947488330406852
0.894561647635076
0.6568227940757548
0.5125611569704773
0.3575634608740271
0.23744006762334935
0.14512802857855847
2.711339733753214
2.113927280098315
1.6264066801913912
1.2335847980781325
0.9204997878990029
0.6732745158311043
0.523683171597951
0.36343624222928433
0.23971910709452263
0.14507016045652235
2.8153687748684346
2.1893130189134915
1.679831395205413
1.2704245357780626
0.9449963264139054
0.6887592181935818
0.5341119451309848
0.36890610316378686
0.24181359992444376
0.14498629058910997