# ../data/BKevo/MV2g_BKevo/mv2g_89.dat
# N(r,Y=0), r, *FL(x,Q^2)
# 1e-05 < r < 100.0
# 1 < Q^2 < 50, n=15, lin grid
# 1e-5 < x < 1e-2, n=10, log grid
###
3.8335691235746904e-13
5.571401597655419e-13
8.158010259868935e-13
1.191452721874681e-12
1.7318951747593045e-12
2.5307881055642215e-12
3.6968745075927615e-12
5.374534852881082e-12
7.837247024465918e-12
1.1450556551222765e-11
1.664841968957447e-11
2.42243242325036e-11
3.5398044156939127e-11
5.1469181087342424e-11
7.472233446213957e-11
1.0919998869711229e-10
1.587778245753462e-10
2.29976198975165e-10
3.361046621074256e-10
4.886687278493866e-10
7.072779690117447e-10
1.0319086862004517e-09
1.5001083896556273e-09
2.17069609867787e-09
3.1594766783346414e-09
4.591987671695058e-09
6.642619200369245e-09
9.64432753984732e-09
1.4012557119665672e-08
2.0261548109598014e-08
2.9340513538118914e-08
4.261086562235172e-08
6.15797758190116e-08
8.892741927258555e-08
1.2907233416328892e-07
1.8640166626423453e-07
2.6840066308908083e-07
3.8927181056491983e-07
5.616874666892948e-07
8.068171469712604e-07
1.1682912834469932e-06
1.683974955408798e-06
2.416116443720686e-06
3.487241343238475e-06
5.020237033081773e-06
7.193296019802164e-06
1.0346897649690275e-05
1.4874414019448587e-05
2.128180144638231e-05
3.0505633367111853e-05
4.379089992802912e-05
6.256583190688971e-05
8.938747978780988e-05
0.00012817202057907197
0.00018295557459327186
0.0002607204589915602
0.0003738502836350468
0.0005339527461143026
0.0007604233263621054
0.0010935334150829268
0.0015683689004699413
0.002245791395705102
0.003252656999835921
0.004718946472529839
0.006854118608989884
0.010099159764234866
0.015002799565761376
0.022387940798798692
0.03398473910025581
0.0523196793245618
0.08080640547453302
0.12595264274014414
0.1968324330677337
0.2999605358715177
0.437523848277155
0.5893450557055765
0.7200692850856976
0.8113378321351616
0.8759868703194346
0.9309380854080987
0.9713078896062299
0.9908957085411779
0.9982059822586092
0.9998692753287369
0.9999960353811246
0.9999999436704456
0.9999999998900986
0.9999999999999998
1.0
1.0
1.0
1.0
1.0
1.0
1.0
1.0
1.0
1.0
1.0
1.0
###
1e-05
1.1768119524349992e-05
1.3848863713938717e-05
1.6297508346206434e-05
1.917910261672489e-05
2.2570197196339216e-05
2.656087782946684e-05
3.1257158496882356e-05
3.678379771828634e-05
4.328761281083062e-05
5.0941380148163754e-05
5.994842503189409e-05
7.054802310718646e-05
8.302175681319735e-05
9.770099572992247e-05
0.00011497569953977356
0.00013530477745798074
0.00015922827933410923
0.0001873817422860383
0.00022051307399030456
0.00025950242113997375
0.0003053855508833416
0.00035938136638046257
0.0004229242874389499
0.0004977023564332109
0.0005857020818056661
0.0006892612104349695
0.0008111308307896872
0.0009545484566618337
0.0011233240329780276
0.0013219411484660286
0.0015556761439304723
0.0018307382802953678
0.002154434690031882
0.0025353644939701114
0.0029836472402833374
0.003511191734215131
0.004132012400115334
0.004862601580065354
0.005722367659350214
0.006734150657750821
0.007924828983539169
0.0093260334688322
0.010974987654930556
0.01291549665014884
0.01519911082952933
0.01788649529057435
0.0210490414451202
0.02477076355991709
0.029150530628251757
0.034304692863149154
0.040370172585965536
0.047508101621027934
0.05590810182512223
0.06579332246575675
0.0774263682681127
0.09111627561154886
0.10722672220103231
0.1261856883066021
0.14849682622544635
0.1747528400007683
0.20565123083486514
0.24201282647943834
0.2848035868435799
0.3351602650938841
0.3944206059437656
0.46415888336127725
0.5462277217684337
0.642807311728432
0.7564633275546291
0.8902150854450375
1.0476157527896641
1.232846739442066
1.4508287784959402
1.7073526474706886
2.009233002565046
2.364489412645407
2.782559402207126
3.274549162877725
3.8535285937105273
4.534878508128582
5.3366992312063015
6.280291441834247
7.390722033525775
8.697490026177835
10.235310218990248
12.045035402587812
14.174741629268048
16.68100537200059
19.630406500402685
23.10129700083158
27.1858824273294
31.992671377973846
37.64935806792464
44.30621457583877
52.14008287999685
61.35907273413163
72.20809018385457
84.97534359086438
100.0
###
0.22648729947687865
0.20703633953365222
0.18876688549576753
0.17201834721668433
0.15695270734556316
0.14366327768268186
0.13486542000719876
0.12466023516818181
0.11612928068304319
0.10918561502077448
0.7238554593782512
0.6263669733644367
0.538681490277729
0.4610285166363511
0.39309260920017025
0.3342244948872
0.29547080133650827
0.25021631205706646
0.21136584496100133
0.17795031135573744
1.0569177835944839
0.8930697498212338
0.7485972100773302
0.6230395923131028
0.5149258537571868
0.42249607729340755
0.36230327135633766
0.2925316410371348
0.23298093881369947
0.1818389689846429
1.3226934954504257
1.1007477526286953
0.9077294228016508
0.741958210965594
0.6009105679632606
0.4816816763025845
0.4046830764205725
0.31620177395700644
0.2413583358228372
0.1776154723420021
1.548987055217682
1.2747890999366653
1.0387350847255352
0.8379163902971026
0.6686568636438375
0.5268153668226129
0.4359284449444341
0.33228434488324426
0.24539713129018292
0.17211128677023715
1.7485298100104243
1.4264834178316088
1.1514815160779384
0.9193754804914936
0.7251756273278039
0.5636380538125253
0.4608371879160967
0.3444040591945679
0.2476294119338667
0.16677448527793945
1.9284059073500746
1.5620187126648812
1.2512208973144892
0.9906197720250548
0.7739722757171907
0.5949242355711446
0.48165293151284533
0.35414851856786145
0.24899738683508033
0.16193143127729473
2.0930850617749392
1.685170758506224
1.3411338319227957
1.0542838642602927
0.8171294708500202
0.6222488028606236
0.49960583775659456
0.3623215064769093
0.2499128287743046
0.1577059387430418
2.245552084345806
1.7984670233949227
1.4233141848346362
1.1120424130304318
0.8559571441795394
0.6465857972163499
0.5154418031369424
0.36938397573400567
0.25057265321819094
0.153783459913947
2.3879410000261645
1.90374400911439
1.4992159253560045
1.1650454315150554
0.8913433651907181
0.6685812898314121
0.5296441178298742
0.3756164498218948
0.2510856886792358
0.15036970327620025
2.521879993687961
2.0022591769478604
1.569879649835249
1.214145163242614
0.9239202543022016
0.6886871395381312
0.5425427739932831
0.3812168463067383
0.2515098366922791
0.1473156094658903
2.6485361356377934
2.0950281558306476
1.6361592824651507
1.259957453043669
0.9541548750287042
0.7072336558187747
0.5543798629543386
0.3863024633633952
0.25187511194463613
0.1445688988584332
2.768827775101699
2.1828292396553635
1.6986309849053711
1.3029613065464147
0.9824027450139472
0.7244698109889212
0.5653293365097267
0.39097553652230294
0.25220021216994626
0.14208314698539737
2.883552673451359
2.266283222653426
1.7577971470215044
1.3435337834575307
1.008941434614143
0.7405869894805241
0.5755278670643726
0.3953024142434432
0.25245286409772255
0.13982712604749903
2.9933348338217276
2.34589440942849
1.8140550180883022
1.3819774713349393
1.0339920510991345
0.7557364430591625
0.5850809769536058
0.3993358983417995
0.2527932898937233
0.13776471393603365