# ../data/BKevo/MVge_BKevo/mvge_2.dat
# N(r,Y=0), r, *FL(x,Q^2)
# 1e-05 < r < 100.0
# 1 < Q^2 < 50, n=15, lin grid
# 1e-5 < x < 1e-2, n=10, log grid
###
0.00012869121108086807
0.00014478830022321136
0.00016279034315614226
0.00018302514956660518
0.00020580527933784264
0.00023129848988365982
0.0002598974970176462
0.0002920722070860827
0.0003281024517882088
0.0003684388688618292
0.0004137849510264697
0.0004645968231376821
0.0005213573902247281
0.0005851155548005612
0.0006566015034826415
0.000736271204536846
0.0008256823205353843
0.000925986736482748
0.0010374965721538826
0.0011625158721939167
0.0013026772231276172
0.001458422450673665
0.0016326594279367818
0.0018277746172978768
0.0020446241790300014
0.00228656145097012
0.002557138024575266
0.002857883295169733
0.0031924288496653556
0.0035660280487072086
0.003981278807740012
0.004441699247472452
0.004955014231212642
0.005525486621319681
0.006155751155351963
0.006857103096920109
0.007636361865366031
0.008493899855683417
0.00944614642837447
0.010503192298702878
0.01166266029897811
0.012946508801289258
0.014368262432504957
0.015926336434813528
0.017644169092697008
0.01954178113968853
0.02161959846403629
0.023900368080840746
0.026413799225684417
0.029164658385289473
0.03217160507825404
0.035479023345822466
0.0391003164291171
0.043045688048404154
0.047381989461274886
0.052138704747708056
0.05731319827236153
0.06300647315629164
0.06927577395274237
0.07610232696719907
0.08363715678035027
0.09196721456782901
0.10109562497950435
0.11119996561230891
0.12241935663458478
0.1347936557626755
0.14851561975842098
0.1637893491897377
0.18068815095897028
0.19939064654162555
0.220167049434006
0.2431004952403817
0.26827474067320034
0.2960161455788531
0.3263716306270966
0.3591549965927056
0.3947327924394821
0.4330540574415788
0.4733518348954174
0.5160344063268156
0.5608329735791644
0.6062066742095892
0.652466697486354
0.6990616002327892
0.7439643894868018
0.7870837700868931
0.8279524418333832
0.8646207106546921
0.8967984200254794
0.9246865528723549
0.9472737340716151
0.9645802547170582
0.9777378767303099
0.98694033169542
0.9926885753039452
0.9963009039653912
0.9983469502256389
0.9992863545343161
0.9997353077499437
0.9999228798515168
###
1e-05
1.1768119524349992e-05
1.3848863713938717e-05
1.6297508346206434e-05
1.917910261672489e-05
2.2570197196339216e-05
2.656087782946684e-05
3.1257158496882356e-05
3.678379771828634e-05
4.328761281083062e-05
5.0941380148163754e-05
5.994842503189409e-05
7.054802310718646e-05
8.302175681319735e-05
9.770099572992247e-05
0.00011497569953977356
0.00013530477745798074
0.00015922827933410923
0.0001873817422860383
0.00022051307399030456
0.00025950242113997375
0.0003053855508833416
0.00035938136638046257
0.0004229242874389499
0.0004977023564332109
0.0005857020818056661
0.0006892612104349695
0.0008111308307896872
0.0009545484566618337
0.0011233240329780276
0.0013219411484660286
0.0015556761439304723
0.0018307382802953678
0.002154434690031882
0.0025353644939701114
0.0029836472402833374
0.003511191734215131
0.004132012400115334
0.004862601580065354
0.005722367659350214
0.006734150657750821
0.007924828983539169
0.0093260334688322
0.010974987654930556
0.01291549665014884
0.01519911082952933
0.01788649529057435
0.0210490414451202
0.02477076355991709
0.029150530628251757
0.034304692863149154
0.040370172585965536
0.047508101621027934
0.05590810182512223
0.06579332246575675
0.0774263682681127
0.09111627561154886
0.10722672220103231
0.1261856883066021
0.14849682622544635
0.1747528400007683
0.20565123083486514
0.24201282647943834
0.2848035868435799
0.3351602650938841
0.3944206059437656
0.46415888336127725
0.5462277217684337
0.642807311728432
0.7564633275546291
0.8902150854450375
1.0476157527896641
1.232846739442066
1.4508287784959402
1.7073526474706886
2.009233002565046
2.364489412645407
2.782559402207126
3.274549162877725
3.8535285937105273
4.534878508128582
5.3366992312063015
6.280291441834247
7.390722033525775
8.697490026177835
10.235310218990248
12.045035402587812
14.174741629268048
16.68100537200059
19.630406500402685
23.10129700083158
27.1858824273294
31.992671377973846
37.64935806792464
44.30621457583877
52.14008287999685
61.35907273413163
72.20809018385457
84.97534359086438
100.0
###
0.3911058419469595
0.38546696174563244
0.37420504455385784
0.35419911317324954
0.3227558394712219
0.2799441903172721
0.24249561255911206
0.19047081109848488
0.14212017415706127
0.1016731039503414
1.877485798493296
1.8236949251255503
1.7288426664672638
1.5802474676513876
1.3754524778080726
1.1301401673179505
0.9370554405016633
0.6932214339157945
0.48712306105795933
0.32802200285081295
3.3404729522889336
3.2185984125628893
3.0140598200642907
2.7098488076998652
2.311970042064178
1.858449012446284
1.5155055224576766
1.097302884926071
0.755489148942239
0.49883791155245133
4.784698822492442
4.582871405054606
4.254832978851717
3.782864943592678
3.1856606614280136
2.5254962468030167
2.0387655375779805
1.4573608651071277
0.9915799763870549
0.647550320923238
6.213715319791177
5.923001888671647
5.46246374086764
4.815375524579812
4.016248123333796
3.1523627119295234
2.5262206345808194
1.7897251107326582
1.2078761033047278
0.7829996552986574
7.629756079597211
7.244129580775493
6.643559697115543
5.816267744623353
4.813823966785298
3.7488986217502824
2.9876790080829294
2.102224740311734
1.4102015537436785
0.9092255821174113
9.034522251840361
8.54807067053925
7.802319746752872
6.791115830099035
5.585031727085264
4.321710947225
3.4286611711668993
2.3994392049946804
1.6018800744093609
1.028494391454074
10.429174230652569
9.837210745177066
8.941845147586982
7.744446181827899
6.334177672734387
4.874946663163692
3.853010775054496
2.684306783980775
1.7850568308119936
1.1422409518783019
11.814649384640024
11.113113345742503
10.064383493007282
8.67851418507966
7.064255167191901
5.4116942659473235
4.263264867346455
2.958927637435666
1.9611948710155809
1.2514461437223543
13.1917038348736
12.376877202012807
11.171757344288025
9.595445963517935
7.777807163571005
5.934063371319703
4.661603016464922
3.2247439303443253
2.131364744902032
1.3568186305409837
14.560962533215948
13.629745342815577
12.26536924836675
10.49736402497419
8.477582903428823
6.443854189290688
5.049539773525715
3.482870382205736
2.2963703225797785
1.4588915910050313
15.922952455856187
14.87246732795335
13.346446872930732
11.385605503107078
9.163598442810974
6.942464208908239
5.42812469116938
3.734349503592414
2.456852780598092
1.558077643015722
17.278151374615923
16.105758770374063
14.416031346152362
12.261360761230328
9.837730266756743
7.430988769633835
5.798388506846061
3.9798280141964573
2.6133138087508314
1.6547097275383618
18.62690689146107
17.330234758878138
15.472959042337001
13.12563311922637
10.501011698933691
7.910374959999971
6.161130388285641
4.2199155349338655
2.7661664768169003
1.749054211171055
19.96957380361135
18.546430253839723
16.523734670404618
13.979279514770054
11.15431822462141
8.381407325377824
6.517019750936173
4.455101315098456
2.915753333640292
1.8413329355724737