# ../data/BKevo/MVge_BKevo/mvge_49.dat
# N(r,Y=0), r, *FL(x,Q^2)
# 1e-05 < r < 100.0
# 1 < Q^2 < 50, n=15, lin grid
# 1e-5 < x < 1e-2, n=10, log grid
###
0.0
0.0
0.0
0.0
0.0
0.0
0.0
0.0
0.0
0.0
0.0
0.0
0.0
0.0
0.0
0.0
0.0
1.110223024625157e-16
1.461039735377627e-16
2.220446049250313e-16
4.3546539295381284e-16
8.961494096199904e-16
1.6091336596321667e-15
2.997744561470017e-15
5.656081918439337e-15
1.0654692505200446e-14
1.984467437112119e-14
3.759756852068124e-14
7.137475262843886e-14
1.3305776584921372e-13
2.502295237426998e-13
4.757875099195241e-13
8.88688049009223e-13
1.660210313987661e-12
3.1650775624169696e-12
5.924321548954722e-12
1.099692766766683e-11
2.1033909633658337e-11
3.947406972904165e-11
7.301061737589511e-11
1.3984140926643383e-10
2.633233628253705e-10
4.884878640084949e-10
9.32028352585793e-10
1.7625747597402996e-09
3.2823130075560936e-09
6.242048853998672e-09
1.1866519962805675e-08
2.220114984374031e-08
4.209540994762421e-08
8.050512913844035e-08
1.5139784291447715e-07
2.8618016900486024e-07
5.50753233244006e-07
1.0412175278813361e-06
1.9609782080337624e-06
3.7973352016448578e-06
7.2151581253633225e-06
1.3527362200808757e-05
2.6348966395416903e-05
5.029613354445104e-05
9.45421658833614e-05
0.00018367134022507093
0.00035206079461546437
0.0006639197544123923
0.001283663201258745
0.0024688947054403018
0.004665906951682309
0.00895733863079177
0.0172261328617504
0.03243418811607643
0.061095660687188184
0.1147771132447664
0.2069662580436358
0.35629819921233175
0.5681115852485462
0.7948926768418647
0.9539594217240034
0.9954427609396593
0.9999034919675742
0.9999999673461561
0.9999999999999999
1.0
1.0
1.0
1.0
1.0
1.0
1.0
1.0
1.0
1.0
1.0
1.0
1.0
1.0
1.0
1.0
1.0
1.0
###
1e-05
1.1768119524349992e-05
1.3848863713938717e-05
1.6297508346206434e-05
1.917910261672489e-05
2.2570197196339216e-05
2.656087782946684e-05
3.1257158496882356e-05
3.678379771828634e-05
4.328761281083062e-05
5.0941380148163754e-05
5.994842503189409e-05
7.054802310718646e-05
8.302175681319735e-05
9.770099572992247e-05
0.00011497569953977356
0.00013530477745798074
0.00015922827933410923
0.0001873817422860383
0.00022051307399030456
0.00025950242113997375
0.0003053855508833416
0.00035938136638046257
0.0004229242874389499
0.0004977023564332109
0.0005857020818056661
0.0006892612104349695
0.0008111308307896872
0.0009545484566618337
0.0011233240329780276
0.0013219411484660286
0.0015556761439304723
0.0018307382802953678
0.002154434690031882
0.0025353644939701114
0.0029836472402833374
0.003511191734215131
0.004132012400115334
0.004862601580065354
0.005722367659350214
0.006734150657750821
0.007924828983539169
0.0093260334688322
0.010974987654930556
0.01291549665014884
0.01519911082952933
0.01788649529057435
0.0210490414451202
0.02477076355991709
0.029150530628251757
0.034304692863149154
0.040370172585965536
0.047508101621027934
0.05590810182512223
0.06579332246575675
0.0774263682681127
0.09111627561154886
0.10722672220103231
0.1261856883066021
0.14849682622544635
0.1747528400007683
0.20565123083486514
0.24201282647943834
0.2848035868435799
0.3351602650938841
0.3944206059437656
0.46415888336127725
0.5462277217684337
0.642807311728432
0.7564633275546291
0.8902150854450375
1.0476157527896641
1.232846739442066
1.4508287784959402
1.7073526474706886
2.009233002565046
2.364489412645407
2.782559402207126
3.274549162877725
3.8535285937105273
4.534878508128582
5.3366992312063015
6.280291441834247
7.390722033525775
8.697490026177835
10.235310218990248
12.045035402587812
14.174741629268048
16.68100537200059
19.630406500402685
23.10129700083158
27.1858824273294
31.992671377973846
37.64935806792464
44.30621457583877
52.14008287999685
61.35907273413163
72.20809018385457
84.97534359086438
100.0
###
0.2033239504684594
0.18490061932081658
0.16810613679530156
0.15312514726290527
0.14004136713528834
0.1288558458907357
0.12168722708202746
0.11369175051421199
0.10741235027694183
0.10278055570584897
0.6105466619959264
0.5226183471163699
0.4449814451756586
0.37727770684826
0.3187975175648605
0.26851806200434347
0.23557284494304906
0.19712472202349096
0.16400869227889062
0.1353814125861486
0.869160583011296
0.724814912540753
0.5997737241922337
0.4924298500776279
0.40097550538113025
0.3232464677325537
0.2727009807771175
0.2140283477285547
0.1636197452843001
0.119825083903708
1.0707187084825047
0.878329758865922
0.7137147951930111
0.574148241979333
0.4565022166450059
0.35761182633154637
0.293896241871241
0.2206033810564319
0.15831676458903904
0.10483536546259364
1.2398400778076222
1.0049937622729133
0.8060197965820916
0.6388385311029993
0.49924946050499747
0.3829981346797959
0.3087363668518534
0.22408693860375542
0.1529891238754238
0.09278117240665304
1.3874173189400916
1.1142465511760355
0.8845265209379225
0.6930334267077449
0.5343975810643189
0.40334625217054365
0.3202669658259733
0.2263565106175471
0.14835407351828606
0.08319272370120523
1.519411208376272
1.2110120768905226
0.9533862384815596
0.7400467281050249
0.5644665531570118
0.4204550381031698
0.3297830718054983
0.22806017285828323
0.14443255038534006
0.07545863024680943
1.6394616154059358
1.2983698242138315
1.0150444319035425
0.7817560498235562
0.5908803695701957
0.43530172707811426
0.3379420251513885
0.2294659063037413
0.1411196653145127
0.06911005526003923
1.7500136671935154
1.3783069178897358
1.0710921631704213
0.8193921691723943
0.6145217264783736
0.44847027243412557
0.3451260355339025
0.230699396491608
0.1383042772864343
0.06381108159030319
1.8527903403914336
1.4522243029108617
1.1226216507078097
0.8537818295728684
0.6359804726271403
0.46033972359976616
0.35157114572948434
0.23182294588042093
0.13589040409860792
0.059321939516735304
1.9490490147209234
1.5211323166837898
1.170421654399538
0.8855143114976296
0.6556706422993984
0.47117057433793313
0.3574356236681233
0.23287149109805777
0.13380381363980623
0.05546956957687966
2.039752806011735
1.5857955350672814
1.2150822128906662
0.9150262000071111
0.6738949345582061
0.4811496177779746
0.3628304490945041
0.23386475636861037
0.13198530763604296
0.05212527390716515
2.1256516782640884
1.6468111824508465
1.2570572412832208
0.942650427707146
0.6908820645975875
0.4904159497102177
0.36783251610199036
0.23481456549497115
0.13038861774696844
0.0491937736426672
2.2073441247590755
1.7046419708360498
1.2967044355383037
0.9686474347952936
0.7068092545056808
0.4990763229865372
0.37250700570962536
0.23572765382828403
0.12897722850314505
0.046601725623180094
2.285316369446093
1.7596779909538325
1.334311155092616
0.9932250805677556
0.721816790260831
0.5072138336122661
0.3768958856622727
0.2366122405448441
0.1277217817898108
0.04429220044302104