# ../data/BKevo/MVge_BKevo/mvge_47.dat
# N(r,Y=0), r, *FL(x,Q^2)
# 1e-05 < r < 100.0
# 1 < Q^2 < 50, n=15, lin grid
# 1e-5 < x < 1e-2, n=10, log grid
###
0.0
0.0
0.0
0.0
0.0
0.0
0.0
0.0
0.0
0.0
0.0
0.0
0.0
0.0
0.0
0.0
0.0
1.110223024625157e-16
1.461039735377627e-16
2.220446049250313e-16
4.3546539295381284e-16
8.961494096199904e-16
1.6091336596321667e-15
2.997744561470017e-15
5.656081918439337e-15
1.0654692505200446e-14
1.984467437112119e-14
3.746736767870998e-14
7.104539617443217e-14
1.3234514376972825e-13
2.486328749767831e-13
4.721587777781025e-13
8.807007190180246e-13
1.6425671706724757e-12
3.124617567578008e-12
5.8347123985560145e-12
1.0801049631354426e-11
2.0584075945211462e-11
3.8477911504752106e-11
7.086040515416043e-11
1.3493139041948558e-10
2.524784642142374e-10
4.6517883031018017e-10
8.797532155488234e-10
1.6477248950109003e-09
3.037116027630648e-09
5.7034202659593e-09
1.0692471636338978e-08
1.9717219160619097e-08
3.676182722620909e-08
6.899586162392609e-08
1.273086932794599e-07
2.3567236754546063e-07
4.429865909391018e-07
8.182547406487912e-07
1.5044580448810481e-06
2.834426101492898e-06
5.245674360712154e-06
9.585794079510372e-06
1.8125642400182708e-05
3.365563701251391e-05
6.163242219995476e-05
0.00011632775415175591
0.00021708046532165916
0.0003994365425687423
0.0007527273974671738
0.001413827947685819
0.0026167451119682955
0.004923403285267269
0.009303051091624874
0.017283212263470658
0.03228101055741582
0.06067232204281522
0.1109226597382616
0.19821328963610638
0.3436122525956095
0.5473954512871299
0.7776058741594516
0.9344578275921225
0.9922405928573036
0.9999384966314734
0.9999999763174772
0.9999999999997613
1.0
1.0
1.0
1.0
1.0
1.0
1.0
1.0
1.0
1.0
1.0
1.0
1.0
1.0
1.0
1.0
1.0
###
1e-05
1.1768119524349992e-05
1.3848863713938717e-05
1.6297508346206434e-05
1.917910261672489e-05
2.2570197196339216e-05
2.656087782946684e-05
3.1257158496882356e-05
3.678379771828634e-05
4.328761281083062e-05
5.0941380148163754e-05
5.994842503189409e-05
7.054802310718646e-05
8.302175681319735e-05
9.770099572992247e-05
0.00011497569953977356
0.00013530477745798074
0.00015922827933410923
0.0001873817422860383
0.00022051307399030456
0.00025950242113997375
0.0003053855508833416
0.00035938136638046257
0.0004229242874389499
0.0004977023564332109
0.0005857020818056661
0.0006892612104349695
0.0008111308307896872
0.0009545484566618337
0.0011233240329780276
0.0013219411484660286
0.0015556761439304723
0.0018307382802953678
0.002154434690031882
0.0025353644939701114
0.0029836472402833374
0.003511191734215131
0.004132012400115334
0.004862601580065354
0.005722367659350214
0.006734150657750821
0.007924828983539169
0.0093260334688322
0.010974987654930556
0.01291549665014884
0.01519911082952933
0.01788649529057435
0.0210490414451202
0.02477076355991709
0.029150530628251757
0.034304692863149154
0.040370172585965536
0.047508101621027934
0.05590810182512223
0.06579332246575675
0.0774263682681127
0.09111627561154886
0.10722672220103231
0.1261856883066021
0.14849682622544635
0.1747528400007683
0.20565123083486514
0.24201282647943834
0.2848035868435799
0.3351602650938841
0.3944206059437656
0.46415888336127725
0.5462277217684337
0.642807311728432
0.7564633275546291
0.8902150854450375
1.0476157527896641
1.232846739442066
1.4508287784959402
1.7073526474706886
2.009233002565046
2.364489412645407
2.782559402207126
3.274549162877725
3.8535285937105273
4.534878508128582
5.3366992312063015
6.280291441834247
7.390722033525775
8.697490026177835
10.235310218990248
12.045035402587812
14.174741629268048
16.68100537200059
19.630406500402685
23.10129700083158
27.1858824273294
31.992671377973846
37.64935806792464
44.30621457583877
52.14008287999685
61.35907273413163
72.20809018385457
84.97534359086438
100.0
###
0.18334499123881529
0.16442248682244992
0.14725458878097775
0.13198033483845323
0.1186247847248773
0.10712977788383739
0.09967293028336953
0.09118531312593962
0.08424805364386795
0.07874811966545946
0.5313039049294173
0.4474989663320598
0.3743232647473393
0.31110365635740156
0.2568982961563933
0.21058728617243722
0.18041439538115556
0.14513301716804838
0.11478495492289637
0.08835065438763187
0.7473800621424564
0.6134262744237217
0.49872541271176385
0.4014144595357416
0.31938560082466266
0.2504039314468106
0.2059524125336091
0.1548917985357228
0.11136146613746915
0.07404770014456445
0.9143921881056556
0.7384939191430285
0.5898358960619831
0.4653768663240301
0.3617562189843729
0.2757523093995362
0.2209866674651367
0.15885703679941454
0.10677039653217368
0.0631943172263958
1.053834051735395
0.8412725360611069
0.6634280057981414
0.515993961645722
0.394490983537524
0.29470061374358736
0.23179578322942004
0.16114101526491173
0.10295820561582945
0.05486472729610615
1.1750973099997308
0.9296422218656816
0.725939050631725
0.5583978986575427
0.4214763749601805
0.3100151587803305
0.24035606756312106
0.16286749781002233
0.09989500167925115
0.04869989787429993
1.283259359668249
1.0077726032934466
0.7806845052990006
0.5951687883503988
0.4446046029606781
0.3229696989806224
0.2475148316898849
0.16428583777408337
0.09743188621423904
0.04388036792396061
1.3814294186253175
1.0781984348648388
0.8296612610440909
0.6277862745192351
0.4649433588877674
0.33425422021766626
0.25371310940070263
0.16552795946522106
0.09542345158126092
0.040010766199097485
1.4716730862418383
1.1425514704431268
0.8741350297987247
0.657210689634549
0.48316221923922836
0.34429232618854544
0.2592034884436554
0.16665524076088964
0.09376146292352484
0.03682841228511093
1.5554480123722392
1.201985009860517
0.9149888751786058
0.6840894048487409
0.4997075941873558
0.35335765148500414
0.2641500065442779
0.16770116173436492
0.09236743063664858
0.034164556437614776
1.633807345625498
1.257333464873825
0.9528589360001373
0.7088841428694789
0.5148941889593569
0.36164131531402244
0.26866447288533274
0.1686832636203139
0.09118343054942954
0.031898998535635256
1.7075608720739834
1.309225189481714
0.988219016297518
0.7319370363181801
0.5289530931231998
0.369281077671541
0.2728250289340451
0.16961464768055923
0.09016729456853044
0.02994656642373225
1.777336759643583
1.3581465087575257
1.021433447490364
0.7535091377275387
0.5420589414427549
0.3763801115819693
0.2766892754800041
0.1705019694256505
0.08928717580849478
0.028244637616989116
1.84363484114607
1.4044826632234988
1.0527891605385382
0.7738047433879406
0.5543474565654948
0.3830168868503944
0.2803022189277599
0.17135118256613824
0.0885187446876893
0.026746762774113697
1.9068627003003038
1.4485438652344467
1.082516529802293
0.7929869485219032
0.5659262620947408
0.389257012182188
0.28369783882699595
0.1721672686369328
0.08784295482179792
0.025417124938104628