# ../data/BKevo/MVge_BKevo/mvge_12.dat
# N(r,Y=0), r, *FL(x,Q^2)
# 1e-05 < r < 100.0
# 1 < Q^2 < 50, n=15, lin grid
# 1e-5 < x < 1e-2, n=10, log grid
###
2.0516209332819898e-13
2.9811306598824516e-13
4.3659492305710837e-13
6.37653380871605e-13
9.26851721244376e-13
1.3543862174773637e-12
1.9784221191753415e-12
2.876284669292675e-12
4.194210657157381e-12
6.127904876815929e-12
8.909694791826977e-12
1.2963996004531708e-11
1.894384324132314e-11
2.754473234247909e-11
3.9989205847157136e-11
5.844083875080822e-11
8.497382829895705e-11
1.230779751235358e-10
1.7987662243427476e-10
2.615276573439407e-10
3.7852681245585477e-10
5.522710159707036e-10
8.028580266045919e-10
1.1617722894710985e-09
1.6910038928124182e-09
2.4577569986965295e-09
3.5553928457269084e-09
5.16217405917675e-09
7.500549231874813e-09
1.0845894536145817e-08
1.5706565383356507e-08
2.281178935721435e-08
3.2969026552652077e-08
4.761438320474337e-08
6.911603331655179e-08
9.982619053105437e-08
1.4375901229199698e-07
2.0853409724765919e-07
3.009547094922305e-07
4.3238925442666364e-07
6.262836670558557e-07
9.030085405457399e-07
1.2960682702376428e-06
1.8714787574935705e-06
2.695555512878936e-06
3.86455385573488e-06
5.5626575837535435e-06
8.003112130388973e-06
1.1460655499274855e-05
1.6444748588603225e-05
2.3634293441192604e-05
3.380982693206263e-05
4.837089649611848e-05
6.946502314331601e-05
9.930769030139127e-05
0.000141730098549623
0.00020351662689513752
0.000290985916137466
0.00041463725481985216
0.0005960107663559322
0.0008533275772529524
0.0012176924592644598
0.0017516422053082629
0.00251501503195409
0.0036000697101254446
0.005187519129437266
0.007477589100693792
0.010744576661743898
0.015509063552835744
0.02243006548244676
0.03230332625481933
0.04656449075692669
0.06722906077619453
0.09633749878074108
0.13721325426628858
0.19450837270078117
0.27114048584782013
0.37031849208733764
0.4923016511586229
0.6295599327904254
0.7687156855617449
0.8806409231336605
0.9545096293907276
0.9900245104070823
0.9986906176484507
0.9999113348946038
0.9999986163754101
0.9999999992748451
0.9999999999996528
1.0
1.0
1.0
1.0
1.0
1.0
1.0
1.0
1.0
1.0
1.0
###
1e-05
1.1768119524349992e-05
1.3848863713938717e-05
1.6297508346206434e-05
1.917910261672489e-05
2.2570197196339216e-05
2.656087782946684e-05
3.1257158496882356e-05
3.678379771828634e-05
4.328761281083062e-05
5.0941380148163754e-05
5.994842503189409e-05
7.054802310718646e-05
8.302175681319735e-05
9.770099572992247e-05
0.00011497569953977356
0.00013530477745798074
0.00015922827933410923
0.0001873817422860383
0.00022051307399030456
0.00025950242113997375
0.0003053855508833416
0.00035938136638046257
0.0004229242874389499
0.0004977023564332109
0.0005857020818056661
0.0006892612104349695
0.0008111308307896872
0.0009545484566618337
0.0011233240329780276
0.0013219411484660286
0.0015556761439304723
0.0018307382802953678
0.002154434690031882
0.0025353644939701114
0.0029836472402833374
0.003511191734215131
0.004132012400115334
0.004862601580065354
0.005722367659350214
0.006734150657750821
0.007924828983539169
0.0093260334688322
0.010974987654930556
0.01291549665014884
0.01519911082952933
0.01788649529057435
0.0210490414451202
0.02477076355991709
0.029150530628251757
0.034304692863149154
0.040370172585965536
0.047508101621027934
0.05590810182512223
0.06579332246575675
0.0774263682681127
0.09111627561154886
0.10722672220103231
0.1261856883066021
0.14849682622544635
0.1747528400007683
0.20565123083486514
0.24201282647943834
0.2848035868435799
0.3351602650938841
0.3944206059437656
0.46415888336127725
0.5462277217684337
0.642807311728432
0.7564633275546291
0.8902150854450375
1.0476157527896641
1.232846739442066
1.4508287784959402
1.7073526474706886
2.009233002565046
2.364489412645407
2.782559402207126
3.274549162877725
3.8535285937105273
4.534878508128582
5.3366992312063015
6.280291441834247
7.390722033525775
8.697490026177835
10.235310218990248
12.045035402587812
14.174741629268048
16.68100537200059
19.630406500402685
23.10129700083158
27.1858824273294
31.992671377973846
37.64935806792464
44.30621457583877
52.14008287999685
61.35907273413163
72.20809018385457
84.97534359086438
100.0
###
0.17716477111495146
0.15589897305493933
0.13633234990836585
0.11863994319035687
0.1028886382629
0.08905036982180858
0.07983629393294835
0.06898096338716865
0.059627260419939786
0.051573313521544
0.5237175915059314
0.43540863817747855
0.35846064437315706
0.2923214259505667
0.2360950556733888
0.18865381055795444
0.15813078949180676
0.12325359509527636
0.0940209105965896
0.06944458498849035
0.7445314421042409
0.6051551453687009
0.4864511780292968
0.386582782556125
0.30344591354849204
0.23475524985513965
0.1913742407004206
0.14271980247058869
0.10286762127432013
0.07020109587941888
0.9173122700489363
0.7351526250402161
0.5821968362375679
0.4553156843902662
0.35111363151055086
0.2662101816302517
0.21326197628250668
0.1546579457883029
0.10745245382170594
0.06949147622382466
1.0626818814012269
0.8430249463038647
0.660497265283688
0.5106157821696037
0.3887669426636796
0.290495360788836
0.22980167271209315
0.16330557531651577
0.11043530267179355
0.06856071416760046
1.1897926809753947
0.9364394542597504
0.7275627365693029
0.5574132876553121
0.42020182801063366
0.3104603627805613
0.2431964056094603
0.1701088464480686
0.1126539558000115
0.06764322070062527
1.3036649284946538
1.0194269810107413
0.7866552681270921
0.5982819607192524
0.4473827086661083
0.32750416417965544
0.254506600106773
0.1757312066150297
0.11431829404186265
0.0667911460620699
1.4073723879346514
1.0945234514042255
0.8397648513697358
0.6347414039500476
0.4714250707112204
0.34243949205888324
0.26432764104576295
0.180532049796084
0.1157121478463848
0.06601358044821706
1.502979530366072
1.1633805388679312
0.8881827028637375
0.6677737750474009
0.493056726792395
0.3557689047486453
0.27302895277783007
0.1847297882011837
0.11689154551635468
0.06530452170419807
1.591950701712453
1.2271547787507464
0.9328050618356799
0.6980644458900834
0.512768761592172
0.3678320484769149
0.2808550805677458
0.18846255185234562
0.11791224850427715
0.06465673235282557
1.6753504191672788
1.286689673026071
0.9742816228829703
0.7260823435639006
0.5309115178891958
0.37886859398894024
0.2879770071548038
0.19182773418413449
0.11881278313097011
0.06406347342372136
1.7539976522997918
1.3426310179927183
1.0131026191859889
0.7521939676692821
0.5477445782345096
0.38905455923099924
0.2945194888500361
0.19489402510392373
0.1196182325943182
0.06351651750659364
1.828530306499661
1.3954831873852387
1.0496450614731585
0.7766830855744026
0.5634658919930541
0.3985230844930071
0.3005760495679634
0.1977122936400896
0.12034734291410544
0.06301011815537615
1.8994579941600997
1.445616175904042
1.0842076665145262
0.7997673490676893
0.578230286221938
0.4073776013778733
0.3062186730456386
0.20032139382469588
0.12101349713988245
0.06254012459217388
1.967195080993573
1.4933333184969673
1.1170311686092447
0.8216225836966471
0.5921612474492649
0.41570006463108955
0.3115045325294835
0.20275164200236548
0.12162688413254531
0.062101861076816284