# datat/BKevo/MVg_BKevo/mvg46.dat
# N(r,Y=0), r, *FL(x,Q^2)
# 1e-05 < r < 100.0
# 1 < Q^2 < 50, n=15, log grid
# 1e-5 < x < 1e-2, n=10, log grid
###
0.00019970147731555098
0.00022467969538541918
0.0002526135619042421
0.0002840116637350717
0.0003193588806753507
0.0003589152830456151
0.00040329003457581476
0.0004532120326588115
0.0005091150227416956
0.000571697734430616
0.0006420512414915182
0.0007208823936314852
0.0008089393027181454
0.0009078484504317471
0.0010187410744104798
0.0011423219949113325
0.0012810060061628895
0.0014365770051295538
0.0016095133775997901
0.0018033858268693475
0.002020720572793359
0.002262191299718838
0.0025323002261291405
0.002834736230264635
0.0031708045804596584
0.0035456862595478547
0.003964863963705879
0.0044306653867870575
0.004948675694788771
0.005526989972181218
0.006169550210375403
0.006881704462034266
0.0076753260549554374
0.008556854203862072
0.009530130640717118
0.010612454142690766
0.011814060207215165
0.013134977638794414
0.014600238885149051
0.016224804698084266
0.01800379728666225
0.0199703170657122
0.022143895720760937
0.024519667026840306
0.027131763674582036
0.030008270676812544
0.033144987464320375
0.03657210423044626
0.04032964597498348
0.044415292734277356
0.04884652043222184
0.053680031539135725
0.058917643435748214
0.06455015130068865
0.07065773707258384
0.07725053265183336
0.08427259847047855
0.09183763915822517
0.0999716457317375
0.10854671660499296
0.11772505766997055
0.12753546825497006
0.13783003530477805
0.148763264447164
0.16039629106245107
0.17259268158660462
0.18547812468573885
0.19917733704301724
0.2135993476782521
0.22883475823345859
0.24510318663299957
0.2623924349478856
0.28074987711768595
0.3005075817898807
0.3217417348498265
0.34441468582204326
0.36895763255497566
0.39550256944702633
0.423794463723897
0.45432335694889253
0.4871672570757722
0.5216995227323996
0.5583141750911325
0.5968955249907818
0.636386277304178
0.6767817155510408
0.7177909091897975
0.7579347714339724
0.7966862066448134
0.8338119132585492
0.8678165415546087
0.8978525402116794
0.9242514769026804
0.9462169445367249
0.9631853274379998
0.9763289359020105
0.985855116575731
0.9918712548526926
0.9957503035087205
0.9980538918511552
###
1e-05
1.1768119524349992e-05
1.3848863713938717e-05
1.6297508346206434e-05
1.917910261672489e-05
2.2570197196339216e-05
2.656087782946684e-05
3.1257158496882356e-05
3.678379771828634e-05
4.328761281083062e-05
5.0941380148163754e-05
5.994842503189409e-05
7.054802310718646e-05
8.302175681319735e-05
9.770099572992247e-05
0.00011497569953977356
0.00013530477745798074
0.00015922827933410923
0.0001873817422860383
0.00022051307399030456
0.00025950242113997375
0.0003053855508833416
0.00035938136638046257
0.0004229242874389499
0.0004977023564332109
0.0005857020818056661
0.0006892612104349695
0.0008111308307896872
0.0009545484566618337
0.0011233240329780276
0.0013219411484660286
0.0015556761439304723
0.0018307382802953678
0.002154434690031882
0.0025353644939701114
0.0029836472402833374
0.003511191734215131
0.004132012400115334
0.004862601580065354
0.005722367659350214
0.006734150657750821
0.007924828983539169
0.0093260334688322
0.010974987654930556
0.01291549665014884
0.01519911082952933
0.01788649529057435
0.0210490414451202
0.02477076355991709
0.029150530628251757
0.034304692863149154
0.040370172585965536
0.047508101621027934
0.05590810182512223
0.06579332246575675
0.0774263682681127
0.09111627561154886
0.10722672220103231
0.1261856883066021
0.14849682622544635
0.1747528400007683
0.20565123083486514
0.24201282647943834
0.2848035868435799
0.3351602650938841
0.3944206059437656
0.46415888336127725
0.5462277217684337
0.642807311728432
0.7564633275546291
0.8902150854450375
1.0476157527896641
1.232846739442066
1.4508287784959402
1.7073526474706886
2.009233002565046
2.364489412645407
2.782559402207126
3.274549162877725
3.8535285937105273
4.534878508128582
5.3366992312063015
6.280291441834247
7.390722033525775
8.697490026177835
10.235310218990248
12.045035402587812
14.174741629268048
16.68100537200059
19.630406500402685
23.10129700083158
27.1858824273294
31.992671377973846
37.64935806792464
44.30621457583877
52.14008287999685
61.35907273413163
72.20809018385457
84.97534359086438
100.0
###
0.39362283808658277
0.39070466707766954
0.38423337788091655
0.37109495357789285
0.3473274168087786
0.3097321739888759
0.2725157651450656
0.21494728102943148
0.15626319046457
0.10489551850443342
1.9040488335698789
1.8738379164648182
1.8145597277207512
1.7089305427676662
1.5425086746992624
1.3142079302944571
1.1136539580739735
0.8359898894707269
0.5817849287379513
0.37733215685989346
3.4036221525947528
3.332578346443192
3.1998351530914815
2.9755551274370746
2.6412454551475166
2.207221822423478
1.8429840758460192
1.3586066111058925
0.932045814211512
0.5989151151484702
4.892626394228412
4.771996945893788
4.553682464520063
4.197169227885278
3.6840791038603418
3.0405129065978236
2.51533479198603
1.83406126363897
1.2479756982578714
0.7979293035310527
6.3726029834231435
6.195829372691552
5.883240299550805
5.3854202949499586
4.687103572421904
3.832865884293252
3.149605201800327
2.2787582281027707
1.5415812383790857
0.9826531375790679
7.844809593856349
7.606461091510083
7.192802513272422
6.546963979468654
5.659257461199517
4.594108604304309
3.755444874811647
2.7008815399879564
1.819279157566384
1.1570634075244457
9.310052843592054
9.00555483221704
8.485247592993586
7.686145997891083
6.605975940348619
5.33033584904101
4.338677647443027
3.105291696965023
2.0845461693601295
1.3234794237187573
10.768977752710727
10.394366615001035
9.76269033107449
8.806369941747116
7.531193326246469
6.0456829459343036
4.903229291593335
3.495194555518199
2.339727683110616
1.4834136899527006
12.222097051040961
11.773850082587009
11.026738517674932
9.909423110200173
8.437761690156877
6.743225264014273
5.4519072690605315
3.8729541391011355
2.5863902838719204
1.6379243934145695
13.669830529329165
13.144788566171156
12.278665589691121
10.99734862509382
9.327867710207947
7.4251243885254645
5.986811857447993
4.240145698898401
2.825777980415167
1.7877910014905345
15.112529417106604
14.507824665220626
13.519507879558315
12.071607941101755
10.203239474527505
8.093192270798708
6.509589581747176
4.598036239232243
3.0588171757299
1.9336098158889157
16.55049312342944
15.86349945214833
14.749808873987929
13.13338115624605
11.065521684229813
8.748853077160819
7.021540185035935
4.947805270059103
3.287186973201688
2.075850538555989
17.983980491249607
17.212275719960626
15.971038293108053
14.183664449290985
11.91546889878941
9.393274456152534
7.523727974208729
5.290193045191003
3.5085507716040247
2.2148904633727673
19.41324317995406
18.554609162428264
17.183278736667223
15.223323134058322
12.754248566175308
10.027429830965083
8.017036186329822
5.62594842126108
3.7263902731388674
2.3510446503674833
20.838428145383883
19.890748163380078
18.387196075901272
16.253071582633847
13.582698285331
10.652140886958295
8.502208593056116
5.955621489780881
3.940092952511889
2.484571508061872