# ../data/BKevo/MVge_BKevo/mvge_38.dat
# N(r,Y=0), r, *FL(x,Q^2)
# 1e-05 < r < 100.0
# 1 < Q^2 < 50, n=15, lin grid
# 1e-5 < x < 1e-2, n=10, log grid
###
4.712950527538068e-13
6.849828157279426e-13
1.003026209691412e-12
1.4648812535780275e-12
2.1293498530910967e-12
3.1115850019732676e-12
4.545338379713e-12
6.608049445173289e-12
9.636002799001299e-12
1.4078713478134726e-11
2.046974318847803e-11
2.9784845785035675e-11
4.352385466741733e-11
6.328497639701869e-11
9.187759473230556e-11
1.3427347816004792e-10
1.952389061889516e-10
2.827937371386626e-10
4.1330919578474467e-10
6.009393478993544e-10
8.698094863286006e-10
1.2691077050124615e-09
1.8450442912231383e-09
2.670017170742374e-09
3.886597329387482e-09
5.649391830355251e-09
8.17323069254458e-09
1.1868424974304209e-08
1.7247224401216883e-08
2.4944049386234868e-08
3.6130600686841037e-08
5.2488915645066666e-08
7.588318775426596e-08
1.0963132910741705e-07
1.5921136227013643e-07
2.3007408357686897e-07
3.3153137003065947e-07
4.812948867007022e-07
6.952321766653427e-07
9.99898604032001e-07
1.4502481038684741e-06
2.0943063031176716e-06
3.011267606161772e-06
4.358032781926497e-06
6.293578336032858e-06
9.049933083815123e-06
1.3074699117535602e-05
1.88924902593576e-05
2.718614801444242e-05
3.923592305103759e-05
5.677612307575843e-05
8.183399119240519e-05
0.00011809286364333657
0.00017132059439732442
0.00024760694445996893
0.0003576247706874552
0.0005207082512856535
0.0007553618806433889
0.001092663934218931
0.0015978360912988969
0.00232749831575067
0.003378988203693421
0.0049515832586013685
0.0072388366890191935
0.010540483924995443
0.01544797214415385
0.022615090747107155
0.03292929291435308
0.04805065177500517
0.0699975651659611
0.10105870759599328
0.145054257717895
0.20647654224212703
0.2884276701895973
0.39394920513571263
0.5215741878173378
0.6621528094521626
0.7993454665227473
0.9030340699243403
0.9668042584505646
0.9941820517882463
0.9993251290978907
0.9999653936768045
0.999999726125375
0.9999999999136319
0.9999999999999811
1.0
1.0
1.0
1.0
1.0
1.0
1.0
1.0
1.0
1.0
1.0
1.0
1.0
1.0
###
1e-05
1.1768119524349992e-05
1.3848863713938717e-05
1.6297508346206434e-05
1.917910261672489e-05
2.2570197196339216e-05
2.656087782946684e-05
3.1257158496882356e-05
3.678379771828634e-05
4.328761281083062e-05
5.0941380148163754e-05
5.994842503189409e-05
7.054802310718646e-05
8.302175681319735e-05
9.770099572992247e-05
0.00011497569953977356
0.00013530477745798074
0.00015922827933410923
0.0001873817422860383
0.00022051307399030456
0.00025950242113997375
0.0003053855508833416
0.00035938136638046257
0.0004229242874389499
0.0004977023564332109
0.0005857020818056661
0.0006892612104349695
0.0008111308307896872
0.0009545484566618337
0.0011233240329780276
0.0013219411484660286
0.0015556761439304723
0.0018307382802953678
0.002154434690031882
0.0025353644939701114
0.0029836472402833374
0.003511191734215131
0.004132012400115334
0.004862601580065354
0.005722367659350214
0.006734150657750821
0.007924828983539169
0.0093260334688322
0.010974987654930556
0.01291549665014884
0.01519911082952933
0.01788649529057435
0.0210490414451202
0.02477076355991709
0.029150530628251757
0.034304692863149154
0.040370172585965536
0.047508101621027934
0.05590810182512223
0.06579332246575675
0.0774263682681127
0.09111627561154886
0.10722672220103231
0.1261856883066021
0.14849682622544635
0.1747528400007683
0.20565123083486514
0.24201282647943834
0.2848035868435799
0.3351602650938841
0.3944206059437656
0.46415888336127725
0.5462277217684337
0.642807311728432
0.7564633275546291
0.8902150854450375
1.0476157527896641
1.232846739442066
1.4508287784959402
1.7073526474706886
2.009233002565046
2.364489412645407
2.782559402207126
3.274549162877725
3.8535285937105273
4.534878508128582
5.3366992312063015
6.280291441834247
7.390722033525775
8.697490026177835
10.235310218990248
12.045035402587812
14.174741629268048
16.68100537200059
19.630406500402685
23.10129700083158
27.1858824273294
31.992671377973846
37.64935806792464
44.30621457583877
52.14008287999685
61.35907273413163
72.20809018385457
84.97534359086438
100.0
###
0.23280924169510966
0.21289091887808503
0.19397791124790006
0.17641464181549582
0.1604474494558255
0.1461969766854801
0.1366642554291007
0.1254800810569059
0.11598681886555862
0.10810801546743087
0.7580466866131815
0.6573765173102594
0.5661323471348358
0.4847904732315275
0.4132221986760185
0.35088016301306324
0.3097334416251488
0.26154178569960546
0.2200783693282578
0.18437033431335875
1.1158200239225415
0.9457562181583392
0.7948392531483776
0.6630251108067229
0.5490600312596037
0.45138689838866664
0.3877150171238012
0.3139557684501968
0.25116800597220934
0.19752876784165102
1.4035333624274509
1.1723028938015663
0.9699917875293027
0.7955484904344925
0.6466482578965415
0.5205395880218178
0.4391232480320155
0.3457067751457581
0.26702884900076534
0.20052576310368792
1.6496979773437144
1.3631676782856557
1.1151805769087704
0.903379039559584
0.7242810817562961
0.5740417513922248
0.47780532835041334
0.3682843701002162
0.27691303895367425
0.20045917085544276
1.867490727762844
1.5301406983513548
1.240591173858465
0.9952553564439294
0.7894203699513969
0.6180173166339237
0.5089814277249364
0.3857412968273279
0.28378977766740454
0.19926141832538896
2.0643635019247513
1.6797184253822326
1.3518604879416989
1.0758812962615667
0.8458707221528764
0.6555554538487283
0.5351927122473348
0.3999641004347049
0.288917886324999
0.19761635834536753
2.2449154906593
1.815921455159697
1.4523848687427314
1.1481215446910729
0.8959232076603378
0.6884276461570816
0.5578668592178498
0.41195724568904424
0.29293567384799263
0.19581104943926153
2.4123906471339054
1.9414771298842501
1.5444388301240104
1.2137715375749714
0.9410335111271567
0.7177493349655552
0.5778897020076975
0.42226805389561783
0.2961985727929742
0.19397485527679115
2.5690196943951067
2.058307621122684
1.6295762608137985
1.2741124893268396
0.9821975550731897
0.7442722046953091
0.5958480102001773
0.43140090062010156
0.29892050961631117
0.19216861571638308
2.7164854685190214
2.1677553149188045
1.7089574182695493
1.3300651190455228
1.020128793977167
0.7685268382823884
0.6121533411666581
0.4395686689812215
0.3012419206408249
0.1904352723800034
2.856122375387859
2.2709286658798766
1.7834458677543406
1.3823199709073277
1.0553570611367542
0.7909185587168435
0.6270987241655936
0.4470476419060388
0.303253809207494
0.1887623743402758
2.988945815013362
2.368667975683745
1.8537600444284845
1.431409527228789
1.0882875492914605
0.8117113611858754
0.640909499411648
0.4538075506097986
0.30502840302104384
0.18716362765700995
3.1156663874739023
2.4616449727996477
1.9203841627826719
1.477754152413089
1.1192606913661034
0.8311496511738061
0.6537554265050689
0.4600329934861144
0.3066101737001833
0.18563930966117703
3.2370212503869893
2.550406405083317
1.9837432842118292
1.5216908332433126
1.1484854765553425
0.8494148965135673
0.6657715324606073
0.4658083472013985
0.30803664802023517
0.18418669594219833