# ../data/BKevo/MV2g_BKevo/mv2g_77.dat
# N(r,Y=0), r, *FL(x,Q^2)
# 1e-05 < r < 100.0
# 1 < Q^2 < 50, n=15, lin grid
# 1e-5 < x < 1e-2, n=10, log grid
###
6.1803205143809735e-09
7.909916924323335e-09
1.014154434955843e-08
1.2993090105560748e-08
1.6624008372186333e-08
2.1294662618416688e-08
2.7272918925191773e-08
3.488183262545274e-08
4.4639521611970026e-08
5.7149555295108495e-08
7.306417091880753e-08
9.340935019149033e-08
1.1953451100456357e-07
1.5275151524290587e-07
1.9508110861964335e-07
2.495178787418596e-07
3.1868951310072877e-07
4.0655256592044395e-07
5.197046319521914e-07
6.633852153977862e-07
8.456394736586495e-07
1.0798532675783647e-06
1.3774675878756002e-06
1.7546763624005402e-06
2.237785574553819e-06
2.852338216657612e-06
3.6305305270100226e-06
4.623732889591151e-06
5.888335289993906e-06
7.487983180671041e-06
9.522291171647987e-06
1.2114377877430062e-05
1.5389248918956178e-05
1.953857074364106e-05
2.4828143286040934e-05
3.15017053117418e-05
3.9924850785494856e-05
5.066468000613296e-05
6.419251388494081e-05
8.121082801628583e-05
0.00010287877532598032
0.00013013464094315381
0.00016435546637087593
0.00020772843775326754
0.00026225838636287217
0.0003305641194897293
0.0004167204804007109
0.0005249270167718245
0.0006600997402066659
0.0008297224343480668
0.0010424072336038645
0.0013072503282672305
0.0016377881084825208
0.0020512951966349413
0.0025643690055725528
0.0032011657729088205
0.0039956768659367625
0.004977993194218318
0.006191104510539264
0.007701821206782247
0.009566021105220075
0.011866110070272997
0.01473216771177149
0.018290221850235377
0.02272000510722125
0.02833134589261574
0.03549582214305392
0.044747017929847574
0.05712014482086957
0.07414344626393683
0.09795486425207375
0.13271426764497843
0.18488916511088113
0.26087442219073625
0.3675900611416183
0.501329604279995
0.6359139186619083
0.7366976177562959
0.7908009385905148
0.8333645775918375
0.8745145789261626
0.9116160405110004
0.9436053871171329
0.9687930245940123
0.9848693937867387
0.9939538188330538
0.9982616755002007
0.999629628040312
0.9999405762257868
0.9999952229629185
0.99999986789984
0.9999999963551016
0.9999999999667734
0.9999999999999958
1.0
1.0
1.0
1.0
1.0
1.0
###
1e-05
1.1768119524349992e-05
1.3848863713938717e-05
1.6297508346206434e-05
1.917910261672489e-05
2.2570197196339216e-05
2.656087782946684e-05
3.1257158496882356e-05
3.678379771828634e-05
4.328761281083062e-05
5.0941380148163754e-05
5.994842503189409e-05
7.054802310718646e-05
8.302175681319735e-05
9.770099572992247e-05
0.00011497569953977356
0.00013530477745798074
0.00015922827933410923
0.0001873817422860383
0.00022051307399030456
0.00025950242113997375
0.0003053855508833416
0.00035938136638046257
0.0004229242874389499
0.0004977023564332109
0.0005857020818056661
0.0006892612104349695
0.0008111308307896872
0.0009545484566618337
0.0011233240329780276
0.0013219411484660286
0.0015556761439304723
0.0018307382802953678
0.002154434690031882
0.0025353644939701114
0.0029836472402833374
0.003511191734215131
0.004132012400115334
0.004862601580065354
0.005722367659350214
0.006734150657750821
0.007924828983539169
0.0093260334688322
0.010974987654930556
0.01291549665014884
0.01519911082952933
0.01788649529057435
0.0210490414451202
0.02477076355991709
0.029150530628251757
0.034304692863149154
0.040370172585965536
0.047508101621027934
0.05590810182512223
0.06579332246575675
0.0774263682681127
0.09111627561154886
0.10722672220103231
0.1261856883066021
0.14849682622544635
0.1747528400007683
0.20565123083486514
0.24201282647943834
0.2848035868435799
0.3351602650938841
0.3944206059437656
0.46415888336127725
0.5462277217684337
0.642807311728432
0.7564633275546291
0.8902150854450375
1.0476157527896641
1.232846739442066
1.4508287784959402
1.7073526474706886
2.009233002565046
2.364489412645407
2.782559402207126
3.274549162877725
3.8535285937105273
4.534878508128582
5.3366992312063015
6.280291441834247
7.390722033525775
8.697490026177835
10.235310218990248
12.045035402587812
14.174741629268048
16.68100537200059
19.630406500402685
23.10129700083158
27.1858824273294
31.992671377973846
37.64935806792464
44.30621457583877
52.14008287999685
61.35907273413163
72.20809018385457
84.97534359086438
100.0
###
0.2586412948683682
0.23532156100871846
0.21234324787350775
0.19039072170032048
0.1700084357585362
0.15156740604389363
0.13912078453365412
0.12440986423143124
0.1118000163296888
0.10116674777548534
0.9106569285683481
0.7865245780318384
0.6711828525198404
0.5667963240943034
0.47431806316629627
0.3939265828120683
0.3411686022782573
0.2800683358340613
0.2283647383820238
0.1847067435643901
1.3917938135302141
1.1762216908662064
0.9809819537878606
0.8083861051502195
0.6587432714098501
0.5311555582011086
0.4487410630552371
0.3545908580912276
0.27603079741091724
0.21047949724197543
1.7958110842978257
1.496990147226143
1.2307735595712945
0.9989816203226836
0.8008646865058969
0.6341933166820558
0.5277259153829273
0.4073848476571084
0.3081849514788231
0.22641397882103576
2.152065007064475
1.7762163280620817
1.445390193430187
1.1605628914716
0.9197164756832658
0.7190966640966922
0.592067328349694
0.44971113985771455
0.33356331250729404
0.2388659763831562
2.47468853880081
2.026714796305151
1.6361182746278715
1.3028120274948145
1.0233717214564995
0.7924311338293065
0.6472428651174409
0.4857256494889712
0.35507342584585755
0.24957298143723408
2.7718613762180824
2.2557605904823186
1.8092562518291666
1.4310223960385269
1.1160809858229614
0.85760285805284
0.6960705151809489
0.5174357381221516
0.37402482738043624
0.2592001788096169
3.0487890572746275
2.467974996249075
1.9687272906162123
1.5484098236274255
1.200526020691725
0.9166624787346318
0.7401303901200216
0.5459811495210807
0.3911263105574376
0.2680623827458742
3.3092179389129552
2.666509121046674
2.117203969136501
1.6571907446200425
1.2784255419460389
0.9708688220197711
0.7805207674673051
0.5720744843588479
0.4068046275421659
0.27633709703202514
3.555747055226113
2.853688726827006
2.2565420428582788
1.7588723419799654
1.3509394302940008
1.0211902026762358
0.8178811368246873
0.5962014776146414
0.42134538126013454
0.28413212756936823
3.7902895917268986
3.031093270095655
2.38817935664721
1.8545805926297971
1.4189695714338966
1.0682485735722655
0.85280265107557
0.6187199484005245
0.4349468886158897
0.2915220931424687
4.014602714601663
3.200121543656133
2.513172029867244
1.9451827398826431
1.4831818989341532
1.1125521271352061
0.8856122105076142
0.6398770253449394
0.4477590540404371
0.2985635301003974
4.229786535273698
3.361799624441709
2.6323802483381016
2.031352686410609
1.5440944256649547
1.154484012842786
0.9166279657359155
0.659855083962085
0.45988614990811255
0.305297805612862
4.436867149435107
3.516964497555906
2.746487324985876
2.113629571804107
1.602119487989887
1.1943476350891702
0.9460777941920697
0.6788203900128177
0.47141761389257075
0.31176008685054896
4.636677694621951
3.666309831414387
2.8560523911632862
2.1924523766324446
1.6575913432858334
1.2323733987022065
0.9741532821025
0.6968986170515642
0.48243073087762683
0.31797394128984074