# ../data/BKevo/MVge_BKevo/mvge_25.dat
# N(r,Y=0), r, *FL(x,Q^2)
# 1e-05 < r < 100.0
# 1 < Q^2 < 50, n=15, lin grid
# 1e-5 < x < 1e-2, n=10, log grid
###
0.0
0.0
0.0
0.0
0.0
0.0
0.0
0.0
0.0
0.0
0.0
0.0
0.0
0.0
0.0
0.0
0.0
0.0
0.0
7.01945132636899e-17
1.110223024625157e-16
2.5179292802062656e-16
3.9771496281162944e-16
7.469161424702221e-16
1.392376740175929e-15
2.6488893111451157e-15
4.933413017164668e-15
9.450108646524384e-15
1.789827169499576e-14
3.3414841406559144e-14
6.280382353690292e-14
1.1947168326337663e-13
2.2325738237557375e-13
4.175625099582331e-13
7.969025482049165e-13
1.493435899075111e-12
2.7758630635685017e-12
5.3185525346693815e-12
9.999340424075534e-12
1.8530118430046276e-11
3.557883149627133e-11
6.716409268917461e-11
1.249169608816576e-10
2.390807921820773e-10
4.535627311289398e-10
8.472795417645235e-10
1.6169537469401895e-09
3.0848317058320416e-09
5.790805271273139e-09
1.1018398500606899e-08
2.114587634905939e-08
3.9893242418821955e-08
7.564161827804643e-08
1.4601933430160114e-07
2.7679466698570375e-07
5.225782950968958e-07
1.01441182959701e-06
1.931412632553082e-06
3.627554300179413e-06
7.078506053683603e-06
1.3531799722181933e-05
2.5467770935818627e-05
4.953885586306683e-05
9.505717840034712e-05
0.00017942828863251722
0.00034727417789607467
0.0006686661690863083
0.0012653760043046494
0.0024344923714576584
0.004699180212257937
0.00890075846832358
0.01696250934642051
0.03261326190907448
0.061149652135835376
0.1130513463616931
0.20719181766223344
0.3573164089440756
0.5683856509397526
0.7926270729424578
0.9453525783174473
0.9969721436885847
0.9999612336335881
0.9999999594929573
0.9999999999997479
1.0
1.0
1.0
1.0
1.0
1.0
1.0
1.0
1.0
1.0
1.0
1.0
1.0
1.0
1.0
1.0
###
1e-05
1.1768119524349992e-05
1.3848863713938717e-05
1.6297508346206434e-05
1.917910261672489e-05
2.2570197196339216e-05
2.656087782946684e-05
3.1257158496882356e-05
3.678379771828634e-05
4.328761281083062e-05
5.0941380148163754e-05
5.994842503189409e-05
7.054802310718646e-05
8.302175681319735e-05
9.770099572992247e-05
0.00011497569953977356
0.00013530477745798074
0.00015922827933410923
0.0001873817422860383
0.00022051307399030456
0.00025950242113997375
0.0003053855508833416
0.00035938136638046257
0.0004229242874389499
0.0004977023564332109
0.0005857020818056661
0.0006892612104349695
0.0008111308307896872
0.0009545484566618337
0.0011233240329780276
0.0013219411484660286
0.0015556761439304723
0.0018307382802953678
0.002154434690031882
0.0025353644939701114
0.0029836472402833374
0.003511191734215131
0.004132012400115334
0.004862601580065354
0.005722367659350214
0.006734150657750821
0.007924828983539169
0.0093260334688322
0.010974987654930556
0.01291549665014884
0.01519911082952933
0.01788649529057435
0.0210490414451202
0.02477076355991709
0.029150530628251757
0.034304692863149154
0.040370172585965536
0.047508101621027934
0.05590810182512223
0.06579332246575675
0.0774263682681127
0.09111627561154886
0.10722672220103231
0.1261856883066021
0.14849682622544635
0.1747528400007683
0.20565123083486514
0.24201282647943834
0.2848035868435799
0.3351602650938841
0.3944206059437656
0.46415888336127725
0.5462277217684337
0.642807311728432
0.7564633275546291
0.8902150854450375
1.0476157527896641
1.232846739442066
1.4508287784959402
1.7073526474706886
2.009233002565046
2.364489412645407
2.782559402207126
3.274549162877725
3.8535285937105273
4.534878508128582
5.3366992312063015
6.280291441834247
7.390722033525775
8.697490026177835
10.235310218990248
12.045035402587812
14.174741629268048
16.68100537200059
19.630406500402685
23.10129700083158
27.1858824273294
31.992671377973846
37.64935806792464
44.30621457583877
52.14008287999685
61.35907273413163
72.20809018385457
84.97534359086438
100.0
###
0.1655672039103613
0.1465724849595539
0.12946678218914964
0.11432012990395314
0.10109821475586336
0.08969756557589104
0.08225689204738292
0.07368942815353088
0.06661344442238439
0.06061580117828102
0.46458220320182153
0.38573559840448124
0.31761730746230493
0.25933186691233406
0.20977849768929976
0.16781920476523352
0.14051052030993774
0.10891608393501818
0.08182118927272523
0.058318892458364135
0.6465232926869245
0.5232355373201034
0.41884326884275686
0.3312738308893977
0.25823010893740395
0.19746840416816194
0.15874614320140704
0.11455220976389861
0.07752656664139604
0.04622522141926402
0.7861159579637336
0.6261894326899676
0.49263698064608363
0.3820992980248141
0.2911518284489905
0.2165827229451979
0.16965104661339406
0.11702340850237643
0.07377778146583244
0.038132161546932136
0.902172873178216
0.710509853972752
0.552082604090424
0.4222899221653985
0.31663723131294763
0.23099203446933297
0.17768523952504708
0.11865729453693433
0.0710513524161065
0.03253961369969164
1.0027601473939687
0.7828129212467431
0.6024704094085142
0.45593460011030074
0.33767585754975177
0.24270264840270703
0.18413409757663518
0.11995853397701309
0.06888319827428206
0.028462353118145694
1.0922573714267887
0.8466130570530981
0.6465449548436568
0.4850879789549382
0.35572206957660907
0.2526448308685313
0.1895749232571309
0.12108699751070212
0.06726290308454938
0.02535681014732947
1.1733307695799806
0.9040219052071873
0.6859242625210089
0.5109486806863328
0.3716007597701686
0.261327557327274
0.19431307084169824
0.1221068228925557
0.06598278251222746
0.022909043455698972
1.2477412378342738
0.9564161369703733
0.7216524739371633
0.5342600161655824
0.38582833116822046
0.2690641422184591
0.19852745734921423
0.12304889872322378
0.06495027520887818
0.020927317401971665
1.3167185673810404
1.004750631623573
0.7544561867824982
0.5555456712770955
0.3987512254621602
0.2760595340960482
0.20233533822644478
0.12393022462686559
0.06410292391669895
0.01928742454571725
1.3811677989068922
1.0497200991106457
0.7848248525040754
0.5751733471594596
0.4106137826057673
0.28245711695490733
0.2058171811663363
0.12476211996203174
0.06339712753083634
0.017905773231298404
1.4417644181418339
1.091845237447148
0.8131711372071029
0.5934155278988971
0.4215953114420554
0.28836093192964096
0.20903043611572728
0.12555133336247348
0.06280220445412896
0.016724907450634104
1.499044410213117
1.1315289536444813
0.8397821602155694
0.6104800981216751
0.43183215508564177
0.2938490592285631
0.21201778050364678
0.12630307657008052
0.0622953718057798
0.015702817113632923
1.553423242751453
1.1690900189865099
0.8649060710701251
0.6265297502416979
0.44142995887771336
0.2989818338024077
0.21481247611950946
0.1270216356161429
0.06185977442941462
0.014808838127360629
1.6052462443726414
1.2047854284883517
0.8887005110444749
0.6416943537295358
0.4504726670351448
0.30380805536334493
0.21743874974056732
0.12771040045075183
0.0614826512566281
0.01401963060647844