# ../data/BKevo/MV2g_BKevo/mv2g_91.dat
# N(r,Y=0), r, *FL(x,Q^2)
# 1e-05 < r < 100.0
# 1 < Q^2 < 50, n=15, lin grid
# 1e-5 < x < 1e-2, n=10, log grid
###
0.00011203598334790905
0.00012605044535310997
0.00014172361739279364
0.00015934096098258607
0.00017917469383712273
0.00020137105566673697
0.00022627212994991882
0.00025428724198698206
0.0002856604060897949
0.0003207844023430177
0.00036027217263249556
0.00040452162387387186
0.00045395425006192365
0.0005094842396198101
0.0005717489254811765
0.0006411477627141898
0.0007190389610852922
0.0008064286304539571
0.0009035941554282395
0.0010125457707777777
0.0011347116439155386
0.0012704881133084008
0.0014224165442006042
0.0015925886240067166
0.0017817729885950808
0.0019929114041388122
0.0022291241684343514
0.0024917885892760797
0.0027841164150156418
0.003110737568579351
0.0034740029307015474
0.0038770854482436004
0.004326821191951477
0.004827092409714408
0.005380429921223209
0.005996882016893358
0.006682708515105353
0.007438732740780556
0.00827966660248653
0.009214903695263236
0.010243368467587624
0.011384970125498897
0.01265263960076747
0.014046798690770319
0.015589479381809558
0.017300211625937305
0.01918254072543945
0.021259481614266582
0.02356060526754626
0.026095489881187737
0.028886459188286993
0.03197851842046993
0.035392375546233916
0.039147971784410734
0.04331425940320686
0.047931784331738905
0.053017907599485437
0.05867890836739689
0.06498955790243692
0.07196902540423786
0.07978147445827505
0.08854762130880346
0.09833474918167201
0.10936194657340743
0.12183447056401395
0.13590821532859507
0.15187840174365524
0.17007533808009762
0.19077423200291246
0.2143530357067732
0.24127542017017728
0.2718871577834384
0.3064978750369871
0.3455497021658913
0.3891212554310182
0.4367184350235856
0.48823116314646803
0.5426678258009727
0.5970871071632047
0.6506266688807637
0.7011589629672467
0.7443052062790322
0.7810863692907316
0.8118300632383596
0.8366354009110696
0.8584736245317608
0.8789520387313139
0.8981679721079443
0.9162628013385514
0.9332219254550285
0.9483476356748998
0.9613015396542446
0.9723309558440107
0.9811641037194998
0.9876749638075313
0.9924885232830751
0.9957907120244625
0.997733025907405
0.9989033813262541
0.9995454968063937
###
1e-05
1.1768119524349992e-05
1.3848863713938717e-05
1.6297508346206434e-05
1.917910261672489e-05
2.2570197196339216e-05
2.656087782946684e-05
3.1257158496882356e-05
3.678379771828634e-05
4.328761281083062e-05
5.0941380148163754e-05
5.994842503189409e-05
7.054802310718646e-05
8.302175681319735e-05
9.770099572992247e-05
0.00011497569953977356
0.00013530477745798074
0.00015922827933410923
0.0001873817422860383
0.00022051307399030456
0.00025950242113997375
0.0003053855508833416
0.00035938136638046257
0.0004229242874389499
0.0004977023564332109
0.0005857020818056661
0.0006892612104349695
0.0008111308307896872
0.0009545484566618337
0.0011233240329780276
0.0013219411484660286
0.0015556761439304723
0.0018307382802953678
0.002154434690031882
0.0025353644939701114
0.0029836472402833374
0.003511191734215131
0.004132012400115334
0.004862601580065354
0.005722367659350214
0.006734150657750821
0.007924828983539169
0.0093260334688322
0.010974987654930556
0.01291549665014884
0.01519911082952933
0.01788649529057435
0.0210490414451202
0.02477076355991709
0.029150530628251757
0.034304692863149154
0.040370172585965536
0.047508101621027934
0.05590810182512223
0.06579332246575675
0.0774263682681127
0.09111627561154886
0.10722672220103231
0.1261856883066021
0.14849682622544635
0.1747528400007683
0.20565123083486514
0.24201282647943834
0.2848035868435799
0.3351602650938841
0.3944206059437656
0.46415888336127725
0.5462277217684337
0.642807311728432
0.7564633275546291
0.8902150854450375
1.0476157527896641
1.232846739442066
1.4508287784959402
1.7073526474706886
2.009233002565046
2.364489412645407
2.782559402207126
3.274549162877725
3.8535285937105273
4.534878508128582
5.3366992312063015
6.280291441834247
7.390722033525775
8.697490026177835
10.235310218990248
12.045035402587812
14.174741629268048
16.68100537200059
19.630406500402685
23.10129700083158
27.1858824273294
31.992671377973846
37.64935806792464
44.30621457583877
52.14008287999685
61.35907273413163
72.20809018385457
84.97534359086438
100.0
###
0.390085566555258
0.3835470953999482
0.3711492391266403
0.3501437180202
0.31887767355371177
0.2782495073223621
0.24389735512719704
0.1972590293926159
0.1542324336490979
0.11786125229422934
1.8665971444475553
1.8052875852250996
1.7016164451457856
1.5459375298637135
1.3407012318148592
1.1038640359830114
0.922028283777209
0.6960040078132869
0.5053188144418633
0.35644918492365457
3.3148662431303038
3.176976334612037
2.954745777788349
2.6374570938573334
2.2393030174423445
1.8008741011930804
1.4767019357139262
1.0869213664024122
0.7687336748325821
0.527258141422354
4.741288426913297
4.514148677616509
4.159433041542774
3.6688397309583975
3.0724090692100363
2.434708818187211
1.974042963541905
1.4312201818055008
0.9969416512430498
0.6729433958409907
6.150192492764207
5.824758983628644
5.32827949402417
4.65768427947772
3.861051132911378
3.0271173850990207
2.4347649138676295
1.7467748392050615
1.2041203893631938
0.8040713275329745
7.544317415137305
7.113607970292798
6.468599556681747
5.613493596626639
4.616047583102709
3.5890152727984006
2.8689754666794154
2.041933609041806
1.3966687388907826
0.9252832142444286
8.925575781295606
8.38307794396464
7.585114029219818
6.542264326694332
5.344029347065912
4.126945695250498
3.2826217243345024
2.321510894345829
1.5781953435923353
1.0391269457659704
10.295365976175631
9.637794037442438
8.681111428312914
7.449023409614953
6.049705318136554
4.645278570311432
3.6795942266479775
2.588602468701018
1.7509800080882167
1.1471876977555424
11.654805932779308
10.877286151009192
9.75913935878799
8.335573282018611
6.736300078547919
5.147041739948811
4.0626195829550324
2.845350449208079
1.916598494584098
1.25053514284308
13.004638848827003
12.103720988862122
10.821146509239176
9.204810098573706
7.406286627051067
5.63454957637767
4.433715789932239
3.0933205750073447
2.076157088999983
1.3499339515235171
14.345847676361483
13.318221300343005
11.868648510939039
10.058559435934146
8.061624579569685
6.109569306567388
4.794391597448216
3.3336948037158853
2.2305110597687228
1.4459530317064688
15.678925451271114
14.521733629675897
12.903018097150802
10.898343800331459
8.70380539731291
6.57350271430577
5.145947269921388
3.5674008984054706
2.3803180022401684
1.5390349879110812
17.0043820513869
15.715057766631016
13.925279618943831
11.72480270079099
9.333959449813197
7.027486669660595
5.489272295401526
3.7951795060285494
2.526100884259002
1.6295257130873406
18.322695129168938
16.898879436590864
14.936341415735244
12.540146197377952
9.953304713040515
7.472460189753
5.82520345073931
4.017639779762893
2.668296065482567
1.7177066551973297
19.634249390880335
18.0737936640562
15.936984428898892
13.344710594104964
10.562859969381007
7.909210700764346
6.1544134088947215
4.235268857229521
2.8072312979444347
1.8038298848635852