# ../data/BKevo/MVge_BKevo/mvge_18.dat
# N(r,Y=0), r, *FL(x,Q^2)
# 1e-05 < r < 100.0
# 1 < Q^2 < 50, n=15, lin grid
# 1e-5 < x < 1e-2, n=10, log grid
###
0.0
0.0
0.0
0.0
9.843898662361054e-17
1.110223024625157e-16
1.6776503291610388e-16
3.1476570993963623e-16
4.778730094790371e-16
8.199675607435164e-16
1.3473524296061914e-15
2.2027753527695722e-15
3.593603646778182e-15
5.987287687709029e-15
9.918048364214833e-15
1.6526687592294265e-14
2.735358161412662e-14
4.4878741867980315e-14
7.515061799857716e-14
1.2439287498860676e-13
2.040598550814517e-13
3.409307527002648e-13
5.648152297654773e-13
9.270312195512087e-13
1.5421424511272948e-12
2.556970510098749e-12
4.198473942726045e-12
6.955112509717182e-12
1.1539874010510042e-11
1.8955330135803612e-11
3.1266079776108986e-11
5.190943465276372e-11
8.529602791098589e-11
1.400712859647277e-10
2.3269788911833814e-10
3.8249300433122694e-10
6.252895537731322e-10
1.0394661389549476e-09
1.7092700677174893e-09
2.7856822204267592e-09
4.62767036859078e-09
7.61374146267109e-09
1.2413265662135484e-08
2.0543346797951767e-08
3.3828700824704836e-08
5.519552759656808e-08
9.103580273538925e-08
1.5012789871104195e-07
2.4529660315573004e-07
4.0346280077147754e-07
6.66932615234784e-07
1.0922791128029154e-06
1.793180678014437e-06
2.9746793165079157e-06
4.888855471684588e-06
8.01796761765806e-06
1.3364104409361607e-05
2.2063826766939594e-05
3.6171997285946285e-05
6.063007302638051e-05
0.00010061883205864927
0.0001656474830669384
0.00027804178109452855
0.0004638277090891355
0.0007671167278896469
0.00128761813919704
0.0021577018834429266
0.0035816841798954183
0.006001922149210567
0.010083138786733078
0.01675331546019947
0.027902342394174478
0.0466645187229564
0.07679697139331393
0.12500968260430922
0.20194929108554321
0.31464938717786517
0.4684094538956284
0.6517504223938964
0.8270230369525851
0.949901596366196
0.9916753725465458
0.9994651700099315
0.9999959335142273
0.999999999754248
0.9999999999999963
1.0
1.0
1.0
1.0
1.0
1.0
1.0
1.0
1.0
1.0
1.0
1.0
1.0
1.0
###
1e-05
1.1768119524349992e-05
1.3848863713938717e-05
1.6297508346206434e-05
1.917910261672489e-05
2.2570197196339216e-05
2.656087782946684e-05
3.1257158496882356e-05
3.678379771828634e-05
4.328761281083062e-05
5.0941380148163754e-05
5.994842503189409e-05
7.054802310718646e-05
8.302175681319735e-05
9.770099572992247e-05
0.00011497569953977356
0.00013530477745798074
0.00015922827933410923
0.0001873817422860383
0.00022051307399030456
0.00025950242113997375
0.0003053855508833416
0.00035938136638046257
0.0004229242874389499
0.0004977023564332109
0.0005857020818056661
0.0006892612104349695
0.0008111308307896872
0.0009545484566618337
0.0011233240329780276
0.0013219411484660286
0.0015556761439304723
0.0018307382802953678
0.002154434690031882
0.0025353644939701114
0.0029836472402833374
0.003511191734215131
0.004132012400115334
0.004862601580065354
0.005722367659350214
0.006734150657750821
0.007924828983539169
0.0093260334688322
0.010974987654930556
0.01291549665014884
0.01519911082952933
0.01788649529057435
0.0210490414451202
0.02477076355991709
0.029150530628251757
0.034304692863149154
0.040370172585965536
0.047508101621027934
0.05590810182512223
0.06579332246575675
0.0774263682681127
0.09111627561154886
0.10722672220103231
0.1261856883066021
0.14849682622544635
0.1747528400007683
0.20565123083486514
0.24201282647943834
0.2848035868435799
0.3351602650938841
0.3944206059437656
0.46415888336127725
0.5462277217684337
0.642807311728432
0.7564633275546291
0.8902150854450375
1.0476157527896641
1.232846739442066
1.4508287784959402
1.7073526474706886
2.009233002565046
2.364489412645407
2.782559402207126
3.274549162877725
3.8535285937105273
4.534878508128582
5.3366992312063015
6.280291441834247
7.390722033525775
8.697490026177835
10.235310218990248
12.045035402587812
14.174741629268048
16.68100537200059
19.630406500402685
23.10129700083158
27.1858824273294
31.992671377973846
37.64935806792464
44.30621457583877
52.14008287999685
61.35907273413163
72.20809018385457
84.97534359086438
100.0
###
0.16774663447268845
0.1481219141463584
0.13032944670362248
0.11446838404623952
0.10052507654789991
0.088403590642142
0.08042736367292716
0.07114473535109879
0.0632534701386555
0.05659127572835322
0.4771957035769181
0.3962106452984931
0.32611943275035654
0.26610695617970115
0.21511870084149942
0.171981130437294
0.14407715511176789
0.11196115056841432
0.08452933298150181
0.06104255927173161
0.6677150765266808
0.5409532484431887
0.4334961402724277
0.3433583173165619
0.26828009890098775
0.20600395513952274
0.1664230043441144
0.12164909220468842
0.08433975809093862
0.05317567560977225
0.8145559474362476
0.6498933032780743
0.5122555084499535
0.3983516817611531
0.30475209223875366
0.22821450970112786
0.18021169384467356
0.12664124056812612
0.08292910994637785
0.04719821038139659
0.9369307143203147
0.7393809949669188
0.5758866446482576
0.4419680480454753
0.33306881410075384
0.24498770597493857
0.19032374099931534
0.13002231978231527
0.08163158522111506
0.04272591194410807
1.0432007317248004
0.8162476677934281
0.6299374535425746
0.47854763449483206
0.35646445479743694
0.2585978507132555
0.19838293954234593
0.13259527648018138
0.08042681224151942
0.03926028196881896
1.1378939108835255
0.8841709784006552
0.677267828931695
0.5102679005145994
0.3765300893842469
0.27012155950793654
0.20512762535982682
0.1346936448178604
0.0794629291949892
0.036484680702431216
1.223768771419664
0.9453538905242752
0.7196026368937013
0.5384140654715688
0.39418193664657314
0.2801589331657604
0.21095121909501213
0.1364822329640579
0.07865259311950674
0.03420175132115416
1.3026705766799351
1.0012394541161738
0.7580360436730119
0.5638034529168421
0.40999181940968427
0.28907832760376284
0.21609411388225094
0.13805041924780923
0.07796532052105873
0.03228299648387606
1.3758661388075428
1.0528314308868865
0.7933323748905351
0.586993093769376
0.42434543414419673
0.29712392283880135
0.22071000537306837
0.13945393481169516
0.07737674106107262
0.0306421180271144
1.4442875048034318
1.1008594912171137
0.8260436164354145
0.6083809791149002
0.4375155047049344
0.30446574940054993
0.2249055727108838
0.14072887338319973
0.07686799850789514
0.02921854884207447
1.508657125557685
1.145872271191407
0.8565799751326436
0.6282624188250563
0.44970258700112203
0.3112276060194366
0.22875734217970645
0.14189986213590225
0.07642463528861519
0.027968688292151555
1.5695297876175789
1.188296241213887
0.8852572738908236
0.6468629400117765
0.46105865857432365
0.31750241945320135
0.23232172489326725
0.142985602742434
0.07603532588053116
0.026860045334789428
1.6273576113193013
1.2284672866431654
0.9123242915473657
0.6643591748906439
0.4717019752271508
0.3233619208876803
0.2356424697645812
0.1439990354727507
0.07569112541252183
0.02586819212914475
1.6824671787617318
1.266657011015732
0.9379807883992379
0.6808978360115726
0.4817263917340661
0.32886194574569866
0.23875344873052282
0.1449521914597381
0.07538565282003597
0.02497519833806683