# ../data/BKevo/MVge_BKevo/mvge_122.dat
# N(r,Y=0), r, *FL(x,Q^2)
# 1e-05 < r < 100.0
# 1 < Q^2 < 50, n=15, lin grid
# 1e-5 < x < 1e-2, n=10, log grid
###
0.0
0.0
0.0
0.0
0.0
0.0
0.0
0.0
0.0
0.0
0.0
0.0
0.0
0.0
1.110223024625157e-16
1.110223024625157e-16
1.8679714215948338e-16
4.46725127701648e-16
8.064604990760821e-16
1.5313901042072956e-15
2.736750385529767e-15
5.295622478353022e-15
9.97804223491341e-15
1.8541578881132686e-14
3.5180165680067605e-14
6.656979612357034e-14
1.2389043694142932e-13
2.343653370212469e-13
4.441207032704288e-13
8.274426813330942e-13
1.5542122396415215e-12
2.951116885529477e-12
5.504457127899013e-12
1.0265893572419393e-11
1.95289624473688e-11
3.6466842109328924e-11
6.750648940049431e-11
1.2865065836481006e-10
2.4048685508215585e-10
4.428773938822761e-10
8.433210747859337e-10
1.57799047529632e-09
2.9073678357865198e-09
5.498457414265117e-09
1.0298280729258461e-08
1.8981975223754198e-08
3.5646375828793076e-08
6.682794558306097e-08
1.2323261323842048e-07
2.2976139723200884e-07
4.312240524483112e-07
7.95679059508227e-07
1.4729513600894175e-06
2.768662793053403e-06
5.11408076323414e-06
9.402825023887253e-06
1.7715023944919936e-05
3.278499530660351e-05
5.990970231036665e-05
0.00011327957972711517
0.00021032831922619278
0.00038513992892928056
0.0007268148550201496
0.0013559421297267503
0.002493827056319707
0.0046948099073925945
0.008801968033867206
0.016240459097629233
0.030359720579033217
0.056666363451148824
0.10311402482009532
0.18493309749587628
0.3212013629231519
0.5164637500829691
0.744833840745843
0.9164820863704551
0.9885858618055057
0.9999105519678168
0.9999998248431302
0.9999999999935589
1.0
1.0
1.0
1.0
1.0
1.0
1.0
1.0
1.0
1.0
1.0
1.0
1.0
1.0
1.0
1.0
1.0
1.0
1.0
1.0
###
1e-05
1.1768119524349992e-05
1.3848863713938717e-05
1.6297508346206434e-05
1.917910261672489e-05
2.2570197196339216e-05
2.656087782946684e-05
3.1257158496882356e-05
3.678379771828634e-05
4.328761281083062e-05
5.0941380148163754e-05
5.994842503189409e-05
7.054802310718646e-05
8.302175681319735e-05
9.770099572992247e-05
0.00011497569953977356
0.00013530477745798074
0.00015922827933410923
0.0001873817422860383
0.00022051307399030456
0.00025950242113997375
0.0003053855508833416
0.00035938136638046257
0.0004229242874389499
0.0004977023564332109
0.0005857020818056661
0.0006892612104349695
0.0008111308307896872
0.0009545484566618337
0.0011233240329780276
0.0013219411484660286
0.0015556761439304723
0.0018307382802953678
0.002154434690031882
0.0025353644939701114
0.0029836472402833374
0.003511191734215131
0.004132012400115334
0.004862601580065354
0.005722367659350214
0.006734150657750821
0.007924828983539169
0.0093260334688322
0.010974987654930556
0.01291549665014884
0.01519911082952933
0.01788649529057435
0.0210490414451202
0.02477076355991709
0.029150530628251757
0.034304692863149154
0.040370172585965536
0.047508101621027934
0.05590810182512223
0.06579332246575675
0.0774263682681127
0.09111627561154886
0.10722672220103231
0.1261856883066021
0.14849682622544635
0.1747528400007683
0.20565123083486514
0.24201282647943834
0.2848035868435799
0.3351602650938841
0.3944206059437656
0.46415888336127725
0.5462277217684337
0.642807311728432
0.7564633275546291
0.8902150854450375
1.0476157527896641
1.232846739442066
1.4508287784959402
1.7073526474706886
2.009233002565046
2.364489412645407
2.782559402207126
3.274549162877725
3.8535285937105273
4.534878508128582
5.3366992312063015
6.280291441834247
7.390722033525775
8.697490026177835
10.235310218990248
12.045035402587812
14.174741629268048
16.68100537200059
19.630406500402685
23.10129700083158
27.1858824273294
31.992671377973846
37.64935806792464
44.30621457583877
52.14008287999685
61.35907273413163
72.20809018385457
84.97534359086438
100.0
###
0.23780240585738688
0.2208364585074041
0.20521900561263356
0.19122858634298745
0.17904024433585786
0.16874314380837108
0.1622838756127357
0.1553597375740432
0.15035799027634236
0.14727356356541732
0.7632684341281533
0.6709752179989604
0.5880895705497817
0.5148765094404416
0.45102912280262974
0.3959291014589165
0.3598634748006402
0.31811837455279623
0.28281547247462674
0.2531710449364027
1.1126727665163578
0.9536757570246126
0.8131147840152899
0.6905638587796827
0.5845285817327075
0.4933561414479128
0.4335969847899854
0.36387624282005054
0.30385973727593235
0.2518509257805848
1.389859264586523
1.171816290150378
0.9812433775463014
0.816641709035237
0.6754019538010788
0.5547242890702812
0.4759339040807696
0.3841868379129158
0.3051493944398393
0.23635932042605937
1.6248905396784055
1.3534619957759184
1.1183369707816855
0.9168553043886043
0.7452496590889955
0.5995714280076956
0.5049367408489013
0.39521594123461495
0.3010928489222089
0.2194620721022362
1.8314705030839074
1.5110308477353478
1.2355293158216285
1.0009366534543085
0.8025105315639328
0.6350639804264775
0.5268590306230396
0.40202399763400526
0.29557713577461137
0.20383871548998594
2.0172426516980373
1.6512855659714005
1.3386049732856848
1.0739471234862594
0.8513149569890772
0.6645615409474176
0.544474203830757
0.4066497638005086
0.2898767595518315
0.18997926679511618
2.18695437162148
1.7783471311213328
1.4311177008822227
1.1387571052568974
0.8940842919510132
0.689904509527876
0.5592461144030648
0.41003905785141287
0.28444231831888217
0.17781103545700686
2.3438038313226492
1.8949639118337895
1.5153742480949974
1.1972593671182852
0.9322760880126549
0.7122074324468556
0.5720028885345761
0.41268102669464013
0.27941176973618914
0.16712642068110656
2.4900964146940954
2.0030557898977706
1.5929648648942913
1.2507346809502342
0.9668775059873338
0.7321776119943224
0.5832775431744625
0.41484637731125307
0.27481514942179336
0.15770821771702304
2.6274697137797616
2.104049101478567
1.6650421817402878
1.3000950567806275
0.998579391273293
0.7503021357872812
0.5934051332378928
0.4166945092583436
0.27063406105435484
0.14935921944417463
2.75722492180347
2.1989971672366666
1.7324694110007908
1.3460166438780121
1.0278850874470349
0.766925047171502
0.6026213224358166
0.4183229166834947
0.26683393998767563
0.14191608534290442
2.8803435050502637
2.2887242136084476
1.7959133928813964
1.3890149635877729
1.05517425722598
0.7823039966901302
0.6111028410338836
0.4197853650274652
0.26337628279873543
0.1352423804233754
2.997651014954291
2.373904611210612
1.855899898891343
1.429526568701165
1.0807401261777205
0.7966357483814077
0.618957094818229
0.4211422190852408
0.2602233261606552
0.12922624240968564
3.10980542917539
2.455073320579455
1.9128521239652259
1.4677683914334472
1.104813991620219
0.8100658795505743
0.626295805992361
0.42241883481919656
0.25734093131761726
0.1237750130842378