# ../data/BKevo/MVge_BKevo/mvge_120.dat
# N(r,Y=0), r, *FL(x,Q^2)
# 1e-05 < r < 100.0
# 1 < Q^2 < 50, n=15, lin grid
# 1e-5 < x < 1e-2, n=10, log grid
###
1.110223024625157e-16
2.152140860617445e-16
2.7691194914411485e-16
5.063301254894309e-16
8.504284721834098e-16
1.3541257791971447e-15
2.284578255037884e-15
3.777188519275635e-15
6.195457223412995e-15
1.0394722241234776e-14
1.715853030189131e-14
2.853072448855663e-14
4.7605025827816477e-14
7.87229183599175e-14
1.297959949682726e-13
2.171482799217276e-13
3.5925144907297286e-13
5.898958867997149e-13
9.878568052975037e-13
1.6360033562968258e-12
2.684449618259519e-12
4.4847919746958656e-12
7.43358075595407e-12
1.220506684375806e-11
2.0313106808739056e-11
3.370105303555648e-11
5.537258559278787e-11
9.180546556198298e-11
1.5247688844803598e-10
2.5074019618891475e-10
4.1415755146131406e-10
6.88770862518304e-10
1.1339052878456223e-09
1.8662249451594025e-09
3.1090087533706586e-09
5.126160574720932e-09
8.409413132880281e-09
1.4042255000345271e-08
2.3203173617327298e-08
3.801627198937651e-08
6.358319479055698e-08
1.0537445739434772e-07
1.731394794729433e-07
2.892625771072765e-07
4.811905867087943e-07
7.934625835294693e-07
1.324767909269613e-06
2.2133784195001798e-06
3.664434460368561e-06
6.1145384536686225e-06
1.026274427634436e-05
1.7060070318051836e-05
2.8439752313031e-05
4.794397541565026e-05
8.000079046692566e-05
0.00013315223164221497
0.00022536097285854128
0.00037728743803561724
0.0006264665135541109
0.0010638762244954691
0.0017857819962368857
0.002969114590746671
0.0050301556523629
0.008453294319320286
0.014054107336432014
0.0236497681434698
0.03956862692976515
0.06522772263203726
0.10741093918732128
0.17448841600717996
0.2745921752459794
0.4162384017601989
0.5938931645559994
0.7784538961021327
0.9211237875319593
0.9829902828286272
0.998546347975651
0.9999945809169678
0.9999999894843863
0.9999999999990937
1.0
1.0
1.0
1.0
1.0
1.0
1.0
1.0
1.0
1.0
1.0
1.0
1.0
1.0
1.0
1.0
1.0
1.0
1.0
1.0
###
1e-05
1.1768119524349992e-05
1.3848863713938717e-05
1.6297508346206434e-05
1.917910261672489e-05
2.2570197196339216e-05
2.656087782946684e-05
3.1257158496882356e-05
3.678379771828634e-05
4.328761281083062e-05
5.0941380148163754e-05
5.994842503189409e-05
7.054802310718646e-05
8.302175681319735e-05
9.770099572992247e-05
0.00011497569953977356
0.00013530477745798074
0.00015922827933410923
0.0001873817422860383
0.00022051307399030456
0.00025950242113997375
0.0003053855508833416
0.00035938136638046257
0.0004229242874389499
0.0004977023564332109
0.0005857020818056661
0.0006892612104349695
0.0008111308307896872
0.0009545484566618337
0.0011233240329780276
0.0013219411484660286
0.0015556761439304723
0.0018307382802953678
0.002154434690031882
0.0025353644939701114
0.0029836472402833374
0.003511191734215131
0.004132012400115334
0.004862601580065354
0.005722367659350214
0.006734150657750821
0.007924828983539169
0.0093260334688322
0.010974987654930556
0.01291549665014884
0.01519911082952933
0.01788649529057435
0.0210490414451202
0.02477076355991709
0.029150530628251757
0.034304692863149154
0.040370172585965536
0.047508101621027934
0.05590810182512223
0.06579332246575675
0.0774263682681127
0.09111627561154886
0.10722672220103231
0.1261856883066021
0.14849682622544635
0.1747528400007683
0.20565123083486514
0.24201282647943834
0.2848035868435799
0.3351602650938841
0.3944206059437656
0.46415888336127725
0.5462277217684337
0.642807311728432
0.7564633275546291
0.8902150854450375
1.0476157527896641
1.232846739442066
1.4508287784959402
1.7073526474706886
2.009233002565046
2.364489412645407
2.782559402207126
3.274549162877725
3.8535285937105273
4.534878508128582
5.3366992312063015
6.280291441834247
7.390722033525775
8.697490026177835
10.235310218990248
12.045035402587812
14.174741629268048
16.68100537200059
19.630406500402685
23.10129700083158
27.1858824273294
31.992671377973846
37.64935806792464
44.30621457583877
52.14008287999685
61.35907273413163
72.20809018385457
84.97534359086438
100.0
###
0.2713579481881355
0.2558842676821432
0.24134409646099722
0.2280875288482445
0.21637550343990866
0.20637971510616868
0.20007599349158264
0.19331176153695778
0.18845540113017809
0.18553169854285262
0.9389875615528988
0.8444601864779225
0.7578269576878314
0.6799823542752577
0.611145743045578
0.5514616727467
0.5123061978259785
0.4672310014361476
0.4297654319857684
0.39932928169115106
1.4105912248355226
1.2398392336117596
1.085565890355327
0.9485970948272461
0.8283755978575205
0.7240275378389258
0.6553628621350724
0.5753423335558323
0.5071780759944914
0.4492593185976452
1.7947379512145165
1.5534742055897255
1.337799663420846
1.1478771128078613
0.9824863176101762
0.8393288880981115
0.7453204182334556
0.6355438494404221
0.5412836733890434
0.46009934859302054
2.125779889725869
1.8189258497205005
1.5469633958612798
1.309215285285811
1.1033403682677838
0.9260449780825779
0.8098738418531142
0.674377152265116
0.557887923156659
0.4570674051238224
2.4200724959364575
2.051754353006286
1.7277277039315793
1.4460486578200278
1.2034311128250734
0.9955589875874246
0.8597955384181462
0.7017365832021656
0.5660269744825092
0.4486005846968391
2.6869911006924645
2.260695261270413
1.8879142943200997
1.565682837823828
1.2893594378582032
1.0536248247619113
0.9002829605349847
0.7221914695576367
0.5696846982238599
0.43796875985376604
2.932502482319315
2.451201702867441
2.0325323750950193
1.6723565127684072
1.364941263529981
1.103805077809111
0.9343053177100874
0.7382161563552859
0.5708003051821102
0.42663875769290693
3.1606842676786693
2.626953081568202
2.1648457498033356
1.7690144333050848
1.4325404680865155
1.147815991154207
0.9635852842863526
0.7511433158372033
0.570392814425705
0.41530748825098585
3.3743094886570737
2.7905656961958005
2.2871421810971375
1.8576091817511964
1.4938572187746855
1.1871513811430303
0.9893150100039705
0.7618810116438275
0.5690800048501791
0.40429654194143744
3.575866144692503
2.9440816977216877
2.4010865061920748
1.9395637965387993
1.5500622526162466
1.2227549655058418
1.0122677898799912
0.7709985941914078
0.5672220610166901
0.3937578153471523
3.766912945764492
3.088786556398802
2.5079856464249426
2.0159420872977423
1.602029914138054
1.2553152596361838
1.0329851234749978
0.7788581533779645
0.5650411735136256
0.38374898645255096
3.9487873056872496
3.22592968311817
2.6087872277911237
2.0875620361086096
1.6504202373606842
1.285349221708348
1.051881655803248
0.7857905858903429
0.5626788124022312
0.37428135276401997
4.122567864398925
3.356440035535678
2.7042867373736357
2.1550145562226217
1.6957472905880577
1.3132456720199583
1.069263268223515
0.7919670244092912
0.560226693996718
0.36534266799068704
4.289238227472607
3.480956612582859
2.795117655260396
2.21897434955821
1.7384184337162683
1.3393112630866848
1.085371381085422
0.797499531952569
0.5577443655269424
0.3569065071953077