# ../data/BKevo/MVge_BKevo/mvge_74.dat
# N(r,Y=0), r, *FL(x,Q^2)
# 1e-05 < r < 100.0
# 1 < Q^2 < 50, n=15, lin grid
# 1e-5 < x < 1e-2, n=10, log grid
###
0.0
0.0
0.0
0.0
0.0
0.0
0.0
0.0
0.0
0.0
0.0
0.0
0.0
0.0
0.0
4.044758632591294e-17
1.110223024625157e-16
1.123402613883084e-16
2.571262760002783e-16
5.436504471786166e-16
9.862649968182663e-16
1.933069444798092e-15
3.56960803503753e-15
6.6414629545368715e-15
1.2728987921781496e-14
2.4069296624008523e-14
4.473378406186957e-14
8.464524568788686e-14
1.6059412102733261e-13
2.99419350802524e-13
5.630129429930314e-13
1.0704579843602267e-12
1.9995209352299875e-12
3.735400860581186e-12
7.121469327385036e-12
1.3329770795209097e-11
2.4743162501741235e-11
4.732616755892167e-11
8.881663769058607e-11
1.6427391640468817e-10
3.146431270593383e-10
5.924775836827439e-10
1.0990977514227684e-09
2.097063688984247e-09
3.965793156916022e-09
7.385204092689669e-09
1.4044609900025753e-08
2.669966966518984e-08
4.995258646086832e-08
9.47146698572167e-08
1.8113653098650736e-07
3.406451134412117e-07
6.439052614281813e-07
1.2391943223477668e-06
2.3427378566900288e-06
4.412195460123153e-06
8.543982687914573e-06
1.62340294263703e-05
3.043630701755517e-05
5.928413937660606e-05
0.00011316257108224211
0.00021270721852502145
0.00041321034904800503
0.0007919532574391271
0.0014931907096508452
0.0028858027864870532
0.005545957276316775
0.01046702649753165
0.020036125876339236
0.03831769334275546
0.07146056001106196
0.1320684279343543
0.23892745400390403
0.4048422231842384
0.6268484099587734
0.8402690798354424
0.966082909760033
0.9989933482376647
0.9999914714006924
0.9999999966715116
0.9999999999999984
1.0
1.0
1.0
1.0
1.0
1.0
1.0
1.0
1.0
1.0
1.0
1.0
1.0
1.0
1.0
1.0
1.0
1.0
1.0
###
1e-05
1.1768119524349992e-05
1.3848863713938717e-05
1.6297508346206434e-05
1.917910261672489e-05
2.2570197196339216e-05
2.656087782946684e-05
3.1257158496882356e-05
3.678379771828634e-05
4.328761281083062e-05
5.0941380148163754e-05
5.994842503189409e-05
7.054802310718646e-05
8.302175681319735e-05
9.770099572992247e-05
0.00011497569953977356
0.00013530477745798074
0.00015922827933410923
0.0001873817422860383
0.00022051307399030456
0.00025950242113997375
0.0003053855508833416
0.00035938136638046257
0.0004229242874389499
0.0004977023564332109
0.0005857020818056661
0.0006892612104349695
0.0008111308307896872
0.0009545484566618337
0.0011233240329780276
0.0013219411484660286
0.0015556761439304723
0.0018307382802953678
0.002154434690031882
0.0025353644939701114
0.0029836472402833374
0.003511191734215131
0.004132012400115334
0.004862601580065354
0.005722367659350214
0.006734150657750821
0.007924828983539169
0.0093260334688322
0.010974987654930556
0.01291549665014884
0.01519911082952933
0.01788649529057435
0.0210490414451202
0.02477076355991709
0.029150530628251757
0.034304692863149154
0.040370172585965536
0.047508101621027934
0.05590810182512223
0.06579332246575675
0.0774263682681127
0.09111627561154886
0.10722672220103231
0.1261856883066021
0.14849682622544635
0.1747528400007683
0.20565123083486514
0.24201282647943834
0.2848035868435799
0.3351602650938841
0.3944206059437656
0.46415888336127725
0.5462277217684337
0.642807311728432
0.7564633275546291
0.8902150854450375
1.0476157527896641
1.232846739442066
1.4508287784959402
1.7073526474706886
2.009233002565046
2.364489412645407
2.782559402207126
3.274549162877725
3.8535285937105273
4.534878508128582
5.3366992312063015
6.280291441834247
7.390722033525775
8.697490026177835
10.235310218990248
12.045035402587812
14.174741629268048
16.68100537200059
19.630406500402685
23.10129700083158
27.1858824273294
31.992671377973846
37.64935806792464
44.30621457583877
52.14008287999685
61.35907273413163
72.20809018385457
84.97534359086438
100.0
###
0.22701829012746583
0.20955804376104398
0.19354244964029704
0.17921797816272214
0.16674923750303172
0.1561886687471084
0.14953599985100255
0.14231708159810325
0.13697749819462063
0.13348723695335862
0.7129236906714531
0.621682279104363
0.540195174546433
0.4684970025535374
0.40613677336414217
0.35236429040045353
0.31713203918545196
0.27619267306276996
0.241316133417692
0.2116404350907854
1.0309322216191492
0.8761017560810835
0.7402332758434502
0.6221457001264615
0.520542087941594
0.4333896202233024
0.37631751209202136
0.30981587761809926
0.2524452951602344
0.20252304743373872
1.2816229110325372
1.0712602115737777
0.8887181661540094
0.7318788585682388
0.5979818694560237
0.4840694086206834
0.40992628518602847
0.32378953090632656
0.24972876279174036
0.18533262846918766
1.4933854188396432
1.233290634184221
1.009479936417418
0.8188684016899185
0.6574366305835304
0.5211036844994514
0.4329169764612433
0.3310675078192507
0.24407874737695093
0.1689607139377991
1.6790452043348447
1.3734592577248523
1.1125381313682121
0.891781151407891
0.7061608103234983
0.5504806586757526
0.4503704795867651
0.3354691522253144
0.23808535450057708
0.15472617261454108
1.8456710210932026
1.4980027394921895
1.2030412528523322
0.9550348195264121
0.7477460452201671
0.574962670650661
0.46449800756686155
0.33845293537241644
0.2324613675232239
0.14275491993725603
1.9976560790341433
1.610702644832075
1.284207055562644
1.0111720225952376
0.7841989235593343
0.596064481058919
0.4764145991633803
0.3406695048852968
0.2273816699607769
0.1321772444632049
2.13796857837111
1.7140221843086332
1.3580726925487479
1.061835314207451
0.8167712355354457
0.6146788196632211
0.4867699319057123
0.342444955081554
0.22285182523928326
0.12323593032949594
2.26864956943027
1.8097076246030075
1.4260547172086382
1.1081364926822435
0.8462996698747102
0.6313843291110816
0.49597162529892647
0.3439436955268262
0.2188223388555422
0.11547964943322601
2.3912591718067735
1.8990366914753392
1.4891719327956974
1.1508685100852631
0.873368146994975
0.646576184222809
0.5042813803174053
0.3452654683118337
0.21522988339238583
0.10869619567110174
2.5069760661180105
1.982954838753312
1.5481891154543623
1.190618151874004
0.8984017850897034
0.6605340840476432
0.5118679886270144
0.34646790554934137
0.212026960767418
0.10271472542395971
2.6167127641195296
2.0622229697111645
1.6036983452855549
1.227833270841429
0.9217221397727984
0.673468734823722
0.518879608088956
0.3475810968437213
0.20915123850985395
0.09740293678584404
2.7211919169189325
2.137430847240653
1.6561635700997746
1.2628639632531458
0.9435773512682754
0.6855351120196581
0.5253925647719663
0.3486391106451274
0.2065616613195889
0.09265437258214759
2.8210225313878583
2.209058900870215
1.7059586024341065
1.2960193106688993
0.9641629362562737
0.6968570228811366
0.531495585954657
0.34965044406904033
0.2042199737667806
0.08838335149166997