# datat/BKevo/MVg_BKevo/mvg51.dat
# N(r,Y=0), r, *FL(x,Q^2)
# 1e-05 < r < 100.0
# 1 < Q^2 < 50, n=15, log grid
# 1e-5 < x < 1e-2, n=10, log grid
###
6.037116777388213e-15
9.377155040194176e-15
1.4639492556759884e-14
2.2821888161540306e-14
3.5343505821310564e-14
5.525628196657688e-14
8.619226681489475e-14
1.335217146264469e-13
2.0782936941592464e-13
3.2446051115513115e-13
5.029261375343244e-13
7.805212987254366e-13
1.2193995978966843e-12
1.8907452628922507e-12
2.925541739102232e-12
4.573052667538269e-12
7.093132263652555e-12
1.0940090259871281e-11
1.7109461752848723e-11
2.6546514367063645e-11
4.091363649543928e-11
6.384931544059113e-11
9.909121649188817e-11
1.527327219220746e-10
2.376035432766163e-10
3.6881461687795277e-10
5.684688867722176e-10
8.814560214943373e-10
1.3683351863797354e-09
2.108875631445121e-09
3.2587654949334163e-09
5.058630837162835e-09
7.79471457320931e-09
1.2001592749868823e-08
1.8627182897282085e-08
2.8692007806976162e-08
4.4010532982292653e-08
6.828418948614018e-08
1.051246694762018e-07
1.607718405606758e-07
2.4905655667707487e-07
3.831430949218899e-07
5.85425011212846e-07
9.031931840257307e-07
1.388068054025485e-06
2.1184192363003136e-06
3.253985809896992e-06
4.9943588901587794e-06
7.610914360952967e-06
1.1635749836360378e-05
1.782942063383934e-05
2.7120335547655143e-05
4.125306824378641e-05
6.308186791949887e-05
9.574006313230875e-05
0.0001448467914738375
0.0002209447196689607
0.0003344536197273518
0.0005031232549087914
0.0007652701377284518
0.0011550173137699767
0.0017316125449122113
0.0026190812145097534
0.00394041722269067
0.005888376122116161
0.008851225349263706
0.013269009694961182
0.019751740284397946
0.029474115107111225
0.043932035548008314
0.06491781324727094
0.09561725815593158
0.14028232680720099
0.20270378281085663
0.28812643605639315
0.4008099579670256
0.5377191610563439
0.689093293558734
0.8264217666898064
0.9284478803282888
0.9834530836358265
0.9975689467727162
0.9998446177255783
0.9999985067945345
0.9999999995173449
0.9999999999999292
1.0
1.0
1.0
1.0
1.0
1.0
1.0
1.0
1.0
1.0
1.0
1.0
1.0
1.0
###
1e-05
1.1768119524349992e-05
1.3848863713938717e-05
1.6297508346206434e-05
1.917910261672489e-05
2.2570197196339216e-05
2.656087782946684e-05
3.1257158496882356e-05
3.678379771828634e-05
4.328761281083062e-05
5.0941380148163754e-05
5.994842503189409e-05
7.054802310718646e-05
8.302175681319735e-05
9.770099572992247e-05
0.00011497569953977356
0.00013530477745798074
0.00015922827933410923
0.0001873817422860383
0.00022051307399030456
0.00025950242113997375
0.0003053855508833416
0.00035938136638046257
0.0004229242874389499
0.0004977023564332109
0.0005857020818056661
0.0006892612104349695
0.0008111308307896872
0.0009545484566618337
0.0011233240329780276
0.0013219411484660286
0.0015556761439304723
0.0018307382802953678
0.002154434690031882
0.0025353644939701114
0.0029836472402833374
0.003511191734215131
0.004132012400115334
0.004862601580065354
0.005722367659350214
0.006734150657750821
0.007924828983539169
0.0093260334688322
0.010974987654930556
0.01291549665014884
0.01519911082952933
0.01788649529057435
0.0210490414451202
0.02477076355991709
0.029150530628251757
0.034304692863149154
0.040370172585965536
0.047508101621027934
0.05590810182512223
0.06579332246575675
0.0774263682681127
0.09111627561154886
0.10722672220103231
0.1261856883066021
0.14849682622544635
0.1747528400007683
0.20565123083486514
0.24201282647943834
0.2848035868435799
0.3351602650938841
0.3944206059437656
0.46415888336127725
0.5462277217684337
0.642807311728432
0.7564633275546291
0.8902150854450375
1.0476157527896641
1.232846739442066
1.4508287784959402
1.7073526474706886
2.009233002565046
2.364489412645407
2.782559402207126
3.274549162877725
3.8535285937105273
4.534878508128582
5.3366992312063015
6.280291441834247
7.390722033525775
8.697490026177835
10.235310218990248
12.045035402587812
14.174741629268048
16.68100537200059
19.630406500402685
23.10129700083158
27.1858824273294
31.992671377973846
37.64935806792464
44.30621457583877
52.14008287999685
61.35907273413163
72.20809018385457
84.97534359086438
100.0
###
0.2116759409026267
0.19139647514902378
0.17241119997209506
0.15500474589094967
0.13933867772365777
0.12546839775141624
0.11623057262932521
0.10541192689288167
0.09620806788028959
0.08850966147695075
0.6605783920266762
0.5649545975181393
0.47959644063711876
0.40450991613502896
0.33919970701901414
0.28290084617500755
0.24595792120401153
0.2029290240845515
0.1660473269259392
0.13431500928997495
0.9565291471482298
0.7991651710158308
0.6616896354166657
0.5431466634124325
0.44194976869915775
0.3561890625461635
0.3007243456789381
0.2369648131590003
0.18314690133166273
0.13735074604148914
1.19115111067105
0.9805301191923064
0.7990977975300411
0.6447092317016192
0.514646023496303
0.4057349765446054
0.33608323204761015
0.25687718409490423
0.19081506002962195
0.13551826857804178
1.3900850246943102
1.1319844678635655
0.9119502535227105
0.7265893561470317
0.5719354345096039
0.4436991083640596
0.3624039364072547
0.2707854406761439
0.19521673557779387
0.13275087148615733
1.5649560982442636
1.2636414643050597
1.008870209357234
0.7959819062574859
0.6197095728401273
0.47472499605187096
0.3834771671604751
0.2814235825483729
0.19805665734748548
0.12989835735375282
1.722231009122346
1.3810172210969547
1.0944586687692945
0.8565964761661844
0.6609393001456452
0.5010928255132648
0.40111316553988813
0.2900279453713363
0.20004143630657695
0.12718487933780398
1.8659237928431478
1.487485504756669
1.171497958661034
0.9106801429183482
0.6973698822110151
0.5241065750266286
0.41631994041367976
0.297248408940608
0.2015109843508757
0.12466766471888983
1.9987373030999638
1.585298134822933
1.2418151245159392
0.9597158875061913
0.7301110024868447
0.5445805137894202
0.42971350510268463
0.30347118826234426
0.2026416694623516
0.12234804513768141
2.1226197342845166
1.6759683026194074
1.3066872288095646
1.0046615346742178
0.7599173120964338
0.5630591741318485
0.441702521738755
0.30894021953739553
0.20354381132061777
0.12021097390390122
2.2389562163921672
1.7608706678529993
1.3670322997298896
1.0462370559463867
0.7873269535536485
0.5799260645292488
0.4525648642255948
0.31376691674547835
0.20428115933824834
0.11823807432757663
2.3488447552226686
1.8406674311246916
1.4235506835439478
1.0849990527511044
0.8127382397754584
0.5954615034836116
0.46251075274111775
0.31816993846385155
0.20489721761108926
0.11641240382854733
2.453117149412381
1.9161155352754742
1.4767830668526487
1.1213515931032558
0.8364547194037415
0.6098769627166196
0.4716849740014804
0.3222599358139188
0.20542021155884171
0.11472208485834125
2.55247100890187
1.98776955008847
1.5271571905001247
1.1556193757712026
0.8587135868822502
0.6233362159796005
0.48021442316908786
0.32588129117936376
0.20587322582567621
0.11314230971963869
2.647462778752725
2.056071616737907
1.5750182543843847
1.1880629314679474
0.8797039058730094
0.6359687187984683
0.48818163035835677
0.32938315256931433
0.20626960992053717
0.11166540232665796