# ../data/BKevo/MVge_BKevo/mvge_123.dat
# N(r,Y=0), r, *FL(x,Q^2)
# 1e-05 < r < 100.0
# 1 < Q^2 < 50, n=15, lin grid
# 1e-5 < x < 1e-2, n=10, log grid
###
0.0
0.0
0.0
0.0
0.0
0.0
0.0
0.0
0.0
0.0
0.0
0.0
0.0
0.0
1.110223024625157e-16
1.110223024625157e-16
1.8679714215948338e-16
4.46725127701648e-16
8.064604990760821e-16
1.5313901042072956e-15
2.736750385529767e-15
5.295622478353022e-15
9.97804223491341e-15
1.8541578881132686e-14
3.5204613024794504e-14
6.662168316541288e-14
1.239856461773044e-13
2.3449553786321813e-13
4.445037156489763e-13
8.282663257150421e-13
1.5561837804513457e-12
2.9557010105503706e-12
5.514699045398446e-12
1.0288642668148676e-11
1.958149661956778e-11
3.658399709409778e-11
6.776425186841934e-11
1.2924796857586278e-10
2.418223811891298e-10
4.457891679241984e-10
8.500617404572976e-10
1.5930893790661435e-09
2.9402987831981257e-09
5.573726761068286e-09
1.0466962035302004e-08
1.934945557824733e-08
3.647381388815061e-08
6.867940817171561e-08
1.272529596386651e-07
2.386545334773105e-07
4.5103778422863886e-07
8.384445551839759e-07
1.5656034694275971e-06
2.9735213935062093e-06
5.5522063054078805e-06
1.0329860462061038e-05
1.9742324830641672e-05
3.706859622392201e-05
6.874390730756974e-05
0.00013233656766211752
0.0002500296738278887
0.0004657168599005579
0.0008962547854956895
0.001703632724382303
0.0031888154507834663
0.006116338427533592
0.011667642271657206
0.021854673096956344
0.04141137702070309
0.07803995142871657
0.1424602325729681
0.25345688739918903
0.42790574919003577
0.6524672511792902
0.8660081863266519
0.9727805301778717
0.998277432646194
0.999999242848481
0.9999999999341922
1.0
1.0
1.0
1.0
1.0
1.0
1.0
1.0
1.0
1.0
1.0
1.0
1.0
1.0
1.0
1.0
1.0
1.0
1.0
1.0
1.0
###
1e-05
1.1768119524349992e-05
1.3848863713938717e-05
1.6297508346206434e-05
1.917910261672489e-05
2.2570197196339216e-05
2.656087782946684e-05
3.1257158496882356e-05
3.678379771828634e-05
4.328761281083062e-05
5.0941380148163754e-05
5.994842503189409e-05
7.054802310718646e-05
8.302175681319735e-05
9.770099572992247e-05
0.00011497569953977356
0.00013530477745798074
0.00015922827933410923
0.0001873817422860383
0.00022051307399030456
0.00025950242113997375
0.0003053855508833416
0.00035938136638046257
0.0004229242874389499
0.0004977023564332109
0.0005857020818056661
0.0006892612104349695
0.0008111308307896872
0.0009545484566618337
0.0011233240329780276
0.0013219411484660286
0.0015556761439304723
0.0018307382802953678
0.002154434690031882
0.0025353644939701114
0.0029836472402833374
0.003511191734215131
0.004132012400115334
0.004862601580065354
0.005722367659350214
0.006734150657750821
0.007924828983539169
0.0093260334688322
0.010974987654930556
0.01291549665014884
0.01519911082952933
0.01788649529057435
0.0210490414451202
0.02477076355991709
0.029150530628251757
0.034304692863149154
0.040370172585965536
0.047508101621027934
0.05590810182512223
0.06579332246575675
0.0774263682681127
0.09111627561154886
0.10722672220103231
0.1261856883066021
0.14849682622544635
0.1747528400007683
0.20565123083486514
0.24201282647943834
0.2848035868435799
0.3351602650938841
0.3944206059437656
0.46415888336127725
0.5462277217684337
0.642807311728432
0.7564633275546291
0.8902150854450375
1.0476157527896641
1.232846739442066
1.4508287784959402
1.7073526474706886
2.009233002565046
2.364489412645407
2.782559402207126
3.274549162877725
3.8535285937105273
4.534878508128582
5.3366992312063015
6.280291441834247
7.390722033525775
8.697490026177835
10.235310218990248
12.045035402587812
14.174741629268048
16.68100537200059
19.630406500402685
23.10129700083158
27.1858824273294
31.992671377973846
37.64935806792464
44.30621457583877
52.14008287999685
61.35907273413163
72.20809018385457
84.97534359086438
100.0
###
0.2478842775372797
0.2316012547534153
0.21659642996562117
0.20316536911548472
0.19149914297561585
0.18170996170386972
0.1756353587336507
0.16924619503795105
0.16481935322828914
0.16238080829627938
0.8113401219692371
0.7189323928292426
0.6356687154157502
0.5619423401270489
0.49758675083523757
0.4421000717861667
0.4058458072666895
0.3642561561315946
0.329458023114934
0.30081473260035013
1.191091403596547
1.0294475332633322
0.8858411377526278
0.7601376561641545
0.6510377636349766
0.5570269858368996
0.49540184615352906
0.4236170614565717
0.36202732328150783
0.30910702901522186
1.4940055409837454
1.270247360790555
1.0735844933732894
0.9028943326816665
0.7558053673399494
0.6296592116454417
0.547117104058841
0.45088435248688824
0.3678632034579813
0.2956990626621696
1.7516594433470387
1.4713011585175848
1.2269939794914588
1.0164639974670397
0.8362842722221719
0.6825552064067063
0.5823971829412117
0.46579155642829106
0.36540263959872077
0.2780323860221939
1.978626452072616
1.6460185013187854
1.358286697771894
1.1118215548504118
0.902161671914299
0.724305812257227
0.6088072733712253
0.47492136792355344
0.36009425156729735
0.2605092448380496
2.1830564309180445
1.8017283906998727
1.4738447171353202
1.1946057017039187
0.9582735976271954
0.7588129694058013
0.6298591143813997
0.4809940004585943
0.3539445570684659
0.24433564444823902
2.370033699522664
1.9429628620312378
1.5776325704915595
1.268085586336394
1.007360692258132
0.7883624298179974
0.6473707831337016
0.4853106410283929
0.34773364263610823
0.229758740673747
2.5430396693310837
2.0726744998505717
1.6722016527189396
1.3344004555169735
1.0511470675530055
0.8142772939656145
0.6623856709929452
0.48855688417898585
0.3417820799371955
0.21681360096050567
2.704509714490765
2.19300769899217
1.7593235802665699
1.3950159387467054
1.0907798095022645
0.8374185547392748
0.675576449104297
0.49111940336785165
0.33620585755280363
0.205048314828165
2.8562618983486123
2.3054843599475743
1.8402819134976942
1.4509637382830516
1.1270631062074472
0.8583734717686045
0.6873641715093293
0.49322880940207947
0.3310395643256445
0.19459179285405967
2.9997991435836178
2.411285400738019
1.9160296680569897
1.5030108947450844
1.1605826430113526
0.8775554006460473
0.698044301631157
0.4950272788814707
0.3262756765267235
0.1851856017485861
3.1360066595911897
2.511324273251678
1.9873375479221382
1.5517774921043215
1.191779069977049
0.895273230107216
0.7078379297030456
0.4965941218578144
0.32188858562026196
0.17668986488491265
3.2658571478171265
2.606328185501732
2.0547898471976325
1.5976211950633645
1.2209923071160622
0.9117589161191018
0.7168801125150217
0.49801837690066325
0.31785106678813985
0.16898480270585778
3.3900659398716377
2.6968869996034814
2.118827279706867
1.6410398542345757
1.2484905171249787
0.9271963923614415
0.7253062830417807
0.49932601164772217
0.3141288194191677
0.16196750894973347