# ../data/BKevo/MVge_BKevo/mvge_98.dat
# N(r,Y=0), r, *FL(x,Q^2)
# 1e-05 < r < 100.0
# 1 < Q^2 < 50, n=15, lin grid
# 1e-5 < x < 1e-2, n=10, log grid
###
0.0
0.0
0.0
0.0
0.0
0.0
0.0
0.0
0.0
0.0
0.0
0.0
0.0
0.0
6.47770124939929e-18
1.110223024625157e-16
1.110223024625157e-16
2.246805227766167e-16
5.142525520005566e-16
9.469118678298536e-16
1.7504853887115008e-15
3.3625530335549303e-15
6.3437861444518004e-15
1.1789093624133295e-14
2.2562200060748618e-14
4.261152180202433e-14
7.936288441789734e-14
1.5011069385927372e-13
2.8451465160511624e-13
5.300716858124812e-13
9.959892429462406e-13
1.8916415172817476e-12
3.5293717690326413e-12
6.584739490465859e-12
1.2532171531504982e-11
2.3413768637618107e-11
4.3369130220101216e-11
8.271870572789969e-11
1.5476629474487849e-10
2.853051454780106e-10
5.440394796482986e-10
1.0195772063881145e-09
1.88179118168269e-09
3.5671850779134046e-09
6.698855682850189e-09
1.2383651677375823e-08
2.334324100356531e-08
4.395482175417901e-08
8.144189602847202e-08
1.5273890825712017e-07
2.8866420667248905e-07
5.366045987111754e-07
1.0019865112404934e-06
1.9030547696111137e-06
3.553415713906101e-06
6.611123205442636e-06
1.2635135427411476e-05
2.372406646666272e-05
4.3996646323651246e-05
8.46975380722502e-05
0.00016002653233546994
0.0002980839475831545
0.0005737008128966103
0.001090676901908809
0.0020420315850019936
0.00391900201027772
0.0074839388303757125
0.014043757739779757
0.026713716080610815
0.05071601861596154
0.09374935295900055
0.17089853352477005
0.30205782586732677
0.49422179272673933
0.7255884425411584
0.9068815160561117
0.9866156963279112
0.9998801682331921
0.9999997364222638
0.9999999999886576
1.0
1.0
1.0
1.0
1.0
1.0
1.0
1.0
1.0
1.0
1.0
1.0
1.0
1.0
1.0
1.0
1.0
1.0
1.0
1.0
###
1e-05
1.1768119524349992e-05
1.3848863713938717e-05
1.6297508346206434e-05
1.917910261672489e-05
2.2570197196339216e-05
2.656087782946684e-05
3.1257158496882356e-05
3.678379771828634e-05
4.328761281083062e-05
5.0941380148163754e-05
5.994842503189409e-05
7.054802310718646e-05
8.302175681319735e-05
9.770099572992247e-05
0.00011497569953977356
0.00013530477745798074
0.00015922827933410923
0.0001873817422860383
0.00022051307399030456
0.00025950242113997375
0.0003053855508833416
0.00035938136638046257
0.0004229242874389499
0.0004977023564332109
0.0005857020818056661
0.0006892612104349695
0.0008111308307896872
0.0009545484566618337
0.0011233240329780276
0.0013219411484660286
0.0015556761439304723
0.0018307382802953678
0.002154434690031882
0.0025353644939701114
0.0029836472402833374
0.003511191734215131
0.004132012400115334
0.004862601580065354
0.005722367659350214
0.006734150657750821
0.007924828983539169
0.0093260334688322
0.010974987654930556
0.01291549665014884
0.01519911082952933
0.01788649529057435
0.0210490414451202
0.02477076355991709
0.029150530628251757
0.034304692863149154
0.040370172585965536
0.047508101621027934
0.05590810182512223
0.06579332246575675
0.0774263682681127
0.09111627561154886
0.10722672220103231
0.1261856883066021
0.14849682622544635
0.1747528400007683
0.20565123083486514
0.24201282647943834
0.2848035868435799
0.3351602650938841
0.3944206059437656
0.46415888336127725
0.5462277217684337
0.642807311728432
0.7564633275546291
0.8902150854450375
1.0476157527896641
1.232846739442066
1.4508287784959402
1.7073526474706886
2.009233002565046
2.364489412645407
2.782559402207126
3.274549162877725
3.8535285937105273
4.534878508128582
5.3366992312063015
6.280291441834247
7.390722033525775
8.697490026177835
10.235310218990248
12.045035402587812
14.174741629268048
16.68100537200059
19.630406500402685
23.10129700083158
27.1858824273294
31.992671377973846
37.64935806792464
44.30621457583877
52.14008287999685
61.35907273413163
72.20809018385457
84.97534359086438
100.0
###
0.23517103634363473
0.2181267982143316
0.20246122329696645
0.18844507816276784
0.17624537869526757
0.1659439403103262
0.1594833271480686
0.15255503614068358
0.14754134992572235
0.14444328798437994
0.7504458359392194
0.6584777754020503
0.5760574469646447
0.503345940500829
0.43994597209195985
0.3853448965976282
0.3495875091669698
0.30815745324262495
0.2730826843691365
0.2435558344774825
1.091430612880252
0.9335525803024112
0.7943684445455721
0.6731102108122682
0.5682434975070532
0.478246810108956
0.4192389272714418
0.35039803823443816
0.29110246451724303
0.23964967648513089
1.361463212253577
1.1455439199370638
0.9571441032034264
0.7946500553447601
0.6553870392857556
0.5365099224539074
0.4589415396557694
0.36864377379863106
0.2908543528571759
0.2231257535812233
1.5901675799708062
1.321800268841904
1.0897247833730936
0.8911577983323997
0.722249236250779
0.5790176674680502
0.486048439479418
0.37831792868184866
0.2859545530588144
0.20586809352526725
1.7910285581813696
1.4745791528739178
1.203000339393263
0.972089467361747
0.7770083120504873
0.6126422797249219
0.5065173554936664
0.3841828522676312
0.2799596616703081
0.19020996814928556
1.9715502234499704
1.610495732321374
1.302545570732342
1.0423056282211964
0.8237109781768123
0.6405893120968584
0.52296729748383
0.38811029872054215
0.2739888484886978
0.17648006687709536
2.1363879031385764
1.7335749361574888
1.3918756848768539
1.1046389860908747
0.8646182668695582
0.6646074615895994
0.5367729706175244
0.3909638805500349
0.26840630331487436
0.16452616587921
2.2886739989817446
1.8464979110028947
1.4732109948348395
1.1608946420365618
0.9011478660381421
0.685753682945607
0.5487079458506626
0.39318177219372885
0.2633071550490736
0.1540980198821678
2.4306641554758874
1.951140394634869
1.5480946282167252
1.212310021318255
0.9342453307306602
0.7046965865881935
0.5592688285757836
0.3950030410255126
0.2586922113011007
0.14495400111693804
2.5639431560133787
2.048879225684998
1.6176442859517437
1.259764373732697
0.9645715131126593
0.7218971202040267
0.5687667541839214
0.3965658330140074
0.2545241761128001
0.1368859653450584
2.689831457867529
2.1407475925359787
1.6826966944640043
1.303909403726034
0.9926080795093369
0.7376797623328726
0.577420171920426
0.3979533801606809
0.2507618575596771
0.12972194525670275
2.8092405677949217
2.2275568860896646
1.7438974575080375
1.3452417423940746
1.0187176003085165
0.7522892342350431
0.5853929080552667
0.3992099701457235
0.24735474872133317
0.12332086458928752
2.9229916246490806
2.309949684403074
1.801756086277149
1.384179814892446
1.0431803924641845
0.7659055882446391
0.5927832001653924
0.40038714029553146
0.2442620760103506
0.11756821043759169
3.0317267653420523
2.388399175148148
1.8566808548797369
1.4209381788922368
1.066217438562907
0.7786718345109496
0.5996953267548222
0.40149788577846346
0.24144584175914816
0.11237055519661797