# ../data/BKevo/MVge_BKevo/mvge_56.dat
# N(r,Y=0), r, *FL(x,Q^2)
# 1e-05 < r < 100.0
# 1 < Q^2 < 50, n=15, lin grid
# 1e-5 < x < 1e-2, n=10, log grid
###
1.2360641028761944e-08
1.581983384864667e-08
2.0283088699116853e-08
2.598618021112149e-08
3.324801674437265e-08
4.2589325236833376e-08
5.454583785038354e-08
6.97636652509055e-08
8.927904322394006e-08
1.1429911059021702e-07
1.461283418376151e-07
1.8681870038298065e-07
2.3906902200912724e-07
3.0550303048581184e-07
3.9016221723280906e-07
4.990357573726969e-07
6.373790260904352e-07
8.131051316162072e-07
1.03940926339013e-06
1.3267704298486605e-06
1.6912789455668139e-06
2.1597065317941755e-06
2.754935169407414e-06
3.509352713011986e-06
4.475571126545438e-06
5.704676390703703e-06
7.26106097475237e-06
9.24746562920181e-06
1.1776670295802518e-05
1.4975965831983021e-05
1.9044581348903373e-05
2.422875386689554e-05
3.0778494316722784e-05
3.9077134920793314e-05
4.9656274082105136e-05
6.300338730375486e-05
7.984965840886659e-05
0.00010132927777334606
0.00012838487407711147
0.0001624213730697698
0.0002057570120407123
0.0002602682744818368
0.00032870907753189063
0.0004154533691783823
0.0005245102105004358
0.0006611161535628826
0.0008334182907895574
0.0010498115894692589
0.001320121329046401
0.0016592994362617853
0.0020845421544415034
0.002613999509748124
0.003274651474775747
0.0041008592767148005
0.005125554860584584
0.006396509892579001
0.00798046173827369
0.009935981452784225
0.01234596020066277
0.015335877958609261
0.01900774972012826
0.02350761075462186
0.029047647162589448
0.03581717213060323
0.044062942429902635
0.05412987517772857
0.06635823449560257
0.08115064795153723
0.09904483922854876
0.12060848878558615
0.1464551243716439
0.1773391598659592
0.21403818704337169
0.2573046960811389
0.3078641535867113
0.366081018128678
0.4322323641388237
0.505930733016957
0.5846364221049948
0.666792566836295
0.7490291816114629
0.8232320810220012
0.8872107742342658
0.9375860491880247
0.9697387875734772
0.9879076376661077
0.9965233510004015
0.9992592560806239
0.9998811524515736
0.999990445925837
0.99999973579968
0.9999999927102031
0.9999999999335468
0.9999999999999917
1.0
1.0
1.0
1.0
1.0
1.0
###
1e-05
1.1768119524349992e-05
1.3848863713938717e-05
1.6297508346206434e-05
1.917910261672489e-05
2.2570197196339216e-05
2.656087782946684e-05
3.1257158496882356e-05
3.678379771828634e-05
4.328761281083062e-05
5.0941380148163754e-05
5.994842503189409e-05
7.054802310718646e-05
8.302175681319735e-05
9.770099572992247e-05
0.00011497569953977356
0.00013530477745798074
0.00015922827933410923
0.0001873817422860383
0.00022051307399030456
0.00025950242113997375
0.0003053855508833416
0.00035938136638046257
0.0004229242874389499
0.0004977023564332109
0.0005857020818056661
0.0006892612104349695
0.0008111308307896872
0.0009545484566618337
0.0011233240329780276
0.0013219411484660286
0.0015556761439304723
0.0018307382802953678
0.002154434690031882
0.0025353644939701114
0.0029836472402833374
0.003511191734215131
0.004132012400115334
0.004862601580065354
0.005722367659350214
0.006734150657750821
0.007924828983539169
0.0093260334688322
0.010974987654930556
0.01291549665014884
0.01519911082952933
0.01788649529057435
0.0210490414451202
0.02477076355991709
0.029150530628251757
0.034304692863149154
0.040370172585965536
0.047508101621027934
0.05590810182512223
0.06579332246575675
0.0774263682681127
0.09111627561154886
0.10722672220103231
0.1261856883066021
0.14849682622544635
0.1747528400007683
0.20565123083486514
0.24201282647943834
0.2848035868435799
0.3351602650938841
0.3944206059437656
0.46415888336127725
0.5462277217684337
0.642807311728432
0.7564633275546291
0.8902150854450375
1.0476157527896641
1.232846739442066
1.4508287784959402
1.7073526474706886
2.009233002565046
2.364489412645407
2.782559402207126
3.274549162877725
3.8535285937105273
4.534878508128582
5.3366992312063015
6.280291441834247
7.390722033525775
8.697490026177835
10.235310218990248
12.045035402587812
14.174741629268048
16.68100537200059
19.630406500402685
23.10129700083158
27.1858824273294
31.992671377973846
37.64935806792464
44.30621457583877
52.14008287999685
61.35907273413163
72.20809018385457
84.97534359086438
100.0
###
0.287163912675466
0.2632799323204641
0.23813483723752982
0.21259746207094524
0.1874485506130415
0.1634104817102146
0.14645585233748346
0.1256028129222538
0.10692474194200341
0.0904888098880065
1.0821672977755556
0.9478458193807252
0.8170174100339498
0.6936872703169893
0.580446879981051
0.4792065829857289
0.4115901494965099
0.3325666320469983
0.2655460186985048
0.20946473195219914
1.7036527828656371
1.4634619263257556
1.236605215905027
1.0289178829131178
0.8433875855883657
0.6817762565367204
0.5761804648817519
0.4551536247473605
0.3548342013662502
0.2726889640164313
2.2404577011050875
1.9007427221177382
1.5859797651336307
1.3029606226266874
1.0544415243670529
0.8413774087736656
0.7040220497479275
0.5485686809933826
0.421502353652461
0.31888568254655175
2.722669901173531
2.288798254277474
1.8923121969087207
1.5403850635037302
1.2351441766715399
0.9764347309326379
0.8112502856088654
0.626001139120684
0.4760843670553232
0.35622460672891215
3.1653907140105666
2.641856812884414
2.1685375757897303
1.7526103542581806
1.395284384606192
1.0951064398850634
0.9048661367796381
0.6930154151032226
0.5229119912966612
0.3879885429364963
3.577613376850988
2.968239720961348
2.4221090883660032
1.9460873660275333
1.5403003510697346
1.20186885883528
0.9886653895488908
0.7526070549638573
0.564283740214048
0.41586238481874577
3.9652059873253647
3.2732980971521637
2.657784944524067
2.1248962268448794
1.6735892977550502
1.2994715486727175
1.0649696476020027
0.8065730670868136
0.6015665104343172
0.44084648309490915
4.332421614565619
3.5608692092844794
2.878874413463842
2.2918019828872587
1.7974151309889295
1.3897412085913432
1.1353151888726423
0.8561066700902838
0.6356243484642029
0.46357832188142106
4.682263170342506
3.8336620525666056
3.0876933024067004
2.4488317585574633
1.9134640159610692
1.474003845898129
1.2009472890787039
0.9020323382447103
0.667082284169329
0.48449924240717296
5.017271692737185
4.093697754829945
3.2860627576780814
2.59746244019949
2.0229237618840403
1.5532085929480643
1.262171522928835
0.944950335265256
0.6963851616000486
0.5039260905602952
5.338840305928104
4.342884992560318
3.475367692624496
2.738877470043701
2.1267237827611787
1.6280932341383396
1.320079644522522
0.9853166175283642
0.7238670457717901
0.522101524023599
5.648899955521684
4.582151227098659
3.656715447930702
2.873947077669617
2.225646674829452
1.6992280403532192
1.3749788717833824
1.0234916663729863
0.7497858327801651
0.5391943813981527
5.948512688790791
4.812504702342306
3.830975183893999
3.0033792693317043
2.3202478284923584
1.7670978287269001
1.4272441127048487
1.0597442483465975
0.7743454509203259
0.5553557235679981
6.238693412060818
5.0352475155371055
3.9988997620964124
3.1278208409612938
2.4109321339088754
1.832028540111368
1.477179718561287
1.0943068897225388
0.7977102771753617
0.5707000801143091