# ../data/BKevo/MVge_BKevo/mvge_53.dat
# N(r,Y=0), r, *FL(x,Q^2)
# 1e-05 < r < 100.0
# 1 < Q^2 < 50, n=15, lin grid
# 1e-5 < x < 1e-2, n=10, log grid
###
0.00019970299850683923
0.00022468173049228421
0.0002526162942327825
0.0002840153281311559
0.0003193637845081762
0.00035892186204477026
0.0004032988607716517
0.0004532238476998112
0.000509130861787138
0.0005717189905820583
0.0006420797038930385
0.000720920519877509
0.000808990484664933
0.0009079170028836533
0.001018832827433497
0.0011424452036979354
0.001281171071910978
0.0014367977450775067
0.0016098098718635822
0.0018037831317245416
0.0020212518237517985
0.002262904440368008
0.002533255984217734
0.002836014330789362
0.003172518609679737
0.0035479835352619023
0.003967935973233191
0.004434780592918215
0.004954190631369272
0.00553436333549435
0.00617941433672153
0.006894919081777829
0.007692985430042086
0.008580440243954063
0.009561704767541623
0.010654610269618123
0.011870245408431077
0.01321009158116259
0.014700370439823408
0.016357923747467557
0.018181313165433588
0.020206350555350784
0.022456772715819962
0.024935021061179483
0.027681813523234254
0.030734100592780658
0.0341025451648933
0.03783248215966303
0.04198163256030624
0.04657613033184242
0.051665828707927235
0.05734020824884744
0.06365138779057168
0.07065300583692226
0.07848048526040688
0.08722467462638009
0.09693709701421316
0.10781504728849733
0.1200008211249125
0.13352085157101756
0.14865073973947623
0.1655705259799637
0.18429264616842245
0.205114731417594
0.22825467608236577
0.2536721260720371
0.2816070094019402
0.31229355090166677
0.34556173843155835
0.38143314411997153
0.4201210640777869
0.4612277314731689
0.504276446515651
0.54944111778286
0.5960336268670324
0.6427319432780317
0.6897646869496471
0.7362571205357186
0.7798860790497714
0.8212634227107354
0.8595958597834623
0.892419921201913
0.920813463047344
0.9446082637176573
0.9626511278772841
0.9761673875468547
0.9859455335912174
0.9921790241059039
0.9959373061924757
0.9981324468211291
0.9992252331801518
0.9996996287081169
0.9999033959812358
0.9999747298736336
0.9999935040328665
0.9999987301779093
0.9999998422242051
0.9999999771584804
0.9999999977225966
0.9999999999162058
###
1e-05
1.1768119524349992e-05
1.3848863713938717e-05
1.6297508346206434e-05
1.917910261672489e-05
2.2570197196339216e-05
2.656087782946684e-05
3.1257158496882356e-05
3.678379771828634e-05
4.328761281083062e-05
5.0941380148163754e-05
5.994842503189409e-05
7.054802310718646e-05
8.302175681319735e-05
9.770099572992247e-05
0.00011497569953977356
0.00013530477745798074
0.00015922827933410923
0.0001873817422860383
0.00022051307399030456
0.00025950242113997375
0.0003053855508833416
0.00035938136638046257
0.0004229242874389499
0.0004977023564332109
0.0005857020818056661
0.0006892612104349695
0.0008111308307896872
0.0009545484566618337
0.0011233240329780276
0.0013219411484660286
0.0015556761439304723
0.0018307382802953678
0.002154434690031882
0.0025353644939701114
0.0029836472402833374
0.003511191734215131
0.004132012400115334
0.004862601580065354
0.005722367659350214
0.006734150657750821
0.007924828983539169
0.0093260334688322
0.010974987654930556
0.01291549665014884
0.01519911082952933
0.01788649529057435
0.0210490414451202
0.02477076355991709
0.029150530628251757
0.034304692863149154
0.040370172585965536
0.047508101621027934
0.05590810182512223
0.06579332246575675
0.0774263682681127
0.09111627561154886
0.10722672220103231
0.1261856883066021
0.14849682622544635
0.1747528400007683
0.20565123083486514
0.24201282647943834
0.2848035868435799
0.3351602650938841
0.3944206059437656
0.46415888336127725
0.5462277217684337
0.642807311728432
0.7564633275546291
0.8902150854450375
1.0476157527896641
1.232846739442066
1.4508287784959402
1.7073526474706886
2.009233002565046
2.364489412645407
2.782559402207126
3.274549162877725
3.8535285937105273
4.534878508128582
5.3366992312063015
6.280291441834247
7.390722033525775
8.697490026177835
10.235310218990248
12.045035402587812
14.174741629268048
16.68100537200059
19.630406500402685
23.10129700083158
27.1858824273294
31.992671377973846
37.64935806792464
44.30621457583877
52.14008287999685
61.35907273413163
72.20809018385457
84.97534359086438
100.0
###
0.39380536905831404
0.39125331335739794
0.38591674157334976
0.37567711466353315
0.3580762428184571
0.33144630343058323
0.30564694807263904
0.26549178749028685
0.2226400789671806
0.18140162903337723
1.905480637041973
1.8781195680100278
1.826050681900172
1.7362059586624448
1.5984068175916142
1.4128315636262512
1.2502666299721135
1.0210286735141512
0.8005840956986714
0.6076395449081243
3.406764490833583
3.3414887638043522
3.222454624353079
3.026218829775482
2.739469712588623
2.371364049337088
2.0618241193389117
1.6418709655876689
1.2538679598081013
0.9263180507293134
4.897725009664191
4.785910726802062
4.5878220278098825
4.270837193949671
3.822133716721789
3.263051487811994
2.805150864490861
2.1985263961006822
1.651851533545449
1.2003036998924617
6.379821374347758
6.215019766079212
5.929078645995524
5.481553861865036
4.862347538683089
4.108790901911018
3.5028092265133153
2.7139709469894244
2.0154005216756863
1.4473463775789894
7.854272259595474
7.6310979717371845
7.250386720128584
6.664913710701653
5.870055831576879
4.919594775101639
4.166599004287183
3.1992494689284503
2.354389362629518
1.6756410271168523
9.321859313172169
9.035766225856321
8.554602061502253
7.82617618051648
6.85085195099324
5.702334740285165
4.803456012048335
3.661394572999945
2.6747607340338835
1.8898575764495262
10.783210251335731
10.430342621887089
9.843827281102461
8.9672754808988
7.808877485813542
6.461676723046429
5.418166608150691
4.10434785061398
2.9801337624491353
2.0929173460338455
12.238825539406179
11.815579186951688
11.11948756765492
10.09103182235337
8.74712183216661
7.200997384194522
6.014119160033049
4.531822051494809
3.2731437787934334
2.286837896842596
13.689116062818577
13.19221670616419
12.38306115105358
11.199279251606022
9.66807324729364
7.92309320146998
6.593640441162632
4.9455409902319944
3.555650728501197
2.473075249123262
15.134426429339074
14.561091853981836
13.635494912786669
12.293492567252581
10.573381777717325
8.629587388824287
7.159089317460793
5.347114890527335
3.8290843166189497
2.652723477277733
16.575004668587784
15.922645267823542
14.877646964145585
13.374927861097085
11.464430961906576
9.322248394715263
7.711836009029213
5.738840346941115
4.094552741398401
2.826631425046123
18.011180072938593
17.27732510828523
16.110244425960452
14.444410853956802
12.342587371474208
10.00239550054829
8.253170943840091
6.120995472564441
4.352972268393135
2.995474053617266
19.443140650022464
18.62553083885545
17.333912303291882
15.503061411868268
13.208894135910871
10.67117520274776
8.784152474876294
6.494757778126582
4.605145959017835
3.1597944281855295
20.871130304099434
19.96760967953226
18.54896165830883
16.55151906615495
14.064241942537528
11.32906426440965
9.305671346010916
6.86088580916788
4.851424388176403
3.3200493041335197