# ../data/BKevo/MVge_BKevo/mvge_112.dat
# N(r,Y=0), r, *FL(x,Q^2)
# 1e-05 < r < 100.0
# 1 < Q^2 < 50, n=15, lin grid
# 1e-5 < x < 1e-2, n=10, log grid
###
1.4152909950314792e-12
2.0569263570715635e-12
3.01185161140775e-12
4.3986456203511754e-12
6.393967036171146e-12
9.343457884626431e-12
1.3648545790280371e-11
1.9842364498948147e-11
2.893442667644953e-11
4.227441261645742e-11
6.146464433437921e-11
8.943432336923669e-11
1.3068722916949333e-10
1.9002131892502298e-10
2.758712055156347e-10
4.0316272105507533e-10
5.862048599172362e-10
8.490715570056476e-10
1.2409053370733468e-09
1.8041873032587356e-09
2.6113236395771826e-09
3.809923432517468e-09
5.538635235809977e-09
8.01465854453298e-09
1.1665640854416402e-08
1.6955200766317675e-08
2.452740472911095e-08
3.561202296898038e-08
5.174365006868503e-08
7.482200963764422e-08
1.0835406540151022e-07
1.573705011902779e-07
2.2744169668969294e-07
3.2847483780461565e-07
4.7680710706883485e-07
6.886655747204583e-07
9.917424449579896e-07
1.4386024956385183e-06
2.076178825311264e-06
2.9828975903513084e-06
4.3205026383110474e-06
6.229521463955463e-06
8.941084869657068e-06
1.2910601360568955e-05
1.859553897005625e-05
2.665989207315084e-05
3.837418000546082e-05
5.520932856536307e-05
7.906033550893811e-05
0.00011344097269200115
0.00016303310053120322
0.0002332185921466716
0.00033364580912802525
0.00047911476928437453
0.000684885616617991
0.0009773355764575863
0.0014031319024558223
0.0020056624542517864
0.0028569389301644193
0.0041043226090827665
0.0058717747075717535
0.008370246849522603
0.012020701116825676
0.01721981766545743
0.02457207773550297
0.0352359946792551
0.05044098122954891
0.07179701313176448
0.1021615275485656
0.14469016106308707
0.20251223645669586
0.2799802214869745
0.38004263336097616
0.5013999811802866
0.6377053239700174
0.7708189713256057
0.8832124054607504
0.9585092003460891
0.9891600940465636
0.9984557013169416
0.9999511116103522
0.9999991371570187
0.9999999953740127
0.9999999999983284
1.0
1.0
1.0
1.0
1.0
1.0
1.0
1.0
1.0
1.0
1.0
1.0
1.0
1.0
1.0
1.0
###
1e-05
1.1768119524349992e-05
1.3848863713938717e-05
1.6297508346206434e-05
1.917910261672489e-05
2.2570197196339216e-05
2.656087782946684e-05
3.1257158496882356e-05
3.678379771828634e-05
4.328761281083062e-05
5.0941380148163754e-05
5.994842503189409e-05
7.054802310718646e-05
8.302175681319735e-05
9.770099572992247e-05
0.00011497569953977356
0.00013530477745798074
0.00015922827933410923
0.0001873817422860383
0.00022051307399030456
0.00025950242113997375
0.0003053855508833416
0.00035938136638046257
0.0004229242874389499
0.0004977023564332109
0.0005857020818056661
0.0006892612104349695
0.0008111308307896872
0.0009545484566618337
0.0011233240329780276
0.0013219411484660286
0.0015556761439304723
0.0018307382802953678
0.002154434690031882
0.0025353644939701114
0.0029836472402833374
0.003511191734215131
0.004132012400115334
0.004862601580065354
0.005722367659350214
0.006734150657750821
0.007924828983539169
0.0093260334688322
0.010974987654930556
0.01291549665014884
0.01519911082952933
0.01788649529057435
0.0210490414451202
0.02477076355991709
0.029150530628251757
0.034304692863149154
0.040370172585965536
0.047508101621027934
0.05590810182512223
0.06579332246575675
0.0774263682681127
0.09111627561154886
0.10722672220103231
0.1261856883066021
0.14849682622544635
0.1747528400007683
0.20565123083486514
0.24201282647943834
0.2848035868435799
0.3351602650938841
0.3944206059437656
0.46415888336127725
0.5462277217684337
0.642807311728432
0.7564633275546291
0.8902150854450375
1.0476157527896641
1.232846739442066
1.4508287784959402
1.7073526474706886
2.009233002565046
2.364489412645407
2.782559402207126
3.274549162877725
3.8535285937105273
4.534878508128582
5.3366992312063015
6.280291441834247
7.390722033525775
8.697490026177835
10.235310218990248
12.045035402587812
14.174741629268048
16.68100537200059
19.630406500402685
23.10129700083158
27.1858824273294
31.992671377973846
37.64935806792464
44.30621457583877
52.14008287999685
61.35907273413163
72.20809018385457
84.97534359086438
100.0
###
0.26839855595739387
0.25034381002764955
0.232826623764185
0.21624623321015898
0.20095459603639312
0.18718685361191487
0.17795344360664775
0.16716057355294187
0.15812250040353137
0.15086894223029287
0.9378552936202618
0.83384758605709
0.7371090865089024
0.6488333764306985
0.5696244342024815
0.49951948145158764
0.45271330081883965
0.39751615645935456
0.3498861149831715
0.3089968709768255
1.419667820538636
1.2350110078899381
1.0667330759148281
0.9159148306961348
0.7828336529548156
0.666520728499033
0.5895502451064724
0.49928863764204046
0.4215222797689491
0.3547436313585996
1.8168238978348763
1.558095753083729
1.3255324650094134
1.1197267738401169
0.9401440906775409
0.7847621848955306
0.6827093720910554
0.5638966771667107
0.46222592782269556
0.3750128616387148
2.161967308794926
1.8345600318671091
1.5432429618777903
1.288020830295735
1.0670682903074344
0.8775434446447042
0.7540113223557472
0.6109240058305295
0.48918754035848244
0.3854584672496761
2.4708122132733594
2.0790668529806724
1.7333764364650859
1.4328808613239212
1.1746305820913405
0.9547002970437684
0.8119431126121012
0.6477589755605708
0.5090251465427856
0.39120232773919433
2.7524059761083066
2.2999670010050477
1.9034341783300597
1.5610052336054718
1.2685466613392167
1.0209268911403693
0.8611147397898545
0.6780042528745811
0.52410517973088
0.3943990180980497
3.012575067156222
2.502485191743626
2.0580658345579828
1.6764502816543794
1.352324418103788
1.0792074461324703
0.9037704929419448
0.7036505338047221
0.5363419414760949
0.3960465061865186
3.255269976117126
2.69009695020987
2.200391481082411
1.7818928803448923
1.428120397358583
1.1313940151110538
0.9415667210067238
0.7259102073335556
0.5464861518279198
0.3968801920126265
3.4833919383024203
2.865523977213668
2.332620668840318
1.8792060347821846
1.4975170299623315
1.1787456987074991
0.9755547198570099
0.7455823547713247
0.5550995116341282
0.39707667439882893
3.699025938588513
3.030591417057661
2.4564604944162625
1.9697594092949373
1.561679360818235
1.2221591760882962
1.0064746718085236
0.7631942527073766
0.562544437003365
0.3968669588328527
3.90400709567959
3.1867598950570617
2.5730118301951874
2.0545871377952465
1.6214291771702727
1.262298025441812
1.034866818508995
0.7789948784224932
0.5690881491860941
0.39639146825562843
4.099596122940148
3.3351801647048016
2.683311385580198
2.134474164522817
1.6773882301912764
1.2996666130653745
1.0611385037487524
0.793749379983351
0.5749153106489273
0.3957355784746458
4.286871761718235
3.4769889442628927
2.7881358855867484
2.210110721470679
1.7301401569456774
1.3346916483000077
1.0856051824065773
0.8072021048481156
0.5801287024075834
0.3949568618274613
4.466803785074912
3.6125489670203152
2.888116856567714
2.2819589775583076
1.7800186540227778
1.3676216363919644
1.1085149849916491
0.8196742730572565
0.5848613892393552
0.39408429759044233