# ../data/BKevo/MVge_BKevo/mvge_65.dat
# N(r,Y=0), r, *FL(x,Q^2)
# 1e-05 < r < 100.0
# 1 < Q^2 < 50, n=15, lin grid
# 1e-5 < x < 1e-2, n=10, log grid
###
7.667138247149381e-13
1.1143845113146834e-12
1.63171307427625e-12
2.3830787069674635e-12
3.464110833110157e-12
5.06219776286681e-12
7.394864164527038e-12
1.0750958300021801e-11
1.5677728137695724e-11
2.29067931309836e-11
3.3306618997863624e-11
4.846552251681862e-11
7.082578554120718e-11
1.0298979776327882e-10
1.495333411553949e-10
2.1855596999902318e-10
3.178261220055508e-10
4.6041688733687925e-10
6.730273915103956e-10
9.78757778604874e-10
1.4169947449293873e-09
2.0680999758591114e-09
3.007662381969887e-09
4.354185904627467e-09
6.341311448017983e-09
9.222880016985556e-09
1.335211281297516e-08
1.9404880562784452e-08
2.822741169138721e-08
4.087072514074363e-08
5.9281316993033086e-08
8.626585663057931e-08
1.2495134794830816e-07
1.8092521290026573e-07
2.634738232299692e-07
3.8192216533100093e-07
5.522820219459121e-07
8.053020233782946e-07
1.1689357640839292e-06
1.6902430379104207e-06
2.467899617612079e-06
3.589887225126888e-06
5.202399086531289e-06
7.599780094019163e-06
1.1086818753494775e-05
1.6113670609929156e-05
2.356339627974747e-05
3.4493221348996054e-05
5.029974585189997e-05
7.36411418094608e-05
0.0001081865656253126
0.00015829036917366766
0.00023195572813055045
0.00034190584358424574
0.0005017462383703876
0.0007354985609125003
0.0010871684268015955
0.0015992280853160102
0.002343269736360507
0.0034706329850940332
0.0051130166171839755
0.007496984562695501
0.011086852133512456
0.016330478279934037
0.023917146109796387
0.0351911362933856
0.05159511903456311
0.0750236068200134
0.10884845983534738
0.15674039106354826
0.22219740527510817
0.30977984289453836
0.42157552055779757
0.554006144828503
0.6964954053559224
0.8251737545977516
0.9228570895520403
0.9785912031949318
0.9957740072030675
0.9995940417008919
0.9999943973000537
0.9999999655736858
0.9999999999427344
0.9999999999999958
1.0
1.0
1.0
1.0
1.0
1.0
1.0
1.0
1.0
1.0
1.0
1.0
1.0
1.0
1.0
1.0
###
1e-05
1.1768119524349992e-05
1.3848863713938717e-05
1.6297508346206434e-05
1.917910261672489e-05
2.2570197196339216e-05
2.656087782946684e-05
3.1257158496882356e-05
3.678379771828634e-05
4.328761281083062e-05
5.0941380148163754e-05
5.994842503189409e-05
7.054802310718646e-05
8.302175681319735e-05
9.770099572992247e-05
0.00011497569953977356
0.00013530477745798074
0.00015922827933410923
0.0001873817422860383
0.00022051307399030456
0.00025950242113997375
0.0003053855508833416
0.00035938136638046257
0.0004229242874389499
0.0004977023564332109
0.0005857020818056661
0.0006892612104349695
0.0008111308307896872
0.0009545484566618337
0.0011233240329780276
0.0013219411484660286
0.0015556761439304723
0.0018307382802953678
0.002154434690031882
0.0025353644939701114
0.0029836472402833374
0.003511191734215131
0.004132012400115334
0.004862601580065354
0.005722367659350214
0.006734150657750821
0.007924828983539169
0.0093260334688322
0.010974987654930556
0.01291549665014884
0.01519911082952933
0.01788649529057435
0.0210490414451202
0.02477076355991709
0.029150530628251757
0.034304692863149154
0.040370172585965536
0.047508101621027934
0.05590810182512223
0.06579332246575675
0.0774263682681127
0.09111627561154886
0.10722672220103231
0.1261856883066021
0.14849682622544635
0.1747528400007683
0.20565123083486514
0.24201282647943834
0.2848035868435799
0.3351602650938841
0.3944206059437656
0.46415888336127725
0.5462277217684337
0.642807311728432
0.7564633275546291
0.8902150854450375
1.0476157527896641
1.232846739442066
1.4508287784959402
1.7073526474706886
2.009233002565046
2.364489412645407
2.782559402207126
3.274549162877725
3.8535285937105273
4.534878508128582
5.3366992312063015
6.280291441834247
7.390722033525775
8.697490026177835
10.235310218990248
12.045035402587812
14.174741629268048
16.68100537200059
19.630406500402685
23.10129700083158
27.1858824273294
31.992671377973846
37.64935806792464
44.30621457583877
52.14008287999685
61.35907273413163
72.20809018385457
84.97534359086438
100.0
###
0.27029793909618816
0.2529003622750932
0.2360722491800923
0.22023764863819936
0.20571272940522362
0.19270054460624902
0.18406859667066833
0.17405044355091143
0.16580128994445437
0.15933033400210314
0.9450583300734
0.8431650851672522
0.748581229575931
0.6623560751159219
0.5850805780987418
0.5167594338984889
0.47120979424045534
0.4175802549833308
0.37145542666229986
0.33204620469251084
1.4298126652315524
1.2480727275757515
1.0824887376766799
0.9341864395928456
0.803129132629251
0.6885851593657202
0.6127331403794408
0.5237101309739495
0.4470907492120963
0.38106501612760696
1.8287643708717363
1.5734357345167689
1.343867946786036
1.140604844323772
0.9629500783994441
0.8091563541937339
0.7079208861816475
0.589854028449692
0.4884576683044841
0.4013280164562534
2.1750594385188218
1.8513521298003353
1.563228565367436
1.3105412761156496
1.09141792440375
0.9031781434174156
0.7800207512704287
0.6370976432542736
0.5150905138844404
0.410606186592026
2.484560929241111
2.096821324857712
1.7544384965211788
1.4564251982452585
1.199872009014887
0.9807385313088982
0.8382621908151153
0.6736166705381593
0.5338376855233878
0.414709306656439
2.7665325362747555
2.3183524410328427
1.925185787713435
1.5851714546518267
1.294200226285587
1.047077054142491
0.8870171184054391
0.7031922673307474
0.5478201132908532
0.4160816331247574
3.026850804107452
2.5212274973525792
2.0802337488577765
1.7009554415967372
1.3780697388944096
1.1052086270996262
0.929368932713222
0.7279958805999798
0.5587139351355648
0.4158419259665014
3.2695265298090304
2.709006849313822
2.222774561574451
1.8065342262168078
1.4538153358456984
1.1570780504000435
0.966592259195462
0.7492986901412311
0.5674914532459957
0.4148580134209092
3.4974958721002505
2.884453893678225
2.355078760984954
1.903835069639175
1.5230651974481244
1.204002390536322
0.9999207922402416
0.7679629799306931
0.5747223660201811
0.4132547192338279
3.712871269007076
3.049425913182944
2.478863146315821
1.994263055469163
1.58694886016342
1.2469035570965812
1.030121859665825
0.7845543547582556
0.5808077782570468
0.411325951315727
3.917507761741258
3.2054064251299494
2.595250456560877
2.078877537404252
1.6463172274939748
1.2864738387603072
1.0577577718272726
0.7994802476860465
0.5860047228118285
0.40920504928410184
4.112681683273504
3.353563463457745
2.7053255290149383
2.158492852832841
1.7018849959593954
1.323234100918856
1.0832505003381254
0.8130430161814831
0.590524171245741
0.40697727994865607
4.299483802051754
3.4950367239429525
2.8098645366746524
2.2337605931273936
1.754152136695903
1.3575896581149978
1.1069252570876207
0.8254694669347573
0.5944974869762563
0.40469827023568367
4.478894938885107
3.6302218563000572
2.909510285968122
2.305239200976273
1.8034836908799377
1.3898626436741879
1.1290373366864286
0.8367155046384929
0.5980056649288626
0.402404397189676