# ../data/BKevo/MVge_BKevo/mvge_59.dat
# N(r,Y=0), r, *FL(x,Q^2)
# 1e-05 < r < 100.0
# 1 < Q^2 < 50, n=15, lin grid
# 1e-5 < x < 1e-2, n=10, log grid
###
1.236103765440351e-08
1.5820436107814544e-08
2.0284012586526656e-08
2.5987592700262724e-08
3.325016307649193e-08
4.2592611316925055e-08
5.455086688764447e-08
6.977131387464681e-08
8.9290728063692e-08
1.1431701163318002e-07
1.461555902951032e-07
1.8686023529444668e-07
2.3913271679601076e-07
3.056000649163248e-07
3.90309783416542e-07
4.992622749325967e-07
6.377243800566487e-07
8.136290451186903e-07
1.0402142163433362e-06
1.327998541797949e-06
1.6931415227639513e-06
2.162563781259329e-06
2.7592968755446614e-06
3.5159700997382027e-06
4.485695688690685e-06
5.720136602072301e-06
7.2845180388534694e-06
9.28324598092821e-06
1.1831300553040955e-05
1.5058820196067651e-05
1.9170506184258054e-05
2.4420867925360444e-05
3.1069528103600425e-05
3.9517480380190116e-05
5.032685783271659e-05
6.401695319635357e-05
8.137453894501108e-05
0.00010364375007476789
0.00013186959168549496
0.00016763050428361028
0.00021361436193099927
0.00027202772381134174
0.00034617182772385136
0.00044151934739514046
0.0005631913548644814
0.0007180396094370611
0.0009173107734995216
0.0011729487584043277
0.0014992887389760987
0.0019195485207332968
0.0024616384664247672
0.0031556157835581798
0.004049318104982221
0.005207750646041045
0.0066936491866082925
0.008604708218263568
0.01109074640973769
0.014280994372700966
0.018371423838418784
0.023699593821089462
0.03052398009980198
0.03924541104384541
0.05052504974522447
0.0649094709248033
0.08314392490411007
0.10637368304884211
0.1356047816717293
0.17196360090893947
0.21692499029877602
0.27162687093699134
0.33684816835669995
0.4128025167457849
0.4982151191592191
0.5910253055705912
0.6866139698638495
0.7765956026467887
0.8566027328046999
0.9205408309192513
0.9611768916554785
0.9848973210490992
0.9959964637661605
0.9991064215956904
0.9998697924356637
0.9999924077405709
0.9999997482033426
0.9999999942630348
0.9999999999690882
0.999999999999996
1.0
1.0
1.0
1.0
1.0
1.0
1.0
1.0
1.0
1.0
1.0
1.0
###
1e-05
1.1768119524349992e-05
1.3848863713938717e-05
1.6297508346206434e-05
1.917910261672489e-05
2.2570197196339216e-05
2.656087782946684e-05
3.1257158496882356e-05
3.678379771828634e-05
4.328761281083062e-05
5.0941380148163754e-05
5.994842503189409e-05
7.054802310718646e-05
8.302175681319735e-05
9.770099572992247e-05
0.00011497569953977356
0.00013530477745798074
0.00015922827933410923
0.0001873817422860383
0.00022051307399030456
0.00025950242113997375
0.0003053855508833416
0.00035938136638046257
0.0004229242874389499
0.0004977023564332109
0.0005857020818056661
0.0006892612104349695
0.0008111308307896872
0.0009545484566618337
0.0011233240329780276
0.0013219411484660286
0.0015556761439304723
0.0018307382802953678
0.002154434690031882
0.0025353644939701114
0.0029836472402833374
0.003511191734215131
0.004132012400115334
0.004862601580065354
0.005722367659350214
0.006734150657750821
0.007924828983539169
0.0093260334688322
0.010974987654930556
0.01291549665014884
0.01519911082952933
0.01788649529057435
0.0210490414451202
0.02477076355991709
0.029150530628251757
0.034304692863149154
0.040370172585965536
0.047508101621027934
0.05590810182512223
0.06579332246575675
0.0774263682681127
0.09111627561154886
0.10722672220103231
0.1261856883066021
0.14849682622544635
0.1747528400007683
0.20565123083486514
0.24201282647943834
0.2848035868435799
0.3351602650938841
0.3944206059437656
0.46415888336127725
0.5462277217684337
0.642807311728432
0.7564633275546291
0.8902150854450375
1.0476157527896641
1.232846739442066
1.4508287784959402
1.7073526474706886
2.009233002565046
2.364489412645407
2.782559402207126
3.274549162877725
3.8535285937105273
4.534878508128582
5.3366992312063015
6.280291441834247
7.390722033525775
8.697490026177835
10.235310218990248
12.045035402587812
14.174741629268048
16.68100537200059
19.630406500402685
23.10129700083158
27.1858824273294
31.992671377973846
37.64935806792464
44.30621457583877
52.14008287999685
61.35907273413163
72.20809018385457
84.97534359086438
100.0
###
0.3202409133463703
0.3034553984828079
0.2856228678253029
0.26727790631864906
0.24896421046677542
0.23119384205662766
0.21848450104676853
0.20263524778619185
0.18824302942650517
0.17549930301816402
1.2700112339735856
1.1567068297003116
1.0431304452290378
0.9326157731124178
0.8276875905945704
0.7303240366167196
0.6630318986750281
0.581382860264592
0.509048047785786
0.4456753213297124
2.0389784749818163
1.8227444863948783
1.6116298546871326
1.411133235212266
1.2251174000349518
1.0560734760948287
0.9410899334733442
0.8037962498699148
0.6838597846066313
0.5800219259043567
2.713350139459276
2.3955690575100306
2.090512690169084
1.8055461051928698
1.5450876522423855
1.3116489632265627
1.1546562804922398
0.9691090126601234
0.8087504157383432
0.6711859132874138
3.3247559309135566
2.908011074347909
2.5129796168009553
2.148369496675181
1.8188432791332139
1.5265628784444618
1.3316996433109785
1.103178328133073
0.9073496027861779
0.7406882605753452
3.889737404843599
3.3767192999331606
2.895309629885067
2.4552000132501934
2.0609766980721194
1.7142092192395866
1.4846475017685214
1.2170484582328174
0.9894547651974217
0.7970414283852453
4.418336299667894
3.811658166683989
3.2470998509106064
2.7350285414271713
2.2797391442013932
1.8820275307816754
1.620353371852619
1.3168645758054778
1.060234936804468
0.8445311040425526
4.917398209190087
4.219402668296932
3.574576410553391
2.9936130796969884
2.48031372016254
2.0346204151459157
1.742828452325068
1.4059496278861472
1.122698108795053
0.8858473008112445
5.391473163874051
4.604586410401893
3.882074722737852
3.234905498685116
2.6662659713332206
2.1750970151935474
1.8549048552941978
1.4868259660838714
1.1787255138367199
0.9222380819406175
5.844220513113377
4.970622917243046
4.172762218528009
3.461778743125127
2.840107956273356
2.3055943480721304
1.9585170182484855
1.560999110408472
1.2296298898806588
0.9549456908728233
6.2786060686065674
5.320030974137198
4.449141248278682
3.6764739628068828
3.003720987072859
2.4278073969740244
2.055077008811673
1.629655833135817
1.2763707251162595
0.9846538577308119
6.696696972775846
5.655052058044466
4.712888332273993
3.8804698617904174
3.1585912901629665
2.5428692282906478
2.145646296797943
1.693681030640696
1.3196445036717985
1.0118731245958088
7.1002701967395945
5.977252167064538
4.965629854398704
4.075173790849501
3.3058819214522313
2.651777897412759
2.2311134629418907
1.753727047987428
1.3599830540222353
1.037027748517504
7.4907910663894475
6.288154572320298
5.208574333770513
4.261654619779307
3.446352012875365
2.755299993744869
2.312061703371782
1.8103707384970087
1.397801282662677
1.0604284344693697
7.869486145992483
6.5885626832291235
5.442647906629707
4.440790667083234
3.5808402120764162
2.854058974169169
2.3890671055271153
1.863993996446633
1.4334297686962445
1.0823884358291167