# ../data/BKevo/MVge_BKevo/mvge_67.dat
# N(r,Y=0), r, *FL(x,Q^2)
# 1e-05 < r < 100.0
# 1 < Q^2 < 50, n=15, lin grid
# 1e-5 < x < 1e-2, n=10, log grid
###
0.0
1.0419178359922891e-16
1.3845597457205747e-16
2.220446049250313e-16
3.2048359154864186e-16
5.994049963490691e-16
1.0041270390519623e-15
1.6848508521606961e-15
2.73932385459722e-15
4.595204928890452e-15
7.640025367787084e-15
1.2585525154085505e-14
2.1045169902423e-14
3.473962380133013e-14
5.725545562979169e-14
9.577785419731398e-14
1.584682001511076e-13
2.602282443103122e-13
4.35721703128973e-13
7.214646360312664e-13
1.1834609287755183e-12
1.9765736122273454e-12
3.2748313151166575e-12
5.374512044035157e-12
8.939742869494924e-12
1.482169979575121e-11
2.4334200658147543e-11
4.030617334026002e-11
6.686576755900017e-11
1.0981427119485407e-10
1.8109577862849887e-10
3.005840196875033e-10
4.937621275476796e-10
8.105526400322213e-10
1.34593220320438e-09
2.211194952717559e-09
3.612606040194668e-09
6.00066581557031e-09
9.858380703708843e-09
1.6050181876380984e-08
2.6626255554434126e-08
4.373888688697848e-08
7.118545270014339e-08
1.1753792565571102e-07
1.9303850779872994e-07
3.140351505513668e-07
5.160197541887932e-07
8.472709858375462e-07
1.377719041557005e-06
2.2528846318439937e-06
3.6984759409465456e-06
6.012076287487521e-06
9.78501583242504e-06
1.6066294239864758e-05
2.6119049112080822e-05
4.232973600959473e-05
6.956309158114956e-05
0.00011319088469954132
0.00018281022932111496
0.0003010447590893629
0.0004909080133188481
0.0007942148947145101
0.001307271059245846
0.002139409386582838
0.003473616664220077
0.005716221605008463
0.009393254551571258
0.015300914353572982
0.025121158399240607
0.04127625618010329
0.06696207966934217
0.1082223557912182
0.17363315338935567
0.270568200096907
0.4068843676135697
0.5794975320445028
0.7617511911272845
0.9104779138490146
0.9787653879873394
0.9978250705366064
0.9999794011047927
0.9999999678240827
0.9999999999946769
1.0
1.0
1.0
1.0
1.0
1.0
1.0
1.0
1.0
1.0
1.0
1.0
1.0
1.0
1.0
1.0
1.0
###
1e-05
1.1768119524349992e-05
1.3848863713938717e-05
1.6297508346206434e-05
1.917910261672489e-05
2.2570197196339216e-05
2.656087782946684e-05
3.1257158496882356e-05
3.678379771828634e-05
4.328761281083062e-05
5.0941380148163754e-05
5.994842503189409e-05
7.054802310718646e-05
8.302175681319735e-05
9.770099572992247e-05
0.00011497569953977356
0.00013530477745798074
0.00015922827933410923
0.0001873817422860383
0.00022051307399030456
0.00025950242113997375
0.0003053855508833416
0.00035938136638046257
0.0004229242874389499
0.0004977023564332109
0.0005857020818056661
0.0006892612104349695
0.0008111308307896872
0.0009545484566618337
0.0011233240329780276
0.0013219411484660286
0.0015556761439304723
0.0018307382802953678
0.002154434690031882
0.0025353644939701114
0.0029836472402833374
0.003511191734215131
0.004132012400115334
0.004862601580065354
0.005722367659350214
0.006734150657750821
0.007924828983539169
0.0093260334688322
0.010974987654930556
0.01291549665014884
0.01519911082952933
0.01788649529057435
0.0210490414451202
0.02477076355991709
0.029150530628251757
0.034304692863149154
0.040370172585965536
0.047508101621027934
0.05590810182512223
0.06579332246575675
0.0774263682681127
0.09111627561154886
0.10722672220103231
0.1261856883066021
0.14849682622544635
0.1747528400007683
0.20565123083486514
0.24201282647943834
0.2848035868435799
0.3351602650938841
0.3944206059437656
0.46415888336127725
0.5462277217684337
0.642807311728432
0.7564633275546291
0.8902150854450375
1.0476157527896641
1.232846739442066
1.4508287784959402
1.7073526474706886
2.009233002565046
2.364489412645407
2.782559402207126
3.274549162877725
3.8535285937105273
4.534878508128582
5.3366992312063015
6.280291441834247
7.390722033525775
8.697490026177835
10.235310218990248
12.045035402587812
14.174741629268048
16.68100537200059
19.630406500402685
23.10129700083158
27.1858824273294
31.992671377973846
37.64935806792464
44.30621457583877
52.14008287999685
61.35907273413163
72.20809018385457
84.97534359086438
100.0
###
0.2180478043194909
0.19919812190206118
0.18172770269674743
0.16589544119997632
0.15184982005706046
0.13964371337146922
0.13169003462957776
0.12264700025355314
0.11532350874612728
0.1096568617925562
0.6800054255170742
0.5869197735061149
0.5037688226421456
0.43054888038363753
0.3668381959920324
0.31177592121629355
0.27557603907104944
0.23330111607022055
0.19695187005194156
0.16557608149061553
0.9825929877023517
0.827318528328571
0.6914468358658895
0.5738011932203684
0.4728572440918593
0.3867359551293147
0.3306193075859936
0.2654962660743263
0.2097269201685752
0.16158481922463278
1.2214883386287783
1.012467191494641
0.8317378981717632
0.6772578654382884
0.5462139927423107
0.43557304406902825
0.3641184257842838
0.2818909969489598
0.2121350726695181
0.15248837389500342
1.4235031480104654
1.1664141969875474
0.9463744649525927
0.7599791406805221
0.60331229285759
0.47218376765410663
0.38818425076470714
0.2922923482105308
0.21173766964806873
0.14370059840229854
1.6007349248511866
1.2998741890950125
1.0443776122875579
0.829636621981203
0.650480139487919
0.5016896613723714
0.40702363807651165
0.29974164308305684
0.21044679900454843
0.13571793224972356
1.7598874340261734
1.41860099718039
1.1306877655650225
0.8902540506643514
0.6909582902128899
0.5265328896753702
0.42256048722597755
0.3055033594509594
0.2088933102941312
0.1288493214819881
1.9051148178774684
1.5261098938835447
1.2081905858778743
0.9441795325253587
0.7265688852953908
0.5480753208996019
0.435825952116693
0.31019003229359665
0.2073097375904072
0.1228576604263551
2.0392307505995513
1.624740554184389
1.2787992596319608
0.9929262663328983
0.7584665684967019
0.5671526500218745
0.44742688103297473
0.3141513111077376
0.20578740676501153
0.1175970115798073
2.1641722167774824
1.7161300850098973
1.3438355879898192
1.0375293750534804
0.7874450625854061
0.5843086219426767
0.45776580801172634
0.3175889942434853
0.2043575000543488
0.11294320818530715
2.281420079798754
1.8014863605341662
1.4042578986315002
1.0787311922634084
0.8140252829936854
0.5999295220004791
0.46710532593540116
0.320630653631704
0.20303221015863068
0.10879371139384048
2.392094622828964
1.8816978696008464
1.4607859367631353
1.117083696349624
0.838626340878746
0.614291070823726
0.4756382461502643
0.3233705626845027
0.20180795224481193
0.10506769015215717
2.497079491103231
1.957486407692082
1.5139754337886613
1.1530364172551697
0.8615549003313242
0.6275963032194918
0.4834961785485284
0.32586635704215033
0.20067997563971735
0.10169902376394883
2.5970376354009472
2.029410657207917
1.564265599429511
1.186862393677374
0.8830493577682266
0.640004814491328
0.4907954516961662
0.328163374411666
0.19963759983789361
0.0986339379247019
2.692559231273762
2.09792577941556
1.61200910045815
1.218864556144387
0.9032989297064757
0.6516408962963665
0.4976116891152556
0.3302987428287857
0.19867434000787873
0.09583294110342157