# ../data/BKevo/MVge_BKevo/mvge_82.dat
# N(r,Y=0), r, *FL(x,Q^2)
# 1e-05 < r < 100.0
# 1 < Q^2 < 50, n=15, lin grid
# 1e-5 < x < 1e-2, n=10, log grid
###
1.5559392917285942e-08
1.991377957733466e-08
2.5532069691116084e-08
3.271105554910925e-08
4.185217833360864e-08
5.36109302581074e-08
6.866169347064715e-08
8.781779809878827e-08
1.1238367258881179e-07
1.4387888895899178e-07
1.8394555486766987e-07
2.351667561490112e-07
3.0093991795380395e-07
3.8456793829866916e-07
4.911385398171026e-07
6.281914695919034e-07
8.0234279473107e-07
1.0235545950610757e-06
1.3084393251077698e-06
1.670190172138307e-06
2.1290655231987614e-06
2.718774157626201e-06
3.4681285781864468e-06
4.417912701158349e-06
5.634383966852586e-06
7.181883733754183e-06
9.141519100004886e-06
1.164272065483546e-05
1.4827589844055874e-05
1.885653530865278e-05
2.3980685550913493e-05
3.0510521879334887e-05
3.876136775124928e-05
4.921689306256286e-05
6.2548260069363e-05
7.937121665991051e-05
0.00010060991546146404
0.00012769963189862368
0.00016183423330246943
0.00020479477704938431
0.0002595270085454941
0.0003284189628458641
0.00041498117384314005
0.0005248115097357363
0.0006630558488652779
0.0008364557377887585
0.0010555694128744628
0.0013313382001884254
0.0016766334555629234
0.002111253547450738
0.002658220504389281
0.003342033527307082
0.004199717436531696
0.005279428714115443
0.006627849580783437
0.008314312605861088
0.01043951529187697
0.013092824456026489
0.016404532697387005
0.020585716343568115
0.025807728117566382
0.03232629975572359
0.04054659936196812
0.05082513134765648
0.06364380703272149
0.07973781665604626
0.09980720805787172
0.12467451761122764
0.15549632165518132
0.19338023086105516
0.2393645856602812
0.29457851876040747
0.3596662691711261
0.43470436418411423
0.518681062592203
0.6080999109350606
0.6998018872334612
0.7882161542539935
0.862911590551326
0.922363982550983
0.9640099503436551
0.9855700613971519
0.9955986648985616
0.9991767747958146
0.9998858543763242
0.9999893656897678
0.9999996367099975
0.9999999969289343
0.9999999999718499
0.9999999999999407
1.0
1.0
1.0
1.0
1.0
1.0
1.0
1.0
1.0
1.0
###
1e-05
1.1768119524349992e-05
1.3848863713938717e-05
1.6297508346206434e-05
1.917910261672489e-05
2.2570197196339216e-05
2.656087782946684e-05
3.1257158496882356e-05
3.678379771828634e-05
4.328761281083062e-05
5.0941380148163754e-05
5.994842503189409e-05
7.054802310718646e-05
8.302175681319735e-05
9.770099572992247e-05
0.00011497569953977356
0.00013530477745798074
0.00015922827933410923
0.0001873817422860383
0.00022051307399030456
0.00025950242113997375
0.0003053855508833416
0.00035938136638046257
0.0004229242874389499
0.0004977023564332109
0.0005857020818056661
0.0006892612104349695
0.0008111308307896872
0.0009545484566618337
0.0011233240329780276
0.0013219411484660286
0.0015556761439304723
0.0018307382802953678
0.002154434690031882
0.0025353644939701114
0.0029836472402833374
0.003511191734215131
0.004132012400115334
0.004862601580065354
0.005722367659350214
0.006734150657750821
0.007924828983539169
0.0093260334688322
0.010974987654930556
0.01291549665014884
0.01519911082952933
0.01788649529057435
0.0210490414451202
0.02477076355991709
0.029150530628251757
0.034304692863149154
0.040370172585965536
0.047508101621027934
0.05590810182512223
0.06579332246575675
0.0774263682681127
0.09111627561154886
0.10722672220103231
0.1261856883066021
0.14849682622544635
0.1747528400007683
0.20565123083486514
0.24201282647943834
0.2848035868435799
0.3351602650938841
0.3944206059437656
0.46415888336127725
0.5462277217684337
0.642807311728432
0.7564633275546291
0.8902150854450375
1.0476157527896641
1.232846739442066
1.4508287784959402
1.7073526474706886
2.009233002565046
2.364489412645407
2.782559402207126
3.274549162877725
3.8535285937105273
4.534878508128582
5.3366992312063015
6.280291441834247
7.390722033525775
8.697490026177835
10.235310218990248
12.045035402587812
14.174741629268048
16.68100537200059
19.630406500402685
23.10129700083158
27.1858824273294
31.992671377973846
37.64935806792464
44.30621457583877
52.14008287999685
61.35907273413163
72.20809018385457
84.97534359086438
100.0
###
0.3101452350635474
0.29047530901859664
0.2694741301712108
0.2478345697246091
0.22624694951723587
0.20532772355984472
0.1904023610985714
0.17182401769908862
0.15499271016149485
0.14002854410197574
1.2120362028724196
1.0877171981325329
0.9636545350463479
0.8437482134148432
0.7310397606847665
0.6276440450738674
0.5569345987101465
0.47223096404173287
0.3982693062826474
0.3343321562179935
1.935942945924838
1.7042370322890468
1.4796143669336603
1.26832636403723
1.0746862815755271
0.9012459585130894
0.7848997674048952
0.6480523918155725
0.5306890682776105
0.4310100637120416
2.5688902800520066
2.233070683552771
1.9134768254485381
1.6180314489450107
1.3516766662415558
1.1167001380193342
0.9611517279752368
0.7801303325806841
0.6269944547103138
0.49849745506781734
3.1419343346023494
2.705679839298948
2.296094932532045
1.9222390349012322
1.5892380104618735
1.298737940871994
1.1082387788305075
0.8884943904807291
0.7043732731378339
0.5513741071872619
3.67098071851445
3.137802364714704
2.642485972801269
2.1948739147278205
1.7999297193865038
1.4584390810299146
1.2361664838861666
0.9815579745795321
0.7698890480870944
0.5953644274315726
4.1657482527874485
3.538797172405044
2.961395197395552
2.443880837428768
1.9907795909799983
1.6018888907818776
1.3503042303322275
1.0637927985527715
0.8271542200940171
0.6333119712138425
4.632665873666833
3.9147678744539984
3.2584107606958232
2.6743206565731272
2.166242420933415
1.7328674352825997
1.4539342114167886
1.1378997731045644
0.8783361825262282
0.666877251108089
5.076345103766512
4.2700249906624315
3.5375667749493327
2.889676617861717
2.3292946314614165
1.853873913681683
1.5492565816369361
1.2056123125667466
0.9247560688875953
0.6970876171875016
5.500103526663959
4.607627917970624
3.80166651906934
3.0924442047304126
2.482073947440762
1.9667032145282495
1.6377875045033907
1.2681811943903853
0.9673829190988028
0.7246473631948797
5.906586058321797
4.930184828833715
4.052952195680637
3.2845005583275264
2.626201930043
2.0726380145112384
1.7206466642154208
1.3264296473859094
1.0068918697580023
0.7500282653934119
6.297816407770617
5.2394994734898175
4.292725099380632
3.4673525175934867
2.7628555605134357
2.1727270136622603
1.7986823230590372
1.3810794621594213
1.0438025775016602
0.7736475015021536
6.675544528868201
5.5371887066082195
4.522870709052693
3.6420468322942536
2.8930644099064105
2.26771583763522
1.8725545866698303
1.4326221468855733
1.07846773401118
0.7957463661545844
7.041110542506129
5.824177009944872
4.744185169396244
3.8095614962139934
3.0174884963286632
2.358241954679446
1.9427888736603363
1.481464450353803
1.1112058214948537
0.8165733018502827
7.395664847261191
6.10185344517406
4.957686845965909
3.970662056619704
3.1368179824814435
2.444814691573034
2.0098110324300777
1.5279377140468164
1.1422589540929957
0.8362031133150988