# ../data/BKevo/MVge_BKevo/mvge_108.dat
# N(r,Y=0), r, *FL(x,Q^2)
# 1e-05 < r < 100.0
# 1 < Q^2 < 50, n=15, lin grid
# 1e-5 < x < 1e-2, n=10, log grid
###
1.8600444057258008e-08
2.380591359634461e-08
3.052233810478208e-08
3.910452948171106e-08
5.003240941321259e-08
6.408962578734133e-08
8.208241920774459e-08
1.0498315587886445e-07
1.3435135735422244e-07
1.7200380073041586e-07
2.199038011813846e-07
2.811398030034638e-07
3.597740687899018e-07
4.5975596617765427e-07
5.871692922430064e-07
7.510305936696071e-07
9.592522828565601e-07
1.223749142451026e-06
1.5643926863639622e-06
1.996966016294035e-06
2.545706792870975e-06
3.250954876553259e-06
4.147197211668641e-06
5.283258540783058e-06
6.738491023427304e-06
8.589979095282724e-06
1.093492479603756e-05
1.3928542798538165e-05
1.7741355008753275e-05
2.2565963272811148e-05
2.870420391933617e-05
3.652971661053844e-05
4.642235610870093e-05
5.896569222696807e-05
7.497144509930786e-05
9.518563416017246e-05
0.00012073052507583166
0.00015335704204854416
0.0001945259249390858
0.0002464237607759186
0.00031269702468684194
0.00039631617074880465
0.0005016723643953545
0.0006358590659534471
0.0008054514867382486
0.0010191383557037557
0.0012907877959975752
0.0016349699123557927
0.002069024750814121
0.0026203067976639663
0.0033213095978250513
0.004207028081039662
0.0053319435870220235
0.006769104298657237
0.008589721963633296
0.010902764674596235
0.013872795596551569
0.01764422881244051
0.022432956976148503
0.028604335257294146
0.03644345571460472
0.04638585522284128
0.059138473684427095
0.07528985236464651
0.0956333004561624
0.12136207020249162
0.1535136771098477
0.193228153950368
0.24192190901466265
0.30059678784989424
0.3698312096175632
0.4493819901485487
0.5373070943625798
0.6310241875007858
0.7251625978391041
0.8107365393985955
0.8839383413658148
0.9396031205167408
0.9724762188011393
0.9902374209333367
0.9977569524165019
0.9995656998417672
0.999946766933273
0.9999976383465642
0.9999999462105502
0.9999999991235394
0.999999999996884
0.9999999999999998
1.0
1.0
1.0
1.0
1.0
1.0
1.0
1.0
1.0
1.0
1.0
1.0
###
1e-05
1.1768119524349992e-05
1.3848863713938717e-05
1.6297508346206434e-05
1.917910261672489e-05
2.2570197196339216e-05
2.656087782946684e-05
3.1257158496882356e-05
3.678379771828634e-05
4.328761281083062e-05
5.0941380148163754e-05
5.994842503189409e-05
7.054802310718646e-05
8.302175681319735e-05
9.770099572992247e-05
0.00011497569953977356
0.00013530477745798074
0.00015922827933410923
0.0001873817422860383
0.00022051307399030456
0.00025950242113997375
0.0003053855508833416
0.00035938136638046257
0.0004229242874389499
0.0004977023564332109
0.0005857020818056661
0.0006892612104349695
0.0008111308307896872
0.0009545484566618337
0.0011233240329780276
0.0013219411484660286
0.0015556761439304723
0.0018307382802953678
0.002154434690031882
0.0025353644939701114
0.0029836472402833374
0.003511191734215131
0.004132012400115334
0.004862601580065354
0.005722367659350214
0.006734150657750821
0.007924828983539169
0.0093260334688322
0.010974987654930556
0.01291549665014884
0.01519911082952933
0.01788649529057435
0.0210490414451202
0.02477076355991709
0.029150530628251757
0.034304692863149154
0.040370172585965536
0.047508101621027934
0.05590810182512223
0.06579332246575675
0.0774263682681127
0.09111627561154886
0.10722672220103231
0.1261856883066021
0.14849682622544635
0.1747528400007683
0.20565123083486514
0.24201282647943834
0.2848035868435799
0.3351602650938841
0.3944206059437656
0.46415888336127725
0.5462277217684337
0.642807311728432
0.7564633275546291
0.8902150854450375
1.0476157527896641
1.232846739442066
1.4508287784959402
1.7073526474706886
2.009233002565046
2.364489412645407
2.782559402207126
3.274549162877725
3.8535285937105273
4.534878508128582
5.3366992312063015
6.280291441834247
7.390722033525775
8.697490026177835
10.235310218990248
12.045035402587812
14.174741629268048
16.68100537200059
19.630406500402685
23.10129700083158
27.1858824273294
31.992671377973846
37.64935806792464
44.30621457583877
52.14008287999685
61.35907273413163
72.20809018385457
84.97534359086438
100.0
###
0.32839518585663563
0.3123726424713836
0.2951091776365649
0.27712724951360906
0.2589930488811351
0.24125467884119195
0.22849691457620497
0.21252404098272332
0.19799648446562249
0.18509972012101183
1.3273399253977227
1.215323020147373
1.101484837369439
0.9892767223907474
0.8817287683037535
0.7811565216332484
0.7112451270053337
0.6261023574322053
0.5504450758670653
0.4840646139631081
2.15053644777542
1.933529473261884
1.7187464927794143
1.512248932084403
1.3188460937020487
1.1417493682543425
1.0206997483782656
0.8754388557476596
0.7482020459062486
0.6378339844912161
2.8794880852064613
2.5574712199119154
2.244191861046913
1.9479688128106543
1.6746996059689765
1.427966306932876
1.261230831393834
1.0631234517380337
0.8915520487122099
0.7439845335424387
3.544896208757493
3.119557955796867
2.711105451832301
2.3294700452263837
1.981447004444038
1.6705463701061984
1.4622540141368379
1.2167484710505034
1.0058703674817682
0.8258764214980191
4.162967716540286
3.636418287926919
3.1359355451770767
2.6728226513605255
2.2543521687946164
1.883624024490993
1.6370108358646565
1.3482096782494275
1.101789812976903
0.8930415471670395
4.743692223359276
4.118115497130655
3.5285472383460883
2.9874052405914453
2.5020366010785784
2.075106662172809
1.7927735340004456
1.4639578411434795
1.1850160613340348
0.9500357119416849
5.293693927077996
4.571336383246047
3.8953709349906043
3.279175717371139
2.7299949714564775
2.249923444576642
1.93402173874782
1.5678913672665578
1.2588333552968152
0.9997981793258172
5.818022575657523
5.000653847692222
4.240836124032558
3.552247187024217
2.942052776119479
2.411422386182756
2.063754731947344
1.6624541547219207
1.3254021047729019
1.0440688581453952
6.320201465129679
5.410007032133177
4.568376800455103
3.8097781790080827
3.1408785866323594
2.561920496442739
2.1840720716863684
1.7495877075586772
1.3861311682010025
1.084005830575448
6.803192171086686
5.801712654932991
4.880446811742478
4.053987377987055
3.328491179921606
2.703186598683538
2.296532144512629
1.830481485713593
1.4420965024558636
1.1204495852976495
7.268637249809303
6.1780176891257605
5.179145765613702
4.286646536830272
3.506528260808539
2.836557234164878
2.402304596294932
1.9061286366197823
1.4940829580059494
1.1540125681638231
7.719304392355746
6.540509537315777
5.465523798709772
4.509255234049352
3.676062135139501
2.963102205566635
2.502305369898229
1.9772984474702229
1.5426955556520479
1.1851428837675768
8.155989053577573
6.890857230002799
5.741563143095564
4.72278657329321
3.8381585802666223
3.083646582369107
2.597264153543573
2.044575110050719
1.588400587637085
1.2142885130403578
8.580159662784933
7.23008466116907
6.0080292740731505
4.92826499366907
3.993630258798068
3.1988374023898234
2.6877729546512956
2.108436428442229
1.6315793933172142
1.241593154125297