# ../data/BKevo/MVge_BKevo/mvge_55.dat
# N(r,Y=0), r, *FL(x,Q^2)
# 1e-05 < r < 100.0
# 1 < Q^2 < 50, n=15, lin grid
# 1e-5 < x < 1e-2, n=10, log grid
###
0.0001997115143992671
0.00022469312273787025
0.00025263158836739426
0.00028403583784073795
0.00031939122886644953
0.0003589586773712573
0.00040334824465728026
0.00045328994473308506
0.0005092194543916378
0.0005718378571139216
0.0006422388295353226
0.0007211336116806222
0.0008092764454709278
0.0009082998618321521
0.0010193450206931079
0.0011431325966759838
0.001282091386390832
0.0014380275486828593
0.0016114601721951172
0.0018059921900318776
0.002024202059772621
0.002266858790085969
0.0025385464541376325
0.0028430751714152275
0.0031819648744995832
0.003560608639579141
0.003984765157004477
0.004457238388203725
0.004984151557541069
0.005574216868058928
0.00623241056935992
0.00696540875321745
0.007786428060143883
0.00870408620846577
0.009725383317424098
0.010870430350494998
0.012153863086151242
0.013582852549949828
0.015188011630482336
0.016992888662808518
0.01900721938584365
0.021274964296794308
0.023831887651258977
0.026698786542501546
0.029931490738461356
0.033585912318918346
0.037699472052677846
0.042342050175805376
0.04759812806509804
0.05352812134441399
0.06021566905495129
0.06778460380970934
0.07632567715376312
0.08592882444805532
0.0967712267391059
0.10898240381931876
0.12263413359005251
0.137974367039073
0.15517990831503647
0.1742435521921037
0.19550369426795072
0.21915116052623818
0.24508602460919304
0.27363965434325405
0.3049980511037429
0.3388934333176329
0.3754972745385579
0.41494785542133905
0.4566967229947824
0.5005028943512657
0.5464238212124667
0.5935535925969474
0.6409224104451812
0.6885864908801571
0.7353904635744111
0.779490389272188
0.8212690345052065
0.8597617833972564
0.8926796835146231
0.9212231393185139
0.9451033270150198
0.9629430148504582
0.9764561168001846
0.9862059435465649
0.9922927987005931
0.9960238986248805
0.9981933555027078
0.9992426256575068
0.9997094919711289
0.9999084854670418
0.9999755091272184
0.9999938009851623
0.9999988297072051
0.9999998483088901
0.9999999784731866
0.9999999979591928
0.9999999999199465
0.9999999999949618
0.9999999999998089
0.9999999999999989
###
1e-05
1.1768119524349992e-05
1.3848863713938717e-05
1.6297508346206434e-05
1.917910261672489e-05
2.2570197196339216e-05
2.656087782946684e-05
3.1257158496882356e-05
3.678379771828634e-05
4.328761281083062e-05
5.0941380148163754e-05
5.994842503189409e-05
7.054802310718646e-05
8.302175681319735e-05
9.770099572992247e-05
0.00011497569953977356
0.00013530477745798074
0.00015922827933410923
0.0001873817422860383
0.00022051307399030456
0.00025950242113997375
0.0003053855508833416
0.00035938136638046257
0.0004229242874389499
0.0004977023564332109
0.0005857020818056661
0.0006892612104349695
0.0008111308307896872
0.0009545484566618337
0.0011233240329780276
0.0013219411484660286
0.0015556761439304723
0.0018307382802953678
0.002154434690031882
0.0025353644939701114
0.0029836472402833374
0.003511191734215131
0.004132012400115334
0.004862601580065354
0.005722367659350214
0.006734150657750821
0.007924828983539169
0.0093260334688322
0.010974987654930556
0.01291549665014884
0.01519911082952933
0.01788649529057435
0.0210490414451202
0.02477076355991709
0.029150530628251757
0.034304692863149154
0.040370172585965536
0.047508101621027934
0.05590810182512223
0.06579332246575675
0.0774263682681127
0.09111627561154886
0.10722672220103231
0.1261856883066021
0.14849682622544635
0.1747528400007683
0.20565123083486514
0.24201282647943834
0.2848035868435799
0.3351602650938841
0.3944206059437656
0.46415888336127725
0.5462277217684337
0.642807311728432
0.7564633275546291
0.8902150854450375
1.0476157527896641
1.232846739442066
1.4508287784959402
1.7073526474706886
2.009233002565046
2.364489412645407
2.782559402207126
3.274549162877725
3.8535285937105273
4.534878508128582
5.3366992312063015
6.280291441834247
7.390722033525775
8.697490026177835
10.235310218990248
12.045035402587812
14.174741629268048
16.68100537200059
19.630406500402685
23.10129700083158
27.1858824273294
31.992671377973846
37.64935806792464
44.30621457583877
52.14008287999685
61.35907273413163
72.20809018385457
84.97534359086438
100.0
###
0.3940205428126096
0.3918937370837221
0.38760393190372655
0.3796164821642671
0.3662194475560312
0.3461356486879104
0.3265096622553451
0.2952445057343987
0.26028049748052123
0.22440010637675695
1.9077297128669275
1.8840130808887416
1.8401219940994233
1.765725948631033
1.6528675585121977
1.5006118326378814
1.3648900424681405
1.167704425254637
0.9684333035833274
0.7825640713843455
3.4119766330522276
3.3547234631776193
3.252357724553645
3.0860770540192792
2.844828097533179
2.533530255292276
2.2663906056213676
1.892941277361776
1.5303259598960566
1.2046176146246739
4.9064948241546515
4.807501044820562
4.6352037057632645
4.362853705641034
3.9789264083321414
3.4976823088933644
3.0949058620998873
2.5447452225115064
2.0241565494489233
1.5673775585788614
6.392512366065539
6.245696509122692
5.994917015947651
5.606748766387957
5.071735246629078
4.413708366766491
3.8735863659714456
3.1485359212382513
2.4748983817834302
1.8937175577801182
7.871240645892292
7.671405393500112
7.33538163487939
6.823836036364879
6.1298123806685085
5.292783445778891
4.614777663745184
3.7169121383616925
2.894621678130312
2.1944043576440926
9.343370256572031
9.08613161082038
8.65918514173236
8.01835455853621
7.161197522656286
6.14206683410646
5.326072402268937
4.257587909552443
3.290362510616724
2.4756788280231476
10.80949070568407
10.491003952494841
9.968375460217837
9.193297145630368
8.169202005620502
6.966112464704428
6.012793282816155
4.7756782120904795
3.6670172203461737
2.7415720555233736
12.270071161130797
11.886902995389846
11.264420804070582
10.350928513767208
9.156818089301618
7.768616634654734
6.678193087398159
5.274788555771174
4.027731437421793
2.9947895743422825
13.725497789212831
13.274565105356109
12.548539556007054
11.493027625009365
10.126372347850005
8.552258489054717
7.3253242857169045
5.757603049265009
4.375129265045481
3.237325603118967
15.176095078604453
14.654582457496383
13.821522129577842
12.621031555821945
11.07952986748728
9.318718249089287
7.956365599459107
6.226189859063568
4.710598293633292
3.4706850130709572
16.62214066809711
16.027454427837476
15.084504364945264
13.73612741121674
12.018102550926635
10.070878999701979
8.573031975736466
6.682187409201514
5.035748514697942
3.6960389030263734
18.06387533854061
17.393617288121142
16.33804634548693
14.839057680773779
12.943270439139882
10.809066675530339
9.17674309762183
7.1269228100151905
5.3517512674073915
3.9143209826848766
19.501504400344608
18.753448357788955
17.58257234603137
15.931156773350892
13.856992076798932
11.534925243109713
9.768678873536153
7.561491062943275
5.659537118392035
4.126292381469649
20.935227631149523
20.107279416469353
18.818925308227435
17.01296592004778
14.758426470537122
12.24903020354439
10.349836565696895
7.986811722801963
5.959888754177009
4.332577679858423