# datat/BKevo/MVg_BKevo/mvg56.dat
# N(r,Y=0), r, *FL(x,Q^2)
# 1e-05 < r < 100.0
# 1 < Q^2 < 50, n=15, log grid
# 1e-5 < x < 1e-2, n=10, log grid
###
1.72297373737922e-06
2.0679868944579505e-06
2.482474587119881e-06
2.979268350071024e-06
3.5741807269492785e-06
4.288058252312965e-06
5.143618459859085e-06
6.167581271222178e-06
7.394849508663176e-06
8.865439804057262e-06
1.062440801804489e-05
1.2730061283580536e-05
1.5252505619507431e-05
1.8267545049163067e-05
2.187236232999866e-05
2.6189051599919327e-05
3.1344844433565434e-05
3.750134046509625e-05
4.48697844274931e-05
5.3663181421944746e-05
6.415303780613864e-05
7.669187248410166e-05
9.164560465714654e-05
0.0001094670982867954
0.0001307363079851099
0.00015608317880850894
0.0001862581428308885
0.00022221142152205805
0.0002650172076369812
0.00031591375845663606
0.00037645105799945813
0.00044844056990765534
0.0005339158343510603
0.0006353930262471215
0.0007558864675413731
0.000898718056681762
0.0010679512640880508
0.0012685203238794222
0.001505819364219669
0.0017863852383872862
0.0021180947222482816
0.0025096813828103543
0.0029715802884605355
0.0035160442229785712
0.0041570841999797
0.004911112776007448
0.00579692832312049
0.0068363683079180225
0.008054912528304993
0.009480951879720366
0.011147223095463753
0.013092714137077124
0.015359583850451936
0.017994309139090756
0.02105567683762872
0.024605293247772896
0.028704089723934206
0.033439641855559726
0.038900998925171584
0.04515864095384317
0.0523424259945557
0.060574437118280394
0.069939627602036
0.08061182915133558
0.09276105187256103
0.10649489340498235
0.12202963396135781
0.13960901548941643
0.1593797223428718
0.1815885137500925
0.2065871116502046
0.23457534511488054
0.26576867339755106
0.30063323879287307
0.3393692833328096
0.38191108860922907
0.42872240225702446
0.4797613811461082
0.5339486930186543
0.5914541765658822
0.6514502463692405
0.7108835826393899
0.7692972492669903
0.82489760015123
0.8734706972247296
0.9144988194730751
0.9473945740300954
0.9703717845362178
0.9850098144636434
0.9936452282498709
0.9977439369035622
0.9993010806348097
0.9998433895072265
0.9999773815092964
0.9999968849333526
0.9999997474803157
0.9999999942849017
0.9999999997972046
0.9999999999966196
0.9999999999999982
###
1e-05
1.1768119524349992e-05
1.3848863713938717e-05
1.6297508346206434e-05
1.917910261672489e-05
2.2570197196339216e-05
2.656087782946684e-05
3.1257158496882356e-05
3.678379771828634e-05
4.328761281083062e-05
5.0941380148163754e-05
5.994842503189409e-05
7.054802310718646e-05
8.302175681319735e-05
9.770099572992247e-05
0.00011497569953977356
0.00013530477745798074
0.00015922827933410923
0.0001873817422860383
0.00022051307399030456
0.00025950242113997375
0.0003053855508833416
0.00035938136638046257
0.0004229242874389499
0.0004977023564332109
0.0005857020818056661
0.0006892612104349695
0.0008111308307896872
0.0009545484566618337
0.0011233240329780276
0.0013219411484660286
0.0015556761439304723
0.0018307382802953678
0.002154434690031882
0.0025353644939701114
0.0029836472402833374
0.003511191734215131
0.004132012400115334
0.004862601580065354
0.005722367659350214
0.006734150657750821
0.007924828983539169
0.0093260334688322
0.010974987654930556
0.01291549665014884
0.01519911082952933
0.01788649529057435
0.0210490414451202
0.02477076355991709
0.029150530628251757
0.034304692863149154
0.040370172585965536
0.047508101621027934
0.05590810182512223
0.06579332246575675
0.0774263682681127
0.09111627561154886
0.10722672220103231
0.1261856883066021
0.14849682622544635
0.1747528400007683
0.20565123083486514
0.24201282647943834
0.2848035868435799
0.3351602650938841
0.3944206059437656
0.46415888336127725
0.5462277217684337
0.642807311728432
0.7564633275546291
0.8902150854450375
1.0476157527896641
1.232846739442066
1.4508287784959402
1.7073526474706886
2.009233002565046
2.364489412645407
2.782559402207126
3.274549162877725
3.8535285937105273
4.534878508128582
5.3366992312063015
6.280291441834247
7.390722033525775
8.697490026177835
10.235310218990248
12.045035402587812
14.174741629268048
16.68100537200059
19.630406500402685
23.10129700083158
27.1858824273294
31.992671377973846
37.64935806792464
44.30621457583877
52.14008287999685
61.35907273413163
72.20809018385457
84.97534359086438
100.0
###
0.35369831307833305
0.3350414995903327
0.31146606415900585
0.2833091331300549
0.2515585020493085
0.21780781512889003
0.19223023246618035
0.15925064572080053
0.1288838506101176
0.1021249772671966
1.5429906273714846
1.4097033051769312
1.2571094025907499
1.0921501223224015
0.9233960648517466
0.7600984989669731
0.6454778737309833
0.5078816695136733
0.39032825306173624
0.2934778663738857
2.605423077593279
2.3403653285667616
2.048838110210156
1.7458506608633
1.4473079903943877
1.168442928708294
0.9782347564828872
0.7557707684237873
0.5708053096020766
0.4220755880730522
3.5931581292675796
3.191170715777025
2.760206505936538
2.322971766028757
1.902115504505057
1.517366288451329
1.2594757168149533
0.9625862714005659
0.719675187304595
0.5271747722653982
4.527634593094464
3.98676302837911
3.417418481637856
2.8501787229273243
2.3130382128215237
1.8294284535574863
1.5093009692719894
1.144798269360668
0.849970013805112
0.6186677893711231
5.420734675175319
4.740337805855084
4.0344611195360605
3.340789442766266
2.692405798473361
2.115482337233805
1.7371892736930261
1.3100433731785814
0.9675712131716733
0.7009782535703472
6.28005688303685
5.4601671265248415
4.619696747603003
3.8029820481329866
3.0474434778304187
2.381655951802488
1.948453047528008
1.4625949164475676
1.075751497663698
0.7764770570486104
7.110994476092167
6.151900582300116
5.178750385904338
4.241935974267541
3.3830121979884518
2.632054535468903
2.1465735845604703
1.6051493264202563
1.1765594102110752
0.846689620187267
7.917233342542758
6.819639478285481
5.715705740324211
4.66157238278034
3.7023978574765244
2.8694383899290252
2.3339215124282746
1.739560070623281
1.2713917851472725
0.912624427496321
8.70186024054618
7.466491626441871
6.233585325323582
5.064632972860677
4.007983525687893
3.0958363193108838
2.512229649402944
1.8671399830298017
1.361256762019002
0.9750036564717445
9.467325370758504
8.09488839266009
6.734761777697988
5.453268584994658
4.301685660711385
3.312784324054209
2.682711237335643
1.9889201022742027
1.4468392990974166
1.034361605321691
10.21539734177099
8.706782398507768
7.221096571114893
5.829179483690957
4.585041163912495
3.5214808186434605
2.846486056596209
2.1056396271421787
1.5287716040281036
1.09111670555017
10.947732188076147
9.304942030547627
7.694155203342548
6.193740084696299
4.859020832985521
3.722813300354685
3.0042957612625494
2.217936145610923
1.6074891935318683
1.1455905410131368
11.666098026771925
9.888657855809583
8.155178055328607
6.548082202373858
5.1246621036977595
3.917703031975869
3.156797218657093
2.3263263043146893
1.6833517178039397
1.1980450644853655
12.370827264983472
10.45997272345572
8.605132610702825
6.893152319515643
5.382835308419006
4.1067165862986315
3.3045283912024432
2.4311436244465536
1.7566612331188987
1.248695116884678