# ../data/BKevo/MVge_BKevo/mvge_87.dat
# N(r,Y=0), r, *FL(x,Q^2)
# 1e-05 < r < 100.0
# 1 < Q^2 < 50, n=15, lin grid
# 1e-5 < x < 1e-2, n=10, log grid
###
1.082772936918036e-12
1.5737350119745857e-12
2.3043535758876226e-12
3.3653025681584438e-12
4.891867624946541e-12
7.148524573167756e-12
1.0442240554014565e-11
1.5181050803519067e-11
2.2137222282597648e-11
3.234338376937295e-11
4.702552232764367e-11
6.842464484858122e-11
9.998644116787335e-11
1.4538191972320566e-10
2.1106410888402078e-10
3.084525064253498e-10
4.484947257128457e-10
6.496093223084751e-10
9.493942780610136e-10
1.3803512428569621e-09
1.997876754255972e-09
2.914903904034628e-09
4.237510118063201e-09
6.131870933489056e-09
8.925171835948206e-09
1.2972118856754563e-08
1.876547591573388e-08
2.724611788212333e-08
3.958813554787689e-08
5.724497327262684e-08
8.289974613639478e-08
1.2040134002155054e-07
1.740115528143708e-07
2.513101955389867e-07
3.64796555813638e-07
5.268856783215657e-07
7.587643817978291e-07
1.1006490637911827e-06
1.588447441177725e-06
2.2821620540979307e-06
3.3055405058582144e-06
4.766098286995332e-06
6.840670304577004e-06
9.877683926901695e-06
1.4227143779656917e-05
2.0397067830807358e-05
2.9359528555071934e-05
4.22399425234228e-05
6.048820632423762e-05
8.679281585092286e-05
0.0001247361242023033
0.00017843628914171396
0.0002552764906074362
0.0003665831027789765
0.0005240363666947664
0.0007478281333122743
0.0010736912040646776
0.0015348633160853563
0.002186527329404014
0.0031416861418674348
0.00449554495174123
0.006410259101989103
0.009210085555707685
0.013201878431601317
0.018854763329813652
0.027073337075433385
0.03882936147320749
0.05541195437817108
0.0791542176608967
0.1127419226606629
0.15901390013090505
0.22229634956001842
0.3066426799856045
0.4132023954312544
0.5403783023403964
0.6772940069935391
0.8080314328096789
0.9125048786492739
0.9694522323335178
0.9934448837069563
0.9995238197561054
0.9999786107473885
0.9999996574238196
0.9999999994592699
0.9999999999999983
1.0
1.0
1.0
1.0
1.0
1.0
1.0
1.0
1.0
1.0
1.0
1.0
1.0
1.0
1.0
###
1e-05
1.1768119524349992e-05
1.3848863713938717e-05
1.6297508346206434e-05
1.917910261672489e-05
2.2570197196339216e-05
2.656087782946684e-05
3.1257158496882356e-05
3.678379771828634e-05
4.328761281083062e-05
5.0941380148163754e-05
5.994842503189409e-05
7.054802310718646e-05
8.302175681319735e-05
9.770099572992247e-05
0.00011497569953977356
0.00013530477745798074
0.00015922827933410923
0.0001873817422860383
0.00022051307399030456
0.00025950242113997375
0.0003053855508833416
0.00035938136638046257
0.0004229242874389499
0.0004977023564332109
0.0005857020818056661
0.0006892612104349695
0.0008111308307896872
0.0009545484566618337
0.0011233240329780276
0.0013219411484660286
0.0015556761439304723
0.0018307382802953678
0.002154434690031882
0.0025353644939701114
0.0029836472402833374
0.003511191734215131
0.004132012400115334
0.004862601580065354
0.005722367659350214
0.006734150657750821
0.007924828983539169
0.0093260334688322
0.010974987654930556
0.01291549665014884
0.01519911082952933
0.01788649529057435
0.0210490414451202
0.02477076355991709
0.029150530628251757
0.034304692863149154
0.040370172585965536
0.047508101621027934
0.05590810182512223
0.06579332246575675
0.0774263682681127
0.09111627561154886
0.10722672220103231
0.1261856883066021
0.14849682622544635
0.1747528400007683
0.20565123083486514
0.24201282647943834
0.2848035868435799
0.3351602650938841
0.3944206059437656
0.46415888336127725
0.5462277217684337
0.642807311728432
0.7564633275546291
0.8902150854450375
1.0476157527896641
1.232846739442066
1.4508287784959402
1.7073526474706886
2.009233002565046
2.364489412645407
2.782559402207126
3.274549162877725
3.8535285937105273
4.534878508128582
5.3366992312063015
6.280291441834247
7.390722033525775
8.697490026177835
10.235310218990248
12.045035402587812
14.174741629268048
16.68100537200059
19.630406500402685
23.10129700083158
27.1858824273294
31.992671377973846
37.64935806792464
44.30621457583877
52.14008287999685
61.35907273413163
72.20809018385457
84.97534359086438
100.0
###
0.25636549446569723
0.23745156820387617
0.219193727418556
0.20201892947838235
0.1862361764438383
0.17205291301066863
0.16253249604052697
0.15138340584566945
0.14196937798465378
0.1342881357319469
0.874973307727956
0.7709626360369697
0.6750964900000309
0.5882522558131399
0.5108302478092211
0.44265593489201766
0.3972540385422007
0.34386131060215425
0.2977949485256315
0.25813381591481244
1.3121546282695689
1.1308605741417446
0.9671187829034131
0.8215987478733222
0.6941311632532992
0.5834352100237595
0.5105407626601437
0.42544950632135803
0.35244848838065057
0.2897099071272367
1.6695807363360453
1.4183206681541582
1.1945384538415555
0.9982443889338523
0.8282843459024898
0.6823138225340822
0.587006601629003
0.4766285977811771
0.3826527787752835
0.30245247626944544
1.9786237977309287
1.663044983187426
1.3849249247435478
1.1434147216543922
0.9360558153106505
0.759643449330561
0.6452526044907081
0.5136387589683332
0.4025324440908374
0.3083560092136416
2.254124113417418
1.878728805869653
1.550643747298622
1.2679934112865734
1.0271790096033384
0.8236625560745585
0.6925259226090132
0.5426724420747745
0.4170261227358574
0.3111525731325223
2.5046028853275484
2.0730442883189855
1.6984885396429723
1.3779333426587286
1.1065476133056769
0.8786099966423037
0.7325908012419503
0.5664645692846775
0.427957937522542
0.3123498224833212
2.735468518293785
2.25078693394039
1.8326798084960036
1.4768212302359542
1.177204944131308
0.926915141297341
0.7673284651139461
0.5866460335292082
0.43692547155745526
0.31264895100164053
2.9504319098558387
2.4152487939858767
1.9559691608870984
1.5670082675515653
1.2410967299049365
0.970132578417045
0.7980999344349793
0.6041633710807591
0.4443191047429685
0.3124144977315605
3.1520992145800313
2.568734096676625
2.0703669382428913
1.6501308438989022
1.2995696437543722
1.0093241093602052
0.8257660465881355
0.6196535033024788
0.4506014309347763
0.3118584181672948
3.342571868937867
2.712966033267285
2.177323080942931
1.7274228812843746
1.353568852551488
1.0452403501192116
0.8509329472131383
0.633422391963666
0.45603771770603696
0.31110796527782436
3.5233470889459673
2.849375710601765
2.2779231681853904
1.7997562303326333
1.4038011939251065
1.0784354503075508
0.8740418261893363
0.6461298298467694
0.4608224322781322
0.31023716806779883
3.69564628643593
2.9787946383118737
2.373040548127031
1.867839229267597
1.4508540611794187
1.1093303904594725
0.8954257492355128
0.6576494052707292
0.46508234060704634
0.30929477669007066
3.8605448857234155
3.1021519038794274
2.4633630229351513
1.9322262163268256
1.4951487344629673
1.1382530785193472
0.9153411379139788
0.6682756904913119
0.4689146731741234
0.3083123965516798
4.018683745836904
3.220128045556252
2.549449246814979
1.993348873268321
1.537031608449134
1.165464155378986
0.9339902836012947
0.6781351187432128
0.4723926741962968
0.307313880894321