# ../data/BKevo/MVge_BKevo/mvge_57.dat
# N(r,Y=0), r, *FL(x,Q^2)
# 1e-05 < r < 100.0
# 1 < Q^2 < 50, n=15, lin grid
# 1e-5 < x < 1e-2, n=10, log grid
###
1.2360659941791439e-08
1.5819862555714862e-08
2.0283132758625732e-08
2.5986247485805772e-08
3.324811893131456e-08
4.25894817940027e-08
5.454607744747676e-08
6.976402974367088e-08
8.92796000633342e-08
1.142999637940272e-07
1.46129640643395e-07
1.8682068062005258e-07
2.3907205934517454e-07
3.0550765871472366e-07
3.901692577385765e-07
4.990465685399551e-07
6.373955156108414e-07
8.131301577978717e-07
1.0394477367174988e-06
1.3268291665476213e-06
1.691368091489315e-06
2.1598434126577545e-06
2.7551443454231424e-06
3.5096704432138047e-06
4.476057979580213e-06
5.7054211026546185e-06
7.262193079291715e-06
9.2491965982047e-06
1.1779320604920579e-05
1.497999798989271e-05
1.9050732552096412e-05
2.4238180781249417e-05
3.0792846997465165e-05
3.90989782428265e-05
4.96897782695107e-05
6.305443142874269e-05
7.99271434330923e-05
0.00010144821283504963
0.00012856616220851278
0.0001626960593878886
0.00020617843562794962
0.0002609107697105052
0.0003296825538465483
0.0004169422849934532
0.0005267796046558813
0.0006645527121616874
0.0008386547311573397
0.0010577847983220218
0.0013321781972041695
0.0016775834342911342
0.002112319940229366
0.002655888828632604
0.0033377777966663623
0.004196370461148484
0.005268898721017315
0.006610712278085846
0.008302338838922405
0.010415332549783789
0.01305418009223675
0.0163887934122601
0.020557450026564342
0.025767149219176878
0.03234829961384695
0.04059332969159509
0.05090011166565051
0.06388485212127787
0.08014317342136013
0.10038606055685831
0.1256490846607464
0.15697132361586622
0.19537888943741008
0.24214280190385892
0.2983112851971672
0.36447662105007345
0.4406688453643418
0.525166703972132
0.6158878324458562
0.7086622433242221
0.7942755837632511
0.8693145060601807
0.9287768289063787
0.9658380169513839
0.9868686746280116
0.99651612366878
0.9992805499001512
0.9998963775114504
0.999993407806393
0.9999998335947926
0.9999999963515064
0.9999999999776901
0.9999999999999983
1.0
1.0
1.0
1.0
1.0
1.0
1.0
1.0
1.0
###
1e-05
1.1768119524349992e-05
1.3848863713938717e-05
1.6297508346206434e-05
1.917910261672489e-05
2.2570197196339216e-05
2.656087782946684e-05
3.1257158496882356e-05
3.678379771828634e-05
4.328761281083062e-05
5.0941380148163754e-05
5.994842503189409e-05
7.054802310718646e-05
8.302175681319735e-05
9.770099572992247e-05
0.00011497569953977356
0.00013530477745798074
0.00015922827933410923
0.0001873817422860383
0.00022051307399030456
0.00025950242113997375
0.0003053855508833416
0.00035938136638046257
0.0004229242874389499
0.0004977023564332109
0.0005857020818056661
0.0006892612104349695
0.0008111308307896872
0.0009545484566618337
0.0011233240329780276
0.0013219411484660286
0.0015556761439304723
0.0018307382802953678
0.002154434690031882
0.0025353644939701114
0.0029836472402833374
0.003511191734215131
0.004132012400115334
0.004862601580065354
0.005722367659350214
0.006734150657750821
0.007924828983539169
0.0093260334688322
0.010974987654930556
0.01291549665014884
0.01519911082952933
0.01788649529057435
0.0210490414451202
0.02477076355991709
0.029150530628251757
0.034304692863149154
0.040370172585965536
0.047508101621027934
0.05590810182512223
0.06579332246575675
0.0774263682681127
0.09111627561154886
0.10722672220103231
0.1261856883066021
0.14849682622544635
0.1747528400007683
0.20565123083486514
0.24201282647943834
0.2848035868435799
0.3351602650938841
0.3944206059437656
0.46415888336127725
0.5462277217684337
0.642807311728432
0.7564633275546291
0.8902150854450375
1.0476157527896641
1.232846739442066
1.4508287784959402
1.7073526474706886
2.009233002565046
2.364489412645407
2.782559402207126
3.274549162877725
3.8535285937105273
4.534878508128582
5.3366992312063015
6.280291441834247
7.390722033525775
8.697490026177835
10.235310218990248
12.045035402587812
14.174741629268048
16.68100537200059
19.630406500402685
23.10129700083158
27.1858824273294
31.992671377973846
37.64935806792464
44.30621457583877
52.14008287999685
61.35907273413163
72.20809018385457
84.97534359086438
100.0
###
0.29770737218522025
0.27642486054400245
0.2540663114317289
0.23136647695067097
0.20899619635556374
0.18758769756616542
0.172450426079182
0.15375725749203667
0.13694157189190112
0.12206673387151307
1.1360019769653984
1.0085129912133106
0.8835444227338759
0.7646982115777023
0.6545346315264704
0.5548380997074909
0.4874404098148644
0.4074481345657663
0.3382976509250417
0.27910106043173977
1.7958731411377886
1.5632144079916621
1.34160210659047
1.136535288382535
0.9512356237283516
0.7875123545572704
0.6789425330788547
0.5525095109215405
0.4452850447735659
0.3552011943840949
2.367292221609338
2.034399950552675
1.7230759152607795
1.4399147516981807
1.1881974917386275
0.9691583796985306
0.8257554309293452
0.6606975039556946
0.5226131245707208
0.40804706959628273
2.881305753514641
2.452818482770018
2.057412810518675
1.7022683501667775
1.390306384382188
1.121850855845306
0.9477455277923533
0.7491030770458521
0.5845652287582622
0.4493954547076918
3.3536347975882976
2.8335857333304504
2.358738826546555
1.93639545884263
1.5688449134413365
1.2553384388945101
1.0535048600784451
0.8248337452553283
0.6369233941024499
0.48378160734566966
3.793637435138652
3.185637847277854
2.635192727798436
2.1495211497763553
1.7301097795897256
1.374921181658176
1.1476418628236371
0.8916328360458909
0.6826501568280265
0.5134548279052524
4.207614760707128
3.514743336244341
2.892025820939942
2.346255100809207
1.8780080989963308
1.4838759382684041
1.2330134138866011
0.9517480961883518
0.7234724671669633
0.5397079753229993
4.599911481427811
3.82493522870477
3.132778811305149
2.529704358670559
2.0151756892553183
1.5843680861349456
1.3113697493679455
1.0066184658412605
0.7604907184867198
0.5633510178634479
4.973735964023136
4.119246767865977
3.360090635706235
2.7021093544469483
2.143538710376754
1.6779284229978315
1.384063618594533
1.0572820589567529
0.7944722079448622
0.5849263647867049
5.331781151868679
4.3997679875800015
3.575916536687244
2.865178582275244
2.2643942006974442
1.765682081063768
1.4520297633399502
1.1044228084191363
0.825958538389825
0.6048252526401298
5.675637085744388
4.668198233334862
3.7817886444660154
3.0201336301714905
2.3788475405563645
1.8484841572965014
1.515981972182985
1.1486099996642871
0.8553604329172992
0.623326993632048
6.006975533408416
4.926310395977828
3.9788302855807163
3.1680518236054565
2.487733991788345
1.9270019638629166
1.576474542346284
1.1902652518861285
0.882971692068813
0.6406462096018413
6.3273018272834
5.17467209912982
4.168199751198441
3.3097119903236094
2.5917372809215125
2.0017680136122067
1.6339478865821793
1.2297214792718334
0.9090536980457504
0.6569536598584171
6.637566565709486
5.414780906686223
4.350617919037166
3.4457943886609392
2.6913799029141896
2.0732148880409866
1.6887558013843043
1.2672466114675949
0.933801094746193
0.6723771460676061