# ../data/BKevo/MVge_BKevo/mvge_70.dat
# N(r,Y=0), r, *FL(x,Q^2)
# 1e-05 < r < 100.0
# 1 < Q^2 < 50, n=15, lin grid
# 1e-5 < x < 1e-2, n=10, log grid
###
0.0
1.0419178359922891e-16
1.3845597457205747e-16
2.220446049250313e-16
3.2048359154864186e-16
5.994049963490691e-16
1.0041270390519623e-15
1.6848508521606961e-15
2.73932385459722e-15
4.595204928890452e-15
7.640025367787084e-15
1.2585525154085505e-14
2.1045169902423e-14
3.473962380133013e-14
5.73664779322542e-14
9.588887649977654e-14
1.586549972932671e-13
2.6045292483308883e-13
4.362710373520488e-13
7.22452375688295e-13
1.1854248349522593e-12
1.9805289960862285e-12
3.282756134482089e-12
5.389914616077591e-12
8.97057073653661e-12
1.4882815002616567e-11
2.4453285840786257e-11
4.0542464629101317e-11
6.73357829762994e-11
1.1073012537833759e-10
1.8289738341732648e-10
3.0417029578555747e-10
5.007474582387283e-10
8.241495359023558e-10
1.3729792104269318e-09
2.2637799634033085e-09
3.713707438215602e-09
6.2012445546032665e-09
1.0246826756459127e-08
1.6788485998358378e-08
2.8079175731225837e-08
4.6534747880315567e-08
7.646067524417869e-08
1.2774216956940544e-07
2.1250012201452142e-07
3.5040359242313454e-07
5.850351569857036e-07
9.774576501557948e-07
1.6182641413259358e-06
2.700265333145872e-06
4.532176344076726e-06
7.533988091200688e-06
1.2559470288622687e-05
2.117298457751507e-05
3.5330210322605945e-05
5.8803986871961096e-05
9.952887474014225e-05
0.00016663315626810971
0.00027670432301258745
0.0004699666193014637
0.0007890310417227946
0.001312293837387229
0.0022246220569291206
0.0037422448572854146
0.006231256410850724
0.010516127344024998
0.017678481238653183
0.02935674806359873
0.04898354726802215
0.0813558028858591
0.1324006880733468
0.21213818186142042
0.33096100782041876
0.4900070743183031
0.6766565010238574
0.8449087534065077
0.9541065226057224
0.9953348452194061
0.9997579803184325
0.9999972998308119
0.9999999994242414
1.0
1.0
1.0
1.0
1.0
1.0
1.0
1.0
1.0
1.0
1.0
1.0
1.0
1.0
1.0
1.0
1.0
1.0
1.0
###
1e-05
1.1768119524349992e-05
1.3848863713938717e-05
1.6297508346206434e-05
1.917910261672489e-05
2.2570197196339216e-05
2.656087782946684e-05
3.1257158496882356e-05
3.678379771828634e-05
4.328761281083062e-05
5.0941380148163754e-05
5.994842503189409e-05
7.054802310718646e-05
8.302175681319735e-05
9.770099572992247e-05
0.00011497569953977356
0.00013530477745798074
0.00015922827933410923
0.0001873817422860383
0.00022051307399030456
0.00025950242113997375
0.0003053855508833416
0.00035938136638046257
0.0004229242874389499
0.0004977023564332109
0.0005857020818056661
0.0006892612104349695
0.0008111308307896872
0.0009545484566618337
0.0011233240329780276
0.0013219411484660286
0.0015556761439304723
0.0018307382802953678
0.002154434690031882
0.0025353644939701114
0.0029836472402833374
0.003511191734215131
0.004132012400115334
0.004862601580065354
0.005722367659350214
0.006734150657750821
0.007924828983539169
0.0093260334688322
0.010974987654930556
0.01291549665014884
0.01519911082952933
0.01788649529057435
0.0210490414451202
0.02477076355991709
0.029150530628251757
0.034304692863149154
0.040370172585965536
0.047508101621027934
0.05590810182512223
0.06579332246575675
0.0774263682681127
0.09111627561154886
0.10722672220103231
0.1261856883066021
0.14849682622544635
0.1747528400007683
0.20565123083486514
0.24201282647943834
0.2848035868435799
0.3351602650938841
0.3944206059437656
0.46415888336127725
0.5462277217684337
0.642807311728432
0.7564633275546291
0.8902150854450375
1.0476157527896641
1.232846739442066
1.4508287784959402
1.7073526474706886
2.009233002565046
2.364489412645407
2.782559402207126
3.274549162877725
3.8535285937105273
4.534878508128582
5.3366992312063015
6.280291441834247
7.390722033525775
8.697490026177835
10.235310218990248
12.045035402587812
14.174741629268048
16.68100537200059
19.630406500402685
23.10129700083158
27.1858824273294
31.992671377973846
37.64935806792464
44.30621457583877
52.14008287999685
61.35907273413163
72.20809018385457
84.97534359086438
100.0
###
0.24395628981858794
0.22655584095060488
0.2103241864565357
0.1955562157700782
0.18251678456004425
0.17126561992004832
0.16404559668164187
0.15605196146238273
0.14991409967232616
0.14561731356371174
0.7983422920280681
0.7031874490146548
0.6170834778573127
0.5404778388538769
0.47321938388709595
0.41482263783240747
0.37638735426256253
0.3316530275433738
0.29356012878104687
0.2612980021764829
1.1737814949415724
1.0090980882599254
0.8625986210170472
0.7341950348556603
0.6226345537591139
0.5263807230622122
0.4632657826757058
0.38956391203951735
0.3261709427959311
0.27138187419552595
1.474145782094743
1.2474585147559405
1.0482250840895584
0.875389277532072
0.7265595492594977
0.5992535153926223
0.5161562794108908
0.4194579011692
0.33645093453927566
0.2646294083613621
1.7301664290590575
1.4471130644064005
1.2007105150947468
0.9886285701044629
0.8075489885268957
0.6536572378797432
0.5537280373840378
0.43807712738061627
0.339284610056295
0.25424203708152093
1.9560361901903036
1.6210070964745757
1.331562936997846
1.0841554449215611
0.8743800323491805
0.6972095388264063
0.5827741151272963
0.4510069282788085
0.3391179844046449
0.24331301773596486
2.15971070735798
1.7762432718276275
1.4470687576356336
1.1674552618635263
0.9316420140248278
0.7336766162065754
0.6064391922709025
0.4606698301116487
0.3376426413763287
0.23300497183838165
2.3461643542160746
1.9172309913893872
1.551001239330908
1.2415770950614138
0.981978168979132
0.7651512790165962
0.62643693231064
0.4682802230202473
0.3355804211350278
0.22350628597471114
2.518812851534937
2.0468381768638455
1.6458458834177112
1.3086209878102055
1.027022626446954
0.7929116046333721
0.6437717509677584
0.47451355897259956
0.33331112457469186
0.21484082852904263
2.6800471424497148
2.1671947260926636
1.7333132641279854
1.3699957599489263
1.0678991270218503
0.8177869650911656
0.6591069187243026
0.47977497579877987
0.33099970415171565
0.2069533118528225
2.8316556386585523
2.279760189948263
1.8146586691807851
1.426725500692138
1.1053680741563219
0.8403723621144793
0.6728724252313181
0.48432303888964745
0.32871180296560665
0.1997648698268972
2.975122244043415
2.385706309064139
1.8908485331087614
1.4795292223664283
1.1400253346404612
0.8610870365860669
0.6853791627798195
0.48832144267767985
0.32650325460190727
0.19319622522095617
3.1113133766631123
2.4859321097081564
1.9626000960432732
1.529019176457048
1.17231061232356
0.8802380415151162
0.6968499544828424
0.4919078481436433
0.32439444792193733
0.18717406052776683
3.2411923244558563
2.5811545351523186
2.0304937365307483
1.5756375860275922
1.2025635355513749
0.8980669051029262
0.7074574104565019
0.4951569131851475
0.32239390652305616
0.18163375890330227
3.3654658894352285
2.6719556987511752
2.094996726993937
1.6197473430054548
1.2310541925731235
0.9147604502473056
0.7173319596197025
0.4981367800193538
0.320500069230219
0.1765186140666969