# ../data/BKevo/MVge_BKevo/mvge_124.dat
# N(r,Y=0), r, *FL(x,Q^2)
# 1e-05 < r < 100.0
# 1 < Q^2 < 50, n=15, lin grid
# 1e-5 < x < 1e-2, n=10, log grid
###
0.0
0.0
0.0
0.0
0.0
0.0
0.0
0.0
0.0
0.0
0.0
0.0
0.0
0.0
1.110223024625157e-16
1.110223024625157e-16
1.8679714215948338e-16
4.46725127701648e-16
8.064604990760821e-16
1.5313901042072956e-15
2.736750385529767e-15
5.295622478353022e-15
9.97804223491341e-15
1.8541578881132686e-14
3.529118798253012e-14
6.673995368665285e-14
1.243029000181045e-13
2.3516572061258314e-13
4.461542083723907e-13
8.318079247665516e-13
1.5640420602662937e-12
2.9735744168084372e-12
5.554134933923653e-12
1.0376139830898004e-11
1.9781865170687933e-11
3.702727903563291e-11
6.873108452736551e-11
1.3146173248789669e-10
2.467128439839656e-10
4.563162748859661e-10
8.740086999868247e-10
1.6457710141243955e-09
3.0530494219313375e-09
5.825176877282815e-09
1.1016092096900914e-08
2.0514455829802107e-08
3.90128047431037e-08
7.416574728538447e-08
1.3875717818160427e-07
2.630962822015061e-07
5.031569447545511e-07
9.462361308917911e-07
1.7886246705013643e-06
3.4422024299104017e-06
6.507591103404761e-06
1.225604954185062e-05
2.3733093993989365e-05
4.509384747578853e-05
8.454300457782859e-05
0.0001646689652952504
0.0003143073282414591
0.0005907409172727515
0.0011473607619703684
0.0021982398801547337
0.004142169834917567
0.007994489470704684
0.015325324572718733
0.028799512314391415
0.054626013807209904
0.10264650341925396
0.1858026871735123
0.32412634429843606
0.5263336459080903
0.7569564076036981
0.9331800118465452
0.9915564258270052
0.9997463107060104
0.9999999950487274
0.999999999999983
1.0
1.0
1.0
1.0
1.0
1.0
1.0
1.0
1.0
1.0
1.0
1.0
1.0
1.0
1.0
1.0
1.0
1.0
1.0
1.0
1.0
###
1e-05
1.1768119524349992e-05
1.3848863713938717e-05
1.6297508346206434e-05
1.917910261672489e-05
2.2570197196339216e-05
2.656087782946684e-05
3.1257158496882356e-05
3.678379771828634e-05
4.328761281083062e-05
5.0941380148163754e-05
5.994842503189409e-05
7.054802310718646e-05
8.302175681319735e-05
9.770099572992247e-05
0.00011497569953977356
0.00013530477745798074
0.00015922827933410923
0.0001873817422860383
0.00022051307399030456
0.00025950242113997375
0.0003053855508833416
0.00035938136638046257
0.0004229242874389499
0.0004977023564332109
0.0005857020818056661
0.0006892612104349695
0.0008111308307896872
0.0009545484566618337
0.0011233240329780276
0.0013219411484660286
0.0015556761439304723
0.0018307382802953678
0.002154434690031882
0.0025353644939701114
0.0029836472402833374
0.003511191734215131
0.004132012400115334
0.004862601580065354
0.005722367659350214
0.006734150657750821
0.007924828983539169
0.0093260334688322
0.010974987654930556
0.01291549665014884
0.01519911082952933
0.01788649529057435
0.0210490414451202
0.02477076355991709
0.029150530628251757
0.034304692863149154
0.040370172585965536
0.047508101621027934
0.05590810182512223
0.06579332246575675
0.0774263682681127
0.09111627561154886
0.10722672220103231
0.1261856883066021
0.14849682622544635
0.1747528400007683
0.20565123083486514
0.24201282647943834
0.2848035868435799
0.3351602650938841
0.3944206059437656
0.46415888336127725
0.5462277217684337
0.642807311728432
0.7564633275546291
0.8902150854450375
1.0476157527896641
1.232846739442066
1.4508287784959402
1.7073526474706886
2.009233002565046
2.364489412645407
2.782559402207126
3.274549162877725
3.8535285937105273
4.534878508128582
5.3366992312063015
6.280291441834247
7.390722033525775
8.697490026177835
10.235310218990248
12.045035402587812
14.174741629268048
16.68100537200059
19.630406500402685
23.10129700083158
27.1858824273294
31.992671377973846
37.64935806792464
44.30621457583877
52.14008287999685
61.35907273413163
72.20809018385457
84.97534359086438
100.0
###
0.2559036157057188
0.24016508806713033
0.2256489101045218
0.2126641362603233
0.20141375050690424
0.1920352362100593
0.1862672736023953
0.18029692550309862
0.17630794329500357
0.17431486390706316
0.8515431205780835
0.7593040731181759
0.675944707098945
0.6019224609819406
0.5373362446342101
0.481800999262929
0.4456409775967663
0.4042706529371613
0.3700959114994832
0.342489530326525
1.2578513142225862
1.0944196000266408
0.9486577639306948
0.8206203869298747
0.7093264043537784
0.6133835130696753
0.5505346131326603
0.47745463359561724
0.41503215056986537
0.36176674240915385
1.5835101269196687
1.355518233934789
1.154254040553414
0.9788378892439968
0.8273647472666348
0.6971049136747739
0.6117806766489893
0.512260342936631
0.4265860431997027
0.3522066650286431
1.8613104209913323
1.5740828384927494
1.3226193840321394
1.1049878686968786
0.9179885833784852
0.7581032243750689
0.6535813124184164
0.5317382816477553
0.4267073228744975
0.3352473560814308
2.1065008346532554
1.764339910644833
1.4668589909065648
1.2109223432270901
0.9922810491736241
0.8060751624030651
0.6847950510817193
0.5437919142280055
0.4224950842977629
0.3169910448726081
2.3276832499550464
1.9341060495548248
1.5939881418976123
1.302897308668538
1.0554549327696832
0.8456844267318598
0.7095536003836792
0.5518205518156255
0.4166135161217096
0.2994068715957913
2.530169994956624
2.0882358820604128
1.7082070719027862
1.3845807223630686
1.110625607151847
0.8795017293219478
0.7299614475714412
0.5574853220042089
0.4102023105095035
0.2831164666502836
2.7177351585669873
2.229885400061267
1.8123306721288677
1.4582833984867332
1.1598594245035305
0.9090867109442415
0.7475078853684917
0.561684695088695
0.40378833014610194
0.2682486251793292
2.8929352384168943
2.361409209423332
1.9082917423904169
1.5256465688904262
1.2044045860484962
0.9354456989474267
0.7627799680352239
0.5649327072967337
0.39760793916558973
0.2547526934375531
3.0577060716589513
2.484395515007144
1.9974855788803447
1.587846858133468
1.2451306570481329
0.959266771579158
0.7763663726380639
0.5674671770849714
0.3917580945825252
0.24251228811028194
3.21353173085377
2.6001378060710914
2.0809857046926177
1.6456877400905143
1.2827329344687515
0.9810337139100465
0.7886263126551811
0.5696210409126875
0.38627665476126527
0.2313940529485765
3.3617395711517206
2.7096228969709166
2.159591461331408
1.699850300503482
1.3177113403663723
1.001108370576381
0.7998294628150269
0.5715699565563139
0.381164821493698
0.22127115837113254
3.50296627075845
2.813637162858165
2.2339477624933384
1.7508262579153153
1.350452167434813
1.0197652204559222
0.8101408460325064
0.5731882654747407
0.37640827321246934
0.21202762518733742
3.6381242520490975
2.9128188548110074
2.3045733381514935
1.7990404046977306
1.3812591445231337
1.0372086279374264
0.81972359024022
0.5746560350452605
0.37198322468308304
0.2035604790839481