# ../data/BKevo/MVge_BKevo/mvge_111.dat
# N(r,Y=0), r, *FL(x,Q^2)
# 1e-05 < r < 100.0
# 1 < Q^2 < 50, n=15, lin grid
# 1e-5 < x < 1e-2, n=10, log grid
###
1.4152909950314792e-12
2.0569263570715635e-12
3.01185161140775e-12
4.3986456203511754e-12
6.393967036171146e-12
9.343369009065987e-12
1.3648489047549918e-11
1.9842253476645678e-11
2.8934298762247248e-11
4.227413929393717e-11
6.14641371916181e-11
8.943338851501401e-11
1.306855759779898e-10
1.9001847699810232e-10
2.7586627609179885e-10
4.0315390734287527e-10
5.861896305981835e-10
8.490454169958824e-10
1.2408592879428501e-09
1.804107264123548e-09
2.6111859472874364e-09
3.809681268781438e-09
5.5382133871283e-09
8.013932277287266e-09
1.16643685338452e-08
1.6952980458023563e-08
2.4523576092225843e-08
3.5605342551174844e-08
5.1731968590878107e-08
7.480183425583724e-08
1.0831901375246598e-07
1.573090841318832e-07
2.273354555910033e-07
3.2829109086206097e-07
4.764844993140685e-07
6.881066686104386e-07
9.907804187952583e-07
1.4369101698475828e-06
2.0732428170536334e-06
2.9778602107019288e-06
4.3116425045583094e-06
6.214131967781974e-06
8.914661610054236e-06
1.2864352025974232e-05
1.8515144602963512e-05
2.6521821859939254e-05
3.813386067655728e-05
5.479154630616048e-05
7.834319353466036e-05
0.00011220099011535505
0.0001608796206427472
0.00022952837684813126
0.0003273165750069724
0.0004681525422143014
0.0006661673442797849
0.0009455535092599789
0.0013483736370827407
0.0019127431770770973
0.002701171713472909
0.003838317310184665
0.005424897197550794
0.0076299921533190904
0.010779582904006844
0.015166884268828618
0.02122948408979413
0.02977621504325979
0.04163090490166514
0.05785184344747111
0.08028064484125892
0.1109479955282047
0.1519590652114259
0.20649759419547106
0.27767324806981164
0.3669338809117668
0.47460876198701757
0.5959086982912356
0.7218209316094667
0.8381926325833641
0.922053706863692
0.9727369095971162
0.9948061842254735
0.9993098679846426
0.9999561884022549
0.9999994965259636
0.9999999995248128
0.9999999999997122
1.0
1.0
1.0
1.0
1.0
1.0
1.0
1.0
1.0
1.0
1.0
1.0
1.0
1.0
###
1e-05
1.1768119524349992e-05
1.3848863713938717e-05
1.6297508346206434e-05
1.917910261672489e-05
2.2570197196339216e-05
2.656087782946684e-05
3.1257158496882356e-05
3.678379771828634e-05
4.328761281083062e-05
5.0941380148163754e-05
5.994842503189409e-05
7.054802310718646e-05
8.302175681319735e-05
9.770099572992247e-05
0.00011497569953977356
0.00013530477745798074
0.00015922827933410923
0.0001873817422860383
0.00022051307399030456
0.00025950242113997375
0.0003053855508833416
0.00035938136638046257
0.0004229242874389499
0.0004977023564332109
0.0005857020818056661
0.0006892612104349695
0.0008111308307896872
0.0009545484566618337
0.0011233240329780276
0.0013219411484660286
0.0015556761439304723
0.0018307382802953678
0.002154434690031882
0.0025353644939701114
0.0029836472402833374
0.003511191734215131
0.004132012400115334
0.004862601580065354
0.005722367659350214
0.006734150657750821
0.007924828983539169
0.0093260334688322
0.010974987654930556
0.01291549665014884
0.01519911082952933
0.01788649529057435
0.0210490414451202
0.02477076355991709
0.029150530628251757
0.034304692863149154
0.040370172585965536
0.047508101621027934
0.05590810182512223
0.06579332246575675
0.0774263682681127
0.09111627561154886
0.10722672220103231
0.1261856883066021
0.14849682622544635
0.1747528400007683
0.20565123083486514
0.24201282647943834
0.2848035868435799
0.3351602650938841
0.3944206059437656
0.46415888336127725
0.5462277217684337
0.642807311728432
0.7564633275546291
0.8902150854450375
1.0476157527896641
1.232846739442066
1.4508287784959402
1.7073526474706886
2.009233002565046
2.364489412645407
2.782559402207126
3.274549162877725
3.8535285937105273
4.534878508128582
5.3366992312063015
6.280291441834247
7.390722033525775
8.697490026177835
10.235310218990248
12.045035402587812
14.174741629268048
16.68100537200059
19.630406500402685
23.10129700083158
27.1858824273294
31.992671377973846
37.64935806792464
44.30621457583877
52.14008287999685
61.35907273413163
72.20809018385457
84.97534359086438
100.0
###
0.2557795316012408
0.23612647296033376
0.21700984005895643
0.19886186057407623
0.18201836367292268
0.16671421153789
0.15632214163642003
0.1439552502146351
0.13329266315131869
0.12429729916465916
0.8763864922165475
0.7700371258733497
0.6716144641501183
0.5822438173315273
0.5023708020905919
0.431889277291074
0.38488809274369884
0.32950192148283697
0.2816118756511263
0.2402854105408533
1.317466663157734
1.1327189540672538
0.9655517206671174
0.8168691589885024
0.6864605742943456
0.573308524742587
0.4988565041669095
0.41210819084513656
0.3379003062094009
0.27438074618806874
1.6792529584334697
1.4236134792615387
1.1956820544771833
0.9956616904663824
0.8225508550594102
0.6740927624393956
0.5773720137371301
0.465704515341194
0.3711161812182164
0.2909198369731428
1.992738785257796
1.6719468160047686
1.3890196393454388
1.1433472659569248
0.9326216442051329
0.7536596999676618
0.6380273291688229
0.5054448832094095
0.3941281470269525
0.3005717360569443
2.272670422351506
1.8912591777061318
1.5577526801143529
1.2705238847096705
1.0260812651153428
0.820055831877119
0.6877527803040029
0.5370694285085541
0.41159535215675797
0.30679274322245537
2.527517486354359
2.08916655871921
1.708595241982402
1.3830566093750754
1.10785880656627
0.8772964481409832
0.7300894681634066
0.5633645834598601
0.42534164138082886
0.31105694873221845
2.762675422195724
2.270434962296901
1.845709962248228
1.484488964430591
1.1808348880390018
0.9278224776036216
0.7670668827583528
0.5858827623483919
0.43677803906269114
0.3141163559878201
2.9818329510140686
2.438347732601981
1.9718918104876741
1.577163945112462
1.2469575509311945
0.9731788637618168
0.7999666525805842
0.6055915218089984
0.44648887290347206
0.3163579554177969
3.1875976485579565
2.5952047207790123
2.0890953715215206
1.6627211141456413
1.3075916457788626
1.0144195010581765
0.8296537375900993
0.6231313487190544
0.454897594224681
0.31803860566947173
3.3820817503627643
2.7427292874067293
2.198822373671092
1.742356506467796
1.3636860961141606
1.0522982296801375
0.8567392836457774
0.6388262472849531
0.4623017649156839
0.31931557814241573
3.5667809579850744
2.882244011515032
2.302096049637056
1.816974724544404
1.4159625213717957
1.0873734749851152
0.8816723365133506
0.6533316268019055
0.4689057461983282
0.32029337497400434
3.742920371787073
3.0149214877689796
2.399819644106164
1.8872654058934402
1.4649766225537906
1.1200960866739196
0.9047927709176183
0.6665486526074674
0.47485054871251453
0.3210411409367857
3.911587158552279
3.141350063604743
2.4926837151671326
1.9538228751407638
1.511166294306698
1.1507516131187432
0.9263643910280663
0.6787725122939661
0.4802572640472959
0.32161803053228916
4.073400964988327
3.2623301111522776
2.5812500369622775
2.0170610405219427
1.554883397644572
1.1796287248390684
0.9466150915447803
0.6901459486996149
0.48521381465002256
0.3220570807709521