# ../data/BKevo/MVge_BKevo/mvge_61.dat
# N(r,Y=0), r, *FL(x,Q^2)
# 1e-05 < r < 100.0
# 1 < Q^2 < 50, n=15, lin grid
# 1e-5 < x < 1e-2, n=10, log grid
###
7.667138247149381e-13
1.1142803195310838e-12
1.631602051973787e-12
2.3829054437493614e-12
3.4637903495186087e-12
5.061576211128443e-12
7.393749015185523e-12
1.0749069705762167e-11
1.5674494048931836e-11
2.2901113102445536e-11
3.329683937914894e-11
4.84486484650072e-11
7.079608831387825e-11
1.0293836217468484e-10
1.4944455790197663e-10
2.1839986637192207e-10
3.175554623535502e-10
4.599519512252023e-10
6.722085177543521e-10
9.77335924308669e-10
1.4145532012731038e-09
2.0638120767784255e-09
3.0002068012690197e-09
4.341373655776859e-09
6.318918176503603e-09
9.18390877359399e-09
1.328511451030155e-08
1.928842082537992e-08
2.8024670229650374e-08
4.05222690665589e-08
5.8679473460934836e-08
8.521878130525539e-08
1.2315404974137468e-07
1.7784457844989487e-07
2.5812515265149273e-07
3.727668954122498e-07
5.36733885272561e-07
7.784151227967898e-07
1.123134788418219e-06
1.613192164584885e-06
2.335740986803516e-06
3.366375841343343e-06
4.829334121990633e-06
6.969004048781683e-06
1.003022058911592e-05
1.4367708576347524e-05
2.0658373406146116e-05
2.9682509173509025e-05
4.244149138462206e-05
6.078402856527393e-05
8.71563111932622e-05
0.0001243486220737389
0.00017733005029126433
0.0002536391729307536
0.0003609374810408211
0.0005123445999353169
0.0007306818822559254
0.001036647962988813
0.0014642084494264202
0.0020811869935551345
0.00294253786559162
0.004140652932230945
0.00585431865822151
0.008245549007858679
0.011557412930318332
0.01624373915272927
0.022775797594885433
0.03177054622711545
0.04433213410452819
0.061746807046391926
0.08544904610590404
0.11781752712384617
0.1617450809384289
0.21961231430155245
0.2945624061590435
0.38895222346964736
0.5014323013420633
0.6274630921665914
0.7521156484901093
0.8618766592581353
0.942615779222543
0.9817914170823558
0.9964119645172185
0.9997385506574739
0.999992070762249
0.9999998873408911
0.999999999780197
0.9999999999999998
1.0
1.0
1.0
1.0
1.0
1.0
1.0
1.0
1.0
1.0
1.0
1.0
###
1e-05
1.1768119524349992e-05
1.3848863713938717e-05
1.6297508346206434e-05
1.917910261672489e-05
2.2570197196339216e-05
2.656087782946684e-05
3.1257158496882356e-05
3.678379771828634e-05
4.328761281083062e-05
5.0941380148163754e-05
5.994842503189409e-05
7.054802310718646e-05
8.302175681319735e-05
9.770099572992247e-05
0.00011497569953977356
0.00013530477745798074
0.00015922827933410923
0.0001873817422860383
0.00022051307399030456
0.00025950242113997375
0.0003053855508833416
0.00035938136638046257
0.0004229242874389499
0.0004977023564332109
0.0005857020818056661
0.0006892612104349695
0.0008111308307896872
0.0009545484566618337
0.0011233240329780276
0.0013219411484660286
0.0015556761439304723
0.0018307382802953678
0.002154434690031882
0.0025353644939701114
0.0029836472402833374
0.003511191734215131
0.004132012400115334
0.004862601580065354
0.005722367659350214
0.006734150657750821
0.007924828983539169
0.0093260334688322
0.010974987654930556
0.01291549665014884
0.01519911082952933
0.01788649529057435
0.0210490414451202
0.02477076355991709
0.029150530628251757
0.034304692863149154
0.040370172585965536
0.047508101621027934
0.05590810182512223
0.06579332246575675
0.0774263682681127
0.09111627561154886
0.10722672220103231
0.1261856883066021
0.14849682622544635
0.1747528400007683
0.20565123083486514
0.24201282647943834
0.2848035868435799
0.3351602650938841
0.3944206059437656
0.46415888336127725
0.5462277217684337
0.642807311728432
0.7564633275546291
0.8902150854450375
1.0476157527896641
1.232846739442066
1.4508287784959402
1.7073526474706886
2.009233002565046
2.364489412645407
2.782559402207126
3.274549162877725
3.8535285937105273
4.534878508128582
5.3366992312063015
6.280291441834247
7.390722033525775
8.697490026177835
10.235310218990248
12.045035402587812
14.174741629268048
16.68100537200059
19.630406500402685
23.10129700083158
27.1858824273294
31.992671377973846
37.64935806792464
44.30621457583877
52.14008287999685
61.35907273413163
72.20809018385457
84.97534359086438
100.0
###
0.22485347121251434
0.20359980330930594
0.18332115332157828
0.1644036719281092
0.14708814503814924
0.13151058582640446
0.1209902849420837
0.10848336687563521
0.09763709247484958
0.0883394276188923
0.7278994714723417
0.6251683178526377
0.5323748212247886
0.44986907235007206
0.3775689635660783
0.3148806187005347
0.27368247632155257
0.22566134533544188
0.18460155762133765
0.14946345016377693
1.0706348228423304
0.8994469036048572
0.7482433777318152
0.616772798194957
0.5038368041939182
0.4078205372653881
0.3457143442483308
0.27440652431787094
0.21444931286463548
0.16397308811279462
1.3465913614415508
1.1154630689429073
0.9143300338576125
0.7418718055557314
0.595755249133832
0.4731006723216491
0.3946487770509454
0.3055858125857792
0.23167701972445898
0.17031200627180518
1.58294373476247
1.297826945459917
1.0524057619957037
0.8441807410582435
0.6694748687978194
0.5242916432253182
0.43220043819702003
0.3286056777908853
0.24353966268095037
0.1737226047770406
1.7922519220280155
1.457621224963623
1.1720421389813094
0.9317074088656999
0.7317085374911664
0.5667777096565955
0.4629149018954249
0.3469009138467791
0.2525567922397394
0.17575806076052644
1.9815564820394858
1.6009577414271947
1.2784155005391304
1.0087821269834407
0.7859016700083704
0.603307226763915
0.4889966932888626
0.3620746635630092
0.2596278468877907
0.17704535807063973
2.155348021976734
1.7316316524518163
1.3746830358219666
1.077996675014348
0.8341475061866913
0.635480412266369
0.5117546963110604
0.37510245027953687
0.2655429536083979
0.17788675472771986
2.316619617360692
1.8522172198959628
1.4629528227366098
1.1410397390984275
0.8777513881151513
0.6643124278686905
0.5319855322507079
0.38651339060969914
0.27057960767229394
0.1784395638113357
2.4675261185211954
1.9645086200266328
1.5446990226817854
1.1990967545947118
0.9176472153660565
0.6904926436277891
0.5502292925486473
0.3966743480151723
0.27495767093907386
0.1788012574745269
2.609712071011465
2.0697411717408083
1.6209967948631239
1.2530096178929806
0.9544916712593106
0.7145116211744648
0.5668665815760435
0.4059059104460722
0.2788212605449612
0.17902917613690228
2.7443906293669205
2.1690386739780503
1.6926977001246544
1.3034288343585003
0.9887867999126512
0.7367319200580589
0.5821763127240652
0.4142670778475121
0.2822778886645254
0.1791612732323933
2.8724621873387135
2.263163232574187
1.7603858941311106
1.3508518627103367
1.0208935184009849
0.7574294151076433
0.5963691037391367
0.42195061455140337
0.28540145450983395
0.17922437960022863
2.994756265023986
2.3527511591772092
1.8245986008127086
1.3956722107744257
1.0510979719638553
0.7768193736396256
0.6096082213676373
0.42906263669582856
0.2882493646101838
0.17923495828289346
3.1119117997508736
2.4383205898456524
1.8857424325044645
1.4382070443502408
1.0796686426881934
0.7950731462393721
0.6220228148208207
0.4356844205833538
0.29086448580498314
0.17920296746258682