# ../data/BKevo/MVge_BKevo/mvge_94.dat
# N(r,Y=0), r, *FL(x,Q^2)
# 1e-05 < r < 100.0
# 1 < Q^2 < 50, n=15, lin grid
# 1e-5 < x < 1e-2, n=10, log grid
###
1.110223024625157e-16
1.110223024625157e-16
2.220446049250313e-16
3.465264362037679e-16
5.425281964736731e-16
9.76765387773107e-16
1.615981281818129e-15
2.6291479819796047e-15
4.3949874879593625e-15
7.277152216046033e-15
1.199116518839158e-14
1.9918329780907928e-14
3.327645750841839e-14
5.5047568394618465e-14
9.07899353261884e-14
1.5190990129895518e-13
2.5128569246264496e-13
4.126145449663019e-13
6.909709007588983e-13
1.144177077468845e-12
1.8772105409328837e-12
3.1358710853551674e-12
5.196998036950541e-12
8.53147104077893e-12
1.4195983394768457e-11
2.354644031839112e-11
3.867728589737917e-11
6.410282233283075e-11
1.0642182874457409e-10
1.7492328812122113e-10
2.8876358374071134e-10
4.79899996715485e-10
7.894420970673223e-10
1.2981322543892358e-09
2.1602019908896936e-09
3.557451935203392e-09
5.828083700792587e-09
9.715357870876117e-09
1.602440843494094e-08
2.6203707443280442e-08
4.372089401848681e-08
7.227519624355923e-08
1.1844495902038463e-07
1.9727990158302439e-07
3.2714091428098617e-07
5.377393656808101e-07
8.946963582280615e-07
1.4895625551028312e-06
2.4577606611259148e-06
4.086795100783097e-06
6.835542043866169e-06
1.132662156174387e-05
1.8823607188040538e-05
3.1636735407203816e-05
5.264801986216201e-05
8.74117461096499e-05
0.00014759215301851983
0.0002465865666244211
0.00040872488129632564
0.0006929429598808048
0.0011615802819282992
0.0019292531602686895
0.003265861273158011
0.005486294292817193
0.009122473170917637
0.01536725275771901
0.025771652439563756
0.04265811143571835
0.07079922185717664
0.11658363019258319
0.18732162673325994
0.2938617057605162
0.44283799523895184
0.6244033689843187
0.8067871715112415
0.9315890218344085
0.9875468060662932
0.9995997780521059
0.9999937281115833
0.9999999880059234
0.999999999999815
1.0
1.0
1.0
1.0
1.0
1.0
1.0
1.0
1.0
1.0
1.0
1.0
1.0
1.0
1.0
1.0
1.0
1.0
1.0
###
1e-05
1.1768119524349992e-05
1.3848863713938717e-05
1.6297508346206434e-05
1.917910261672489e-05
2.2570197196339216e-05
2.656087782946684e-05
3.1257158496882356e-05
3.678379771828634e-05
4.328761281083062e-05
5.0941380148163754e-05
5.994842503189409e-05
7.054802310718646e-05
8.302175681319735e-05
9.770099572992247e-05
0.00011497569953977356
0.00013530477745798074
0.00015922827933410923
0.0001873817422860383
0.00022051307399030456
0.00025950242113997375
0.0003053855508833416
0.00035938136638046257
0.0004229242874389499
0.0004977023564332109
0.0005857020818056661
0.0006892612104349695
0.0008111308307896872
0.0009545484566618337
0.0011233240329780276
0.0013219411484660286
0.0015556761439304723
0.0018307382802953678
0.002154434690031882
0.0025353644939701114
0.0029836472402833374
0.003511191734215131
0.004132012400115334
0.004862601580065354
0.005722367659350214
0.006734150657750821
0.007924828983539169
0.0093260334688322
0.010974987654930556
0.01291549665014884
0.01519911082952933
0.01788649529057435
0.0210490414451202
0.02477076355991709
0.029150530628251757
0.034304692863149154
0.040370172585965536
0.047508101621027934
0.05590810182512223
0.06579332246575675
0.0774263682681127
0.09111627561154886
0.10722672220103231
0.1261856883066021
0.14849682622544635
0.1747528400007683
0.20565123083486514
0.24201282647943834
0.2848035868435799
0.3351602650938841
0.3944206059437656
0.46415888336127725
0.5462277217684337
0.642807311728432
0.7564633275546291
0.8902150854450375
1.0476157527896641
1.232846739442066
1.4508287784959402
1.7073526474706886
2.009233002565046
2.364489412645407
2.782559402207126
3.274549162877725
3.8535285937105273
4.534878508128582
5.3366992312063015
6.280291441834247
7.390722033525775
8.697490026177835
10.235310218990248
12.045035402587812
14.174741629268048
16.68100537200059
19.630406500402685
23.10129700083158
27.1858824273294
31.992671377973846
37.64935806792464
44.30621457583877
52.14008287999685
61.35907273413163
72.20809018385457
84.97534359086438
100.0
###
0.2569589683545132
0.24039869847907172
0.22489440412207629
0.21078037467865934
0.1982924909315422
0.1875490669747985
0.1807514077251581
0.17329754581307574
0.16773558446617415
0.1640754471524807
0.8631263866759473
0.7677409538025328
0.6809165575189127
0.6032785131660967
0.5348988494390073
0.47545390857734227
0.43638760160336726
0.3910344221840516
0.35289343081673596
0.3210565490258562
1.281598407603887
1.1132931790115739
0.9624432824649564
0.8293890428144314
0.7131811190540752
0.6126080718556773
0.5464052638258294
0.46918870092269854
0.4029590078930859
0.3460076117302242
1.6191466635633223
1.3847002459104243
1.176960678366465
0.995475920587414
0.8382341365808124
0.7029551800269803
0.6143010625371769
0.5108859064433652
0.42200891594938894
0.3450602520497297
1.9083068624684265
1.6130954777584277
1.353868322596113
1.1291182144333056
0.9358813399204269
0.7705304759648165
0.662663093355517
0.5371919683105465
0.4296109090467967
0.3365194389540559
2.1642773690323156
1.8126313187753111
1.5062114190149936
1.2421722533419126
1.0165663474068898
0.8245945317353034
0.6999748408171673
0.5555198797924041
0.43215104337811494
0.3257554923291746
2.3957056603567386
1.9911804982253023
1.6408856833054697
1.3408311203995678
1.08575917486424
0.8699421396178876
0.7302106830321419
0.5691759405054798
0.4321961572111441
0.31463926639712186
2.6080333725557225
2.1536088521771575
1.762241627148486
1.4287123157658943
1.146564617027453
0.9089541601948531
0.7558242545612374
0.579944935662584
0.43099444172951235
0.3038756157190523
2.8048645395564105
2.3031818025342004
1.8731022389659389
1.508264518890433
1.2009666733181121
0.9433051188105213
0.7778885104585826
0.588634467322171
0.4291443081484469
0.29372234663947383
2.989021361959132
2.4422741324419457
1.975453869520842
1.5811123964690628
1.2503136042471985
0.9740485886023524
0.7973331935766365
0.5959011524408148
0.42694528158693745
0.2842503929305606
3.162400953415063
2.572474788677878
2.070727442135339
1.6484702904279915
1.2955783437647728
1.0019202793060014
0.8147402006752558
0.6021213444017357
0.4245984757935303
0.27545510113156163
3.3265202911473195
2.695133283760129
2.160007519421668
1.711215624337435
1.3374207681671153
1.0274509942284198
0.8304952465706118
0.6074051817805673
0.4222092824759742
0.2672964154613249
3.482574658912597
2.811264717788926
2.2441283114700727
1.7700290697095102
1.3763912804726932
1.0510288765096223
0.8449147819671746
0.612200406915825
0.4197243034646128
0.25972395250012237
3.631741058397458
2.921680013884378
2.3238065393373986
1.8254451698889578
1.41290319121505
1.072956571365397
0.8582167018424592
0.6165049675095232
0.4175230968105648
0.25268534021579037
3.774403816569744
3.0270385917900904
2.399524326808561
1.8778898471637768
1.447282796704506
1.093469000040698
0.8705728889531306
0.6205971098548454
0.4152813403335382
0.24613001325910688