# ../data/BKevo/MVge_BKevo/mvge_118.dat
# N(r,Y=0), r, *FL(x,Q^2)
# 1e-05 < r < 100.0
# 1 < Q^2 < 50, n=15, lin grid
# 1e-5 < x < 1e-2, n=10, log grid
###
1.110223024625157e-16
2.152140860617445e-16
2.7691194914411485e-16
5.063301254894309e-16
8.504284721834098e-16
1.3541257791971447e-15
2.284578255037884e-15
3.777188519275635e-15
6.195457223412995e-15
1.0394722241234776e-14
1.715853030189131e-14
2.853072448855663e-14
4.755917956010185e-14
7.869328529899227e-14
1.296849726658101e-13
2.1699681003293914e-13
3.5895362962835086e-13
5.893381393695507e-13
9.8690424082489e-13
1.633969143534639e-12
2.6805131820891427e-12
4.476881206978099e-12
7.417860413334056e-12
1.217468562889987e-11
2.025225267811765e-11
3.3580183882330435e-11
5.513733409518034e-11
9.133875310285943e-11
1.515490697754095e-10
2.4893336159511903e-10
4.106060016518128e-10
6.817081304725377e-10
1.1201620434487906e-09
1.8395055583130868e-09
3.055937188271842e-09
5.023142801689319e-09
8.211702501555553e-09
1.3650933609830561e-08
2.2447227015877453e-08
3.658335795863109e-08
6.077352261467292e-08
9.99885137039541e-08
1.6301892481124192e-07
2.69788323194161e-07
4.442600229367165e-07
7.248626939783681e-07
1.1955396569618128e-06
1.9715736429976703e-06
3.22138687370155e-06
5.298518053980395e-06
8.75854858513414e-06
1.4344410366670202e-05
2.35489339421854e-05
3.906465906901654e-05
6.420162481225492e-05
0.00010529190087475644
0.00017549121240945803
0.0002897164277954884
0.000474929426300902
0.0007959295903238434
0.0013205596763628848
0.002173193954213211
0.0036450598518453278
0.006073595115671071
0.010027067218200274
0.016774282952866523
0.02795525562530591
0.04601403414898209
0.07594175607496946
0.12434151269384824
0.19863011215787713
0.3094803452203856
0.46236572105251994
0.6453300567214673
0.8240253095830209
0.9406954920777415
0.9899934715665922
0.9997346255721061
0.9999965591649653
0.9999999950140298
0.9999999999999489
1.0
1.0
1.0
1.0
1.0
1.0
1.0
1.0
1.0
1.0
1.0
1.0
1.0
1.0
1.0
1.0
1.0
1.0
1.0
###
1e-05
1.1768119524349992e-05
1.3848863713938717e-05
1.6297508346206434e-05
1.917910261672489e-05
2.2570197196339216e-05
2.656087782946684e-05
3.1257158496882356e-05
3.678379771828634e-05
4.328761281083062e-05
5.0941380148163754e-05
5.994842503189409e-05
7.054802310718646e-05
8.302175681319735e-05
9.770099572992247e-05
0.00011497569953977356
0.00013530477745798074
0.00015922827933410923
0.0001873817422860383
0.00022051307399030456
0.00025950242113997375
0.0003053855508833416
0.00035938136638046257
0.0004229242874389499
0.0004977023564332109
0.0005857020818056661
0.0006892612104349695
0.0008111308307896872
0.0009545484566618337
0.0011233240329780276
0.0013219411484660286
0.0015556761439304723
0.0018307382802953678
0.002154434690031882
0.0025353644939701114
0.0029836472402833374
0.003511191734215131
0.004132012400115334
0.004862601580065354
0.005722367659350214
0.006734150657750821
0.007924828983539169
0.0093260334688322
0.010974987654930556
0.01291549665014884
0.01519911082952933
0.01788649529057435
0.0210490414451202
0.02477076355991709
0.029150530628251757
0.034304692863149154
0.040370172585965536
0.047508101621027934
0.05590810182512223
0.06579332246575675
0.0774263682681127
0.09111627561154886
0.10722672220103231
0.1261856883066021
0.14849682622544635
0.1747528400007683
0.20565123083486514
0.24201282647943834
0.2848035868435799
0.3351602650938841
0.3944206059437656
0.46415888336127725
0.5462277217684337
0.642807311728432
0.7564633275546291
0.8902150854450375
1.0476157527896641
1.232846739442066
1.4508287784959402
1.7073526474706886
2.009233002565046
2.364489412645407
2.782559402207126
3.274549162877725
3.8535285937105273
4.534878508128582
5.3366992312063015
6.280291441834247
7.390722033525775
8.697490026177835
10.235310218990248
12.045035402587812
14.174741629268048
16.68100537200059
19.630406500402685
23.10129700083158
27.1858824273294
31.992671377973846
37.64935806792464
44.30621457583877
52.14008287999685
61.35907273413163
72.20809018385457
84.97534359086438
100.0
###
0.25933771213288564
0.24290328136730685
0.2274979702588324
0.2134611429857812
0.20103497595048586
0.19037091951302387
0.1835814464928078
0.17617508437628027
0.1706650257482094
0.1670602097821972
0.875620861456094
0.7801303412624023
0.6930835279941737
0.6151635840502979
0.5464700851884595
0.48673026971160205
0.44742421921404807
0.4019898552627995
0.3636668229718022
0.3318190126488179
1.3028533636387039
1.1337642623761734
0.981979432540318
0.8479286300113494
0.7307364335965982
0.6292295045680582
0.5623911275785559
0.4844612144448924
0.417654002348765
0.3602274544404386
1.6481113468847786
1.4120517393928598
1.202555734725021
1.0192878758696833
0.8603433273150056
0.7234208164637975
0.6336626431972642
0.5289539144301301
0.43891593243427696
0.36101939037685793
1.944176505921018
1.6465049178256734
1.384675481606403
1.1573264292992342
0.9616364677669611
0.793995874895257
0.6845569453429167
0.5572167483958649
0.4479342042892599
0.3533844115164297
2.206524857716628
1.8515037906326544
1.54162869029749
1.2742184888447812
1.0454142138002627
0.8505134640530573
0.723877434881273
0.5770285596357551
0.451425913882466
0.3430902927012414
2.443845873681856
2.0350491216265696
1.6804597833614379
1.3762691138544494
1.117321805611131
0.8979436570538428
0.7558530439933682
0.5918439829575014
0.45213989674264604
0.33219548133236426
2.6616881211332184
2.2021022378062005
1.805617650975781
1.4672169303099636
1.1805210746155093
0.93876105417957
0.7826860635010776
0.6034640485416616
0.4514202958798261
0.32150584113936265
2.863712295041256
2.355994096702709
1.9199959057578124
1.5495589262879967
1.237089602779835
0.9747077729037394
0.8060733668037673
0.612919453764315
0.4499268781376696
0.3115101106444206
3.052797074416218
2.4990841734325264
2.025623063526528
1.6249832424280717
1.2884108313112415
1.0068829039623453
0.8265920368774188
0.6208354948359224
0.44799763171747714
0.3017870891495195
3.2308704214120363
2.6331948717829565
2.123971921808853
1.6947402907485154
1.3354660743729831
1.0360537859279946
0.8449611469209144
0.6276159206801183
0.44576163143566927
0.2928798673398452
3.3994778912307004
2.7595038775491583
2.2161495979021697
1.759732461059176
1.3789875599540276
1.0627764023352153
0.8615847831868915
0.6335197841995013
0.44362737903088156
0.2845866348413272
3.5598379563932245
2.879117728128416
2.303047281121852
1.8206618834249308
1.4195265637151409
1.0874522809382052
0.8767969281885852
0.6387672288894349
0.44138108291045697
0.27686565094033994
3.7131683203350563
2.9928662714807035
2.3853246877954577
1.8780791852744947
1.4575106034303213
1.1104016327490929
0.8908276696365046
0.6433043132984806
0.43916209953942403
0.2696704586494298
3.859831632056789
3.101424784946012
2.463544670712178
1.9324265495114568
1.4932786837780023
1.1318693001262345
0.9038631224820927
0.647756884843132
0.436996189374156
0.26295444258018064