# ../data/BKevo/MVge_BKevo/mvge_84.dat
# N(r,Y=0), r, *FL(x,Q^2)
# 1e-05 < r < 100.0
# 1 < Q^2 < 50, n=15, lin grid
# 1e-5 < x < 1e-2, n=10, log grid
###
1.5559868377239096e-08
1.991450146095985e-08
2.5533177163741323e-08
3.2712748814556303e-08
4.1854751473826515e-08
5.3614869562536486e-08
6.866772234436696e-08
8.782696739788148e-08
1.1239768040445438e-07
1.439003485878764e-07
1.8397821980656077e-07
2.3521654694398251e-07
3.010162725639432e-07
3.8468425769077163e-07
4.913154312200282e-07
6.284629972429904e-07
8.027567637275353e-07
1.0241825859058157e-06
1.3094041566593346e-06
1.6716621617226185e-06
2.131297887788889e-06
2.7221985104647317e-06
3.47335571018652e-06
4.425842596565151e-06
5.646515740446432e-06
7.200407331659307e-06
9.169621334217688e-06
1.168558134715794e-05
1.4893021134424624e-05
1.8955755000662105e-05
2.4131453853370196e-05
3.074048394531856e-05
3.910964650647073e-05
4.974369119779227e-05
6.33501946890027e-05
8.058280289921918e-05
0.00010243183471829074
0.00013046326327918845
0.00016599239354766256
0.0002110059084304968
0.0002688867139265903
0.0003424118224910101
0.0004357357767153818
0.0005557452314095715
0.0007088838054313576
0.0009037720490165632
0.001154557614078449
0.0014762622770773414
0.0018869118311296727
0.002415692258093075
0.003097673110580531
0.003970604392665844
0.005094530778539606
0.00655096672897725
0.008418495809478295
0.01081935184595743
0.013940577423644603
0.017943089372598454
0.023070403937520228
0.029739841988706942
0.03826889390187659
0.049147786325338824
0.06317568843043443
0.08100328419274382
0.10350702260083658
0.13199476465976934
0.16756785598695018
0.2114069458825553
0.2648994480074501
0.3288764958437052
0.40362743021698533
0.4882723135131574
0.579911550347102
0.6752046536369739
0.7677655431098671
0.8479142928973408
0.9127999973259633
0.9587056311012714
0.9830330421938595
0.9947577569856565
0.9990334309330272
0.9998492336398876
0.9999857484704746
0.999999578925181
0.9999999947609557
0.9999999999491321
0.9999999999999044
1.0
1.0
1.0
1.0
1.0
1.0
1.0
1.0
1.0
1.0
1.0
1.0
1.0
###
1e-05
1.1768119524349992e-05
1.3848863713938717e-05
1.6297508346206434e-05
1.917910261672489e-05
2.2570197196339216e-05
2.656087782946684e-05
3.1257158496882356e-05
3.678379771828634e-05
4.328761281083062e-05
5.0941380148163754e-05
5.994842503189409e-05
7.054802310718646e-05
8.302175681319735e-05
9.770099572992247e-05
0.00011497569953977356
0.00013530477745798074
0.00015922827933410923
0.0001873817422860383
0.00022051307399030456
0.00025950242113997375
0.0003053855508833416
0.00035938136638046257
0.0004229242874389499
0.0004977023564332109
0.0005857020818056661
0.0006892612104349695
0.0008111308307896872
0.0009545484566618337
0.0011233240329780276
0.0013219411484660286
0.0015556761439304723
0.0018307382802953678
0.002154434690031882
0.0025353644939701114
0.0029836472402833374
0.003511191734215131
0.004132012400115334
0.004862601580065354
0.005722367659350214
0.006734150657750821
0.007924828983539169
0.0093260334688322
0.010974987654930556
0.01291549665014884
0.01519911082952933
0.01788649529057435
0.0210490414451202
0.02477076355991709
0.029150530628251757
0.034304692863149154
0.040370172585965536
0.047508101621027934
0.05590810182512223
0.06579332246575675
0.0774263682681127
0.09111627561154886
0.10722672220103231
0.1261856883066021
0.14849682622544635
0.1747528400007683
0.20565123083486514
0.24201282647943834
0.2848035868435799
0.3351602650938841
0.3944206059437656
0.46415888336127725
0.5462277217684337
0.642807311728432
0.7564633275546291
0.8902150854450375
1.0476157527896641
1.232846739442066
1.4508287784959402
1.7073526474706886
2.009233002565046
2.364489412645407
2.782559402207126
3.274549162877725
3.8535285937105273
4.534878508128582
5.3366992312063015
6.280291441834247
7.390722033525775
8.697490026177835
10.235310218990248
12.045035402587812
14.174741629268048
16.68100537200059
19.630406500402685
23.10129700083158
27.1858824273294
31.992671377973846
37.64935806792464
44.30621457583877
52.14008287999685
61.35907273413163
72.20809018385457
84.97534359086438
100.0
###
0.3301364162827514
0.31489016541332715
0.298524998108192
0.28151678030671534
0.26439176499751965
0.24764733380272025
0.23560610325732056
0.22053018561295076
0.20682063627569489
0.19466214048151298
1.3371969015155145
1.2289673082080985
1.1190592899243754
1.0106890163585387
0.9067102428018442
0.8092436970605026
0.7413241122413856
0.6583802783743201
0.5844285142558817
0.5193450019469263
2.167588864047103
1.9566696375386259
1.748015416586247
1.547094815771384
1.358574458726749
1.1853385449722205
1.0665339405438092
0.9234301087034948
0.7975018239530799
0.6877610248292474
2.902765433381096
2.5887692562228013
2.2833208505002918
1.9938314218155988
1.7262070109216006
1.4835754278564617
1.3189889830654031
1.1226814000453222
0.9515977383917245
0.8036988564566876
3.573632746266107
3.1579534364518613
2.758653981674009
2.3846783921284036
2.0427839753099533
1.735965534673071
1.5295704430075625
1.2851713049773497
1.0738960063798368
0.892673900037614
4.196510365258287
3.6810955652746715
3.1909039151256606
2.7361942450844614
2.3241001795105647
1.957320631564709
1.7122624742642714
1.423905350223686
1.1763248583479087
0.9652032965867787
4.781555085309132
4.168434302987697
3.59009065294176
3.0579132910566362
2.579147582913254
2.155916105278317
1.874778810285667
1.5457198273106592
1.2647800669514473
1.0264741284191814
5.3354306132699705
4.626725914499698
3.962840442784272
3.35602491318734
2.8136666423667758
2.3369711148969823
2.0219021787599103
1.654786949585561
1.3429619694522863
1.0796379725137382
5.863241479333646
5.060809449080879
4.313762142598222
3.6349406200006174
3.0314551230777744
2.503976084316538
2.1567779413742207
1.7538914140931356
1.4131720065824924
1.1266869539524835
6.36857705589055
5.474221011297018
4.64623084839054
3.8977314904746234
3.2355477407005058
2.6594214968585717
2.2816652304819893
1.8449034578453278
1.477026194014103
1.168939736670235
6.854215345381642
5.869686342009357
4.962720549827662
4.146755384492246
3.4279536302067695
2.805252419914997
2.3981867947987947
1.9292479069886537
1.5356982552254264
1.207303609742699
7.322569127498458
6.249541551772469
5.265438076272872
4.38395120888309
3.6102970866255175
2.9426928498847507
2.507630053536447
2.007973538387437
1.5900495893169333
1.242493341091432
7.775412087231831
6.615446271492947
5.55594360116752
4.610451233222722
3.783861415860138
3.0729332239193057
2.611029274186143
2.08188250081166
1.6407484349805157
1.2750343458469984
8.214271661279076
6.968969874551469
5.835541439081221
4.827941932517155
3.949967178813568
3.1968587715662107
2.7090371370536466
2.1516352897239486
1.6882899302310181
1.3052665452344339
8.640430484772228
7.31088638720537
6.1053297858927635
5.036954054587983
4.108697639918445
3.315191098149646
2.802361054431345
2.217732679358705
1.7330667693301427
1.3335482267948473