# ../data/BKevo/MVge_BKevo/mvge_89.dat
# N(r,Y=0), r, *FL(x,Q^2)
# 1e-05 < r < 100.0
# 1 < Q^2 < 50, n=15, lin grid
# 1e-5 < x < 1e-2, n=10, log grid
###
1.082840709592685e-12
1.5737418424934488e-12
2.3044645981900847e-12
3.3654758313765454e-12
4.89218810853809e-12
7.1490351026036604e-12
1.0443187938323165e-11
1.518262463206876e-11
2.2139978498352054e-11
3.234824383035026e-11
4.7033867556001896e-11
6.843917009588518e-11
1.0001191731727478e-10
1.4542599151024298e-10
2.1114019295519319e-10
3.085863283433244e-10
4.487267340520568e-10
6.500080149454837e-10
9.500966265598437e-10
1.381571269516679e-09
1.999972342030294e-09
2.918586208667909e-09
4.243916293813875e-09
6.142886778090002e-09
8.944440975186284e-09
1.3005684371187572e-08
1.8823239446262262e-08
2.734665195371911e-08
3.976341094637125e-08
5.754670798688564e-08
8.342189905752258e-08
1.2131187076541042e-07
1.7557837509427934e-07
2.540034945489182e-07
3.6948915423157575e-07
5.349480287517733e-07
7.72512685735036e-07
1.1245450969912298e-06
1.6293710949491955e-06
2.351394530576527e-06
3.4251114639845917e-06
4.96975921993757e-06
7.1830761797103896e-06
1.0461519927730157e-05
1.5213545820220877e-05
2.2040921861106266e-05
3.2119996003738376e-05
4.6853711672168035e-05
6.809097304532398e-05
9.934214020148645e-05
0.00014543983086691723
0.00021210864712755407
0.0003098537584982822
0.00045534545888997974
0.0006663871659200907
0.0009743805311900233
0.0014367671414510822
0.002108922447011694
0.0030841092480142656
0.00455915231345833
0.0067049623979182635
0.009815148591484359
0.014489572503620854
0.021303538927754107
0.031138391550108512
0.04569829564424833
0.06678032942793509
0.09669903708792665
0.13945171862662262
0.19909521055796323
0.27903099273334847
0.38274778773755413
0.5090387336176917
0.6496912565408246
0.787741341910394
0.8953652830463492
0.9634013108224888
0.9932382683261605
0.9991288802516833
0.9999530393505022
0.999999792262812
0.9999999997820926
0.9999999999999368
1.0
1.0
1.0
1.0
1.0
1.0
1.0
1.0
1.0
1.0
1.0
1.0
1.0
1.0
1.0
1.0
1.0
###
1e-05
1.1768119524349992e-05
1.3848863713938717e-05
1.6297508346206434e-05
1.917910261672489e-05
2.2570197196339216e-05
2.656087782946684e-05
3.1257158496882356e-05
3.678379771828634e-05
4.328761281083062e-05
5.0941380148163754e-05
5.994842503189409e-05
7.054802310718646e-05
8.302175681319735e-05
9.770099572992247e-05
0.00011497569953977356
0.00013530477745798074
0.00015922827933410923
0.0001873817422860383
0.00022051307399030456
0.00025950242113997375
0.0003053855508833416
0.00035938136638046257
0.0004229242874389499
0.0004977023564332109
0.0005857020818056661
0.0006892612104349695
0.0008111308307896872
0.0009545484566618337
0.0011233240329780276
0.0013219411484660286
0.0015556761439304723
0.0018307382802953678
0.002154434690031882
0.0025353644939701114
0.0029836472402833374
0.003511191734215131
0.004132012400115334
0.004862601580065354
0.005722367659350214
0.006734150657750821
0.007924828983539169
0.0093260334688322
0.010974987654930556
0.01291549665014884
0.01519911082952933
0.01788649529057435
0.0210490414451202
0.02477076355991709
0.029150530628251757
0.034304692863149154
0.040370172585965536
0.047508101621027934
0.05590810182512223
0.06579332246575675
0.0774263682681127
0.09111627561154886
0.10722672220103231
0.1261856883066021
0.14849682622544635
0.1747528400007683
0.20565123083486514
0.24201282647943834
0.2848035868435799
0.3351602650938841
0.3944206059437656
0.46415888336127725
0.5462277217684337
0.642807311728432
0.7564633275546291
0.8902150854450375
1.0476157527896641
1.232846739442066
1.4508287784959402
1.7073526474706886
2.009233002565046
2.364489412645407
2.782559402207126
3.274549162877725
3.8535285937105273
4.534878508128582
5.3366992312063015
6.280291441834247
7.390722033525775
8.697490026177835
10.235310218990248
12.045035402587812
14.174741629268048
16.68100537200059
19.630406500402685
23.10129700083158
27.1858824273294
31.992671377973846
37.64935806792464
44.30621457583877
52.14008287999685
61.35907273413163
72.20809018385457
84.97534359086438
100.0
###
0.2812432269190367
0.26476499297506034
0.2487447212731073
0.2336094106185634
0.21969319267437667
0.20724309320376733
0.19896826411664528
0.18943470186485245
0.18167077021216124
0.17570802702799518
1.0055392377026864
0.9045712291317822
0.8101442447885152
0.7235336582077531
0.6455260193727436
0.5763270621584756
0.5301072269891647
0.47572837121054284
0.42902673050278656
0.3894739725158405
1.5352331246560935
1.3518954263820546
1.1835098400443675
1.031610537471744
0.896599288615756
0.7779952818231284
0.6991943103645398
0.606490063920973
0.5267229988427291
0.4580315868524551
1.9747488889505291
1.7143561283174586
1.47826382186264
1.2676369909734104
1.0824227367483619
0.9209797650922356
0.8143216445669005
0.6893682414749452
0.5819031625898878
0.4893428938168499
2.3582190927695086
2.0255587244139637
1.7268885890803467
1.4628278123595435
1.2323601086096048
1.0330118165745155
0.9018953968552448
0.7490955760623526
0.618082278540016
0.5054670777892359
2.702287811954065
2.30143454823079
1.9443628754240645
1.6310956667353824
1.3593863805900404
1.1257035292474487
0.9728088112985455
0.7953837643101801
0.643874457769544
0.5141297757907334
3.0165983030870294
2.5510532083785504
2.1390734880000593
1.7798775057735963
1.4701397782010857
1.2051370668023114
1.032588560461395
0.8330154420549427
0.6633185265617384
0.5186049006728396
3.3074156049600565
2.780184755368108
2.316246045233322
1.9139331226147531
1.5687585880276051
1.2748368760146984
1.0840560103975718
0.8645738990382225
0.6786104054814581
0.5206223016962477
3.579085422603775
2.992761720809669
2.4794011104746385
2.036359140953549
1.657936430993485
1.3370769020858166
1.1297418131914747
0.8916846607613987
0.6909528187029308
0.5211110008955047
3.8347113835760522
3.191460969126066
2.6310390782882034
2.149320338591819
1.7394924917847512
1.3934138767330853
1.1705154620142801
0.9154452341642053
0.7011710944123818
0.5206176778971973
4.076573207817409
3.3786635495005704
2.7730014892067967
2.2544135381062764
1.8148298798983755
1.4449518848003382
1.2074859371499378
0.936538653321427
0.7098043119903078
0.5194089107695656
4.30666565109896
3.555870911812862
2.9068512394876946
2.352838995143511
1.8849002796808096
1.4925415901357564
1.2413037183383315
0.9555145349297066
0.7172095571601099
0.517914514543356
4.526366802803155
3.724365661121537
3.033413877130002
2.4454915170219715
1.950520545174566
1.536735154663995
1.272476762528834
0.9727468184976619
0.7236540904256904
0.5160647467427621
4.736858326152295
3.8851811072582754
3.1537256803173968
2.533230362556287
2.0122592502937544
1.5780480987440433
1.3014433407607162
0.9885248913790669
0.7292954144675872
0.5140289464258245
4.939114345461767
4.039493535520887
3.268492078444541
2.616538514408682
2.0706435198017226
1.6168640320539853
1.3284959381855403
1.0028027372851678
0.7343054218399562
0.5118732268129018