# datat/BKevo/MVg_BKevo/mvg5.dat
# N(r,Y=0), r, *FL(x,Q^2)
# 1e-05 < r < 100.0
# 1 < Q^2 < 50, n=15, log grid
# 1e-5 < x < 1e-2, n=10, log grid
###
8.931945411956005e-14
1.297616394394732e-13
1.9003996035320922e-13
2.7749263223607827e-13
4.0338473854548637e-13
5.894996308194877e-13
8.611881965013068e-13
1.251943649726687e-12
1.825621753688985e-12
2.6673088209130904e-12
3.878085620278301e-12
5.642860912348033e-12
8.245683497396687e-12
1.1989356433655779e-11
1.7405979237668723e-11
2.5437325781571274e-11
3.6986059176548886e-11
5.3571105243419066e-11
7.829291517877736e-11
1.138314641946305e-10
1.6475464502404047e-10
2.40374612536823e-10
3.4943764363317124e-10
5.0564490278126e-10
7.359719047658313e-10
1.069660768897792e-09
1.547333057000239e-09
2.2465452687036877e-09
3.264066626215443e-09
4.719676815136724e-09
6.834468067771726e-09
9.92553295624864e-09
1.4343899115684554e-08
2.071377075292512e-08
3.00641462927606e-08
4.341660984250684e-08
6.25140473302775e-08
9.066296464694349e-08
1.3081290732329744e-07
1.8789053947305792e-07
2.7204680962791243e-07
3.920863813864831e-07
5.624794796581419e-07
8.116907087925596e-07
1.1682369620582893e-06
1.6734347549244132e-06
2.4061275225179363e-06
3.457203230288548e-06
4.943304358199776e-06
7.079780156832781e-06
1.01515970775135e-05
1.4483835852881223e-05
2.0655472561910882e-05
2.9545026205804402e-05
4.204560564293853e-05
5.9686954940107334e-05
8.513134773254576e-05
0.00012079572032654162
0.00017064856632755578
0.00024262510375748706
0.00034317390876530384
0.0004831533100288457
0.0006836555746153501
0.0009639407629610712
0.0013530620558980845
0.00190582232669804
0.0026802444135695168
0.0037537240179598584
0.005268588433243018
0.007399292633895889
0.010353225267666414
0.014501070748285634
0.0203661038254317
0.02850215773267169
0.03986000431646857
0.05595772103483978
0.07817907252948389
0.10873381130660736
0.15136873004904658
0.20854645839837355
0.2836349952100805
0.38027713436178695
0.49691434245437566
0.628645511855737
0.7592480259567793
0.8709108793637276
0.9494369735525668
0.9864606320092069
0.9976884693142116
0.9998428212404935
0.9999982654711038
0.9999999864761445
0.9999999999847157
1.0
1.0
1.0
1.0
1.0
1.0
1.0
###
1e-05
1.1768119524349992e-05
1.3848863713938717e-05
1.6297508346206434e-05
1.917910261672489e-05
2.2570197196339216e-05
2.656087782946684e-05
3.1257158496882356e-05
3.678379771828634e-05
4.328761281083062e-05
5.0941380148163754e-05
5.994842503189409e-05
7.054802310718646e-05
8.302175681319735e-05
9.770099572992247e-05
0.00011497569953977356
0.00013530477745798074
0.00015922827933410923
0.0001873817422860383
0.00022051307399030456
0.00025950242113997375
0.0003053855508833416
0.00035938136638046257
0.0004229242874389499
0.0004977023564332109
0.0005857020818056661
0.0006892612104349695
0.0008111308307896872
0.0009545484566618337
0.0011233240329780276
0.0013219411484660286
0.0015556761439304723
0.0018307382802953678
0.002154434690031882
0.0025353644939701114
0.0029836472402833374
0.003511191734215131
0.004132012400115334
0.004862601580065354
0.005722367659350214
0.006734150657750821
0.007924828983539169
0.0093260334688322
0.010974987654930556
0.01291549665014884
0.01519911082952933
0.01788649529057435
0.0210490414451202
0.02477076355991709
0.029150530628251757
0.034304692863149154
0.040370172585965536
0.047508101621027934
0.05590810182512223
0.06579332246575675
0.0774263682681127
0.09111627561154886
0.10722672220103231
0.1261856883066021
0.14849682622544635
0.1747528400007683
0.20565123083486514
0.24201282647943834
0.2848035868435799
0.3351602650938841
0.3944206059437656
0.46415888336127725
0.5462277217684337
0.642807311728432
0.7564633275546291
0.8902150854450375
1.0476157527896641
1.232846739442066
1.4508287784959402
1.7073526474706886
2.009233002565046
2.364489412645407
2.782559402207126
3.274549162877725
3.8535285937105273
4.534878508128582
5.3366992312063015
6.280291441834247
7.390722033525775
8.697490026177835
10.235310218990248
12.045035402587812
14.174741629268048
16.68100537200059
19.630406500402685
23.10129700083158
27.1858824273294
31.992671377973846
37.64935806792464
44.30621457583877
52.14008287999685
61.35907273413163
72.20809018385457
84.97534359086438
100.0
###
0.11949223339380945
0.10013202420400949
0.08305574708774989
0.06824851378008899
0.05554868714517683
0.04476519713310001
0.03779829322773543
0.029804787751003814
0.023083071388839946
0.017418009895922987
0.3219687851795877
0.2554643380809864
0.2001208412526399
0.15470409259113982
0.11781541415934435
0.08812606648001606
0.06984617745947555
0.04986730658651255
0.03406638080188836
0.02162690993133187
0.4435210214233804
0.34474074426800555
0.26432908487831164
0.19972688021402202
0.1483693273279021
0.10792841707803834
0.08351950032137631
0.05743771342065558
0.037368681381368604
0.022077199801064144
0.5364707171553093
0.41172766702480595
0.3115616495127178
0.23213516511161258
0.16983226675377774
0.12144921780141112
0.09262078454101275
0.06224101073706358
0.03928450566176529
0.022164830609918595
0.6135901665979124
0.4666640354444212
0.3498060626922799
0.2580232977036525
0.18671777205895845
0.13189783478083628
0.09954197285382832
0.06579107745627198
0.0406261022301548
0.02215749506426155
0.680384434798058
0.5138162281765499
0.38233596450334334
0.27982336441530214
0.2007846593595999
0.14049195450596727
0.10517033129861891
0.0686207263330224
0.04165592059210857
0.022116790004636535
0.7397664404969158
0.5554662167628184
0.41086187309289257
0.2987994263684927
0.2129209974291167
0.14783432387567624
0.10993647916006039
0.07098024465190887
0.042490718216662
0.022063542398477336
0.7935364325592489
0.5929644762291205
0.4363990804580813
0.31567727660576017
0.2236429333659506
0.15426834776572207
0.11408364048599293
0.07300800943113873
0.04319193766420151
0.02200556524787166
0.8428638801761709
0.6272078739015892
0.45960490151264155
0.3309332574599501
0.23327784968317708
0.16001149597568526
0.11776350025733194
0.074789008931235
0.04379153893476979
0.021946558609845332
0.8885772490926448
0.6588148444556654
0.4809355681029522
0.34489115896988476
0.2420471823404334
0.16520938614678002
0.12107699588262977
0.07637860110290413
0.04432684560121193
0.021888234928901865
0.9312786805148607
0.6882347488775222
0.5007138051635331
0.35778416298134674
0.2501118871876358
0.16996500641574272
0.12409505903269276
0.07781556912421612
0.044800018597483386
0.02183120774150893
0.9714207360011756
0.7158056161147323
0.5191876332122247
0.36978364988474455
0.2575940283592782
0.17435382758877524
0.12686939093799843
0.07912755481214538
0.04522688890557223
0.021776069387781018
1.009363568669685
0.7417888292276981
0.5365457691024711
0.3810223136359848
0.264571811826424
0.17843338728820266
0.12943909339727694
0.08033546965266658
0.04561561495285395
0.021722759601301222
1.0453807699770286
0.7663911430942725
0.5529368968889121
0.3916039604288816
0.27112058534255845
0.18224806369123997
0.13183371680159153
0.08145514605792552
0.045972451855496956
0.021671475633199575
1.0797032469216494
0.7897794322610375
0.5684805446769078
0.4016145516779895
0.2772960360756618
0.18583322803250607
0.13407838701983305
0.08249918005087717
0.04630223831784341
0.02162199355256634