# ../data/BKevo/MVge_BKevo/mvge_93.dat
# N(r,Y=0), r, *FL(x,Q^2)
# 1e-05 < r < 100.0
# 1 < Q^2 < 50, n=15, lin grid
# 1e-5 < x < 1e-2, n=10, log grid
###
1.110223024625157e-16
1.110223024625157e-16
2.220446049250313e-16
3.465264362037679e-16
5.425281964736731e-16
9.76765387773107e-16
1.615981281818129e-15
2.6291479819796047e-15
4.3949874879593625e-15
7.277152216046033e-15
1.199116518839158e-14
1.9918329780907928e-14
3.327645750841839e-14
5.5047568394618465e-14
9.0783457624939e-14
1.5179887899649266e-13
2.511746701601824e-13
4.1239118240245096e-13
6.905676705093603e-13
1.1434113824167415e-12
1.8756821001490976e-12
3.132700828603442e-12
5.190635976997704e-12
8.519268097919713e-12
1.4171575532838894e-11
2.3497740514922413e-11
3.858237625141667e-11
6.391446391677522e-11
1.0604671309406731e-10
1.741915638685047e-10
2.8732224869669556e-10
4.770264185129361e-10
7.838352850237483e-10
1.2871971316880042e-09
2.13839728949437e-09
3.5149528309814524e-09
5.746153012108471e-09
9.55226439492904e-09
1.5707485948490897e-08
2.5599268050748863e-08
4.252637781417287e-08
6.996713624818289e-08
1.1407277699267282e-07
1.887848530117982e-07
3.10871739796541e-07
5.072239779824169e-07
8.365810943902076e-07
1.379612484723066e-06
2.2541721364085995e-06
3.7076501777465326e-06
6.128817848005111e-06
1.0037547975545364e-05
1.6478466467925027e-05
2.7335728809834594e-05
4.492564116193703e-05
7.367936602977441e-05
0.00012280363250822727
0.00020273863150995947
0.00033235641646868974
0.0005570220624691613
0.0009242528706498578
0.0015211950936628404
0.002552082682863414
0.004254025511601276
0.007027168772403201
0.011768542099806913
0.019647853736493574
0.03242870431993204
0.05378385621139617
0.08879114621576917
0.14362795756760882
0.2285010054858562
0.3532708608231824
0.5172961271424059
0.7044590361846647
0.8652888303056957
0.9632581590152435
0.996876043731446
0.9998658212196027
0.9999988620839474
0.999999999838455
1.0
1.0
1.0
1.0
1.0
1.0
1.0
1.0
1.0
1.0
1.0
1.0
1.0
1.0
1.0
1.0
1.0
1.0
1.0
###
1e-05
1.1768119524349992e-05
1.3848863713938717e-05
1.6297508346206434e-05
1.917910261672489e-05
2.2570197196339216e-05
2.656087782946684e-05
3.1257158496882356e-05
3.678379771828634e-05
4.328761281083062e-05
5.0941380148163754e-05
5.994842503189409e-05
7.054802310718646e-05
8.302175681319735e-05
9.770099572992247e-05
0.00011497569953977356
0.00013530477745798074
0.00015922827933410923
0.0001873817422860383
0.00022051307399030456
0.00025950242113997375
0.0003053855508833416
0.00035938136638046257
0.0004229242874389499
0.0004977023564332109
0.0005857020818056661
0.0006892612104349695
0.0008111308307896872
0.0009545484566618337
0.0011233240329780276
0.0013219411484660286
0.0015556761439304723
0.0018307382802953678
0.002154434690031882
0.0025353644939701114
0.0029836472402833374
0.003511191734215131
0.004132012400115334
0.004862601580065354
0.005722367659350214
0.006734150657750821
0.007924828983539169
0.0093260334688322
0.010974987654930556
0.01291549665014884
0.01519911082952933
0.01788649529057435
0.0210490414451202
0.02477076355991709
0.029150530628251757
0.034304692863149154
0.040370172585965536
0.047508101621027934
0.05590810182512223
0.06579332246575675
0.0774263682681127
0.09111627561154886
0.10722672220103231
0.1261856883066021
0.14849682622544635
0.1747528400007683
0.20565123083486514
0.24201282647943834
0.2848035868435799
0.3351602650938841
0.3944206059437656
0.46415888336127725
0.5462277217684337
0.642807311728432
0.7564633275546291
0.8902150854450375
1.0476157527896641
1.232846739442066
1.4508287784959402
1.7073526474706886
2.009233002565046
2.364489412645407
2.782559402207126
3.274549162877725
3.8535285937105273
4.534878508128582
5.3366992312063015
6.280291441834247
7.390722033525775
8.697490026177835
10.235310218990248
12.045035402587812
14.174741629268048
16.68100537200059
19.630406500402685
23.10129700083158
27.1858824273294
31.992671377973846
37.64935806792464
44.30621457583877
52.14008287999685
61.35907273413163
72.20809018385457
84.97534359086438
100.0
###
0.2471151215679969
0.22986456951499248
0.2137494842964163
0.1990910862325357
0.18610642391448742
0.17491957310780823
0.1677466537932933
0.1598186440662738
0.15375969675397755
0.14955386403709456
0.8140367350395823
0.7186046864501217
0.6320930491222803
0.5550105601428293
0.48726116023952715
0.42839681962967485
0.3896612918436363
0.3445949229005677
0.3062775378229018
0.2739145301626053
1.1999310511431809
1.0340229988514795
0.8861375933122076
0.7563029919766379
0.6433365944369024
0.5458284770313389
0.4817652077313144
0.4070015776982195
0.3427116338385657
0.2872007036202014
1.5093381504454704
1.28034012250854
1.0786487782142062
0.9033700012507825
0.7521927299050069
0.6227369631327665
0.5381144115548313
0.43960299186899804
0.35499654693248717
0.28178160856318507
1.7734235511404552
1.486927333339953
1.2369991326702605
1.0214688591711922
0.8371285958988295
0.6801763944108291
0.5782269691998163
0.4600553655010645
0.3590040630504155
0.2718732312808561
2.0066312317554797
1.6670276015068792
1.372999180695845
1.1211753038740324
0.9072714491653484
0.726307686427319
0.609255268671854
0.4743205289783301
0.35957120888737776
0.26117751182610716
2.2170754590282793
1.8279144500973672
1.493124398523811
1.208164508795746
0.9673947006164121
0.7648995629065376
0.6345496206365698
0.48500976398947715
0.3585571351145318
0.2508388563227811
2.4098394107032477
1.9740880177443194
1.601269571545527
1.2856022815223445
1.0202578993241604
0.7982120568938509
0.655921662813481
0.4934397770006426
0.3568349584198586
0.24120608709656122
2.588416580346316
2.1085663954346296
1.6999869447457718
1.3556678018162156
1.0675711234001637
0.8275933310722305
0.674452344821091
0.5003474005730947
0.354784853698225
0.23235038185804258
2.7552558771104145
2.2334812635740247
1.7910589723519839
1.419834682658823
1.1104969938446365
0.8539200840968514
0.6908333923648574
0.50617724987357
0.3526238098513091
0.2242424051765398
2.912190326398117
2.3503406673324236
1.8757915857311442
1.479127356627586
1.1498660574007553
0.8778212679732016
0.7055390961049832
0.5112135188773554
0.3504390391957188
0.2168207896656416
3.060625930129478
2.460359138154659
1.9551621589352712
1.534359202648278
1.1863030870969744
0.8997418540796374
0.718883356200093
0.5156377569088432
0.3482997393939143
0.21001394246812408
3.201807671879512
2.56446331957026
2.029924591330447
1.5861216317386984
1.2202312519914431
0.9200042743432656
0.7311241113056008
0.5196013062270687
0.3462356848417807
0.20375428837706416
3.3363626668297344
2.6633924627812084
2.100672727114317
1.6348874763146515
1.2520258028049243
0.938866692402668
0.7424397727047642
0.5231944131056212
0.3442612753669075
0.1979805183845475
3.4651396459020884
2.7577472558936167
2.1679234091451405
1.6810348457049609
1.2819696775515412
0.9565264563963883
0.752973893702072
0.5264723943840622
0.3423815675334059
0.19263800845879606