# ../data/BKevo/MVge_BKevo/mvge_80.dat
# N(r,Y=0), r, *FL(x,Q^2)
# 1e-05 < r < 100.0
# 1 < Q^2 < 50, n=15, lin grid
# 1e-5 < x < 1e-2, n=10, log grid
###
0.00022406462727610503
0.00025209214948225756
0.0002834369370360402
0.00031866993926002365
0.00035833564783737813
0.0004027267072335375
0.00045252748515494485
0.0005085569125676552
0.0005713036253405892
0.0006415540076499527
0.0007205349000685462
0.000809043953379857
0.0009079269704294848
0.0010190151651201585
0.0011435882509103852
0.001282453907564144
0.0014383363506382044
0.0016132608592245535
0.0018078079924646506
0.002026018592800232
0.002270783358433747
0.0025429615617742546
0.0028476932713850495
0.0031892490463184173
0.0035693276170701083
0.003993973360868496
0.004469639288452868
0.004999459096754529
0.00559028939575553
0.0062518897872257005
0.006989820601869936
0.007811544235551503
0.008731860421678025
0.009760395020279337
0.010904943303133083
0.01218801346935158
0.013625944725898962
0.015226657775089714
0.01702439030105499
0.019045402574365683
0.02130035349032831
0.023838340566296558
0.026699161148451257
0.029905615921032153
0.03351983703664071
0.03760388433186573
0.042198662138214084
0.0473814249519662
0.05324558718233374
0.059856757401344635
0.06730618901977482
0.07573005221094434
0.08522586140031986
0.09588879917332528
0.10791219710194173
0.12143307676677045
0.13651970262098584
0.15343985269755592
0.1723765148735391
0.19329657645046058
0.21656085805171535
0.24235518825078106
0.27052414620537113
0.3014042842233202
0.33515787364491045
0.37141904110641333
0.4103226246984133
0.4519593559204469
0.4956351628403597
0.5410110705032349
0.5880874041572308
0.6357961627989566
0.6830317901521543
0.7298402207159074
0.7749785874662559
0.8165530307657359
0.8550614135109422
0.8896303448956767
0.9181947267934916
0.9421578470716989
0.961462201472837
0.9751723819253255
0.9850610022582406
0.9918106258237032
0.9957316451956092
0.9979634666674523
0.9991606390235541
0.9996834498791579
0.9998912825954374
0.9999702236918123
0.9999932542157518
0.9999985363650001
0.9999997722152943
0.9999999775142504
0.9999999974246377
0.9999999998111221
0.999999999995281
0.9999999999997806
0.999999999999994
1.0
###
1e-05
1.1768119524349992e-05
1.3848863713938717e-05
1.6297508346206434e-05
1.917910261672489e-05
2.2570197196339216e-05
2.656087782946684e-05
3.1257158496882356e-05
3.678379771828634e-05
4.328761281083062e-05
5.0941380148163754e-05
5.994842503189409e-05
7.054802310718646e-05
8.302175681319735e-05
9.770099572992247e-05
0.00011497569953977356
0.00013530477745798074
0.00015922827933410923
0.0001873817422860383
0.00022051307399030456
0.00025950242113997375
0.0003053855508833416
0.00035938136638046257
0.0004229242874389499
0.0004977023564332109
0.0005857020818056661
0.0006892612104349695
0.0008111308307896872
0.0009545484566618337
0.0011233240329780276
0.0013219411484660286
0.0015556761439304723
0.0018307382802953678
0.002154434690031882
0.0025353644939701114
0.0029836472402833374
0.003511191734215131
0.004132012400115334
0.004862601580065354
0.005722367659350214
0.006734150657750821
0.007924828983539169
0.0093260334688322
0.010974987654930556
0.01291549665014884
0.01519911082952933
0.01788649529057435
0.0210490414451202
0.02477076355991709
0.029150530628251757
0.034304692863149154
0.040370172585965536
0.047508101621027934
0.05590810182512223
0.06579332246575675
0.0774263682681127
0.09111627561154886
0.10722672220103231
0.1261856883066021
0.14849682622544635
0.1747528400007683
0.20565123083486514
0.24201282647943834
0.2848035868435799
0.3351602650938841
0.3944206059437656
0.46415888336127725
0.5462277217684337
0.642807311728432
0.7564633275546291
0.8902150854450375
1.0476157527896641
1.232846739442066
1.4508287784959402
1.7073526474706886
2.009233002565046
2.364489412645407
2.782559402207126
3.274549162877725
3.8535285937105273
4.534878508128582
5.3366992312063015
6.280291441834247
7.390722033525775
8.697490026177835
10.235310218990248
12.045035402587812
14.174741629268048
16.68100537200059
19.630406500402685
23.10129700083158
27.1858824273294
31.992671377973846
37.64935806792464
44.30621457583877
52.14008287999685
61.35907273413163
72.20809018385457
84.97534359086438
100.0
###
0.3943536360233628
0.39260279598243003
0.3890083302778187
0.3821924794774851
0.3704935620039449
0.3525388473345416
0.334674826523092
0.3056058863916857
0.2724961235384624
0.23781549756913803
1.9116502481561173
1.8917367667582001
1.853964206924405
1.7885612469113565
1.686825321705109
1.5458454126018442
1.4176614397439977
1.2272328943599011
1.0308541095458212
0.843882495809161
3.421673175674289
3.3730072311834953
3.2841045449181654
3.1361132240584726
2.9157094965556998
2.623419137094983
2.3676410631908666
2.001606856994082
1.639017173336762
1.3068140545237303
4.923459419898631
4.838845888710563
4.688066321197173
4.443842654074143
4.0905429049833195
3.6341593380445385
3.2449807160108097
2.701192936964377
2.17600902010932
1.706264449883908
6.418082177014911
6.291905780535378
6.071248828883516
5.721020501070332
5.224129721261024
4.5976594151803525
4.072412381474444
3.3513563838903324
2.667530109508603
2.066449973818162
7.906382927801357
7.7339675551647975
7.4369911953090115
6.973269826445609
6.326355528824562
5.524635578870365
4.8619970092574745
3.9646939248359763
3.126271045231064
2.3988435167419953
9.38898415022316
9.166306909230412
8.787633839287334
8.20437847381308
7.402360069427691
6.421904291398562
5.621284017320851
4.549350052457661
3.5595389676272142
2.710217509091484
10.866372619208168
10.589889997739562
10.124899569476012
9.417069345128377
8.455532354753256
7.294108776648137
6.355359758389392
5.110392643301071
3.9723158782069246
3.00468259771948
12.33890449210035
12.00547880036324
11.450114155737603
10.613412775041164
9.489048760273896
8.144674744247567
7.067929941140698
5.6515713245214405
4.368042217168054
3.2853905529424723
13.806984262323144
13.413693129768083
12.764344466096464
11.795132420694276
10.504882937644552
8.976572818615
7.761565947338627
6.175649875495969
4.749217423867066
3.5544223387605536
15.270823077770778
14.815048835905968
14.068467091964813
12.963409165937687
11.504648959529092
9.791586366568282
8.438697119436313
6.684760283393989
5.117790396498959
3.8134098312398774
16.730670098853853
16.209983528753405
15.363217094884027
14.119406463383894
12.490097895711612
10.59117107297178
9.101108331590066
7.1806046344721794
5.475277543178539
4.063625061206039
18.18672872825996
17.598873951559153
16.649023256746926
15.263821914851047
13.462332197256186
11.377059518778415
9.750073066142596
7.664561933260474
5.822900420776061
4.306083658529434
19.639177965893793
18.98285907007721
17.9267901740098
16.39783270459322
14.422372588215337
12.150327582330204
10.386657844052817
8.137827522120183
6.16163785218495
4.541614829491102
21.08817675921984
20.360686120670977
19.19682240145685
17.521953832479422
15.371095112780813
12.912609005087326
11.01223344264392
8.601163190986954
6.492368676906111
4.770898849496809