# datat/BKevo/MVg_BKevo/mvg52.dat
# N(r,Y=0), r, *FL(x,Q^2)
# 1e-05 < r < 100.0
# 1 < Q^2 < 50, n=15, log grid
# 1e-5 < x < 1e-2, n=10, log grid
###
0.0
1.0419178359922891e-16
1.3845597457205747e-16
2.220446049250313e-16
3.2048359154864186e-16
5.994049963490691e-16
1.0041270390519623e-15
1.6848508521606961e-15
2.73932385459722e-15
4.595204928890452e-15
7.640025367787084e-15
1.2585525154085505e-14
2.1045169902423e-14
3.473962380133013e-14
5.725545562979169e-14
9.577785419731398e-14
1.584682001511076e-13
2.602282443103122e-13
4.35721703128973e-13
7.213944415180027e-13
1.1834566168670703e-12
1.976462589924883e-12
3.274590996703347e-12
5.3740780348168964e-12
8.938819029309326e-12
1.4819724288473616e-11
2.4330425238191114e-11
4.0298595481150447e-11
6.685057634712869e-11
1.0978459155461221e-10
1.810370960604703e-10
3.004663505609163e-10
4.935309908448437e-10
8.1009858664886e-10
1.345018397455708e-09
2.2093961361662933e-09
3.609099502599993e-09
5.993582741995012e-09
9.844402002023296e-09
1.602307293715604e-08
2.6571473250130175e-08
4.3630512395177384e-08
7.097494838099258e-08
1.1711558331057438e-07
1.9220126641630243e-07
3.12407000727078e-07
5.127793305828053e-07
8.408377820780754e-07
1.3652027303386493e-06
2.2282023791622673e-06
3.6494515477202174e-06
5.916757540810745e-06
9.599058459502414e-06
1.569735582566628e-05
2.540340480875659e-05
4.095130805103258e-05
6.683771012616165e-05
0.00010792946675981468
0.00017282925066332624
0.0002814402411986022
0.0004533582871410419
0.0007237049871907531
0.0011712856148710393
0.0018819697434478597
0.0029963473316885207
0.004817131934909486
0.00771929835414805
0.012253974553461245
0.01955314841165407
0.031191144492573368
0.04920337868391857
0.07744110312107078
0.12153278479332535
0.18700506114822185
0.28183287650568
0.41292691300598505
0.5747209237752399
0.7489018424298489
0.8880656856794117
0.9691993250702563
0.9971517322069487
0.9998762335177972
0.9999986443017124
0.9999999991958137
1.0
1.0
1.0
1.0
1.0
1.0
1.0
1.0
1.0
1.0
1.0
1.0
1.0
1.0
1.0
1.0
###
1e-05
1.1768119524349992e-05
1.3848863713938717e-05
1.6297508346206434e-05
1.917910261672489e-05
2.2570197196339216e-05
2.656087782946684e-05
3.1257158496882356e-05
3.678379771828634e-05
4.328761281083062e-05
5.0941380148163754e-05
5.994842503189409e-05
7.054802310718646e-05
8.302175681319735e-05
9.770099572992247e-05
0.00011497569953977356
0.00013530477745798074
0.00015922827933410923
0.0001873817422860383
0.00022051307399030456
0.00025950242113997375
0.0003053855508833416
0.00035938136638046257
0.0004229242874389499
0.0004977023564332109
0.0005857020818056661
0.0006892612104349695
0.0008111308307896872
0.0009545484566618337
0.0011233240329780276
0.0013219411484660286
0.0015556761439304723
0.0018307382802953678
0.002154434690031882
0.0025353644939701114
0.0029836472402833374
0.003511191734215131
0.004132012400115334
0.004862601580065354
0.005722367659350214
0.006734150657750821
0.007924828983539169
0.0093260334688322
0.010974987654930556
0.01291549665014884
0.01519911082952933
0.01788649529057435
0.0210490414451202
0.02477076355991709
0.029150530628251757
0.034304692863149154
0.040370172585965536
0.047508101621027934
0.05590810182512223
0.06579332246575675
0.0774263682681127
0.09111627561154886
0.10722672220103231
0.1261856883066021
0.14849682622544635
0.1747528400007683
0.20565123083486514
0.24201282647943834
0.2848035868435799
0.3351602650938841
0.3944206059437656
0.46415888336127725
0.5462277217684337
0.642807311728432
0.7564633275546291
0.8902150854450375
1.0476157527896641
1.232846739442066
1.4508287784959402
1.7073526474706886
2.009233002565046
2.364489412645407
2.782559402207126
3.274549162877725
3.8535285937105273
4.534878508128582
5.3366992312063015
6.280291441834247
7.390722033525775
8.697490026177835
10.235310218990248
12.045035402587812
14.174741629268048
16.68100537200059
19.630406500402685
23.10129700083158
27.1858824273294
31.992671377973846
37.64935806792464
44.30621457583877
52.14008287999685
61.35907273413163
72.20809018385457
84.97534359086438
100.0
###
0.20356437576169029
0.18392693062732415
0.16578022726269553
0.14932806064182777
0.13469044269813335
0.12188366157538558
0.11345239397416666
0.10370091300681505
0.09556039393193663
0.08892269000294364
0.6202538627446985
0.52891573681754
0.44796309208923507
0.3771762450837784
0.3158933788832809
0.26320526622409174
0.22869025104348167
0.18852714757666028
0.15392796308161674
0.12408765332803665
0.8892365878768383
0.740000449741224
0.6105006678130804
0.49933489731618275
0.40475180654760573
0.3247122826449528
0.272950954671773
0.21333755597209317
0.1627592175383968
0.1195408519695429
1.1004726849494952
0.9017796499529442
0.7316453895644232
0.5875244860504951
0.4664310106499344
0.36516824234057504
0.3003876190322735
0.2265853064200519
0.16478702473947174
0.11273745992373396
1.2785164186584237
1.036066335216104
0.8304795954755751
0.6580280917083787
0.5145230941238846
0.3957100803213321
0.3203725578132031
0.23534053258985815
0.1649719821468891
0.1065062385882003
1.4343669553085918
1.1522195879228154
0.9148907503381882
0.717405261299951
0.5543511148947512
0.4204416927304899
0.33616784039343456
0.24181297489329232
0.16453780159988066
0.10111518796169308
1.5740660397702786
1.2554069951679345
0.9891724504662177
0.7690735151179353
0.588561725178884
0.44133709309593083
0.34928247998084194
0.24693931392316926
0.16388746688158892
0.09647141928811813
1.701369323760533
1.3487551358321757
1.0558307419002753
0.8150357403772301
0.6186828282556519
0.4594970902682168
0.36053135177339807
0.2511831896413494
0.1631768271415809
0.09244146535314607
1.8187764359664282
1.4343160540788915
1.1165262292148284
0.8565801571168237
0.6456790713851385
0.4756037674076722
0.37040411132461315
0.25481256628425164
0.16246994916131446
0.08891039015642369
1.9280590851401427
1.513535822093681
1.1724051831877185
0.8945889033913837
0.6702135332387974
0.4901114804400048
0.37922137002933903
0.25798937561120694
0.1617903342803564
0.08578647412134349
2.0305838384656187
1.5874676634764189
1.2242979127293465
0.929694594048564
0.6927237732915273
0.5033295086057177
0.387199874988611
0.260818261756869
0.16114929202233472
0.08299813763632434
2.127234767236469
1.6569235956425927
1.2728267917010325
0.962368225951215
0.7135616573675193
0.5154856669887391
0.39449587751612786
0.26337419057727995
0.1605512479941625
0.08048433702231905
2.2188418495409548
1.7225027318541613
1.3184748009400946
0.9929917072241837
0.7329850644739894
0.526756891795399
0.40122320482552715
0.26570807498559007
0.15999476557835182
0.07821655954667954
2.3060276286043377
1.7847106972689546
1.3616210093105514
1.021803565106244
0.7511947878753568
0.5372718500492164
0.40747428616097864
0.2678583828374621
0.15947820961142975
0.07613838078578564
2.389298667826288
1.8439452182542626
1.4025713969747058
1.04905588702921
0.7683503737802141
0.5471331672710477
0.4133137345130763
0.2698571503463876
0.15899583689290475
0.07424359230009697