# ../data/BKevo/MVge_BKevo/mvge_69.dat
# N(r,Y=0), r, *FL(x,Q^2)
# 1e-05 < r < 100.0
# 1 < Q^2 < 50, n=15, lin grid
# 1e-5 < x < 1e-2, n=10, log grid
###
0.0
1.0419178359922891e-16
1.3845597457205747e-16
2.220446049250313e-16
3.2048359154864186e-16
5.994049963490691e-16
1.0041270390519623e-15
1.6848508521606961e-15
2.73932385459722e-15
4.595204928890452e-15
7.640025367787084e-15
1.2585525154085505e-14
2.1045169902423e-14
3.473962380133013e-14
5.726193333104109e-14
9.588887649977654e-14
1.5857922245357015e-13
2.603419025306263e-13
4.360898517074358e-13
7.220491142676438e-13
1.1847673249543805e-12
1.979069764174376e-12
3.279806286014788e-12
5.3842421138704485e-12
8.95911188863137e-12
1.4860129860663945e-11
2.440921785970281e-11
4.045523347898008e-11
6.716277520183831e-11
1.103940591128829e-10
1.822386490619124e-10
3.02864776361179e-10
4.982167442112389e-10
8.192509632852686e-10
1.3633030060904338e-09
2.2451071048894313e-09
3.6781023119687723e-09
6.1313601032699875e-09
1.0113000455929186e-08
1.6537153745570957e-08
2.7592246354719848e-08
4.56128603353709e-08
7.475058797746569e-08
1.2450330502145014e-07
2.0645856842636126e-07
3.39367223655686e-07
5.646427611064823e-07
9.400628524787595e-07
1.5510929009038514e-06
2.579177436683428e-06
4.313914649778308e-06
7.148243497831649e-06
1.1879616157123496e-05
1.9966057390355534e-05
3.322648387776221e-05
5.5166431866027735e-05
9.314800683752524e-05
0.0001556280071311672
0.0002579656546087645
0.0004373741465560916
0.0007332352255771459
0.001217986923561763
0.002062371757590233
0.003466033944385875
0.005767015349156817
0.009726844944725034
0.016345616902528233
0.027140806880433035
0.04530107861797228
0.07531260818192757
0.12278497035612036
0.1973854860196591
0.3097492638337988
0.462577633594291
0.6468302250678607
0.8211892097384154
0.9421963573710664
0.9928817721183292
0.9995450697718389
0.9999931152244581
0.9999999976783632
0.9999999999999998
1.0
1.0
1.0
1.0
1.0
1.0
1.0
1.0
1.0
1.0
1.0
1.0
1.0
1.0
1.0
1.0
1.0
1.0
###
1e-05
1.1768119524349992e-05
1.3848863713938717e-05
1.6297508346206434e-05
1.917910261672489e-05
2.2570197196339216e-05
2.656087782946684e-05
3.1257158496882356e-05
3.678379771828634e-05
4.328761281083062e-05
5.0941380148163754e-05
5.994842503189409e-05
7.054802310718646e-05
8.302175681319735e-05
9.770099572992247e-05
0.00011497569953977356
0.00013530477745798074
0.00015922827933410923
0.0001873817422860383
0.00022051307399030456
0.00025950242113997375
0.0003053855508833416
0.00035938136638046257
0.0004229242874389499
0.0004977023564332109
0.0005857020818056661
0.0006892612104349695
0.0008111308307896872
0.0009545484566618337
0.0011233240329780276
0.0013219411484660286
0.0015556761439304723
0.0018307382802953678
0.002154434690031882
0.0025353644939701114
0.0029836472402833374
0.003511191734215131
0.004132012400115334
0.004862601580065354
0.005722367659350214
0.006734150657750821
0.007924828983539169
0.0093260334688322
0.010974987654930556
0.01291549665014884
0.01519911082952933
0.01788649529057435
0.0210490414451202
0.02477076355991709
0.029150530628251757
0.034304692863149154
0.040370172585965536
0.047508101621027934
0.05590810182512223
0.06579332246575675
0.0774263682681127
0.09111627561154886
0.10722672220103231
0.1261856883066021
0.14849682622544635
0.1747528400007683
0.20565123083486514
0.24201282647943834
0.2848035868435799
0.3351602650938841
0.3944206059437656
0.46415888336127725
0.5462277217684337
0.642807311728432
0.7564633275546291
0.8902150854450375
1.0476157527896641
1.232846739442066
1.4508287784959402
1.7073526474706886
2.009233002565046
2.364489412645407
2.782559402207126
3.274549162877725
3.8535285937105273
4.534878508128582
5.3366992312063015
6.280291441834247
7.390722033525775
8.697490026177835
10.235310218990248
12.045035402587812
14.174741629268048
16.68100537200059
19.630406500402685
23.10129700083158
27.1858824273294
31.992671377973846
37.64935806792464
44.30621457583877
52.14008287999685
61.35907273413163
72.20809018385457
84.97534359086438
100.0
###
0.2411464616080282
0.22357529687914382
0.20719717724027087
0.192320750524724
0.1791486519126702
0.16777977808410258
0.16047927240775134
0.1523705542756674
0.1461221016440474
0.141683137781551
0.7848389873488152
0.6898079250810611
0.603937260132317
0.5276233810984509
0.4606737876789907
0.4025644437168717
0.3643227139359456
0.3197648351107505
0.2817675126714992
0.2494926119928252
1.1515757679226426
0.9877916878742329
0.8423298517654441
0.7150113233050972
0.6045319445818288
0.5093118570112585
0.44688353136700143
0.37401657035796354
0.3113386268260749
0.25713048896433843
1.4445008125060823
1.2196106240434335
1.0223043915019994
0.8514083613896404
0.7044627101117824
0.5789491898922635
0.49705804294367956
0.40186258284383203
0.3202211319499791
0.249609931153598
1.6939357080003856
1.4136123210993508
1.170028444759592
0.9607294664852136
0.782308973876445
0.6309001139172123
0.5327051524636914
0.41918636914441276
0.32235156927100184
0.23903640006345286
1.913844366451675
1.5824777210270113
1.296732557051622
1.052954642089395
0.8465400717585163
0.672522450644296
0.560283904631163
0.43123108033765556
0.3218345668479506
0.22833451569493474
2.112024421370552
1.733175036193467
1.4085367482484878
1.1332928628619765
0.9015721908383489
0.7073885537025689
0.5827753751801081
0.44024410388152546
0.3201918303091487
0.21831382656140252
2.2934058113350804
1.8699584077404225
1.5091112283981114
1.2047998959876192
0.9499648274283761
0.7374935811483221
0.601799526251285
0.4473596871118625
0.3180626129349568
0.20915655073399342
2.46128472227742
1.995690091420319
1.6008646763093057
1.2694715924791151
0.99325552687788
0.7640525150657844
0.6183053048096452
0.4532029765414659
0.3157910124878457
0.20084959645674863
2.6180196275927967
2.1123991946139893
1.6854737583907058
1.3286697305204795
1.0325506083291556
0.7878679479371483
0.6329186403237462
0.4581483557381408
0.31353158740129455
0.1933208570937446
2.765412393074589
2.2215414179203767
1.7641486715387442
1.3833830382414443
1.068571877012006
0.8094941587202463
0.6460458245752851
0.4624342790099907
0.31130793316916855
0.1864813838579725
2.904752798064209
2.3242469675989814
1.8378301935524848
1.434308173426532
1.1018920253905784
0.829334685274277
0.6579801745944595
0.4662117741243534
0.309177803576723
0.18024877337035392
3.0370552049144695
2.4213915577624263
1.9072092366140836
1.4820343186049934
1.132933299558272
0.8476820920595203
0.6689323056212801
0.46960717109411354
0.3071555064438647
0.17454727094146386
3.163203620409826
2.513673305993407
1.9728505698325725
1.5269891608947892
1.162021859023685
0.8647665874382808
0.6790652024651727
0.4726895941171917
0.30524491905393947
0.1693114686739174
3.28388854510576
2.6016590172265333
2.035207817781457
1.5695230840813736
1.1894170257556003
0.8807662914039817
0.6885023204763123
0.47552182610521976
0.30344435599889924
0.1644851024126029