# ../data/BKevo/MVge_BKevo/mvge_52.dat
# N(r,Y=0), r, *FL(x,Q^2)
# 1e-05 < r < 100.0
# 1 < Q^2 < 50, n=15, lin grid
# 1e-5 < x < 1e-2, n=10, log grid
###
0.0001997017815658087
0.00022468010242562847
0.00025261410839985487
0.0002840123966614987
0.00031935986151601626
0.0003589165989627246
0.00040329180000053724
0.0004532143959583011
0.000509118191010632
0.0005717019863891956
0.0006420569351163157
0.0007208900206825272
0.0008089495419649492
0.0009078621654173913
0.0010187594320728618
0.001142346647875465
0.0012810390369612985
0.0014366211807485493
0.001609572720380331
0.001803465357089341
0.002020826931377349
0.0022623340998992863
0.0025324916492301965
0.0028349922756207785
0.0031711480594217847
0.003546146777707875
0.003965480031704425
0.004431491057207131
0.004949782836866833
0.005528471159025025
0.0061715332805079666
0.006884363580076621
0.007678883319666748
0.008561611186416651
0.009536508321196796
0.010620983850289154
0.011825450810045877
0.01315024281884537
0.0146206443551011
0.01625201700155359
0.01804022597292641
0.0200189668924441
0.02220870251756004
0.02460621852549878
0.027247171314488595
0.030161730308091703
0.03334929488628381
0.036843849087898034
0.04068997057798203
0.04489296218707454
0.049479405048562006
0.054515584661561055
0.06001880377460487
0.06600061805680357
0.07256030198747689
0.07973763789492186
0.0875206616910502
0.09605818148147006
0.10542847728902612
0.11558727286926526
0.12675440319129022
0.1390450158899767
0.15243512863051525
0.167171634454936
0.18343299306680047
0.20122628215260502
0.22079331526086707
0.24238130132584484
0.2660034982727289
0.29182591003484026
0.32014556995476995
0.35092021078125096
0.3840807654281856
0.4199388060527928
0.45830880972568894
0.49860078651220924
0.5411217752079923
0.5854770650790057
0.6301769708165508
0.6756026117966015
0.7211048255712811
0.7643754175515103
0.805841718753372
0.8448149967580392
0.8791215385392332
0.9091086980685182
0.9347671291117798
0.9549876917429051
0.9703742300188859
0.9818471208496495
0.98956610231593
0.9943318872566769
0.9972409493995436
0.9988018999836425
0.9995048286804967
0.9998266603138404
0.9999515397403895
0.999986373171758
0.9999969914039536
0.9999995855046692
###
1e-05
1.1768119524349992e-05
1.3848863713938717e-05
1.6297508346206434e-05
1.917910261672489e-05
2.2570197196339216e-05
2.656087782946684e-05
3.1257158496882356e-05
3.678379771828634e-05
4.328761281083062e-05
5.0941380148163754e-05
5.994842503189409e-05
7.054802310718646e-05
8.302175681319735e-05
9.770099572992247e-05
0.00011497569953977356
0.00013530477745798074
0.00015922827933410923
0.0001873817422860383
0.00022051307399030456
0.00025950242113997375
0.0003053855508833416
0.00035938136638046257
0.0004229242874389499
0.0004977023564332109
0.0005857020818056661
0.0006892612104349695
0.0008111308307896872
0.0009545484566618337
0.0011233240329780276
0.0013219411484660286
0.0015556761439304723
0.0018307382802953678
0.002154434690031882
0.0025353644939701114
0.0029836472402833374
0.003511191734215131
0.004132012400115334
0.004862601580065354
0.005722367659350214
0.006734150657750821
0.007924828983539169
0.0093260334688322
0.010974987654930556
0.01291549665014884
0.01519911082952933
0.01788649529057435
0.0210490414451202
0.02477076355991709
0.029150530628251757
0.034304692863149154
0.040370172585965536
0.047508101621027934
0.05590810182512223
0.06579332246575675
0.0774263682681127
0.09111627561154886
0.10722672220103231
0.1261856883066021
0.14849682622544635
0.1747528400007683
0.20565123083486514
0.24201282647943834
0.2848035868435799
0.3351602650938841
0.3944206059437656
0.46415888336127725
0.5462277217684337
0.642807311728432
0.7564633275546291
0.8902150854450375
1.0476157527896641
1.232846739442066
1.4508287784959402
1.7073526474706886
2.009233002565046
2.364489412645407
2.782559402207126
3.274549162877725
3.8535285937105273
4.534878508128582
5.3366992312063015
6.280291441834247
7.390722033525775
8.697490026177835
10.235310218990248
12.045035402587812
14.174741629268048
16.68100537200059
19.630406500402685
23.10129700083158
27.1858824273294
31.992671377973846
37.64935806792464
44.30621457583877
52.14008287999685
61.35907273413163
72.20809018385457
84.97534359086438
100.0
###
0.39370003902606987
0.39087182100872625
0.38489418192949104
0.3729952351369921
0.35205922512865745
0.3196896147651024
0.28817104335701726
0.23947284568403054
0.1889160213345502
0.14256421944227235
1.9045231112537573
1.8753274519115688
1.8186610046437393
1.7190755281121262
1.5644808625127051
1.3542998518251155
1.170732249425822
0.9150757691255226
0.6763687902741288
0.47675580954299335
3.4046379348561127
3.335592250399134
3.2076298360102755
2.9936661030108747
2.678195531589057
2.2708877476297498
1.9298733251792308
1.4736741061317442
1.0641616769259394
0.732798985674329
4.894247648784254
4.776605548302305
4.565190979600119
4.222853986844714
3.734501316256037
3.124325705503045
2.626831654749721
1.9774421527791683
1.4083034475878833
0.9568256437981041
6.374880207332874
6.202107036726324
5.898445000526493
5.418384620542788
4.749994391509139
3.9346063758851075
3.282431740068461
2.4459765993243807
1.7253193868658532
1.161482410281265
7.847769495322482
7.614453337375486
7.211665848808554
6.5869278616102545
5.733702676078111
4.712167251925524
3.9175959412320065
2.888884385862734
2.0229376690385736
1.3525771928022052
9.313722362161576
9.015283459501939
8.507744646734784
7.732896721396276
6.691372860214442
5.463486732066103
4.50770270686695
3.3118533036898055
2.3056895136001163
1.5334014223123589
10.773395292137387
10.405839695277711
9.78878456652432
8.859623549360146
7.626828449208154
6.192895644987094
5.088289188520377
3.7186118959564856
2.5765070872732387
1.7060485395905078
12.22720912097019
11.787083733392016
11.056247950250128
9.969175792649771
8.543717372972502
6.903582493052183
5.651786403805061
4.11178137359935
2.8374010183887646
1.8719554542593468
13.675699682929125
13.159797924540284
12.311697404785573
11.063320239316585
9.443437212559367
7.598204203065328
6.200593705037636
4.493303522663902
3.089848423488075
2.032163058354552
15.11916629473165
14.524610757869478
13.556012082618535
12.14353888704018
10.3282571969341
8.278228019910614
6.7364856383877765
4.864657758259709
3.3349712033068797
2.1874563530334115
16.557906443498855
15.882067169285278
14.790109493304197
13.211292609599472
11.19928129911819
8.9453211348624
7.260875452311821
5.226976108546013
3.573647425831701
2.3384461931960456
17.992176921132863
17.232641230766994
16.014633697109222
14.267454510651723
12.057786905211826
9.600805353111934
7.774930666776734
5.581288226882474
3.806592454688308
2.4856179658259365
19.422201609255048
18.576655874646864
17.230255611817164
15.311458132266111
12.90496681387751
10.245514172426631
8.279571420171935
5.92833627397165
4.034379592670799
2.6293726783331364
20.84817495525318
19.91458433261211
18.43754346476494
16.348210357118898
13.741587089834464
10.880439410516763
8.775617053992551
6.268772903906445
4.25749013645139
2.7700367455988273