# ../data/BKevo/MVge_BKevo/mvge_75.dat
# N(r,Y=0), r, *FL(x,Q^2)
# 1e-05 < r < 100.0
# 1 < Q^2 < 50, n=15, lin grid
# 1e-5 < x < 1e-2, n=10, log grid
###
0.0
0.0
0.0
0.0
0.0
0.0
0.0
0.0
0.0
0.0
0.0
0.0
0.0
0.0
0.0
4.044758632591294e-17
1.110223024625157e-16
1.123402613883084e-16
2.571262760002783e-16
5.436504471786166e-16
9.862649968182663e-16
1.933069444798092e-15
3.56960803503753e-15
6.6414629545368715e-15
1.2728987921781496e-14
2.4069296624008523e-14
4.482899329774465e-14
8.488646883232065e-14
1.6103449978380187e-13
3.0033250614101696e-13
5.650955061053175e-13
1.0751049218394662e-12
2.0096790054677222e-12
3.757755732722621e-12
7.172165730661756e-12
1.3440877678095597e-11
2.498288215763498e-11
4.786715743998526e-11
8.999439270734359e-11
1.6677074530974863e-10
3.2020953278976205e-10
6.044768759222331e-10
1.1242522189857393e-09
2.1517267925657273e-09
4.082064334023865e-09
7.625515627199458e-09
1.455258399111485e-08
2.7763485016246864e-08
5.211724594740942e-08
9.916558182487636e-08
1.9031287053218418e-07
3.5903912305364097e-07
6.807743517692415e-07
1.3141731942550071e-06
2.4911491416264245e-06
4.703194640426973e-06
9.129667143935556e-06
1.7382573593136185e-05
3.26475138539029e-05
6.370464172018098e-05
0.00012177928576150832
0.0002291864307457637
0.0004457562696967442
0.0008551721100458276
0.0016136793928012503
0.0031208998254786007
0.006001012669373158
0.011329670966192787
0.021688615131717548
0.04146051335855537
0.07723655275067252
0.1423771287728291
0.2562037740603305
0.430283294596458
0.656670967418466
0.8623166460171363
0.9738593257224776
0.9994418574812428
0.9999967599045871
0.9999999993197389
0.9999999999999999
1.0
1.0
1.0
1.0
1.0
1.0
1.0
1.0
1.0
1.0
1.0
1.0
1.0
1.0
1.0
1.0
1.0
1.0
1.0
###
1e-05
1.1768119524349992e-05
1.3848863713938717e-05
1.6297508346206434e-05
1.917910261672489e-05
2.2570197196339216e-05
2.656087782946684e-05
3.1257158496882356e-05
3.678379771828634e-05
4.328761281083062e-05
5.0941380148163754e-05
5.994842503189409e-05
7.054802310718646e-05
8.302175681319735e-05
9.770099572992247e-05
0.00011497569953977356
0.00013530477745798074
0.00015922827933410923
0.0001873817422860383
0.00022051307399030456
0.00025950242113997375
0.0003053855508833416
0.00035938136638046257
0.0004229242874389499
0.0004977023564332109
0.0005857020818056661
0.0006892612104349695
0.0008111308307896872
0.0009545484566618337
0.0011233240329780276
0.0013219411484660286
0.0015556761439304723
0.0018307382802953678
0.002154434690031882
0.0025353644939701114
0.0029836472402833374
0.003511191734215131
0.004132012400115334
0.004862601580065354
0.005722367659350214
0.006734150657750821
0.007924828983539169
0.0093260334688322
0.010974987654930556
0.01291549665014884
0.01519911082952933
0.01788649529057435
0.0210490414451202
0.02477076355991709
0.029150530628251757
0.034304692863149154
0.040370172585965536
0.047508101621027934
0.05590810182512223
0.06579332246575675
0.0774263682681127
0.09111627561154886
0.10722672220103231
0.1261856883066021
0.14849682622544635
0.1747528400007683
0.20565123083486514
0.24201282647943834
0.2848035868435799
0.3351602650938841
0.3944206059437656
0.46415888336127725
0.5462277217684337
0.642807311728432
0.7564633275546291
0.8902150854450375
1.0476157527896641
1.232846739442066
1.4508287784959402
1.7073526474706886
2.009233002565046
2.364489412645407
2.782559402207126
3.274549162877725
3.8535285937105273
4.534878508128582
5.3366992312063015
6.280291441834247
7.390722033525775
8.697490026177835
10.235310218990248
12.045035402587812
14.174741629268048
16.68100537200059
19.630406500402685
23.10129700083158
27.1858824273294
31.992671377973846
37.64935806792464
44.30621457583877
52.14008287999685
61.35907273413163
72.20809018385457
84.97534359086438
100.0
###
0.22935767184273476
0.21201523074918877
0.19608304188176343
0.18187201550351415
0.16947890850493233
0.15900182904496782
0.15240512905055856
0.14529640607594563
0.1400626879011352
0.13669591686247928
0.723565750024849
0.6321169332417558
0.5503600999327807
0.4783681964694721
0.41572242756306993
0.36169871195594483
0.32631049058977
0.28523060617602913
0.25029267342011013
0.22065278153136061
1.0480232934338782
0.892306877008327
0.7554980857844678
0.6364589967689069
0.5339484818692533
0.4459592302076393
0.3883492151921552
0.32113831655165725
0.2631951629535425
0.21280440435865142
1.3041061022815057
1.0921139079862066
0.9079150106623636
0.7494527958123799
0.6140152844481416
0.49867534059883656
0.4235414446225473
0.33619774923405465
0.26104391989550463
0.19565791922543083
1.5205769639148516
1.2581105890239348
1.0319330056307288
0.8390467876593928
0.6754768765163438
0.5371671876868317
0.44760584342384585
0.3440618240170535
0.25551132811330046
0.17893827458072736
1.7104581216943955
1.4017649557148668
1.1378007976678721
0.9141489372117316
0.7258312624277984
0.5676703978508163
0.465836719276275
0.34880552636574125
0.2494492731369251
0.164236422707824
1.880935673351512
1.5294442091203395
1.2307866751569034
0.9792967315031004
0.7687958868494529
0.593067476202604
0.4805636718187461
0.3519982193121819
0.24367830888416425
0.15159155159086585
2.0364799136504375
1.6450086491631513
1.314192271433367
1.0371254756493793
0.8064487534443183
0.6149412353159722
0.4929638137470667
0.35435533833144334
0.2384189074451726
0.140729535500663
2.180112470171424
1.750974654961727
1.3901065049798826
1.0893111543541107
0.8400871498693153
0.634224043282713
0.5037231124697906
0.35621788251922093
0.23369935546441853
0.13134938033061752
2.313912652988464
1.8491269563487571
1.459978698555817
1.137003850513026
0.870576252202382
0.6515202344062231
0.5132722193928141
0.3577782027386963
0.22947914837483038
0.12318927609629882
2.4394693045304674
1.940769420669132
1.524857598583319
1.1810203961758259
0.8985212571874902
0.6672424420190421
0.5218870684144318
0.3591432820403643
0.225714375353454
0.11603622131663709
2.5579924505617
2.026876473539167
1.5855267266673623
1.2219652756103905
0.9243631470210036
0.6816824499765
0.5297453318837563
0.3603771170828083
0.22233754240514284
0.10971707170511232
2.67040598810111
2.1082187635393996
1.6425949010141871
1.2602998323025574
0.9484342925993726
0.6950597785928271
0.5370031012482642
0.3615125307271335
0.2193017525258879
0.1040967320038561
2.7774443755103135
2.1854021785924345
1.6965347144424978
1.2963846956673006
0.970991487725989
0.7075361125283538
0.5437412177107205
0.36258855422821734
0.21656224192821108
0.09906224311788306
2.8797320113869342
2.258918354763893
1.7477334252137746
1.330539032419753
0.9922373372486631
0.7192402932748752
0.5500520792634936
0.36361428433650134
0.21408044991406444
0.09453533670089581