# ../data/BKevo/MVge_BKevo/mvge_97.dat
# N(r,Y=0), r, *FL(x,Q^2)
# 1e-05 < r < 100.0
# 1 < Q^2 < 50, n=15, lin grid
# 1e-5 < x < 1e-2, n=10, log grid
###
0.0
0.0
0.0
0.0
0.0
0.0
0.0
0.0
0.0
0.0
0.0
0.0
0.0
0.0
6.47770124939929e-18
1.110223024625157e-16
1.110223024625157e-16
2.246805227766167e-16
5.142525520005566e-16
9.469118678298536e-16
1.7504853887115008e-15
3.3625530335549303e-15
6.3437861444518004e-15
1.1789093624133295e-14
2.2562200060748618e-14
4.261152180202433e-14
7.926767518202224e-14
1.4998049301730247e-13
2.842389510756504e-13
5.295595969920034e-13
9.94656463921768e-13
1.8887125261849865e-12
3.522859548293033e-12
6.5701663970560775e-12
1.2498513067129542e-11
2.333872596270222e-11
4.3204098192763233e-11
8.233645099216256e-11
1.539115733962213e-10
2.8344150959433927e-10
5.3972545065564e-10
1.0099139470194212e-09
1.8607154398330387e-09
3.5190126936588093e-09
6.590899641577749e-09
1.2148464221544895e-08
2.281368068782778e-08
4.276988576608338e-08
7.886887426341732e-08
1.4704730052664515e-07
2.759834161883701e-07
5.092346730990505e-07
9.42689127554403e-07
1.7719451201937085e-06
3.2730148058903854e-06
6.017818371421972e-06
1.1337653502311908e-05
2.098252575835311e-05
3.834262383425204e-05
7.250049038329598e-05
0.0001346154485733291
0.0002465067538515205
0.0004652255743789301
0.0008680252953571186
0.001596776242289993
0.0030073466507295806
0.005642695813491418
0.010425131855206327
0.019542493521197548
0.03666760925119587
0.06731426967116726
0.12281073057065024
0.2204057912800763
0.37333245653599645
0.5842848000840739
0.8032000104425088
0.9497938722126158
0.9974583454321028
0.9999589373254406
0.999999952721796
0.9999999999998618
1.0
1.0
1.0
1.0
1.0
1.0
1.0
1.0
1.0
1.0
1.0
1.0
1.0
1.0
1.0
1.0
1.0
1.0
1.0
###
1e-05
1.1768119524349992e-05
1.3848863713938717e-05
1.6297508346206434e-05
1.917910261672489e-05
2.2570197196339216e-05
2.656087782946684e-05
3.1257158496882356e-05
3.678379771828634e-05
4.328761281083062e-05
5.0941380148163754e-05
5.994842503189409e-05
7.054802310718646e-05
8.302175681319735e-05
9.770099572992247e-05
0.00011497569953977356
0.00013530477745798074
0.00015922827933410923
0.0001873817422860383
0.00022051307399030456
0.00025950242113997375
0.0003053855508833416
0.00035938136638046257
0.0004229242874389499
0.0004977023564332109
0.0005857020818056661
0.0006892612104349695
0.0008111308307896872
0.0009545484566618337
0.0011233240329780276
0.0013219411484660286
0.0015556761439304723
0.0018307382802953678
0.002154434690031882
0.0025353644939701114
0.0029836472402833374
0.003511191734215131
0.004132012400115334
0.004862601580065354
0.005722367659350214
0.006734150657750821
0.007924828983539169
0.0093260334688322
0.010974987654930556
0.01291549665014884
0.01519911082952933
0.01788649529057435
0.0210490414451202
0.02477076355991709
0.029150530628251757
0.034304692863149154
0.040370172585965536
0.047508101621027934
0.05590810182512223
0.06579332246575675
0.0774263682681127
0.09111627561154886
0.10722672220103231
0.1261856883066021
0.14849682622544635
0.1747528400007683
0.20565123083486514
0.24201282647943834
0.2848035868435799
0.3351602650938841
0.3944206059437656
0.46415888336127725
0.5462277217684337
0.642807311728432
0.7564633275546291
0.8902150854450375
1.0476157527896641
1.232846739442066
1.4508287784959402
1.7073526474706886
2.009233002565046
2.364489412645407
2.782559402207126
3.274549162877725
3.8535285937105273
4.534878508128582
5.3366992312063015
6.280291441834247
7.390722033525775
8.697490026177835
10.235310218990248
12.045035402587812
14.174741629268048
16.68100537200059
19.630406500402685
23.10129700083158
27.1858824273294
31.992671377973846
37.64935806792464
44.30621457583877
52.14008287999685
61.35907273413163
72.20809018385457
84.97534359086438
100.0
###
0.22465730838160433
0.20700495467555163
0.19080868855294728
0.17630551906791267
0.16365446805456063
0.15291077872487827
0.1461012624496551
0.13867252779693234
0.13309879331947305
0.1293211502181736
0.7028039301434367
0.6115723500477561
0.5301300087624816
0.4584689523953555
0.3962259676695711
0.34250471860605813
0.307283784745431
0.26630915909742614
0.23131849210770006
0.20143412804853095
1.0150702228378055
0.8608313651470414
0.7256204770838416
0.6082657090417598
0.5072949035850003
0.42078723388910877
0.3642086087651011
0.29822553367021526
0.2413438049789206
0.19184504830545354
1.2610610628772272
1.0519521422260414
0.8707240495568879
0.7152026854534985
0.5826010868987558
0.4699362909672185
0.39668377226161705
0.3116850750779569
0.23870864422498023
0.17535919670051367
1.468771180876706
1.210592255532434
0.9887431320737052
0.8000634765394599
0.640496799558625
0.5059598782091832
0.41906016495110243
0.31886332666778544
0.23347196688354385
0.15992487109991596
1.650825112474689
1.347810655925912
1.0894665852422634
0.8712175418897208
0.6879990284757209
0.5346013510125165
0.43612936127429086
0.3233260951810245
0.22797198946290187
0.146611718252845
1.8141809977821406
1.469727610390452
1.1779242408143427
0.9329625535085394
0.7285650787999423
0.5585142999635548
0.44999055182922165
0.3264350328611299
0.22283736476730592
0.13529034133084067
1.9631577384233032
1.5800268631066945
1.257257127812392
0.9877719684664333
0.7641422782467687
0.579142264094326
0.46171639199550807
0.32879649882005435
0.21821148004233593
0.1256371449899585
2.1006740747402435
1.6811436900012326
1.3294563173014986
1.0372436924968205
0.7959439508638202
0.5973565143869223
0.47192166393616714
0.33071742516463076
0.21409498801306054
0.11734316608816417
2.2287358489370757
1.7747823678005596
1.3959022603004736
1.082460352232189
0.8247806455340914
0.6137120877005358
0.48099971622605137
0.33236134356146024
0.21043754689869815
0.11015374414059827
2.348888482561466
1.8621886393588218
1.457592561688719
1.1241939249817263
0.8512197762576373
0.6285910408365444
0.489203227389638
0.33381653436063013
0.20718174151655977
0.1038674502907185
2.4622526487609937
1.9443079535639807
1.5152768322286847
1.1630166101818187
0.8756744616326316
0.6422652337534179
0.4966968578838153
0.33513686495895345
0.2042733724855692
0.09832462506962118
2.5697464966810544
2.021866156533663
1.5695303007682633
1.1993648847838836
0.8984574146450408
0.6549391102863333
0.5036229504432165
0.33636854079999573
0.20167012576548932
0.09340099412895446
2.672091842532201
2.095447962159238
1.6208075372568027
1.2335801331018579
0.9198098047600622
0.6667630224411909
0.5100577354115783
0.337528895860729
0.19932373739429093
0.08899705783491701
2.7698765021037874
2.1655239617992583
1.6694739552682385
1.2659644034320578
0.9399232144432964
0.6778579183465093
0.5160869444614947
0.3386331748295796
0.19720199044630363
0.08503363088993292