# ../data/BKevo/MVge_BKevo/mvge_60.dat
# N(r,Y=0), r, *FL(x,Q^2)
# 1e-05 < r < 100.0
# 1 < Q^2 < 50, n=15, lin grid
# 1e-5 < x < 1e-2, n=10, log grid
###
1.2361264179598365e-08
1.582078002386027e-08
2.0284540189122494e-08
2.59883994060408e-08
3.3251388777266604e-08
4.2594487649918875e-08
5.455373809792392e-08
6.977568008339944e-08
8.929739717595378e-08
1.1432722637652032e-07
1.4617113501547654e-07
1.8688392333397004e-07
2.3916903007996543e-07
3.05655363545208e-07
3.9039384037144364e-07
4.993912291139588e-07
6.379208584103787e-07
8.139268900779871e-07
1.0406713955944415e-06
1.3286953151722862e-06
1.6941970019985905e-06
2.164180439886217e-06
2.7617604964396557e-06
3.5197005579128903e-06
4.491389404129565e-06
5.728806547980605e-06
7.29763144767271e-06
9.303172151574226e-06
1.1861587586277229e-05
1.5104525495405175e-05
1.923955840338605e-05
2.452546726545521e-05
3.122674327662933e-05
3.975320232588625e-05
5.068188261011901e-05
6.454710837042496e-05
8.21614535288998e-05
0.00010481845187291983
0.00013360675591746478
0.0001701773033008565
0.0002173656750697942
0.00027750099675107547
0.0003540825903058221
0.0004529589379211313
0.0005796016768847362
0.0007413507800235284
0.0009503336210900356
0.0012194227939296616
0.0015640700112142705
0.0020094206458901188
0.002585698366536699
0.003325383544973968
0.004280342327543034
0.005521088897201132
0.007115448674288391
0.009169276824896383
0.011845013710866175
0.015282231964805403
0.019692842228234617
0.025441817047042972
0.03280729986672214
0.04222068404072075
0.054391565698302835
0.06990286432767238
0.08954676831358097
0.11453027252365766
0.14589885388560037
0.18480744710792055
0.23272195211281058
0.2906995835402805
0.3593755592063622
0.4386242846018505
0.5266361704735583
0.6208918927874514
0.7161026388820803
0.8032740213061471
0.8783957995743473
0.9360387618937863
0.9705165461513756
0.989386042449387
0.9975053860172526
0.9995062560933514
0.9999378723666217
0.9999971290580831
0.9999999307929668
0.9999999988152665
0.9999999999955252
0.9999999999999998
1.0
1.0
1.0
1.0
1.0
1.0
1.0
1.0
1.0
1.0
1.0
1.0
###
1e-05
1.1768119524349992e-05
1.3848863713938717e-05
1.6297508346206434e-05
1.917910261672489e-05
2.2570197196339216e-05
2.656087782946684e-05
3.1257158496882356e-05
3.678379771828634e-05
4.328761281083062e-05
5.0941380148163754e-05
5.994842503189409e-05
7.054802310718646e-05
8.302175681319735e-05
9.770099572992247e-05
0.00011497569953977356
0.00013530477745798074
0.00015922827933410923
0.0001873817422860383
0.00022051307399030456
0.00025950242113997375
0.0003053855508833416
0.00035938136638046257
0.0004229242874389499
0.0004977023564332109
0.0005857020818056661
0.0006892612104349695
0.0008111308307896872
0.0009545484566618337
0.0011233240329780276
0.0013219411484660286
0.0015556761439304723
0.0018307382802953678
0.002154434690031882
0.0025353644939701114
0.0029836472402833374
0.003511191734215131
0.004132012400115334
0.004862601580065354
0.005722367659350214
0.006734150657750821
0.007924828983539169
0.0093260334688322
0.010974987654930556
0.01291549665014884
0.01519911082952933
0.01788649529057435
0.0210490414451202
0.02477076355991709
0.029150530628251757
0.034304692863149154
0.040370172585965536
0.047508101621027934
0.05590810182512223
0.06579332246575675
0.0774263682681127
0.09111627561154886
0.10722672220103231
0.1261856883066021
0.14849682622544635
0.1747528400007683
0.20565123083486514
0.24201282647943834
0.2848035868435799
0.3351602650938841
0.3944206059437656
0.46415888336127725
0.5462277217684337
0.642807311728432
0.7564633275546291
0.8902150854450375
1.0476157527896641
1.232846739442066
1.4508287784959402
1.7073526474706886
2.009233002565046
2.364489412645407
2.782559402207126
3.274549162877725
3.8535285937105273
4.534878508128582
5.3366992312063015
6.280291441834247
7.390722033525775
8.697490026177835
10.235310218990248
12.045035402587812
14.174741629268048
16.68100537200059
19.630406500402685
23.10129700083158
27.1858824273294
31.992671377973846
37.64935806792464
44.30621457583877
52.14008287999685
61.35907273413163
72.20809018385457
84.97534359086438
100.0
###
0.3233390752056766
0.30711442619291224
0.28982671054783754
0.2719851286751063
0.2541621567226587
0.23680752696998758
0.22437826819700205
0.20884987071338804
0.19474978440467874
0.1822405495867121
1.2903421674286497
1.1789750546753286
1.0669914268319662
0.9574923452141467
0.8532673864082384
0.7562319775878982
0.6889830748111169
0.607136115162152
0.5344401067578817
0.47061561855208
2.0772942126907914
1.8634364569853243
1.6537639117301293
1.453778024257644
1.2676376256157789
1.0977868255357994
0.9819443970725069
0.843147389729536
0.7215106689368354
0.6159024751767213
2.7692070077886917
2.453635948889667
2.149478063909539
1.8639957220431325
1.6021407949616726
1.366501698144157
1.207571592356943
1.0190589743396241
0.8555599266148672
0.7148290462459848
3.397531495199157
2.9825195495991506
2.5875408523594365
2.221144151725428
1.8888213694856244
1.5927992974113963
1.3948780843389221
1.1618358398641389
0.9614137475133503
0.790348775533861
3.978870120087543
3.4668522244844704
2.984435033673113
2.5411630520226214
2.1425845360215328
1.790581082979469
1.5569084159773743
1.283318805177765
1.0497842428900972
0.851648187066346
4.523290409309236
3.9167310763002283
3.3499485446282544
2.8332676345095846
2.3720716470957806
1.9675691450314687
1.700597414269399
1.389721629562076
1.1258871308130725
0.9033095128025002
5.037711598022774
4.338773431226471
3.690442095013385
3.1032974427313866
2.5826138736486715
2.128577456476176
1.8303944084820332
1.4848057979003728
1.1930398533568
0.9480743092021622
5.52664984540199
4.737642331729916
4.01033982488462
3.355466646038045
2.77777577807378
2.2768227249893065
1.9491999478636486
1.5710863148000505
1.2532619856415537
0.9875964846845379
5.993873302721898
5.11694856625299
4.31290520903089
3.5925856720741534
2.9603709597767143
2.41460337447485
2.059045706667766
1.6502028436757408
1.3079661754844856
1.0230826827961188
6.442335367704601
5.479288099785785
4.6005091897940895
3.8170171126348347
3.132271557856291
2.543604332854346
2.1614289047482145
1.7234205726341314
1.358181395928999
1.0552681207606516
6.874159511129088
5.826480610731429
4.875226437229032
4.030416148126795
3.2949821213276036
2.6651134791782796
2.257450283952
1.7917128798762552
1.4046584558788964
1.0847589318104023
7.291147778897029
6.160746598532544
5.13852469253108
4.234148977982351
3.4496886074321482
2.780257180801276
2.3480122420413627
1.8557778361115693
1.4479691555239942
1.1119944163332633
7.694787765496956
6.483362307736844
5.391507150729253
4.429421361519223
3.5975671305912362
2.889618720794217
2.4339555955509056
1.9161653049299379
1.4885611464056456
1.137383667871541
8.086189074323554
6.79520525104792
5.635506220068737
4.616955640436241
3.73898160785722
2.993953152907287
2.5156149647939774
1.9733756708644161
1.526790721197199
1.1610588941009095