# ../data/BKevo/MVge_BKevo/mvge_83.dat
# N(r,Y=0), r, *FL(x,Q^2)
# 1e-05 < r < 100.0
# 1 < Q^2 < 50, n=15, lin grid
# 1e-5 < x < 1e-2, n=10, log grid
###
1.555948801302189e-08
1.9913923973531952e-08
2.5532291179896874e-08
3.271139425905576e-08
4.1852693126704584e-08
5.361171841645218e-08
6.866289975806423e-08
8.781963291046754e-08
1.123864757680176e-07
1.4388318382131644e-07
1.8395209311588496e-07
2.3517672369268805e-07
3.009552059773309e-07
3.845912327319236e-07
4.911739724296008e-07
6.282458741046536e-07
8.024257657278798e-07
1.0236805070746848e-06
1.3086328636119357e-06
1.6704855962268327e-06
2.1295138131202902e-06
2.719462329974125e-06
3.4691799350059728e-06
4.419509190655845e-06
5.636829315981344e-06
7.185622605704404e-06
9.147200103025677e-06
1.1651401545885095e-05
1.4840871714587572e-05
1.887672597575629e-05
2.4011457332230433e-05
3.055762523504996e-05
3.88329895226258e-05
4.932572645417085e-05
6.271487411715019e-05
7.9624514622468e-05
0.0001009934877256133
0.0001282865717408752
0.00016272580657960623
0.00020614049931961512
0.00026158143636626657
0.00033153391225174464
0.0004196720164606417
0.0005319313434609712
0.0006738142653020833
0.0008525923601439317
0.0010798736421050877
0.0013678557300279893
0.0017310574404349125
0.0021923892637596854
0.0027790755542054994
0.003520446358203454
0.004462187510598859
0.005665601683588513
0.007190495131172956
0.009128468471395363
0.011618093723898357
0.014781186428544283
0.018800152565406063
0.023984885675757812
0.030578215076240086
0.03895234589146135
0.04971665817397179
0.06338360910430922
0.08064998519851935
0.10258573579195074
0.13014727413792326
0.1644159020792953
0.20683031510631228
0.25855833411399565
0.3204708257243184
0.39302350569248984
0.4753782709531565
0.5659054959548246
0.6606495788434099
0.7519645910848003
0.8353890092483474
0.9044771746729555
0.9508142196920453
0.979475756043091
0.9939408155220846
0.998491471532762
0.9997483932427651
0.9999818044219719
0.9999991990220951
0.9999999762907497
0.9999999998224773
0.9999999999999477
0.9999999999999999
1.0
1.0
1.0
1.0
1.0
1.0
1.0
1.0
1.0
1.0
1.0
###
1e-05
1.1768119524349992e-05
1.3848863713938717e-05
1.6297508346206434e-05
1.917910261672489e-05
2.2570197196339216e-05
2.656087782946684e-05
3.1257158496882356e-05
3.678379771828634e-05
4.328761281083062e-05
5.0941380148163754e-05
5.994842503189409e-05
7.054802310718646e-05
8.302175681319735e-05
9.770099572992247e-05
0.00011497569953977356
0.00013530477745798074
0.00015922827933410923
0.0001873817422860383
0.00022051307399030456
0.00025950242113997375
0.0003053855508833416
0.00035938136638046257
0.0004229242874389499
0.0004977023564332109
0.0005857020818056661
0.0006892612104349695
0.0008111308307896872
0.0009545484566618337
0.0011233240329780276
0.0013219411484660286
0.0015556761439304723
0.0018307382802953678
0.002154434690031882
0.0025353644939701114
0.0029836472402833374
0.003511191734215131
0.004132012400115334
0.004862601580065354
0.005722367659350214
0.006734150657750821
0.007924828983539169
0.0093260334688322
0.010974987654930556
0.01291549665014884
0.01519911082952933
0.01788649529057435
0.0210490414451202
0.02477076355991709
0.029150530628251757
0.034304692863149154
0.040370172585965536
0.047508101621027934
0.05590810182512223
0.06579332246575675
0.0774263682681127
0.09111627561154886
0.10722672220103231
0.1261856883066021
0.14849682622544635
0.1747528400007683
0.20565123083486514
0.24201282647943834
0.2848035868435799
0.3351602650938841
0.3944206059437656
0.46415888336127725
0.5462277217684337
0.642807311728432
0.7564633275546291
0.8902150854450375
1.0476157527896641
1.232846739442066
1.4508287784959402
1.7073526474706886
2.009233002565046
2.364489412645407
2.782559402207126
3.274549162877725
3.8535285937105273
4.534878508128582
5.3366992312063015
6.280291441834247
7.390722033525775
8.697490026177835
10.235310218990248
12.045035402587812
14.174741629268048
16.68100537200059
19.630406500402685
23.10129700083158
27.1858824273294
31.992671377973846
37.64935806792464
44.30621457583877
52.14008287999685
61.35907273413163
72.20809018385457
84.97534359086438
100.0
###
0.3204704717433478
0.3032098901333388
0.28478255686960247
0.2657574543017835
0.24671694629577118
0.22821549937566935
0.2149747808112
0.19845965682638275
0.18347912791548435
0.1701831810173753
1.2738613072306635
1.1579302887482399
1.0413300145163846
0.9276736959859415
0.8197657982967304
0.7197020146541181
0.6506181353985185
0.5669762675972356
0.49305328415876354
0.4284695213268398
2.0483201150715273
1.827256548563044
1.6109528722296151
1.4053176006628985
1.2146019465206108
1.0415456752325942
0.9240444485237012
0.7840636231171151
0.6623125785899936
0.5572053699624401
2.7290169280307777
2.4043026992191505
2.0920401021912065
1.8000932314493203
1.533451082505755
1.294947841002457
1.1349067512093567
0.9462496852665598
0.7839527374433959
0.645265562600255
3.3472713613369858
2.9214815738202855
2.5173359966169317
2.143991780705256
1.8069583391750845
1.508674015894246
1.3103086436001075
1.0783468166658845
0.8805281398203315
0.7129202636117895
3.9194592792812806
3.3952527824772947
2.9028570570903893
2.452371103494052
2.0494441322534125
1.695788451272042
1.4623041455207604
1.1910572448262122
0.9613480966482371
0.7681469344071756
4.455428866378367
3.835473318544855
3.2580983210056695
2.7341045845981933
2.2688548529368022
1.863514354311756
1.5975562480012888
1.2900727821383966
1.0313525538810329
0.8150713274767627
4.9617755042409
4.24866701288422
3.589214493591074
2.994800269065035
2.470415873080113
2.016354116680884
1.7199027993256262
1.3788445085801089
1.093372296005771
0.8559952203117315
5.443349422619811
4.639289166636699
3.9004896541125595
3.2384024698558544
2.657573871819462
2.157291630714181
1.8321138803822736
1.4596143715179215
1.1492540047900988
0.8923556496820753
5.903820604959485
5.01092309144625
4.194979313016879
3.4677174252118057
2.832790072340085
2.2884927042621332
1.93605172452988
1.5338671179994947
1.2002093824995026
0.9251271923046143
6.345841192916264
5.366076888997555
4.4752022272492376
3.6847794245492884
2.99791031130361
2.4114872963840392
2.033099678790247
1.6027718257218864
1.2471253168411396
0.9550769139822483
6.771588819188368
5.706933659286264
4.742945108453084
3.891388790273925
3.154405298643254
2.5274904281543416
2.1243011521246196
1.6671721653347689
1.290705969490658
0.9826593331293546
7.1828283581938415
6.034771695814877
4.99981738220116
4.088774359282427
3.303288179991415
2.6374393042974065
2.2104598505358544
1.7276922355787163
1.3314498948898106
1.0082551847996746
7.5810160230892905
6.351337473762811
5.246757017225498
4.278082189106862
3.4455514016126503
2.7420830294308254
2.2922119935978524
1.7848978302733236
1.3697455699855619
1.0321574695005873
7.9673714104626
6.65747733774347
5.4849274764201
4.460002920621479
3.581858774885124
2.8420312793777533
2.370090655741593
1.839175699114086
1.4059153813130945
1.0546663296572736