# ../data/BKevo/MVge_BKevo/mvge_64.dat
# N(r,Y=0), r, *FL(x,Q^2)
# 1e-05 < r < 100.0
# 1 < Q^2 < 50, n=15, lin grid
# 1e-5 < x < 1e-2, n=10, log grid
###
7.667138247149381e-13
1.1143845113146834e-12
1.63171307427625e-12
2.3830164660518243e-12
3.463999810807695e-12
5.061953571519867e-12
7.394417612158743e-12
1.0750310467404478e-11
1.5676533455172026e-11
2.2904717573124077e-11
3.330310806771151e-11
4.8459422626469634e-11
7.081497821376617e-11
1.0297112552016151e-10
1.4950108064401675e-10
2.1849932161951608e-10
3.1772797201884823e-10
4.6024831876674753e-10
6.727307428926513e-10
9.782431297723109e-10
1.4161116863927363e-09
2.066550553051786e-09
3.0049713126164534e-09
4.349567045770239e-09
6.333251291565756e-09
9.208878181483763e-09
1.3328088987589783e-08
1.9363224481995133e-08
2.815510493788803e-08
4.074684661500825e-08
5.906818052953456e-08
8.58967681528786e-08
1.2432101656649632e-07
1.7985115202539406e-07
2.6162258645054015e-07
3.7877834489078197e-07
5.469897461015339e-07
7.962518696511915e-07
1.1537019553599044e-06
1.6649422298887145e-06
2.4252049530872183e-06
3.5189183083605373e-06
5.086094739532196e-06
7.407454236958153e-06
1.0772213335760856e-05
1.560646985458623e-05
2.274317354857017e-05
3.317573448280528e-05
4.821336176559233e-05
7.03417882785697e-05
0.00010298317779195598
0.00015019155058048825
0.00021940681564870695
0.00032243635749017836
0.0004718924296792
0.0006900240744924589
0.0010175434088310416
0.0014937232885538388
0.002184736825585589
0.003230375394252305
0.004752299746111995
0.0069597974675495045
0.010281819890589657
0.015132592250908463
0.022150218640625004
0.03258134994683256
0.04776951909710768
0.06948736742860737
0.10091257724902913
0.14556210031391623
0.20688248047749974
0.2895708232882268
0.3964099006364639
0.5250193859687058
0.6667787012878482
0.799885527047306
0.906017675134132
0.9710169691993078
0.9935783264118803
0.9992768395217384
0.99998613370205
0.9999998689371351
0.9999999996539086
0.9999999999999524
1.0
1.0
1.0
1.0
1.0
1.0
1.0
1.0
1.0
1.0
1.0
1.0
1.0
1.0
1.0
1.0
###
1e-05
1.1768119524349992e-05
1.3848863713938717e-05
1.6297508346206434e-05
1.917910261672489e-05
2.2570197196339216e-05
2.656087782946684e-05
3.1257158496882356e-05
3.678379771828634e-05
4.328761281083062e-05
5.0941380148163754e-05
5.994842503189409e-05
7.054802310718646e-05
8.302175681319735e-05
9.770099572992247e-05
0.00011497569953977356
0.00013530477745798074
0.00015922827933410923
0.0001873817422860383
0.00022051307399030456
0.00025950242113997375
0.0003053855508833416
0.00035938136638046257
0.0004229242874389499
0.0004977023564332109
0.0005857020818056661
0.0006892612104349695
0.0008111308307896872
0.0009545484566618337
0.0011233240329780276
0.0013219411484660286
0.0015556761439304723
0.0018307382802953678
0.002154434690031882
0.0025353644939701114
0.0029836472402833374
0.003511191734215131
0.004132012400115334
0.004862601580065354
0.005722367659350214
0.006734150657750821
0.007924828983539169
0.0093260334688322
0.010974987654930556
0.01291549665014884
0.01519911082952933
0.01788649529057435
0.0210490414451202
0.02477076355991709
0.029150530628251757
0.034304692863149154
0.040370172585965536
0.047508101621027934
0.05590810182512223
0.06579332246575675
0.0774263682681127
0.09111627561154886
0.10722672220103231
0.1261856883066021
0.14849682622544635
0.1747528400007683
0.20565123083486514
0.24201282647943834
0.2848035868435799
0.3351602650938841
0.3944206059437656
0.46415888336127725
0.5462277217684337
0.642807311728432
0.7564633275546291
0.8902150854450375
1.0476157527896641
1.232846739442066
1.4508287784959402
1.7073526474706886
2.009233002565046
2.364489412645407
2.782559402207126
3.274549162877725
3.8535285937105273
4.534878508128582
5.3366992312063015
6.280291441834247
7.390722033525775
8.697490026177835
10.235310218990248
12.045035402587812
14.174741629268048
16.68100537200059
19.630406500402685
23.10129700083158
27.1858824273294
31.992671377973846
37.64935806792464
44.30621457583877
52.14008287999685
61.35907273413163
72.20809018385457
84.97534359086438
100.0
###
0.26695830463042497
0.2492756036542335
0.23221575803737032
0.21616994309366455
0.2014573223404959
0.18829684548856854
0.17952640842103354
0.16935509071199048
0.16095071652945278
0.15431536194074275
0.9273092712397474
0.8251814478788828
0.7306177578810328
0.6445477745673948
0.5675253790446682
0.49950827242388157
0.4541783576894464
0.4007790339919617
0.3548956878072047
0.315578700712227
1.3993331668238695
1.2181454731202659
1.053482316983002
0.9062967135238851
0.7764734896967157
0.6631848779539912
0.5882508579443955
0.5003812346614718
0.4247795433893564
0.3596291343794522
1.7869441988410282
1.5332058373481607
1.3056531354443965
1.1046188248649786
0.9292796532079782
0.7777800708607188
0.678192205929488
0.5621632882923246
0.4627371127914415
0.37727590911953607
2.1229217772219706
1.8019554665111515
1.517006806640744
1.2676927543842051
1.051974707307114
0.8669897563636474
0.7462455392565093
0.6062841668132206
0.48697718592811085
0.38500852487065
2.422908265727476
2.03910228216486
1.7010835982967598
1.4075748001580537
1.1554829633345969
0.9406305265048506
0.8011840196808707
0.6403551603404045
0.5040768774201977
0.38815072864515837
2.695998962197876
2.2529608077548384
1.8653513064537857
1.5309556006966125
1.2454728405048328
1.003564397150786
0.8471981087581489
0.6679529411012574
0.5167963427931582
0.38893030247951116
2.947952619259043
2.448711873147706
2.014440493988901
1.6418702896375506
1.325461382904839
1.058705905433324
0.8871535230230003
0.6911059011054548
0.5267120649821948
0.38838440034768396
3.182723199353648
2.6298115957103843
2.151447563427341
1.7429745663585063
1.39768636270972
1.1079049757493054
0.9222856759534633
0.7110013355642275
0.5346848894987751
0.3869989636438165
3.403101736134148
2.7989481662492546
2.2785744741202043
1.8361259978047677
1.4636901366233002
1.152394726504593
0.9537423240336383
0.7284416471129919
0.5412641237676012
0.38533574614039706
3.611359581182153
2.957932949869873
2.397478923773829
1.9226765953870428
1.524600377057649
1.193106158849769
0.9822524757091714
0.7439538395826382
0.5468052268409704
0.3833335839236976
3.809102379954688
3.108208418615579
2.5092455218833325
2.0036489526427133
1.5812135964042942
1.2306402084553314
1.008345722558461
0.7579163612209893
0.5515417918160375
0.3811886338437579
3.9976462658919187
3.2509095332347497
2.614931801306697
2.079831591022616
1.634149318817452
1.2655102527951028
1.0324199420965163
0.7706108379496763
0.5556650280725708
0.37897267701817927
4.178055413720616
3.3871335256969566
2.715283352900092
2.151842155105871
1.6839597379965672
1.2981009016015312
1.054781034944819
0.7822477319950729
0.5592944066171132
0.37673175995302277
4.351282013179798
3.517276958022337
2.810921152214726
2.220210765759187
1.7310206748286432
1.3287331618204685
1.0756703440787823
0.7929969330112437
0.562502874552474
0.37449568192459426