# ../data/BKevo/MVge_BKevo/mvge_90.dat
# N(r,Y=0), r, *FL(x,Q^2)
# 1e-05 < r < 100.0
# 1 < Q^2 < 50, n=15, lin grid
# 1e-5 < x < 1e-2, n=10, log grid
###
1.082840709592685e-12
1.5738460342770486e-12
2.304492031862194e-12
3.365586853679008e-12
4.892397569827176e-12
7.149301440692622e-12
1.044374551299392e-11
1.5183568929198585e-11
2.214166794578505e-11
3.235119910015767e-11
4.703889991443733e-11
6.844782916639582e-11
1.0002710259121348e-10
1.454523309887634e-10
2.1118572071573191e-10
3.086662782735933e-10
4.4886535751567933e-10
6.5024606508848e-10
9.505154865172552e-10
1.3822981441106177e-09
2.001219536060424e-09
2.920774434976452e-09
4.24771684152116e-09
6.149410020196266e-09
8.955824327809064e-09
1.3025459180148802e-08
1.885716825493792e-08
2.7405482666838494e-08
3.986552968279647e-08
5.772166153723669e-08
8.372291138023732e-08
1.2183313384079477e-07
1.7646859096820332e-07
2.555203889741658e-07
3.721036527887308e-07
5.393880408995857e-07
7.799869570048814e-07
1.137326610760259e-06
1.6508857689477975e-06
2.3871267980444256e-06
3.485409010344925e-06
5.0699883609663925e-06
7.347332279160213e-06
1.0733140579002512e-05
1.5657860513761887e-05
2.275723597959332e-05
3.327838402692241e-05
4.871436973252743e-05
7.103750953204989e-05
0.0001040016716505357
0.0001527882396399358
0.00022354585845051205
0.000327574900883385
0.0004828383273857235
0.0007085410527471612
0.0010385850851237996
0.0015350547881344714
0.002257829949253326
0.003307795745954275
0.004897988422113537
0.007213344558094816
0.010571544460243604
0.015621395252502281
0.0229840621467143
0.0336098137773677
0.049331189298741564
0.0720685654521798
0.10427771667131959
0.15015249423211294
0.21383127388426892
0.29859019446890694
0.40736211902196284
0.5375657047372041
0.679351183516538
0.8139149644869546
0.9133315295368489
0.9721442229989747
0.9955897526213917
0.9995137294452127
0.9999787201799828
0.9999999354642999
0.999999999966987
0.999999999999995
1.0
1.0
1.0
1.0
1.0
1.0
1.0
1.0
1.0
1.0
1.0
1.0
1.0
1.0
1.0
1.0
1.0
###
1e-05
1.1768119524349992e-05
1.3848863713938717e-05
1.6297508346206434e-05
1.917910261672489e-05
2.2570197196339216e-05
2.656087782946684e-05
3.1257158496882356e-05
3.678379771828634e-05
4.328761281083062e-05
5.0941380148163754e-05
5.994842503189409e-05
7.054802310718646e-05
8.302175681319735e-05
9.770099572992247e-05
0.00011497569953977356
0.00013530477745798074
0.00015922827933410923
0.0001873817422860383
0.00022051307399030456
0.00025950242113997375
0.0003053855508833416
0.00035938136638046257
0.0004229242874389499
0.0004977023564332109
0.0005857020818056661
0.0006892612104349695
0.0008111308307896872
0.0009545484566618337
0.0011233240329780276
0.0013219411484660286
0.0015556761439304723
0.0018307382802953678
0.002154434690031882
0.0025353644939701114
0.0029836472402833374
0.003511191734215131
0.004132012400115334
0.004862601580065354
0.005722367659350214
0.006734150657750821
0.007924828983539169
0.0093260334688322
0.010974987654930556
0.01291549665014884
0.01519911082952933
0.01788649529057435
0.0210490414451202
0.02477076355991709
0.029150530628251757
0.034304692863149154
0.040370172585965536
0.047508101621027934
0.05590810182512223
0.06579332246575675
0.0774263682681127
0.09111627561154886
0.10722672220103231
0.1261856883066021
0.14849682622544635
0.1747528400007683
0.20565123083486514
0.24201282647943834
0.2848035868435799
0.3351602650938841
0.3944206059437656
0.46415888336127725
0.5462277217684337
0.642807311728432
0.7564633275546291
0.8902150854450375
1.0476157527896641
1.232846739442066
1.4508287784959402
1.7073526474706886
2.009233002565046
2.364489412645407
2.782559402207126
3.274549162877725
3.8535285937105273
4.534878508128582
5.3366992312063015
6.280291441834247
7.390722033525775
8.697490026177835
10.235310218990248
12.045035402587812
14.174741629268048
16.68100537200059
19.630406500402685
23.10129700083158
27.1858824273294
31.992671377973846
37.64935806792464
44.30621457583877
52.14008287999685
61.35907273413163
72.20809018385457
84.97534359086438
100.0
###
0.28438029392892533
0.2681987097006928
0.25245366850809914
0.2375647828389257
0.22387010006185173
0.2116209487605751
0.2034858523769759
0.19413123208987074
0.18654301204701823
0.18071761865416644
1.0232655147346577
0.9228209684570837
0.8286458283372928
0.742155549320802
0.6641529032709156
0.5949100579284085
0.5486399837952879
0.49421764997707124
0.4475414682332765
0.40811983111888883
1.5663689143671158
1.3829469765756783
1.214132202036864
1.0615420102284567
0.9256913945314293
0.8061901710233833
0.7267253499906491
0.6332773218341351
0.5527341184539885
0.48356518573396157
2.0180521165325924
1.7566963132899371
1.519187047623704
1.3068352741240699
1.1197643196462346
0.9564283133567946
0.8483894991354204
0.7216917213166021
0.6126730880646755
0.5187646421245803
2.412657513247514
2.0780490467190287
1.7768658154095516
1.5100547556898272
1.2765676117756837
1.0743046254200097
0.9410924232647992
0.7856120877916333
0.6521728432097029
0.5374277017144312
2.767107871402802
2.363214821511545
2.0024845758462044
1.68525192563502
1.4095405883697862
1.1717788580904205
1.016226261654739
0.8351944614523836
0.6804187973755614
0.5477069838080646
3.0912562993906625
2.621435782450047
2.2046152637022107
1.8403322630190442
1.525508543540436
1.2555776229033182
1.079505554422719
0.8754695248136923
0.701753037641699
0.5533231746261583
3.391326539012347
2.8586075290333888
2.3886483391203672
1.9801276001643913
1.628822031382904
1.3290098064955223
1.1340323794061542
0.9093328544023188
0.7185113702044356
0.5561420283297397
3.6717664775764964
3.0787533579000397
2.5581966137175187
2.107829802190946
1.7222351354266165
1.3945947634754992
1.182455801463273
0.9383742495211488
0.7321396432964108
0.5571992032683899
3.9357725902403162
3.2846091790739638
2.715834769520438
2.2257189082019284
1.8077255383680788
1.4539634394113807
1.2256536265952134
0.9638179774998185
0.7433456038971812
0.5571086339133513
4.185750059268842
3.478627887883613
2.863468698907067
2.3354128236347367
1.886700518008506
1.5082767120739697
1.2647993730153577
0.986397367736051
0.7528351226723355
0.5562537013623782
4.423473495119292
3.6623451669425227
3.0026762439913655
2.438151081866506
1.9601869194287322
1.5584280518861353
1.3005946771491685
1.0067008574669922
0.7609719368453991
0.5547949353880318
4.65061475229399
3.8370782747070873
3.1343712178591336
2.534956187847503
2.0289905297642536
1.6050006345743655
1.3336272549767045
1.0251304428179007
0.7680486597670555
0.5531576099824711
4.868294943477021
4.003889115541283
3.2595732718286343
2.626546455699813
2.093738719877946
1.6485366093166751
1.3642975430190751
1.042004939885174
0.7742393484229222
0.5511961021230799
5.077510978617341
4.164008776065635
3.3790269710763488
2.713562124676805
2.1549586387528583
1.6894395355761396
1.39293651813513
1.0575519034632745
0.7797331069928433
0.5490743929125332