# ../data/BKevo/MVge_BKevo/mvge_109.dat
# N(r,Y=0), r, *FL(x,Q^2)
# 1e-05 < r < 100.0
# 1 < Q^2 < 50, n=15, lin grid
# 1e-5 < x < 1e-2, n=10, log grid
###
1.8600898711006056e-08
2.3806604038327158e-08
3.0523397164457825e-08
3.91061487875627e-08
5.003487004809705e-08
6.409339279446682e-08
8.208818436060058e-08
1.0499192380634597e-07
1.343647517265034e-07
1.7202432019851281e-07
2.199350340774531e-07
2.811874093040391e-07
3.598470703026835e-07
4.5986717193537235e-07
5.873383977615122e-07
7.512901514850903e-07
9.596479713146687e-07
1.2243493477893248e-06
1.5653147211282749e-06
1.998372530018418e-06
2.5478395473063604e-06
3.2542258160475157e-06
4.152189099575354e-06
5.290829744924118e-06
6.750070555745957e-06
8.60765333210131e-06
1.0961727998352211e-05
1.3969402627380618e-05
1.7803696359961436e-05
2.266043742775503e-05
2.884765195534208e-05
3.674831201289713e-05
4.675308056374816e-05
5.9465339399164454e-05
7.573092363148268e-05
9.633119277048355e-05
0.00012244994924547203
0.00015595908085536063
0.00019843080879738509
0.00025223983120314925
0.0003214295918831217
0.00040931919946938464
0.0005208740259863176
0.00066432409522916
0.0008473693016927737
0.001080310081551818
0.0013800483662649704
0.0017645270078378939
0.0022552730942022137
0.002887131077035453
0.0037019523780173914
0.004744767836782747
0.006087161526061268
0.007826224156269879
0.010055458939396923
0.01292014837897044
0.016642140881628634
0.02141181912192975
0.027516716591937853
0.03544716852690482
0.045573888516360586
0.05846688942042698
0.0750446991924635
0.09604398097924555
0.12244489298493694
0.15566577389211772
0.19684753683149384
0.24715367858024928
0.30776418592002036
0.3790866177356444
0.4608335429707146
0.5509718626403258
0.6451106706985359
0.7390131573956337
0.825304988289791
0.8943565879412405
0.9455441234399554
0.9778299148989624
0.9922444753427156
0.998063736249517
0.9997486132693628
0.9999720196740882
0.9999982188140523
0.9999999710235281
0.9999999998675805
0.9999999999994256
0.9999999999999996
1.0
1.0
1.0
1.0
1.0
1.0
1.0
1.0
1.0
1.0
1.0
1.0
1.0
###
1e-05
1.1768119524349992e-05
1.3848863713938717e-05
1.6297508346206434e-05
1.917910261672489e-05
2.2570197196339216e-05
2.656087782946684e-05
3.1257158496882356e-05
3.678379771828634e-05
4.328761281083062e-05
5.0941380148163754e-05
5.994842503189409e-05
7.054802310718646e-05
8.302175681319735e-05
9.770099572992247e-05
0.00011497569953977356
0.00013530477745798074
0.00015922827933410923
0.0001873817422860383
0.00022051307399030456
0.00025950242113997375
0.0003053855508833416
0.00035938136638046257
0.0004229242874389499
0.0004977023564332109
0.0005857020818056661
0.0006892612104349695
0.0008111308307896872
0.0009545484566618337
0.0011233240329780276
0.0013219411484660286
0.0015556761439304723
0.0018307382802953678
0.002154434690031882
0.0025353644939701114
0.0029836472402833374
0.003511191734215131
0.004132012400115334
0.004862601580065354
0.005722367659350214
0.006734150657750821
0.007924828983539169
0.0093260334688322
0.010974987654930556
0.01291549665014884
0.01519911082952933
0.01788649529057435
0.0210490414451202
0.02477076355991709
0.029150530628251757
0.034304692863149154
0.040370172585965536
0.047508101621027934
0.05590810182512223
0.06579332246575675
0.0774263682681127
0.09111627561154886
0.10722672220103231
0.1261856883066021
0.14849682622544635
0.1747528400007683
0.20565123083486514
0.24201282647943834
0.2848035868435799
0.3351602650938841
0.3944206059437656
0.46415888336127725
0.5462277217684337
0.642807311728432
0.7564633275546291
0.8902150854450375
1.0476157527896641
1.232846739442066
1.4508287784959402
1.7073526474706886
2.009233002565046
2.364489412645407
2.782559402207126
3.274549162877725
3.8535285937105273
4.534878508128582
5.3366992312063015
6.280291441834247
7.390722033525775
8.697490026177835
10.235310218990248
12.045035402587812
14.174741629268048
16.68100537200059
19.630406500402685
23.10129700083158
27.1858824273294
31.992671377973846
37.64935806792464
44.30621457583877
52.14008287999685
61.35907273413163
72.20809018385457
84.97534359086438
100.0
###
0.33718029851478326
0.3231275519370104
0.30791144689793415
0.29199977491309703
0.27586939820578726
0.2600133188328986
0.2485599898340382
0.23418426454260852
0.22109183588761813
0.20948842952943997
1.3871827638854677
1.2834783896375666
1.177122080929003
1.0713235833633084
0.9688871735872868
0.872147287276058
0.8043402909215389
0.7211277108531562
0.6466202802313951
0.5808615754763994
2.2650216600867585
2.0597302144021716
1.8543743644910677
1.6548116823910528
1.4657665435483733
1.2906220126552408
1.1697265371075054
1.023288101243832
0.893675194824494
0.78024871289998
3.047905418238644
2.7391691091285035
2.4354281607705435
2.1448160418451674
1.8734784485027707
1.6253962226373961
1.455948630884883
1.2524900312318483
1.0742616207306592
0.9193217755453985
3.7658814964909397
3.35413457289959
2.9540828521878812
2.575808841955326
2.226461061300533
1.9102192423013167
1.6959778511519399
1.4406326810889298
1.2184151709771285
1.0267496820175241
4.435037012911743
3.9215371383220794
3.427564718740758
2.9648626852524886
2.5412946697485816
2.1609464128050937
1.9049794296383833
1.6017554519804302
1.339575366998494
1.1145681659781996
5.065321049554342
4.451694137348927
3.866191259362486
3.3220395919204466
2.8275627431297927
2.3865354231662286
2.091391642608978
1.743609843726759
1.4444653002243877
1.1889549567097923
5.663724654441298
4.951519582160189
4.276755799718117
3.6539166486949077
3.0913224060577247
2.59262062410674
2.2604756645297392
1.870857150132801
1.5373475079875516
1.2535102169243233
6.23503775720399
5.42597718559475
4.664092072324445
3.964939257792726
3.3370242070939993
2.783066273854451
2.4157980735596145
1.9865910633930444
1.620826767989028
1.3110201590440054
6.783079233535227
5.878222080665863
5.0317196041752625
4.258490785079588
3.567282077055528
2.960594785559182
2.5597743012755467
2.0930538745965657
1.6968596245202556
1.3625065844828261
7.310705157411639
6.312397712779821
5.382362780408118
4.537082273833531
3.784807076360997
3.127240372964231
2.6942762608273014
2.19180393246969
1.7667653668447167
1.4093347554269704
7.82005171822844
6.72960514333154
5.717773569057264
4.802661401206089
3.9912079778675054
3.2845628075373434
2.820818433090366
2.2840522797332596
1.831532009073686
1.4522504025249476
8.313354953740376
7.131775511105413
6.040368983986396
5.056821252487783
4.187884401643495
3.43396200249527
2.9403354038728384
2.370734992395291
1.8919831366656539
1.4919148872145054
8.792004984376396
7.520868347680884
6.351169357724133
5.300815546829885
4.375967601692739
3.576095395596412
3.053767054929777
2.452578950176921
1.9486970902663725
1.5288108057932601
9.257319333546878
7.897919378502219
6.6514314295316295
5.535699951026274
4.556496834263715
3.7119199496805697
3.1618245333990003
2.5301794151559687
2.002160676534368
1.5633210236855215