# ../data/BKevo/MVge_BKevo/mvge_119.dat
# N(r,Y=0), r, *FL(x,Q^2)
# 1e-05 < r < 100.0
# 1 < Q^2 < 50, n=15, lin grid
# 1e-5 < x < 1e-2, n=10, log grid
###
1.110223024625157e-16
2.152140860617445e-16
2.7691194914411485e-16
5.063301254894309e-16
8.504284721834098e-16
1.3541257791971447e-15
2.284578255037884e-15
3.777188519275635e-15
6.195457223412995e-15
1.0394722241234776e-14
1.715853030189131e-14
2.853072448855663e-14
4.7605025827816477e-14
7.87229183599175e-14
1.297895172670232e-13
2.17037257619265e-13
3.591404267705103e-13
5.89672524235864e-13
9.874535750479658e-13
1.6351674667314591e-12
2.6828101551732708e-12
4.481369925016119e-12
7.426885629093844e-12
1.2192127064747968e-11
2.0287219995111582e-11
3.364970434277663e-11
5.5272837743044075e-11
9.160795579604388e-11
1.5208507721889444e-10
2.4997898171458815e-10
4.1266577162368286e-10
6.858146464735869e-10
1.128174625118789e-09
1.8551325366552567e-09
3.0870977458406355e-09
5.083877285287138e-09
8.32878784255705e-09
1.3884006965209021e-08
2.2900134026234334e-08
3.7447149054376215e-08
6.248057976484865e-08
1.0328691206176076e-07
1.692671149084919e-07
2.819284115824635e-07
4.675099435705464e-07
7.684715619887924e-07
1.278590886797469e-06
2.128700800332132e-06
3.5123305141613443e-06
5.8403448982272156e-06
9.768509854744775e-06
1.6186588794431262e-05
2.690029769282198e-05
4.521105303265575e-05
7.523727109414973e-05
0.00012491586051215347
0.00021091380640060278
0.0003523723306412764
0.0005840485618869475
0.00099011699558768
0.0016595621534856054
0.002755906843992355
0.004663783667065231
0.00783078534345569
0.013010916062028477
0.021886075756444596
0.03661759854157611
0.06039103354817503
0.0995786868107138
0.16219030755306665
0.2563252403737657
0.39133801904536947
0.5647304719932783
0.7512446547392595
0.903871068772907
0.9769299895205062
0.9976869962952805
0.9999859061031514
0.9999999564600551
0.9999999999925121
1.0
1.0
1.0
1.0
1.0
1.0
1.0
1.0
1.0
1.0
1.0
1.0
1.0
1.0
1.0
1.0
1.0
1.0
1.0
1.0
###
1e-05
1.1768119524349992e-05
1.3848863713938717e-05
1.6297508346206434e-05
1.917910261672489e-05
2.2570197196339216e-05
2.656087782946684e-05
3.1257158496882356e-05
3.678379771828634e-05
4.328761281083062e-05
5.0941380148163754e-05
5.994842503189409e-05
7.054802310718646e-05
8.302175681319735e-05
9.770099572992247e-05
0.00011497569953977356
0.00013530477745798074
0.00015922827933410923
0.0001873817422860383
0.00022051307399030456
0.00025950242113997375
0.0003053855508833416
0.00035938136638046257
0.0004229242874389499
0.0004977023564332109
0.0005857020818056661
0.0006892612104349695
0.0008111308307896872
0.0009545484566618337
0.0011233240329780276
0.0013219411484660286
0.0015556761439304723
0.0018307382802953678
0.002154434690031882
0.0025353644939701114
0.0029836472402833374
0.003511191734215131
0.004132012400115334
0.004862601580065354
0.005722367659350214
0.006734150657750821
0.007924828983539169
0.0093260334688322
0.010974987654930556
0.01291549665014884
0.01519911082952933
0.01788649529057435
0.0210490414451202
0.02477076355991709
0.029150530628251757
0.034304692863149154
0.040370172585965536
0.047508101621027934
0.05590810182512223
0.06579332246575675
0.0774263682681127
0.09111627561154886
0.10722672220103231
0.1261856883066021
0.14849682622544635
0.1747528400007683
0.20565123083486514
0.24201282647943834
0.2848035868435799
0.3351602650938841
0.3944206059437656
0.46415888336127725
0.5462277217684337
0.642807311728432
0.7564633275546291
0.8902150854450375
1.0476157527896641
1.232846739442066
1.4508287784959402
1.7073526474706886
2.009233002565046
2.364489412645407
2.782559402207126
3.274549162877725
3.8535285937105273
4.534878508128582
5.3366992312063015
6.280291441834247
7.390722033525775
8.697490026177835
10.235310218990248
12.045035402587812
14.174741629268048
16.68100537200059
19.630406500402685
23.10129700083158
27.1858824273294
31.992671377973846
37.64935806792464
44.30621457583877
52.14008287999685
61.35907273413163
72.20809018385457
84.97534359086438
100.0
###
0.2687687023223352
0.25308261228267603
0.23835220862970374
0.2249256251983225
0.21305919338391227
0.20292169542652597
0.1965165853213719
0.18961948872772752
0.18462930753093493
0.1815675134736555
0.9250483866763594
0.8302612244307973
0.7434948858048618
0.6655936946613217
0.5967447662262123
0.5369424617844238
0.49782073971640267
0.45262296358010917
0.4149349399204349
0.38415956086628816
1.386679010172484
1.2162121309707823
1.0624102593765261
0.9260099343985235
0.8063850414510084
0.7025966331998025
0.6342988981970163
0.5546518881716167
0.4867132482803962
0.42882932147849984
1.7620380243739642
1.5218061910281098
1.3073944618331772
1.1188233450400822
0.9547857981663956
0.8129264133755973
0.7197846818562881
0.6110317914052263
0.5176011358150436
0.4369907877957954
2.0851429420004006
1.7801751898261733
1.5103351434902976
1.2747751194339145
1.070938505537648
0.8957987507394799
0.7810790302598728
0.6472430800867243
0.5322273203668019
0.432668075050995
2.3721578091309863
2.006625858953308
1.6856004690956043
1.406964253993586
1.1673013836771895
0.9622128857421237
0.8283883973167733
0.6727036033492723
0.539112498133354
0.4235701325765076
2.6323234908201787
2.209734552859221
1.8408458576612143
1.5224932131513582
1.249914143104737
1.0176925284469363
0.8667968705977706
0.6917218321892001
0.5419466739584555
0.4127128247887876
2.8715106598032825
2.3948460872452415
1.9809544803587242
1.625504071535678
1.3225698811994222
1.06564390109152
0.8990852205079688
0.7066206588025875
0.542518621496059
0.40140082811794775
3.093729622241245
2.565562682089823
2.1091074456167713
1.718794608012468
1.3875554567800683
1.1077123354843017
0.9267397296488913
0.7186483471393006
0.541753671063015
0.39023093167861783
3.3017069296655466
2.7244434456732622
2.2275324586862926
1.8043062656224709
1.446505339923712
1.1453169893281807
0.951335803294255
0.7286497711961973
0.5402122577169047
0.37947424379094613
3.497877931406326
2.873481594078771
2.3378526764532093
1.883401013800366
1.5005397648271768
1.1793700364107578
0.9731576911740262
0.7371538013076255
0.5382164344953855
0.36924454928703254
3.683774257610035
3.0139379053676056
2.441329204474053
1.9571081840309534
1.550503168274253
1.2105227660720452
0.9928667014048784
0.7444977306568418
0.5359624162929054
0.35957725200198115
3.860706886274107
3.147029949323301
2.5388931336590246
2.02621890987437
1.597029603204531
1.2392631831499434
1.0108541435222014
0.7509831139502791
0.5335741138560552
0.35046868412221877
4.029732630430417
3.273664333956606
2.6313141569098533
2.091299058163681
1.6406130899450124
1.2659648129971344
1.0274088607860488
0.7567715590045291
0.5311304088567267
0.3418962352075941
4.191821013942077
3.3945796984209275
2.719207643772978
2.1529717015493492
1.6816448673947393
1.2909198941996871
1.0427587280003838
0.7619660177218143
0.5286735143718787
0.33382876680792056