# ../data/BKevo/MVge_BKevo/mvge_125.dat
# N(r,Y=0), r, *FL(x,Q^2)
# 1e-05 < r < 100.0
# 1 < Q^2 < 50, n=15, lin grid
# 1e-5 < x < 1e-2, n=10, log grid
###
0.0
0.0
0.0
0.0
0.0
0.0
0.0
0.0
0.0
0.0
0.0
0.0
0.0
0.0
1.110223024625157e-16
1.110223024625157e-16
1.8679714215948338e-16
4.46725127701648e-16
8.064604990760821e-16
1.5313901042072956e-15
2.736750385529767e-15
5.295622478353022e-15
9.97804223491341e-15
1.8541578881132686e-14
3.5315635327257014e-14
6.685097598911536e-14
1.2450913155644214e-13
2.3566734544095935e-13
4.472533000368733e-13
8.343253461771056e-13
1.5696788712421463e-12
2.986371398991645e-12
5.58243840439032e-12
1.0438338012850411e-11
1.9922623870090477e-11
3.7335839454078e-11
6.939681288668147e-11
1.3296436725061698e-10
2.499844246510927e-10
4.632521065182446e-10
8.894708712384945e-10
1.6791024215285193e-09
3.1229228462162057e-09
5.977018793333028e-09
1.1339067601347863e-08
2.118198761597969e-08
4.042384383846763e-08
7.712078974123174e-08
1.4477012066052103e-07
2.754599241808798e-07
5.286467677308651e-07
9.973305692354265e-07
1.891038685491305e-06
3.650476570501564e-06
6.9198428315154994e-06
1.3064373918191153e-05
2.535996805398801e-05
4.828414832777324e-05
9.068490051923057e-05
0.0001769467123295403
0.00033823739975638806
0.0006364984029912249
0.0012376930186643867
0.002373576917343104
0.004475923427690473
0.008643868232317395
0.01657568670333774
0.031148524084967447
0.05903998754143387
0.1107336480843481
0.19973661266902112
0.3460020282600213
0.554740633155602
0.7836354813604548
0.9467774903048015
0.9942154657858355
0.9998629587546317
0.9999999990375932
0.9999999999999988
1.0
1.0
1.0
1.0
1.0
1.0
1.0
1.0
1.0
1.0
1.0
1.0
1.0
1.0
1.0
1.0
1.0
1.0
1.0
1.0
1.0
###
1e-05
1.1768119524349992e-05
1.3848863713938717e-05
1.6297508346206434e-05
1.917910261672489e-05
2.2570197196339216e-05
2.656087782946684e-05
3.1257158496882356e-05
3.678379771828634e-05
4.328761281083062e-05
5.0941380148163754e-05
5.994842503189409e-05
7.054802310718646e-05
8.302175681319735e-05
9.770099572992247e-05
0.00011497569953977356
0.00013530477745798074
0.00015922827933410923
0.0001873817422860383
0.00022051307399030456
0.00025950242113997375
0.0003053855508833416
0.00035938136638046257
0.0004229242874389499
0.0004977023564332109
0.0005857020818056661
0.0006892612104349695
0.0008111308307896872
0.0009545484566618337
0.0011233240329780276
0.0013219411484660286
0.0015556761439304723
0.0018307382802953678
0.002154434690031882
0.0025353644939701114
0.0029836472402833374
0.003511191734215131
0.004132012400115334
0.004862601580065354
0.005722367659350214
0.006734150657750821
0.007924828983539169
0.0093260334688322
0.010974987654930556
0.01291549665014884
0.01519911082952933
0.01788649529057435
0.0210490414451202
0.02477076355991709
0.029150530628251757
0.034304692863149154
0.040370172585965536
0.047508101621027934
0.05590810182512223
0.06579332246575675
0.0774263682681127
0.09111627561154886
0.10722672220103231
0.1261856883066021
0.14849682622544635
0.1747528400007683
0.20565123083486514
0.24201282647943834
0.2848035868435799
0.3351602650938841
0.3944206059437656
0.46415888336127725
0.5462277217684337
0.642807311728432
0.7564633275546291
0.8902150854450375
1.0476157527896641
1.232846739442066
1.4508287784959402
1.7073526474706886
2.009233002565046
2.364489412645407
2.782559402207126
3.274549162877725
3.8535285937105273
4.534878508128582
5.3366992312063015
6.280291441834247
7.390722033525775
8.697490026177835
10.235310218990248
12.045035402587812
14.174741629268048
16.68100537200059
19.630406500402685
23.10129700083158
27.1858824273294
31.992671377973846
37.64935806792464
44.30621457583877
52.14008287999685
61.35907273413163
72.20809018385457
84.97534359086438
100.0
###
0.25809697985800334
0.24251303534010474
0.22813485283478116
0.2152751675527533
0.2041456717599352
0.19487612636617485
0.1891901759731836
0.18332958164025864
0.17945549839374986
0.17758427227222798
0.8627448349374605
0.7706429077815922
0.6872972926581729
0.6132487492412608
0.548709796178895
0.49310807660653655
0.45698359453957593
0.4157252018022723
0.38175610863141607
0.3544710972421173
1.2766849733464303
1.1128369901233373
0.9665478687630673
0.837944020975244
0.7260976573700384
0.6297321966919454
0.5665237812699929
0.4931279794632639
0.4305725770032145
0.377323018279772
1.6088860691971274
1.3798188949531254
1.1773616140485699
1.0007295054851244
0.8480887480322468
0.7167539033481771
0.6307125150689471
0.5303642421993312
0.44397420508681906
0.36929074227956427
1.8925093026859616
1.603479510651159
1.3501167638856943
1.1305924727649732
0.9418586691865118
0.7802180090476949
0.6745554857974896
0.5513405694626657
0.4451130403778455
0.3526215183272679
2.1429778917506566
1.7982714452364197
1.4982110182756418
1.2396731423112926
1.0185847891016262
0.8301335487890457
0.7072907992390306
0.5643788297632306
0.44144388977726884
0.334400252178833
2.3690100735708977
1.9721450403090535
1.6287077453912335
1.3343904007229734
1.0839061927963798
0.8712358179972437
0.7332269709965835
0.573084111867218
0.4356724855554495
0.31643571877385906
2.576007798969814
2.1300480768458603
1.746005749385918
1.418513233901895
1.1409375193417572
0.9064546080345693
0.7546588060003061
0.5792258570850142
0.4292897587715938
0.29972702337490287
2.767808328159503
2.275197457022769
1.852951900005356
1.4944190545958431
1.1918125196951208
0.9371756824321578
0.7728272019261482
0.5837703582315857
0.42280513308657713
0.28438463488669763
2.9470065184319623
2.4100017302484895
1.9515258577146837
1.5637969629978339
1.237832594970141
0.9645378513637629
0.788849045700555
0.5872730372282522
0.4164944556825963
0.2703926622433134
3.115571486448722
2.5360718677992593
2.0431591879307804
1.627857325820099
1.2799033629706205
0.9892379286512277
0.8030093018541542
0.5900745092509501
0.41048335382691875
0.25765549603687615
3.2750134974307894
2.654732896872078
2.128947633424629
1.6874278168226753
1.3187406623271118
1.0118034847440085
0.815772725343208
0.5923891348383936
0.4048208648017911
0.24605194214497608
3.4267030287102913
2.766992790562673
2.209714149701046
1.7432098333547068
1.3548631634993455
1.0326054523099748
0.8274242524462714
0.5942467817431641
0.3994898128017067
0.23546131512508234
3.5712550275784034
2.8736549707688206
2.2861196289857935
1.795709852002293
1.388670476273178
1.0519305766598168
0.8381384585571207
0.5960619925849858
0.39452238944987733
0.22576991385518547
3.7096073105404757
2.9753716926320677
2.358695973387612
1.8453651101449222
1.4204773850884234
1.0699925536477086
0.8480878281549245
0.5975980718934211
0.38994781859910504
0.21687656164790814