# ../data/BKevo/MVge_BKevo/mvge_85.dat
# N(r,Y=0), r, *FL(x,Q^2)
# 1e-05 < r < 100.0
# 1 < Q^2 < 50, n=15, lin grid
# 1e-5 < x < 1e-2, n=10, log grid
###
1.556015351017501e-08
1.9914934434337636e-08
2.5533841353171752e-08
3.271376425134299e-08
4.1856294374301995e-08
5.3617231462488314e-08
6.86713366892781e-08
8.783246351847223e-08
1.1240607526559356e-07
1.439132067048984e-07
1.8399778724030883e-07
2.3524636504739026e-07
3.0106198313850584e-07
3.847538666069821e-07
4.914212407447862e-07
6.286253225936612e-07
8.030040874522425e-07
1.0245575079737243e-06
1.3099796461290917e-06
1.6725392481368989e-06
2.1326265070033617e-06
2.724233532296999e-06
3.4764568728705575e-06
4.430538431053522e-06
5.653682886139707e-06
7.211320898875671e-06
9.186128243463202e-06
1.1710664017980567e-05
1.4931145828924521e-05
1.9013287844155357e-05
2.421837520168711e-05
3.08721510069912e-05
3.9307544738437614e-05
5.0040410999071225e-05
6.379708804481647e-05
8.125014218671978e-05
0.00010342236868690346
0.00013194191793124645
0.00016817903098581219
0.00021421163639376712
0.0002736085379399332
0.0003493009915709379
0.0004456928081037648
0.0005701435131413075
0.0007295377535142738
0.0009331101952600848
0.001196116088559029
0.0015347446860568379
0.0019684248883462645
0.0025287638502470415
0.0032537343871374873
0.004184124555039238
0.005385024834910733
0.006944837062395365
0.008948491415433189
0.011528377423507456
0.014887177914379688
0.019198541808001086
0.024725530032688778
0.0319187189699703
0.04111905213653937
0.05285286310666147
0.0679748429247435
0.08717536972931118
0.11138011607328467
0.14195373962894528
0.18002265638020568
0.2267699072101736
0.2835098762360711
0.3509040632687529
0.42899960602232867
0.5164185959292383
0.6095885120612875
0.7047242401115497
0.7949106175518899
0.8703380094531664
0.9290720193653089
0.9685708973757552
0.9879767292289553
0.9966211871666774
0.9994661040243532
0.9999282711166086
0.9999943158241481
0.9999998717714766
0.9999999989669798
0.9999999999929788
0.9999999999999915
1.0
1.0
1.0
1.0
1.0
1.0
1.0
1.0
1.0
1.0
1.0
1.0
1.0
###
1e-05
1.1768119524349992e-05
1.3848863713938717e-05
1.6297508346206434e-05
1.917910261672489e-05
2.2570197196339216e-05
2.656087782946684e-05
3.1257158496882356e-05
3.678379771828634e-05
4.328761281083062e-05
5.0941380148163754e-05
5.994842503189409e-05
7.054802310718646e-05
8.302175681319735e-05
9.770099572992247e-05
0.00011497569953977356
0.00013530477745798074
0.00015922827933410923
0.0001873817422860383
0.00022051307399030456
0.00025950242113997375
0.0003053855508833416
0.00035938136638046257
0.0004229242874389499
0.0004977023564332109
0.0005857020818056661
0.0006892612104349695
0.0008111308307896872
0.0009545484566618337
0.0011233240329780276
0.0013219411484660286
0.0015556761439304723
0.0018307382802953678
0.002154434690031882
0.0025353644939701114
0.0029836472402833374
0.003511191734215131
0.004132012400115334
0.004862601580065354
0.005722367659350214
0.006734150657750821
0.007924828983539169
0.0093260334688322
0.010974987654930556
0.01291549665014884
0.01519911082952933
0.01788649529057435
0.0210490414451202
0.02477076355991709
0.029150530628251757
0.034304692863149154
0.040370172585965536
0.047508101621027934
0.05590810182512223
0.06579332246575675
0.0774263682681127
0.09111627561154886
0.10722672220103231
0.1261856883066021
0.14849682622544635
0.1747528400007683
0.20565123083486514
0.24201282647943834
0.2848035868435799
0.3351602650938841
0.3944206059437656
0.46415888336127725
0.5462277217684337
0.642807311728432
0.7564633275546291
0.8902150854450375
1.0476157527896641
1.232846739442066
1.4508287784959402
1.7073526474706886
2.009233002565046
2.364489412645407
2.782559402207126
3.274549162877725
3.8535285937105273
4.534878508128582
5.3366992312063015
6.280291441834247
7.390722033525775
8.697490026177835
10.235310218990248
12.045035402587812
14.174741629268048
16.68100537200059
19.630406500402685
23.10129700083158
27.1858824273294
31.992671377973846
37.64935806792464
44.30621457583877
52.14008287999685
61.35907273413163
72.20809018385457
84.97534359086438
100.0
###
0.33292516528508226
0.3182286594265441
0.30242047559134366
0.28595898324511965
0.26933863544943387
0.2530572763512243
0.24133094160445095
0.2266317916837561
0.21325521857939195
0.2013938499986951
1.3563897884369822
1.25039579339129
1.1423856712941385
1.0355762616532593
0.9326684915737147
0.8359313067742602
0.7683427929197145
0.6856082810252744
0.6116829997396778
0.5465108673011837
2.204468285183443
1.9965706491866544
1.7901124538796016
1.5906500617145967
1.4026671745819226
1.2293523044753225
1.1101451393089867
0.9661553089964392
0.8390802566163705
0.7280706455209877
2.957173851954226
2.6464263720965353
2.3429174961427077
2.0542520896352374
1.7861583496105884
1.5422684169800627
1.3762973433050063
1.1776455163193897
1.0041364235851165
0.8536640584319396
3.6451714136493485
3.2325993636480326
2.834646603337814
2.460562865142706
2.1169748794387004
1.8075224810740214
1.5986698844347016
1.3505673153839883
1.1353468979321826
0.9502187352955311
4.284751476023958
3.7720256281161495
3.282354527586136
2.82637357762289
2.4112610448530956
2.040407071024629
1.7917821154712485
1.4982586706159413
1.2453424811285831
1.0288856390009333
4.885996814000909
4.275010027300078
3.6962423608869837
3.161561747424276
2.67829403067564
2.2494993006724893
1.9636985576718502
1.6280093689963613
1.3403358009341115
1.095415778977425
5.45572440536492
4.748382983375694
4.0829951673717915
3.4724011215960098
2.923987321858316
2.440225421205099
2.119366518917616
1.7442420915893977
1.4243348864681413
1.1529822621331152
5.998972004350152
5.197007200995786
4.4473107135466785
3.7633158181334747
3.1523912265077243
2.6162211123131645
2.2621364429728907
1.8498232079211459
1.499732852736405
1.20423140977044
6.519379658361801
5.624468340676699
4.792566406046231
4.037475070242418
3.3662573271713017
2.7800850892379256
2.3943558182739473
1.9468108476650208
1.5683137942798415
1.2500572539354748
7.019747960667405
6.033722499873931
5.121548219039639
4.297435787580679
3.568072211074165
2.9337444625469806
2.51773420352039
2.0366995818395544
1.6313181023990735
1.2916387879813398
7.502473775829599
6.4268900716711626
5.436255095269706
4.545019491634587
3.7593840905154687
3.078805373993898
2.633652501390405
2.120564611824616
1.6896691991915822
1.3298334835196235
7.969415205828223
6.805945154030114
5.738046717034859
4.781730949252986
3.9415264682353905
3.216180025373047
2.7431736812164056
2.199354308806931
1.7440968701094133
1.365050202034093
8.422096780957924
7.17191894977433
6.028863739800019
5.0089140038624995
4.115575531018184
3.3469099628253822
2.8470091623929683
2.2736752957444892
1.7951124748815745
1.3977886990934798
8.861817697771363
7.526167452046202
6.309653268188604
5.227346274507672
4.282515597199667
3.4717519044355387
2.9457219462216813
2.344096866034891
1.8431378385666848
1.4283927839507895