# ../data/BKevo/MVge_BKevo/mvge_63.dat
# N(r,Y=0), r, *FL(x,Q^2)
# 1e-05 < r < 100.0
# 1 < Q^2 < 50, n=15, lin grid
# 1e-5 < x < 1e-2, n=10, log grid
###
7.667138247149381e-13
1.1142803195310838e-12
1.631602051973787e-12
2.3829054437493614e-12
3.463888788505232e-12
5.061687233430906e-12
7.393916780218438e-12
1.07493844714721e-11
1.567497192194131e-11
2.2901984347921595e-11
3.329829775388101e-11
4.845111996076788e-11
7.080057728267837e-11
1.0294622182163194e-10
1.494580601511447e-10
2.1842361201189364e-10
3.175966830190388e-10
4.6002266458706545e-10
6.723331893344768e-10
9.775526332180545e-10
1.4149258628370142e-09
2.064467248955601e-09
3.001347619112439e-09
4.343337458965594e-09
6.3223576886153595e-09
9.189908851809454e-09
1.3295456904993351e-08
1.9306457766973833e-08
2.805619183482592e-08
4.057667587835168e-08
5.87739241638332e-08
8.538411954680913e-08
1.234397594748902e-07
1.7833811621489413e-07
2.5899032892305727e-07
3.742632460968104e-07
5.393045618422695e-07
7.829259570663287e-07
1.130939254697954e-06
1.6265422051911098e-06
2.3591286035839772e-06
3.406821824385147e-06
4.89844743143709e-06
7.089235456626701e-06
1.0237791507538138e-05
1.4721553417117656e-05
2.126862478695423e-05
3.073237315577505e-05
4.42235349552329e-05
6.382458250612526e-05
9.235647889600756e-05
0.00013311652724430097
0.0001920953944890734
0.0002786732659708859
0.0004027524323457599
0.0005816854249890825
0.0008468991652795557
0.001228457507219974
0.0017768357374972617
0.002597885575523128
0.003783348517819823
0.005490787527814659
0.008042045611148248
0.011748223842605524
0.017089249459860394
0.02500545240628659
0.036521415723699435
0.05300654044131694
0.07696402033254499
0.11129462080986231
0.15906237663274111
0.22492503611352804
0.3131366561251463
0.4245886990519456
0.556823088343081
0.6968478256154765
0.8269938394433366
0.9264849932439987
0.9764913286664698
0.9955694880589583
0.9997539467544267
0.9999918458092223
0.9999999098677673
0.9999999999145233
0.9999999999999999
1.0
1.0
1.0
1.0
1.0
1.0
1.0
1.0
1.0
1.0
1.0
1.0
1.0
1.0
1.0
###
1e-05
1.1768119524349992e-05
1.3848863713938717e-05
1.6297508346206434e-05
1.917910261672489e-05
2.2570197196339216e-05
2.656087782946684e-05
3.1257158496882356e-05
3.678379771828634e-05
4.328761281083062e-05
5.0941380148163754e-05
5.994842503189409e-05
7.054802310718646e-05
8.302175681319735e-05
9.770099572992247e-05
0.00011497569953977356
0.00013530477745798074
0.00015922827933410923
0.0001873817422860383
0.00022051307399030456
0.00025950242113997375
0.0003053855508833416
0.00035938136638046257
0.0004229242874389499
0.0004977023564332109
0.0005857020818056661
0.0006892612104349695
0.0008111308307896872
0.0009545484566618337
0.0011233240329780276
0.0013219411484660286
0.0015556761439304723
0.0018307382802953678
0.002154434690031882
0.0025353644939701114
0.0029836472402833374
0.003511191734215131
0.004132012400115334
0.004862601580065354
0.005722367659350214
0.006734150657750821
0.007924828983539169
0.0093260334688322
0.010974987654930556
0.01291549665014884
0.01519911082952933
0.01788649529057435
0.0210490414451202
0.02477076355991709
0.029150530628251757
0.034304692863149154
0.040370172585965536
0.047508101621027934
0.05590810182512223
0.06579332246575675
0.0774263682681127
0.09111627561154886
0.10722672220103231
0.1261856883066021
0.14849682622544635
0.1747528400007683
0.20565123083486514
0.24201282647943834
0.2848035868435799
0.3351602650938841
0.3944206059437656
0.46415888336127725
0.5462277217684337
0.642807311728432
0.7564633275546291
0.8902150854450375
1.0476157527896641
1.232846739442066
1.4508287784959402
1.7073526474706886
2.009233002565046
2.364489412645407
2.782559402207126
3.274549162877725
3.8535285937105273
4.534878508128582
5.3366992312063015
6.280291441834247
7.390722033525775
8.697490026177835
10.235310218990248
12.045035402587812
14.174741629268048
16.68100537200059
19.630406500402685
23.10129700083158
27.1858824273294
31.992671377973846
37.64935806792464
44.30621457583877
52.14008287999685
61.35907273413163
72.20809018385457
84.97534359086438
100.0
###
0.2549006367628329
0.2362371311503528
0.21829856181084797
0.20149526495021763
0.18611887887563633
0.17236016137905752
0.16316654452274762
0.1524423184475224
0.14346931930014864
0.13622166006162312
0.8653955654388756
0.7627739189545127
0.6684341642176498
0.5831636241003336
0.507279815462765
0.44055636822791655
0.39616541015050744
0.3440357043269397
0.29906197924701033
0.2604005518579259
1.2944154055852632
1.1156947501861754
0.9546077932422812
0.8117341144812668
0.6866130812801743
0.5780463834702121
0.506608469967914
0.42317392639646156
0.3515405291255194
0.28992003638747726
1.644128194090281
1.3966140485673844
1.1765666221555948
0.9837979604656852
0.8170092666840397
0.6737695427373889
0.5802776810836121
0.4718681957802265
0.37947629844113007
0.3004655058393463
1.945862948915296
1.6352107399070261
1.3618679491616021
1.1247442088064141
0.9213056185808043
0.7481789373189726
0.6359246102739542
0.5065994196165687
0.3972400294351093
0.3043357614751788
2.214468123437251
1.8451250099668766
1.5228266922347564
1.2454329150282801
1.009190771495856
0.8095301560867848
0.6807927590335731
0.5335317600524014
0.40970431884322295
0.30530451008507975
2.4583309847938044
2.033963452100255
1.6662086606339241
1.3517067723682126
1.0855562821521527
0.8619606906416064
0.718638731409401
0.5553843380793023
0.4190606006502159
0.3048662870110906
2.6828916164179524
2.2065281102708214
1.7961391095154073
1.4471370617502939
1.1533884909373013
0.9079182884573195
0.7513157258940083
0.5737836070147121
0.42651625408859195
0.30369318879551743
2.891821404581006
2.3660279975595357
1.9153978527481164
1.5340543365691222
1.2146160003000748
0.9489491786895696
0.7801618013222237
0.5896514176062603
0.4323175459479706
0.30211817748194086
3.0876425220195296
2.514756812311716
2.025927523716258
1.6140810658454425
1.2705557615785106
0.986061936271188
0.806026662449798
0.6036069771681754
0.43725630371315355
0.3003618256569886
3.2724896078031245
2.6544152951504527
2.1291955155842683
1.6884037583476206
1.3221551605322908
1.0200217039361499
0.8294939514620113
0.616064896036647
0.4414546750258985
0.2985031966681926
3.4478216408977187
2.7864116105441066
2.22626301581521
1.7578882719193587
1.3701191199397307
1.0513597239880559
0.8509978544532648
0.6271711938780009
0.4450733813861311
0.29661338137406795
3.614843520350873
2.911569416381315
2.3179672973790764
1.823245804232699
1.4150079767590098
1.080505138577521
0.8708592406566492
0.6375534445242446
0.4482527323020742
0.29472918364608247
3.774775288659917
3.030800571235402
2.404936179265224
1.8850096043423472
1.4571879958857106
1.1077396390499534
0.8893258238654531
0.6469753639136576
0.4510766891424883
0.29287294330567387
3.927757228466093
3.144774172410852
2.487894467886833
1.9436181742478946
1.497056818678297
1.1333343912419693
0.9065932121846955
0.6556999445658312
0.4535972735389698
0.2910573429745312