# ../data/BKevo/MVge_BKevo/mvge_58.dat
# N(r,Y=0), r, *FL(x,Q^2)
# 1e-05 < r < 100.0
# 1 < Q^2 < 50, n=15, lin grid
# 1e-5 < x < 1e-2, n=10, log grid
###
1.2360735501613704e-08
1.5819977266134802e-08
2.0283308718461657e-08
2.5986516598002453e-08
3.324852788854348e-08
4.259010788951089e-08
5.4547035670547736e-08
6.976548723282569e-08
8.928182692614587e-08
1.14303375729556e-07
1.4613483478027604e-07
1.8682859900916004e-07
2.390842044031099e-07
3.055261642665692e-07
3.901974060114413e-07
4.990897883927383e-07
6.37461429179947e-07
8.13230184620073e-07
1.0396014872096137e-06
1.327063856804094e-06
1.6917242212754146e-06
2.160390109383214e-06
2.7559795626687945e-06
3.5109387242506913e-06
4.478000610877395e-06
5.708391333835383e-06
7.2667061782516454e-06
9.256092869958813e-06
1.1789871992994044e-05
1.499603787949955e-05
1.9075178326909062e-05
2.4275600767629292e-05
3.084974507146415e-05
3.918543831548734e-05
4.982214117711115e-05
6.32556591836843e-05
8.02318664277018e-05
0.00010191450077971961
0.000129274467874718
0.00016376517041761593
0.00020781059838134567
0.00026338551125292177
0.0003334093638182271
0.00042259902988161846
0.0005353274735481508
0.0006773741710902573
0.000857966728158352
0.001086803140858958
0.00137542884324381
0.0017420678736906872
0.0022083838168282127
0.0027977241558651057
0.003546475893372515
0.0045035039092909054
0.005716517728011113
0.0072586616029233116
0.009240785449911675
0.011760511313176448
0.014964266844507535
0.019101832576584703
0.024369788521899034
0.031070484932737882
0.03970332723540668
0.05069263586474611
0.06462045001742764
0.08239889318634994
0.1048654358222342
0.13299258177161993
0.1681528152216011
0.21158141415630405
0.2643456139192496
0.3274747491574747
0.40117403680824004
0.48486474731257884
0.5763322533201922
0.6701161613290202
0.7619881541257117
0.8452597269661271
0.9091769836531625
0.9548925230468481
0.9827347080687866
0.9943744118045991
0.9986854458686303
0.9998378434760985
0.9999861999650576
0.999999225930003
0.9999999867699011
0.9999999999730477
0.9999999999999146
1.0
1.0
1.0
1.0
1.0
1.0
1.0
1.0
1.0
1.0
1.0
###
1e-05
1.1768119524349992e-05
1.3848863713938717e-05
1.6297508346206434e-05
1.917910261672489e-05
2.2570197196339216e-05
2.656087782946684e-05
3.1257158496882356e-05
3.678379771828634e-05
4.328761281083062e-05
5.0941380148163754e-05
5.994842503189409e-05
7.054802310718646e-05
8.302175681319735e-05
9.770099572992247e-05
0.00011497569953977356
0.00013530477745798074
0.00015922827933410923
0.0001873817422860383
0.00022051307399030456
0.00025950242113997375
0.0003053855508833416
0.00035938136638046257
0.0004229242874389499
0.0004977023564332109
0.0005857020818056661
0.0006892612104349695
0.0008111308307896872
0.0009545484566618337
0.0011233240329780276
0.0013219411484660286
0.0015556761439304723
0.0018307382802953678
0.002154434690031882
0.0025353644939701114
0.0029836472402833374
0.003511191734215131
0.004132012400115334
0.004862601580065354
0.005722367659350214
0.006734150657750821
0.007924828983539169
0.0093260334688322
0.010974987654930556
0.01291549665014884
0.01519911082952933
0.01788649529057435
0.0210490414451202
0.02477076355991709
0.029150530628251757
0.034304692863149154
0.040370172585965536
0.047508101621027934
0.05590810182512223
0.06579332246575675
0.0774263682681127
0.09111627561154886
0.10722672220103231
0.1261856883066021
0.14849682622544635
0.1747528400007683
0.20565123083486514
0.24201282647943834
0.2848035868435799
0.3351602650938841
0.3944206059437656
0.46415888336127725
0.5462277217684337
0.642807311728432
0.7564633275546291
0.8902150854450375
1.0476157527896641
1.232846739442066
1.4508287784959402
1.7073526474706886
2.009233002565046
2.364489412645407
2.782559402207126
3.274549162877725
3.8535285937105273
4.534878508128582
5.3366992312063015
6.280291441834247
7.390722033525775
8.697490026177835
10.235310218990248
12.045035402587812
14.174741629268048
16.68100537200059
19.630406500402685
23.10129700083158
27.1858824273294
31.992671377973846
37.64935806792464
44.30621457583877
52.14008287999685
61.35907273413163
72.20809018385457
84.97534359086438
100.0
###
0.3094232703067274
0.29060213337757995
0.27076238524740387
0.25050163000359443
0.2304403851962651
0.21111946544891277
0.19738586696470253
0.18034819088736712
0.16495241883479092
0.15131423664091206
1.2026755807520977
1.0826164416166755
0.963688449958222
0.8492816290081026
0.7420113195193349
0.6436767480799674
0.5764064378490843
0.49558051886855015
0.4247053428822534
0.3631397075543765
1.9147106547668196
1.6904944261013517
1.4744349861338752
1.2718408393356049
1.0863706981684993
0.9200884666673572
0.8082949310382284
0.6762867784504734
0.5623554241275474
0.46494366151175176
2.5345870196402913
2.2094210191346844
1.9015429675805693
1.6176378766181856
1.3617335014583558
1.135612400505996
0.9854147226571479
0.8099688936186173
0.660403562444655
0.5338590813954334
3.0939820818774026
2.6715122850801962
2.2766847905706475
1.9169887615296752
1.596500799256165
1.3163495578199431
1.1319971733385792
0.9182521916040699
0.7378650751669087
0.5865096510077101
3.609145615487709
3.092790060366267
2.615177672889614
2.184218474330752
1.8037164586280108
1.4739525453097035
1.258443773797099
1.010381278513027
0.8025075279761432
0.6294362477578566
4.089883858934178
3.482774739759434
2.9259516682548474
2.4274694333775075
1.9906899005433747
1.614818999720231
1.3706869666959347
1.0911320990012048
0.8584144192403044
0.6658888490327305
4.542620148014156
3.8476754169799685
3.2147678162092843
2.651973092772628
2.1619862543503428
1.742867768523502
1.4720102332674505
1.1634053865235083
0.9078930403187158
0.6976353326320808
4.972268238588257
4.19184501386538
3.4855265812034366
2.861258474748766
2.320690314896834
1.8607277872954933
1.5647898405315566
1.2290788807145248
0.9523988281449759
0.7258640493567027
5.381883494605966
4.518478911535922
3.7412710741182704
3.0578792331616307
2.4690411530527934
1.9702555962035775
1.6506155807493967
1.2893941752073197
0.9929689948832584
0.7513281369249567
5.774358268496796
4.829996641328454
3.9841206509586216
3.243799182428065
2.608592872203318
2.0728061661453494
1.7306565866654489
1.3453133103198105
1.0303276260577943
0.7745791039694099
6.151698461378049
5.128435397821277
4.2158542227030225
3.4203922525299477
2.740630024473059
2.169413076843845
1.8057957764279
1.3975386327721704
1.0650096355230052
0.7959709710432809
6.515542000783655
5.415143332020345
4.437677659018308
3.5888745431753892
2.866134070171436
2.260882698292477
1.8767181949410077
1.4466080036687168
1.0974354394816854
0.8158753490891243
6.867357125559317
5.691233094861141
4.650760876257935
3.7502087891725124
2.9859543711977135
2.347858092498852
1.9439675669669423
1.4929447982789752
1.1279132104195964
0.8344752542991023
7.208254067795698
5.958156806042092
4.856012141244488
3.905133853675215
3.1005482583341952
2.430861577574559
2.0079834525452656
1.5368890471521195
1.1566840997266463
0.851936254928745