# datat/BKevo/MVg_BKevo/mvg69.dat
# N(r,Y=0), r, *FL(x,Q^2)
# 1e-05 < r < 100.0
# 1 < Q^2 < 50, n=15, log grid
# 1e-5 < x < 1e-2, n=10, log grid
###
9.046311875593702e-15
1.3964956036123675e-14
2.1931805163030287e-14
3.4152930397667623e-14
5.286130859411098e-14
8.258472045169078e-14
1.2887145079849653e-13
1.9965304051979097e-13
3.108691571058819e-13
4.853754320467804e-13
7.522691475424156e-13
1.1676443185126946e-12
1.8241276793009834e-12
2.8284431489940424e-12
4.376490986894147e-12
6.8409682739897426e-12
1.061093234744949e-11
1.6365630571573026e-11
2.559472872063184e-11
3.9712013017161364e-11
6.120427660901459e-11
9.55147652306035e-11
1.4823456734631945e-10
2.284789619294351e-10
3.5544063357615747e-10
5.51724578511476e-10
8.503955058683573e-10
1.318605517433883e-09
2.0469475952043744e-09
3.1547518538446183e-09
4.8749182618540055e-09
7.567409190520921e-09
1.16604267638336e-08
1.795366491317626e-08
2.7865151476479363e-08
4.2921527427809366e-08
6.583712457579826e-08
1.0214906184919323e-07
1.57260214241697e-07
2.4050504875834877e-07
3.7257369014786977e-07
5.731590999977032e-07
8.757606770648074e-07
1.3511226773844963e-06
2.0764660614702705e-06
3.169026804092767e-06
4.867764158189969e-06
7.471252717216154e-06
1.1385450961787446e-05
1.7406334834326134e-05
2.667162599108501e-05
4.0570123154359926e-05
6.171148420832729e-05
9.436518783535345e-05
0.0001432179498709599
0.00021667430285011207
0.0003305015300414032
0.0005002803183277535
0.0007525483173690819
0.001144576029705899
0.0017273315557654225
0.0025892726506886845
0.003915389001446296
0.005888738447157663
0.00879569978073738
0.013211253579096045
0.01978270371289482
0.029400836943581445
0.04376260938697903
0.06498195401356212
0.09551332693171129
0.13955003517931955
0.2022106596844419
0.287214237817092
0.39834259105761405
0.5341421512660226
0.6833350691614556
0.8255982028361228
0.9254450748816617
0.9794222712614684
0.9977767677802798
0.9998621634406474
0.9999971068065366
0.9999999944072204
0.9999999999999868
1.0
1.0
1.0
1.0
1.0
1.0
1.0
1.0
1.0
1.0
1.0
1.0
1.0
1.0
1.0
###
1e-05
1.1768119524349992e-05
1.3848863713938717e-05
1.6297508346206434e-05
1.917910261672489e-05
2.2570197196339216e-05
2.656087782946684e-05
3.1257158496882356e-05
3.678379771828634e-05
4.328761281083062e-05
5.0941380148163754e-05
5.994842503189409e-05
7.054802310718646e-05
8.302175681319735e-05
9.770099572992247e-05
0.00011497569953977356
0.00013530477745798074
0.00015922827933410923
0.0001873817422860383
0.00022051307399030456
0.00025950242113997375
0.0003053855508833416
0.00035938136638046257
0.0004229242874389499
0.0004977023564332109
0.0005857020818056661
0.0006892612104349695
0.0008111308307896872
0.0009545484566618337
0.0011233240329780276
0.0013219411484660286
0.0015556761439304723
0.0018307382802953678
0.002154434690031882
0.0025353644939701114
0.0029836472402833374
0.003511191734215131
0.004132012400115334
0.004862601580065354
0.005722367659350214
0.006734150657750821
0.007924828983539169
0.0093260334688322
0.010974987654930556
0.01291549665014884
0.01519911082952933
0.01788649529057435
0.0210490414451202
0.02477076355991709
0.029150530628251757
0.034304692863149154
0.040370172585965536
0.047508101621027934
0.05590810182512223
0.06579332246575675
0.0774263682681127
0.09111627561154886
0.10722672220103231
0.1261856883066021
0.14849682622544635
0.1747528400007683
0.20565123083486514
0.24201282647943834
0.2848035868435799
0.3351602650938841
0.3944206059437656
0.46415888336127725
0.5462277217684337
0.642807311728432
0.7564633275546291
0.8902150854450375
1.0476157527896641
1.232846739442066
1.4508287784959402
1.7073526474706886
2.009233002565046
2.364489412645407
2.782559402207126
3.274549162877725
3.8535285937105273
4.534878508128582
5.3366992312063015
6.280291441834247
7.390722033525775
8.697490026177835
10.235310218990248
12.045035402587812
14.174741629268048
16.68100537200059
19.630406500402685
23.10129700083158
27.1858824273294
31.992671377973846
37.64935806792464
44.30621457583877
52.14008287999685
61.35907273413163
72.20809018385457
84.97534359086438
100.0
###
0.22963220168622198
0.21001233805995198
0.1914777240699211
0.17435831710305355
0.15887390188147774
0.14512756315849626
0.13600150453825857
0.1253079018289936
0.11633045972825028
0.10896591292449422
0.7405642874527084
0.6418551624666224
0.552688216610515
0.4734091653141193
0.4037706403333274
0.34324901338662317
0.3033151878780967
0.25654403528544323
0.2162966606312044
0.18161057521041585
1.0854112385446077
0.9191523707729016
0.7720794576418976
0.6437329291672523
0.5330186987489928
0.4382166026307154
0.37638331829236565
0.30470928629278254
0.2435954001959162
0.19125528653455653
1.3614807524036634
1.1358993930349686
0.9390404246387046
0.7695778214270576
0.6251056856771954
0.5027821395218377
0.42378316432714364
0.3330523722100368
0.25649106167112135
0.19159133770241224
1.5969700961189168
1.317910159034687
1.0769514754740943
0.8714497774920291
0.6979221722646084
0.5523508802667526
0.4590756477441748
0.3528102814098351
0.2639844927974484
0.18945569535143306
1.804867114273611
1.4767470657697939
1.1957534246045198
0.9579980731931894
0.7587773173820295
0.5928922242273271
0.4873083494350754
0.36786439136526755
0.26887163750580184
0.18658481237908586
1.9924291451990335
1.6187791467950972
1.3009327333662133
1.0338141790021007
0.8113508733742921
0.6273328433893237
0.5109129393826032
0.3799923676920161
0.27230380975261587
0.18356292783825984
2.1642503212180944
1.7479090472603704
1.3957958066517397
1.1015487816244118
0.8578500740849201
0.6574014989763953
0.53123715862162
0.3901274917513084
0.2748483976719212
0.18058692594428602
2.3234043285538397
1.8667503410248851
1.4825220604421647
1.1629934094371528
0.8996712387383908
0.6841516263470455
0.5491243832961052
0.39876945918383766
0.2768056026926753
0.17773916001411266
2.4720931563489525
1.9772126123063434
1.562635087502929
1.2193969530147524
0.9377667985543281
0.7082922369575068
0.565113906215931
0.40644871859502385
0.27831086458821874
0.1750527270352619
2.6119524933555063
2.080606702461181
1.6372503384471977
1.2716318811182927
0.9728168056521194
0.7303249319367804
0.5795952526723739
0.4132309580038791
0.2796227905864829
0.17252377201299995
2.7443364857649235
2.1779829897725924
1.70720568726127
1.3203594080576924
1.0053253887407712
0.7506162295736525
0.5928392290765837
0.41934082283094304
0.2806711176586878
0.17014549523257966
2.870044643405393
2.270156170555834
1.7731465860239632
1.3660878284045448
1.035655958774791
0.7694428281350341
0.6050526644220285
0.424900065091027
0.2815528328764875
0.16790800523382834
2.9899560557650546
2.3577740697599725
1.8356104383454552
1.409220998303927
1.0641821573163566
0.7870189918400052
0.6163931076523339
0.43000232215059514
0.28231175513225676
0.16580155441507688
3.1047181339723737
2.4413633915299564
1.894994287240717
1.450080158764517
1.0910627486102134
0.8035141067878503
0.6269842256599328
0.4347213680729912
0.2829697142630543
0.1638150339686488