# datat/BKevo/MVg_BKevo/mvg6.dat
# N(r,Y=0), r, *FL(x,Q^2)
# 1e-05 < r < 100.0
# 1 < Q^2 < 50, n=15, log grid
# 1e-5 < x < 1e-2, n=10, log grid
###
5.118618844993287e-16
7.63495079511036e-16
1.2199577130633238e-15
1.8655168126720602e-15
2.896935639776682e-15
4.440026321386761e-15
6.964757067576166e-15
1.0886261230201787e-14
1.6950049844028025e-14
2.641771602079025e-14
4.09455148003863e-14
6.350674426567218e-14
9.924823994417578e-14
1.5388013667869972e-13
2.3809867110218244e-13
3.722248668097451e-13
5.773616013444896e-13
8.904623805583963e-13
1.3926323689914907e-12
2.1607411175864408e-12
3.330112998731763e-12
5.196908664387033e-12
8.065363886399251e-12
1.2431416766437932e-11
1.933935607825603e-11
3.001901812904075e-11
4.626948976479471e-11
7.17445528075649e-11
1.1137317516944464e-10
1.7164817425079862e-10
2.6524138922147146e-10
4.117382814202102e-10
6.344369773091229e-10
9.768483122551616e-10
1.5161264708219042e-09
2.3353350777957427e-09
3.582159255913974e-09
5.557870499386408e-09
8.556436175342188e-09
1.3085739383294573e-08
2.0271518379402332e-08
3.1185257251176685e-08
4.76496417677264e-08
7.351383599775369e-08
1.1297940737768959e-07
1.724251399250168e-07
2.6485279848173493e-07
4.0650792652420635e-07
6.194790461304561e-07
9.470763319331021e-07
1.4512062126880411e-06
2.2074394395679596e-06
3.357784579587527e-06
5.13458915910328e-06
7.79294095913545e-06
1.1790336907520093e-05
1.798527333713223e-05
2.7226521401480788e-05
4.096029738580434e-05
6.231021822734214e-05
9.406153235789788e-05
0.00014105410577523544
0.00021343781557105643
0.0003213180127317903
0.00048058357922456727
0.0007234309670221971
0.0010867983006355591
0.0016225725694602234
0.0024326268514430803
0.00365178193709312
0.0054503877500322985
0.008151531342903412
0.012247547177772303
0.01829818309608209
0.02731735830453474
0.041059164364239294
0.06126561093387344
0.09084713001198672
0.13517322253975667
0.19811561344388112
0.28500334061185106
0.4017686682759414
0.544482238635542
0.7018226385857762
0.8422606427278624
0.939657035300859
0.9873312083875254
0.9987839618861138
0.9999438127929003
0.9999994813129705
0.9999999999893173
0.9999999999999998
1.0
1.0
1.0
1.0
1.0
1.0
1.0
1.0
###
1e-05
1.1768119524349992e-05
1.3848863713938717e-05
1.6297508346206434e-05
1.917910261672489e-05
2.2570197196339216e-05
2.656087782946684e-05
3.1257158496882356e-05
3.678379771828634e-05
4.328761281083062e-05
5.0941380148163754e-05
5.994842503189409e-05
7.054802310718646e-05
8.302175681319735e-05
9.770099572992247e-05
0.00011497569953977356
0.00013530477745798074
0.00015922827933410923
0.0001873817422860383
0.00022051307399030456
0.00025950242113997375
0.0003053855508833416
0.00035938136638046257
0.0004229242874389499
0.0004977023564332109
0.0005857020818056661
0.0006892612104349695
0.0008111308307896872
0.0009545484566618337
0.0011233240329780276
0.0013219411484660286
0.0015556761439304723
0.0018307382802953678
0.002154434690031882
0.0025353644939701114
0.0029836472402833374
0.003511191734215131
0.004132012400115334
0.004862601580065354
0.005722367659350214
0.006734150657750821
0.007924828983539169
0.0093260334688322
0.010974987654930556
0.01291549665014884
0.01519911082952933
0.01788649529057435
0.0210490414451202
0.02477076355991709
0.029150530628251757
0.034304692863149154
0.040370172585965536
0.047508101621027934
0.05590810182512223
0.06579332246575675
0.0774263682681127
0.09111627561154886
0.10722672220103231
0.1261856883066021
0.14849682622544635
0.1747528400007683
0.20565123083486514
0.24201282647943834
0.2848035868435799
0.3351602650938841
0.3944206059437656
0.46415888336127725
0.5462277217684337
0.642807311728432
0.7564633275546291
0.8902150854450375
1.0476157527896641
1.232846739442066
1.4508287784959402
1.7073526474706886
2.009233002565046
2.364489412645407
2.782559402207126
3.274549162877725
3.8535285937105273
4.534878508128582
5.3366992312063015
6.280291441834247
7.390722033525775
8.697490026177835
10.235310218990248
12.045035402587812
14.174741629268048
16.68100537200059
19.630406500402685
23.10129700083158
27.1858824273294
31.992671377973846
37.64935806792464
44.30621457583877
52.14008287999685
61.35907273413163
72.20809018385457
84.97534359086438
100.0
###
0.10836035914130533
0.0904239482584718
0.07476377520719338
0.0612714340578621
0.0497504749626948
0.03998667261366432
0.03366993937968295
0.02640164403927358
0.020249341778573158
0.014984882050865745
0.28191186036490884
0.2221569674037488
0.17281478368491443
0.13251584227312596
0.09990651016222987
0.07370550497815276
0.05756825960895307
0.03993096771785935
0.025943986848140962
0.01490259020012925
0.3832453392541566
0.29560817382717375
0.22477695382541787
0.1681683473657046
0.12334145711440758
0.08815001872408562
0.06694795044838765
0.04432625864111833
0.02695370599263146
0.01376074586598847
0.4598246000828293
0.35003870280675137
0.2624870994400446
0.19343473989007676
0.13951604626162933
0.09780052921957846
0.07302145484124083
0.04699325994894169
0.027421052053309414
0.012938649599684836
0.5229074920214845
0.3943173337396898
0.29276278233819397
0.2134303998263641
0.15210616384147033
0.10516674503539154
0.07757373322455567
0.04892168344211863
0.02771058480654386
0.012318015241128397
0.5772366551161429
0.4321219158106138
0.31835027988389397
0.2301626619333307
0.16251848168569616
0.11117597668488129
0.08124134564147437
0.05043905255668161
0.0279174181506831
0.011825973535711262
0.6253422518099357
0.4653635071925202
0.34069245708975676
0.24464883585493805
0.17145286038524055
0.11627829002583397
0.08432621289778064
0.05169433408079439
0.028077962708335128
0.011421506774951958
0.6687526730386173
0.49518754598378883
0.3606211503057264
0.25748527418142825
0.1793111156852946
0.12072891243833336
0.08699714814946988
0.05276688092093139
0.02820945709004025
0.011079904230684513
0.7084679054483498
0.5223423008788058
0.3786763088523998
0.26904795852764696
0.1863476091489617
0.12468620966977981
0.08935748704931108
0.05370481910231778
0.0283209936725066
0.010785303653511599
0.745183786174192
0.5473430390833677
0.395222204914425
0.2796030602801739
0.1927328591801397
0.12825641457529058
0.09147607237764685
0.05453943344570314
0.028418228301949358
0.01052726368282083
0.7794079419906883
0.5705624589507441
0.4105246540561596
0.28932308832338377
0.198590537170673
0.131513923330715
0.09340054251843091
0.055292298487529416
0.028504629823851164
0.010298231214123673
0.8115217693821924
0.5922799886602479
0.4247943628666823
0.29835015272464616
0.20400788412957707
0.1345132051135316
0.09516556042481233
0.055969042841776916
0.028582509763407888
0.010092674950799747
0.8418209760739435
0.6127110479899669
0.43817820461424395
0.30678852295672815
0.2090535396739299
0.1372953294299169
0.09679708358758389
0.056598671356439444
0.028653499708170514
0.009906759319781681
0.8705399716854733
0.632025598017934
0.4507983777164471
0.3147197214993032
0.21378029997807008
0.13989180621572175
0.09831444163249145
0.05718155248766371
0.028719020890266844
0.009737278801665914
0.8978681032565379
0.6503604803291287
0.46274418389005095
0.32220893180846094
0.21823021609635287
0.14232814988594047
0.09973540549634491
0.05773740953911089
0.02877988600864887
0.009579249933396938