# datat/BKevo/MVg_BKevo/mvg67.dat
# N(r,Y=0), r, *FL(x,Q^2)
# 1e-05 < r < 100.0
# 1 < Q^2 < 50, n=15, log grid
# 1e-5 < x < 1e-2, n=10, log grid
###
1.2976276305007888e-10
1.7701669466569031e-10
2.424964662607096e-10
3.3169195764226685e-10
4.524316935741928e-10
6.189213877632766e-10
8.464906007037508e-10
1.1544564597229887e-09
1.5769948982149067e-09
2.156531246943862e-09
2.940556788503005e-09
4.010787849347459e-09
5.483687327215525e-09
7.475548694893022e-09
1.018041783766093e-08
1.3915584237026424e-08
1.896457569313651e-08
2.57846092445405e-08
3.523388557160624e-08
4.800031675243978e-08
6.521390998104385e-08
8.899314736635133e-08
1.211846600779606e-07
1.6456221639203393e-07
2.2417226360473846e-07
3.0509854967609945e-07
4.140640924173293e-07
5.630042445619359e-07
7.65754465614001e-07
1.038515698210648e-06
1.4092900808369012e-06
1.9153205553161273e-06
2.595393247968854e-06
3.514611607929945e-06
4.772154145074772e-06
6.460190552408457e-06
8.728531743395345e-06
1.1838429443557112e-05
1.600706081920932e-05
2.1582898680479416e-05
2.922307768903049e-05
3.9457645560097395e-05
5.312332905901209e-05
7.173110274401202e-05
9.669004974111938e-05
0.0001299480043892993
0.00017493590684478888
0.00023533166242812193
0.0003156137742187797
0.00042346145464106544
0.0005682948412504226
0.0007602634143856774
0.0010162737761692416
0.0013599740809243648
0.0018139832253391062
0.0024148289839651606
0.0032205956822592583
0.004280719237833708
0.005672447252332287
0.007535011277752627
0.009973997511294776
0.01315867728975599
0.017383532612319
0.022897196546796568
0.030052920934345584
0.039442137376930204
0.05163049657741415
0.06731226882871778
0.08759259100116921
0.11362692230196471
0.14659981799305752
0.18821105041018943
0.24017247567080277
0.3036655668526674
0.37975720761828324
0.4680415472823155
0.5666142555910898
0.6712247233421752
0.7710730654915234
0.8597632105785789
0.9293528311190751
0.9701308047539757
0.9906900960368944
0.9983393616054714
0.9998034615361929
0.9999861246891548
0.9999997203015417
0.9999999994640214
0.9999999999988309
0.9999999999999997
1.0
1.0
1.0
1.0
1.0
1.0
1.0
1.0
1.0
1.0
###
1e-05
1.1768119524349992e-05
1.3848863713938717e-05
1.6297508346206434e-05
1.917910261672489e-05
2.2570197196339216e-05
2.656087782946684e-05
3.1257158496882356e-05
3.678379771828634e-05
4.328761281083062e-05
5.0941380148163754e-05
5.994842503189409e-05
7.054802310718646e-05
8.302175681319735e-05
9.770099572992247e-05
0.00011497569953977356
0.00013530477745798074
0.00015922827933410923
0.0001873817422860383
0.00022051307399030456
0.00025950242113997375
0.0003053855508833416
0.00035938136638046257
0.0004229242874389499
0.0004977023564332109
0.0005857020818056661
0.0006892612104349695
0.0008111308307896872
0.0009545484566618337
0.0011233240329780276
0.0013219411484660286
0.0015556761439304723
0.0018307382802953678
0.002154434690031882
0.0025353644939701114
0.0029836472402833374
0.003511191734215131
0.004132012400115334
0.004862601580065354
0.005722367659350214
0.006734150657750821
0.007924828983539169
0.0093260334688322
0.010974987654930556
0.01291549665014884
0.01519911082952933
0.01788649529057435
0.0210490414451202
0.02477076355991709
0.029150530628251757
0.034304692863149154
0.040370172585965536
0.047508101621027934
0.05590810182512223
0.06579332246575675
0.0774263682681127
0.09111627561154886
0.10722672220103231
0.1261856883066021
0.14849682622544635
0.1747528400007683
0.20565123083486514
0.24201282647943834
0.2848035868435799
0.3351602650938841
0.3944206059437656
0.46415888336127725
0.5462277217684337
0.642807311728432
0.7564633275546291
0.8902150854450375
1.0476157527896641
1.232846739442066
1.4508287784959402
1.7073526474706886
2.009233002565046
2.364489412645407
2.782559402207126
3.274549162877725
3.8535285937105273
4.534878508128582
5.3366992312063015
6.280291441834247
7.390722033525775
8.697490026177835
10.235310218990248
12.045035402587812
14.174741629268048
16.68100537200059
19.630406500402685
23.10129700083158
27.1858824273294
31.992671377973846
37.64935806792464
44.30621457583877
52.14008287999685
61.35907273413163
72.20809018385457
84.97534359086438
100.0
###
0.26405734317977114
0.24249944058534784
0.22094072622912098
0.19995787045888203
0.18001023816105358
0.16146236152962268
0.14860664272798302
0.1329715399515286
0.1190894450094131
0.10692127288548803
0.9335353879732546
0.8172544540907096
0.7079266588599504
0.6075422771496616
0.5170206742952074
0.4367565847372318
0.38316834901528785
0.3200412971610283
0.2656994989358294
0.21909161953641434
1.4253787601948016
1.2224784355386922
1.0366153640970242
0.8699515932553883
0.7231134142109108
0.5956327044162428
0.5120802789385159
0.41523277254906443
0.3333491368466317
0.2643369185671481
1.8361269188657907
1.5541058641537695
1.299964092550247
1.0755756126765674
0.8807725611031979
0.7140182433548935
0.6059276080562851
0.48213631781470384
0.37876230195426974
0.29275697142490126
2.196497163486474
1.8411751102076255
1.5247793350128622
1.2485656926744089
1.011344866575937
0.8103847662127166
0.68122753085319
0.534604171538443
0.4133037371142004
0.3134671362608082
2.5214076902299136
2.097394718670226
1.7233811806576171
1.399742007609316
1.124141999332765
0.8925671639333272
0.7447738705559314
0.5781319888696719
0.44141287096177506
0.32975966143554364
2.819503335918755
2.3305977592516873
1.902654689996922
1.5350596934322773
1.22419599711485
0.9647290789108273
0.8001167613722049
0.6155619773024787
0.46515066372028885
0.34319115566070474
3.096322176461048
2.5457283408282305
2.0669575434223546
1.6582133794616056
1.3145731753441925
1.0293908001216663
0.8493881656571033
0.6485098427116396
0.48576813004691427
0.3546224508401848
3.3557486714901708
2.7462387014541747
2.219206869837917
1.7716492319407915
1.3973035545524988
1.0881744392100972
0.8939012812197997
0.6780259348943626
0.504028248898321
0.36457464283069035
3.600585215124366
2.934556326619926
2.3614933666231543
1.877153147023858
1.473807456134015
1.1422116254434282
0.9346176875615986
0.7048178618747544
0.520440957261799
0.3733892865384599
3.8329478362924725
3.1125167867628254
2.495455589066341
1.975952089350777
1.5451236798613315
1.1923227481084657
0.9722118481553723
0.7293894959828339
0.5353649907169843
0.38130227616271034
4.0544823746426815
3.2816010225968597
2.622127466752298
2.069049919284021
1.6120354835125255
1.2391236077029346
1.0071870274070498
0.7521132872507433
0.5490621523413244
0.38848250729774936
4.266492390305359
3.4428165475320687
2.7425195634254798
2.1572121093467076
1.675162490014481
1.2830894770310863
1.0399449511286094
0.7732726893804832
0.5617296669495355
0.39505546741196224
4.470059057273321
3.5971174769528673
2.857385067706677
2.2410504124613
1.734983053898907
1.3245947706672627
1.0707622104321044
0.7930973893564872
0.573520052876436
0.4011137481805096
4.665940168061651
3.7452522036445415
2.9673397703699527
2.3210624200125287
1.791891669587989
1.3639437800686194
1.0998704029177893
0.8117475372711395
0.584553689435029
0.40673801803382686