# datat/BKevo/MVg_BKevo/mvg61.dat
# N(r,Y=0), r, *FL(x,Q^2)
# 1e-05 < r < 100.0
# 1 < Q^2 < 50, n=15, log grid
# 1e-5 < x < 1e-2, n=10, log grid
###
6.777267464926612e-17
1.110223024625157e-16
1.3845597457205747e-16
2.842855205643996e-16
4.3150589401115747e-16
7.3257404082983025e-16
1.2829143744305818e-15
2.110638864562848e-15
3.567155671278292e-15
5.910539614806839e-15
9.716565163427628e-15
1.607955953842908e-14
2.6892922832781027e-14
4.4479139949049475e-14
7.333712855946675e-14
1.226424390943424e-13
2.0286798503421925e-13
3.330167629882392e-13
5.576515535562359e-13
9.232471603630913e-13
1.5144935158912054e-12
2.529247839493286e-12
4.190556811232075e-12
6.877306693001037e-12
1.1439143421221548e-11
1.896508225409824e-11
3.113608720749815e-11
5.157093377082641e-11
8.555002137971497e-11
1.4049353862807003e-10
2.3167667863562877e-10
3.845127299333357e-10
6.315814067895876e-10
1.0366991668939697e-09
1.7212465746769777e-09
2.8274078518749083e-09
4.618635833923355e-09
7.670106055987597e-09
1.259807543367159e-08
2.050504244633351e-08
3.4004038233775896e-08
5.5834826893422825e-08
9.082804036399498e-08
1.498751193581445e-07
2.459637447028504e-07
3.997933828567027e-07
6.562137746693238e-07
1.0760365628881698e-06
1.7470765215293262e-06
2.8514736236158525e-06
4.670272658818556e-06
7.571784937165819e-06
1.2284087674774204e-05
2.0088170239330775e-05
3.250912008111547e-05
5.240589366664683e-05
8.553270965880308e-05
0.00013811732983031466
0.00022116764841716098
0.0003601500006817693
0.0005801337404644731
0.0009260454035742141
0.0014986645133274548
0.002407741069628247
0.0038328630971499345
0.006160312734496869
0.009867528271724683
0.015654361845793056
0.024952292738837013
0.039735027900745894
0.06252097402693546
0.09799079479756453
0.15272070154177403
0.23262752121964958
0.3452098416491288
0.49336130137885154
0.6640386333034087
0.8292186598560863
0.9379710116692775
0.9875420852189626
0.9994178053907352
0.9999891149344338
0.9999999602633872
0.9999999999952695
1.0
1.0
1.0
1.0
1.0
1.0
1.0
1.0
1.0
1.0
1.0
1.0
1.0
1.0
1.0
1.0
###
1e-05
1.1768119524349992e-05
1.3848863713938717e-05
1.6297508346206434e-05
1.917910261672489e-05
2.2570197196339216e-05
2.656087782946684e-05
3.1257158496882356e-05
3.678379771828634e-05
4.328761281083062e-05
5.0941380148163754e-05
5.994842503189409e-05
7.054802310718646e-05
8.302175681319735e-05
9.770099572992247e-05
0.00011497569953977356
0.00013530477745798074
0.00015922827933410923
0.0001873817422860383
0.00022051307399030456
0.00025950242113997375
0.0003053855508833416
0.00035938136638046257
0.0004229242874389499
0.0004977023564332109
0.0005857020818056661
0.0006892612104349695
0.0008111308307896872
0.0009545484566618337
0.0011233240329780276
0.0013219411484660286
0.0015556761439304723
0.0018307382802953678
0.002154434690031882
0.0025353644939701114
0.0029836472402833374
0.003511191734215131
0.004132012400115334
0.004862601580065354
0.005722367659350214
0.006734150657750821
0.007924828983539169
0.0093260334688322
0.010974987654930556
0.01291549665014884
0.01519911082952933
0.01788649529057435
0.0210490414451202
0.02477076355991709
0.029150530628251757
0.034304692863149154
0.040370172585965536
0.047508101621027934
0.05590810182512223
0.06579332246575675
0.0774263682681127
0.09111627561154886
0.10722672220103231
0.1261856883066021
0.14849682622544635
0.1747528400007683
0.20565123083486514
0.24201282647943834
0.2848035868435799
0.3351602650938841
0.3944206059437656
0.46415888336127725
0.5462277217684337
0.642807311728432
0.7564633275546291
0.8902150854450375
1.0476157527896641
1.232846739442066
1.4508287784959402
1.7073526474706886
2.009233002565046
2.364489412645407
2.782559402207126
3.274549162877725
3.8535285937105273
4.534878508128582
5.3366992312063015
6.280291441834247
7.390722033525775
8.697490026177835
10.235310218990248
12.045035402587812
14.174741629268048
16.68100537200059
19.630406500402685
23.10129700083158
27.1858824273294
31.992671377973846
37.64935806792464
44.30621457583877
52.14008287999685
61.35907273413163
72.20809018385457
84.97534359086438
100.0
###
0.21326242136052523
0.1939159284640888
0.17594953521431397
0.1596189577157106
0.14506533187905166
0.13233312109163223
0.12396614780932143
0.11433376006793294
0.1063696890014703
0.09998293098087616
0.6614078266646327
0.5681914217830373
0.48505805211282493
0.411962662854387
0.3484312080381328
0.2935895888344171
0.2575602256032818
0.2154997907873019
0.17940784814833188
0.14808430929042907
0.9543101308015237
0.8000630257427869
0.6653220395477069
0.5490073038754842
0.449487539401141
0.3648365976098526
0.30984873999072143
0.2462538251865865
0.19211596730899616
0.14548944185198176
1.1854247694800357
0.9785669975384189
0.8002230707037239
0.6482553129260644
0.5197849363787753
0.41174412923430176
0.3422485877997988
0.26265030650201426
0.1955562617313283
0.13862649550909484
1.3807972970478188
1.127048819317117
0.9105344790143114
0.7277401021814374
0.5746757471564575
0.44713022520472523
0.36578794523316394
0.27341979185604937
0.19638566579906358
0.13180518344641173
1.5521635058874264
1.2557795183493283
1.0048912422523755
0.7947472804921445
0.6201208448556209
0.47575885438112553
0.3843458240226353
0.2813258368714712
0.19631922140763916
0.12568496163653944
1.7060221414992613
1.370303579235684
1.088003698331994
0.853098014183218
0.6591698718526892
0.49992556928809134
0.39971818564931044
0.2875378667391116
0.19567789857188272
0.12029978913828976
1.8463989685284636
1.4740085260854716
1.1626582782957904
0.9050339562133853
0.6935542765787426
0.5209140706461064
0.41287831743807324
0.2926522361091335
0.19497078744370536
0.11555965142031115
1.9760203955704347
1.5691498952673657
1.2306830635281818
0.9519993847546062
0.7243862031125171
0.5395214811916116
0.42440996739829334
0.2969995400028281
0.19421387582060756
0.11136370272651717
2.0967626023836208
1.6573059805145303
1.2933468652650046
0.9949840646996022
0.7523831102045998
0.556266431700391
0.43469487242531346
0.30078693350105856
0.19346038154748751
0.10762271093293069
2.2100606294195417
1.7396453756447772
1.3515701133591544
1.0346985982824601
0.7780838684541451
0.5715207928889843
0.44399080223748233
0.30414619047577274
0.19272834963483285
0.10426311660577446
2.316998983463506
1.817014447774733
1.4060444572070954
1.0716951920100193
0.8018763096818595
0.5855462689097943
0.45248253314536646
0.30716984919292506
0.19203050701797575
0.1012180283355398
2.4184229841973246
1.8901190076172798
1.4573041483525957
1.1063296724283498
0.8240546969278062
0.5985428856310324
0.46030948386801634
0.30992224724682144
0.1913714214498884
0.09846261591011819
2.5149903479920233
1.9594951836554177
1.5057715730676844
1.1389518052600887
0.8448481547817693
0.6106640688353497
0.4675724466318887
0.3124512978337182
0.1907515072561812
0.09592916925726315
2.60726594544417
2.0255819763669827
1.5517860074749215
1.1698115356656666
0.8644387462730816
0.6220304580987639
0.4743547797601758
0.31479616525922993
0.19016474600430056
0.09360904649689929