# datat/BKevo/MVg_BKevo/mvg66.dat
# N(r,Y=0), r, *FL(x,Q^2)
# 1e-05 < r < 100.0
# 1 < Q^2 < 50, n=15, log grid
# 1e-5 < x < 1e-2, n=10, log grid
###
1.5559369126408787e-08
1.9913743450529757e-08
2.553201431892088e-08
3.2710970902743076e-08
4.185204969084581e-08
5.361073311857227e-08
6.86613918716531e-08
8.781733937268818e-08
1.123829716703191e-07
1.4387781503630212e-07
1.839439199312551e-07
2.3516426355611692e-07
3.009360946410559e-07
3.845621123739071e-07
4.911296773204348e-07
6.281778607628067e-07
8.023220381266634e-07
1.0235230923606246e-06
1.3083908955850202e-06
1.6701162354315038e-06
2.1289533077444585e-06
2.718601854410754e-06
3.4678652710260943e-06
4.417512748033757e-06
5.633771125122756e-06
7.180946304137637e-06
9.140094028373162e-06
1.1640541745204427e-05
1.4824253689416885e-05
1.8851459715301057e-05
2.3972942557308482e-05
3.0498655512038745e-05
3.8743300980950414e-05
4.918939733210739e-05
6.250608610610546e-05
7.930696422461906e-05
0.00010051238062429787
0.00012754992240615967
0.00016160603849957103
0.00020444902104306076
0.00025899655619455314
0.0003276102557953892
0.00041375588277785204
0.0005229374915540714
0.0006601995671724731
0.0008321306008985854
0.0010489793098474396
0.0013213044333061801
0.0016614617165432155
0.0020882479793684298
0.0026232735532830454
0.003289340234754553
0.0041203235406475705
0.005159331824703759
0.00644765614991029
0.008045134572794897
0.010035208806916879
0.012491036639362806
0.015515982255645802
0.019265860216541156
0.023867161038875265
0.029500364514668694
0.03642552299354321
0.04487395329118609
0.05514533073988256
0.06765181770023927
0.08279691836740125
0.10105315310531757
0.12303134651366324
0.1493617271894183
0.18071415122442913
0.21785122531218834
0.26148520182730983
0.31228711859393066
0.3707048567036002
0.4364940586140254
0.5094545044525974
0.5883080724326515
0.6688400792361627
0.7489465324884756
0.8244723998339625
0.8867758748884227
0.9354945386213408
0.9694563406063239
0.9876400119136088
0.9960422209314396
0.9991735650333134
0.9998825167711636
0.9999875467602222
0.999999430054952
0.9999999945781745
0.9999999999343487
0.9999999999997805
1.0
1.0
1.0
1.0
1.0
1.0
1.0
###
1e-05
1.1768119524349992e-05
1.3848863713938717e-05
1.6297508346206434e-05
1.917910261672489e-05
2.2570197196339216e-05
2.656087782946684e-05
3.1257158496882356e-05
3.678379771828634e-05
4.328761281083062e-05
5.0941380148163754e-05
5.994842503189409e-05
7.054802310718646e-05
8.302175681319735e-05
9.770099572992247e-05
0.00011497569953977356
0.00013530477745798074
0.00015922827933410923
0.0001873817422860383
0.00022051307399030456
0.00025950242113997375
0.0003053855508833416
0.00035938136638046257
0.0004229242874389499
0.0004977023564332109
0.0005857020818056661
0.0006892612104349695
0.0008111308307896872
0.0009545484566618337
0.0011233240329780276
0.0013219411484660286
0.0015556761439304723
0.0018307382802953678
0.002154434690031882
0.0025353644939701114
0.0029836472402833374
0.003511191734215131
0.004132012400115334
0.004862601580065354
0.005722367659350214
0.006734150657750821
0.007924828983539169
0.0093260334688322
0.010974987654930556
0.01291549665014884
0.01519911082952933
0.01788649529057435
0.0210490414451202
0.02477076355991709
0.029150530628251757
0.034304692863149154
0.040370172585965536
0.047508101621027934
0.05590810182512223
0.06579332246575675
0.0774263682681127
0.09111627561154886
0.10722672220103231
0.1261856883066021
0.14849682622544635
0.1747528400007683
0.20565123083486514
0.24201282647943834
0.2848035868435799
0.3351602650938841
0.3944206059437656
0.46415888336127725
0.5462277217684337
0.642807311728432
0.7564633275546291
0.8902150854450375
1.0476157527896641
1.232846739442066
1.4508287784959402
1.7073526474706886
2.009233002565046
2.364489412645407
2.782559402207126
3.274549162877725
3.8535285937105273
4.534878508128582
5.3366992312063015
6.280291441834247
7.390722033525775
8.697490026177835
10.235310218990248
12.045035402587812
14.174741629268048
16.68100537200059
19.630406500402685
23.10129700083158
27.1858824273294
31.992671377973846
37.64935806792464
44.30621457583877
52.14008287999685
61.35907273413163
72.20809018385457
84.97534359086438
100.0
###
0.30115574797764094
0.27894646249968347
0.2551443163254545
0.23050737377584427
0.20584703832282458
0.18188333254187516
0.1647493093670487
0.1433879832269138
0.12401099147909178
0.10673359880938008
1.1636456261109696
1.0315753431617918
0.900442130862104
0.7743772428819296
0.6568540737580946
0.5497909524781527
0.4774038372007888
0.3915547525387099
0.31775383202184526
0.2551034412928076
1.8513761697144135
1.6100886691049283
1.3779336887266338
1.1611994972354598
0.9646454574893211
0.7904434026465171
0.6750845133762464
0.541125480878353
0.42848137626888233
0.3349344708805314
2.4511862931357555
2.105445582752152
1.7792103909762196
1.4802363523914877
1.2137901469669277
0.9814635822819315
0.8296984443237069
0.6557270845667349
0.511507777267365
0.3933896327235428
2.9934567941341355
2.5477711818662856
2.133172439715288
1.7581805600950315
1.428191160827573
1.1438286209100565
0.9598938563455657
0.7509982628635965
0.5796115393567569
0.4406572596963952
3.4936813473679607
2.9521159249884574
2.4536947493719223
2.0076106036576284
1.6188727611315958
1.2869419687147552
1.0738722996095869
0.8336431137127651
0.6381287023466329
0.4808802455129046
3.9612044578305037
3.32716045413558
2.748897910740313
2.235700536647828
1.7920130959357141
1.4159821353650859
1.17610956888144
0.9072456398692804
0.6898709553472375
0.516179634727402
4.402191556219155
3.6787839060085825
3.024003293005064
2.44701772127157
1.9514956643815442
1.5341660407146223
1.2693405119982317
0.97398078982997
0.7365217349796803
0.5478097911425746
4.82079993063139
4.0109926096717965
3.2826166523706095
2.6446906622603814
2.0999526850303876
1.6436973055639579
1.3554090543166581
1.0352892418004742
0.7791592691924571
0.5765863373163755
5.220739247447253
4.32675760763531
3.5273845241560555
2.8309731973878125
2.2392400564547636
1.7460142820051046
1.4355921460082475
1.092173711844792
0.8185567548733647
0.6030666888678334
5.604283554543443
4.628400929364257
3.760285012091225
3.00755751321077
2.370814593016156
1.8423084094944995
1.51084442091807
1.1453687441042268
0.8552665262766357
0.6276576180106078
5.973570542929883
4.917792714738308
3.982865669237684
3.1757542842668762
2.4957280693698274
1.9334348112031856
1.5818880772582165
1.1954295103027448
0.8897037908029819
0.6506487804145944
6.3298813827562945
5.196142064641726
4.196360366803986
3.3366002147304585
2.6148813007167138
2.0200720916887924
1.6492871652222525
1.2427873580786852
0.9221893873708352
0.6722766069278318
6.674525666651254
5.464710290559469
4.401672842239056
3.4909346664639207
2.7288592519884607
2.102764056592426
1.7134921767161073
1.2877851845180999
0.9529771824395264
0.6927228112834545
7.008903691122849
5.724465510663451
4.599824750309729
3.63944819645246
2.8382684898338004
2.181954092912182
1.7748693265884066
1.3307130422667117
0.9822718634454307
0.7121332681276988