# datat/BKevo/MVg_BKevo/mvg74.dat
# N(r,Y=0), r, *FL(x,Q^2)
# 1e-05 < r < 100.0
# 1 < Q^2 < 50, n=15, log grid
# 1e-5 < x < 1e-2, n=10, log grid
###
2.0033889692748447e-06
2.4045532027269204e-06
2.88649895724764e-06
3.4641460902692037e-06
4.155880620530855e-06
4.9859418157692175e-06
5.9807444412756685e-06
7.171357021798732e-06
8.598362680339182e-06
1.0308290575383947e-05
1.2353529196629885e-05
1.4801874759195861e-05
1.7734842412067366e-05
2.124057263191607e-05
2.543206350847769e-05
3.0451277943047542e-05
3.644615253020227e-05
4.360458400501492e-05
5.2172190605842316e-05
6.239663850224073e-05
7.459361232589415e-05
8.917298454890042e-05
0.00010656021047366906
0.00012728183087673398
0.00015201213612450255
0.00018148354005158564
0.00021656853259692787
0.00025837184333580687
0.0003081423191243344
0.00036731953655232645
0.0004377053646359846
0.000521405559291175
0.0006207840546830813
0.0007387655477741019
0.0008788533633403025
0.0010449085204716252
0.0012416532734975377
0.0014748202263298474
0.0017506773833083635
0.002076818862331265
0.002462390253180193
0.002917535596074546
0.00345437063985702
0.004087108959064567
0.004832009890534628
0.005708111990693346
0.006737190338570274
0.007944545482695855
0.009359691325226393
0.01101543977224711
0.012949604800156422
0.015207246511242811
0.01783691887724408
0.020891996773060872
0.02444019589504551
0.02855209988763969
0.033296856982631615
0.03877486142828959
0.045087389336771935
0.052312241865937276
0.060597323421554064
0.07007958375192377
0.080849017464165
0.09310042494741179
0.10702100580220633
0.12271810780198229
0.14042607965761889
0.1604069024051873
0.18279577732949154
0.20784038614643557
0.2359062581850723
0.2671561281854662
0.30175319764233594
0.34015440786122136
0.3824623867796886
0.4284238326094042
0.4784341083878465
0.5322422820610146
0.588330273770326
0.6467519430418941
0.7063818034822092
0.7636428921313198
0.8181393119881923
0.8680874227072793
0.9095087991718072
0.9425539342146138
0.9673654912746751
0.9832413660919769
0.9923740323817628
0.997186678871688
0.999158411448566
0.9997812519283817
0.9999610783785504
0.9999960012049367
0.9999995868196018
0.9999999765033972
0.9999999997380382
0.9999999999943016
0.9999999999999463
1.0
###
1e-05
1.1768119524349992e-05
1.3848863713938717e-05
1.6297508346206434e-05
1.917910261672489e-05
2.2570197196339216e-05
2.656087782946684e-05
3.1257158496882356e-05
3.678379771828634e-05
4.328761281083062e-05
5.0941380148163754e-05
5.994842503189409e-05
7.054802310718646e-05
8.302175681319735e-05
9.770099572992247e-05
0.00011497569953977356
0.00013530477745798074
0.00015922827933410923
0.0001873817422860383
0.00022051307399030456
0.00025950242113997375
0.0003053855508833416
0.00035938136638046257
0.0004229242874389499
0.0004977023564332109
0.0005857020818056661
0.0006892612104349695
0.0008111308307896872
0.0009545484566618337
0.0011233240329780276
0.0013219411484660286
0.0015556761439304723
0.0018307382802953678
0.002154434690031882
0.0025353644939701114
0.0029836472402833374
0.003511191734215131
0.004132012400115334
0.004862601580065354
0.005722367659350214
0.006734150657750821
0.007924828983539169
0.0093260334688322
0.010974987654930556
0.01291549665014884
0.01519911082952933
0.01788649529057435
0.0210490414451202
0.02477076355991709
0.029150530628251757
0.034304692863149154
0.040370172585965536
0.047508101621027934
0.05590810182512223
0.06579332246575675
0.0774263682681127
0.09111627561154886
0.10722672220103231
0.1261856883066021
0.14849682622544635
0.1747528400007683
0.20565123083486514
0.24201282647943834
0.2848035868435799
0.3351602650938841
0.3944206059437656
0.46415888336127725
0.5462277217684337
0.642807311728432
0.7564633275546291
0.8902150854450375
1.0476157527896641
1.232846739442066
1.4508287784959402
1.7073526474706886
2.009233002565046
2.364489412645407
2.782559402207126
3.274549162877725
3.8535285937105273
4.534878508128582
5.3366992312063015
6.280291441834247
7.390722033525775
8.697490026177835
10.235310218990248
12.045035402587812
14.174741629268048
16.68100537200059
19.630406500402685
23.10129700083158
27.1858824273294
31.992671377973846
37.64935806792464
44.30621457583877
52.14008287999685
61.35907273413163
72.20809018385457
84.97534359086438
100.0
###
0.3597040844434961
0.34304089034291896
0.3215445549347603
0.295333052962213
0.2651341117432768
0.2323503757473381
0.20703144888394548
0.17382938050700625
0.14262181002258512
0.11459828161603511
1.5887979423367844
1.464741348480589
1.3196854653976409
1.159484651436267
0.992055422030123
0.826681946141638
0.70853132230256
0.5644988599524666
0.43917324401163477
0.3342227135508877
2.6987999567747853
2.448118418868371
2.166454998670592
1.8673858207074692
1.5665887384481967
1.27994091425894
1.0811770660154185
0.8451512879153354
0.64558272049399
0.48267023738151277
3.737129027784422
3.3529805549154172
2.9322864861426465
2.496475276901645
2.0684124932520365
1.6693651107122403
1.3976462515871662
1.0801977102564229
0.8163324810647594
0.6041968644464887
4.723573366933152
4.202937848493806
3.6431412434004664
3.0735624680558993
2.5235785620874194
2.018879626532909
1.679616640997044
1.2877971063940943
0.966031658342347
0.7100889884937082
5.669595509490694
5.010767817129736
4.312706628605599
3.6123552505460497
2.9450436241488624
2.3399899497574648
1.9373310549701057
1.476372372896589
1.1013019552696335
0.8054072566943413
6.582243185759818
5.784549108102943
4.949424145768123
4.12113204444112
3.3403950148416826
2.6394172888643936
2.1766717791916412
1.6506724397769583
1.2258395614360935
0.8928812133773352
7.466635382723175
6.529845555888051
5.559008923931702
4.605407130368609
3.7146352721502613
2.921535462521984
2.401457401587399
1.8136922849674615
1.3419678688942427
0.9742442782872981
8.326528133524787
7.2507152467303
6.145573241618468
5.069100101422676
4.071382026228917
3.189303497898429
2.614199886276411
1.9675437484677125
1.4512633943031763
1.0506756273062512
9.164818881595458
7.950256055987185
6.71221951053689
5.515129881956619
4.413194469803781
3.4449548268101644
2.8167930507674854
2.1136944121994405
1.5548651742668758
1.123000373591936
9.98381031185764
8.630901438739137
7.261358777333633
5.945752652485617
4.742061889597284
3.6901641301115133
3.0107929542711034
2.253262617430977
1.6536090276237039
1.191833704631838
10.785376866509433
9.294613353199978
7.794922598324171
6.362750249010006
5.059549892723042
3.9261639959862262
3.197208263480347
2.387114638796845
1.7481523913478147
1.2576589639541351
11.57107379763407
9.94300651731521
8.314482608314998
6.767569319325078
5.366919103942687
4.154108179471729
3.3769489841119333
2.5159382269496025
1.8390531073700198
1.3208464822862194
12.342212218017801
10.577431686639905
8.82134673226514
7.161403381225798
5.665204031286408
4.3748650678408705
3.5507624981369683
2.640290277308264
1.926590843582302
1.3816985270112991
13.0999121476304
11.199034750772697
9.316616822680551
7.545251740943909
5.955267071251581
4.589103822977936
3.7191990854467365
2.760631547867106
2.0112468167644737
1.440463122562667