# datat/BKevo/MVg_BKevo/mvg78.dat
# N(r,Y=0), r, *FL(x,Q^2)
# 1e-05 < r < 100.0
# 1 < Q^2 < 50, n=15, log grid
# 1e-5 < x < 1e-2, n=10, log grid
###
1.0649670203740955e-14
1.647065536071853e-14
2.5841156579254826e-14
4.026927048998946e-14
6.241512730146333e-14
9.743667631593675e-14
1.5199355752580934e-13
2.355143849021365e-13
3.665752752355899e-13
5.723582880068642e-13
8.87168810258771e-13
1.3769963305082076e-12
2.151181296119786e-12
3.3354809171638446e-12
5.160985819928632e-12
8.067328643553917e-12
1.25131304216279e-11
1.9299592550963817e-11
3.018312144923811e-11
4.6831150124218837e-11
7.21764377220968e-11
1.12637716762348e-10
1.7480866897961472e-10
2.6943861661067915e-10
4.1916077245242456e-10
6.506326797649775e-10
1.002846566952427e-09
1.5549929164832023e-09
2.4139055003655342e-09
3.7203066163454435e-09
5.74884859625415e-09
8.924024425236087e-09
1.375080035552518e-08
2.117223210316435e-08
3.2860558325211197e-08
5.061610215087987e-08
7.763979562521816e-08
1.2046140099778322e-07
1.854523701342421e-07
2.8362056624050906e-07
4.3936524474079347e-07
6.759097335901233e-07
1.0327588802891754e-06
1.5933392732497823e-06
2.448715249476726e-06
3.7371395862477537e-06
5.74040939841566e-06
8.81062384050701e-06
1.3426515576561267e-05
2.0526749217259304e-05
3.14529915905597e-05
4.784298353269274e-05
7.277414177671316e-05
0.0001112811416777749
0.00016889053547069965
0.0002555126746675046
0.00038973895877361756
0.0005899389844230702
0.0008873983048146715
0.001349623300623188
0.0020366694966614932
0.003052742091548456
0.0046156470341073555
0.006940664997578583
0.010364260522698865
0.015560781984618695
0.023286627680753822
0.03457855268135232
0.0513998691743437
0.07616643635805968
0.11163342596586376
0.16240029824403585
0.2337762231305728
0.32906190756779896
0.4506064486004638
0.5931706599459259
0.7416004054431298
0.8723861321068686
0.9525439596402975
0.989341792190622
0.999239528173725
0.9999705437519114
0.9999996576498486
0.9999999997100938
0.9999999999999999
1.0
1.0
1.0
1.0
1.0
1.0
1.0
1.0
1.0
1.0
1.0
1.0
1.0
1.0
1.0
###
1e-05
1.1768119524349992e-05
1.3848863713938717e-05
1.6297508346206434e-05
1.917910261672489e-05
2.2570197196339216e-05
2.656087782946684e-05
3.1257158496882356e-05
3.678379771828634e-05
4.328761281083062e-05
5.0941380148163754e-05
5.994842503189409e-05
7.054802310718646e-05
8.302175681319735e-05
9.770099572992247e-05
0.00011497569953977356
0.00013530477745798074
0.00015922827933410923
0.0001873817422860383
0.00022051307399030456
0.00025950242113997375
0.0003053855508833416
0.00035938136638046257
0.0004229242874389499
0.0004977023564332109
0.0005857020818056661
0.0006892612104349695
0.0008111308307896872
0.0009545484566618337
0.0011233240329780276
0.0013219411484660286
0.0015556761439304723
0.0018307382802953678
0.002154434690031882
0.0025353644939701114
0.0029836472402833374
0.003511191734215131
0.004132012400115334
0.004862601580065354
0.005722367659350214
0.006734150657750821
0.007924828983539169
0.0093260334688322
0.010974987654930556
0.01291549665014884
0.01519911082952933
0.01788649529057435
0.0210490414451202
0.02477076355991709
0.029150530628251757
0.034304692863149154
0.040370172585965536
0.047508101621027934
0.05590810182512223
0.06579332246575675
0.0774263682681127
0.09111627561154886
0.10722672220103231
0.1261856883066021
0.14849682622544635
0.1747528400007683
0.20565123083486514
0.24201282647943834
0.2848035868435799
0.3351602650938841
0.3944206059437656
0.46415888336127725
0.5462277217684337
0.642807311728432
0.7564633275546291
0.8902150854450375
1.0476157527896641
1.232846739442066
1.4508287784959402
1.7073526474706886
2.009233002565046
2.364489412645407
2.782559402207126
3.274549162877725
3.8535285937105273
4.534878508128582
5.3366992312063015
6.280291441834247
7.390722033525775
8.697490026177835
10.235310218990248
12.045035402587812
14.174741629268048
16.68100537200059
19.630406500402685
23.10129700083158
27.1858824273294
31.992671377973846
37.64935806792464
44.30621457583877
52.14008287999685
61.35907273413163
72.20809018385457
84.97534359086438
100.0
###
0.23687611448394397
0.21761018037481003
0.199362084775047
0.18244071128204442
0.16710893744948901
0.15349091750749178
0.1444314158028057
0.13388868957148697
0.12506304200736637
0.1178992676784761
0.7743307914137149
0.6747345414179404
0.58445709405617
0.5037486015758402
0.4326251592580303
0.3705816088844158
0.3295392711905463
0.28145033328567187
0.24002936334871752
0.2043395356508574
1.1406656101625305
0.9712683832061476
0.8207795686036565
0.688780159118244
0.5744217996586687
0.47602599713253674
0.4116943108498432
0.33690623073842835
0.27294383706509545
0.21801846404014058
1.4352073519406514
1.2040011548603748
1.0014182627114685
0.8260136275850695
0.6757658538795188
0.5479487984164186
0.465149188430192
0.3696808351830324
0.28878610118839143
0.2199208843069253
1.6870691755890341
1.3998776991907178
1.1509186943235143
0.9372775315528135
0.7560173663037247
0.6032530049983547
0.5049676834858786
0.3925317855978681
0.29808992575191395
0.21842339032428482
1.9098819974696017
1.571137539038763
1.279896349342023
1.0319905794259607
0.8231721996297361
0.6484877401177611
0.536818098470106
0.40993561869000594
0.3041944404446582
0.21577341372422987
2.111186651004463
1.724463917933387
1.394212473087144
1.1149572397132865
0.8812220931655647
0.68691913786705
0.5634374640032236
0.42392676853601463
0.3084986235162565
0.21275183844953502
2.2957953315317905
1.8640157945978724
1.4974059584295063
1.1891512703783516
0.9325877285260468
0.7204758822284477
0.5863510603192281
0.4355462554299675
0.31169979619901544
0.2096637192492136
2.4669576267960758
1.9925792573844103
1.5918162595064107
1.2565199405832677
0.9788018848337039
0.7503274004344299
0.6065034808933369
0.4456173873993832
0.31416166088260045
0.2066486135088529
2.626881338695197
2.112129959551261
1.679081663610452
1.3183787223539847
1.0209104606040442
0.777266650165719
0.6245133763168577
0.4543718929346342
0.31611591744900436
0.2037563484669919
2.7775043494264975
2.2241133482106576
1.7603982324605867
1.3756879339138146
1.0596612853040972
0.8018528534561342
0.6408188022673542
0.4621550411704909
0.31770470133738615
0.2009994797831448
2.920056217015052
2.329633573217661
1.8366684270555955
1.4291674983694997
1.0956092970225824
0.8244949270728479
0.6557252220002003
0.46916408935369597
0.319021843468237
0.19838602462870192
3.055581311181693
2.4295550050959203
1.9085995546178787
1.47937172728256
1.1291778228602474
0.8455016345695097
0.6694667394846475
0.47552415951298577
0.3201279759573997
0.195857308653482
3.1849193136275646
2.524590598746982
1.9767466957239073
1.526737903398961
1.1606981764375213
0.8651122342891416
0.6822244797928491
0.48136066185501236
0.32107805109719606
0.19357066841927154
3.308951667890168
2.6152920730411746
2.0416126971098167
1.5716162093978223
1.1904614660439437
0.8835349081314309
0.6941352257274589
0.4867538905030609
0.32190006576989405
0.19135265599663323