# datat/BKevo/MVg_BKevo/mvg70.dat
# N(r,Y=0), r, *FL(x,Q^2)
# 1e-05 < r < 100.0
# 1 < Q^2 < 50, n=15, log grid
# 1e-5 < x < 1e-2, n=10, log grid
###
1.110223024625157e-16
1.110223024625157e-16
2.220446049250313e-16
3.465264362037679e-16
5.425281964736731e-16
9.76765387773107e-16
1.615981281818129e-15
2.6291479819796047e-15
4.3949874879593625e-15
7.277152216046033e-15
1.199116518839158e-14
1.9918329780907928e-14
3.327645750841839e-14
5.5047568394618465e-14
9.0783457624939e-14
1.5179887899649266e-13
2.511746701601824e-13
4.122801600999885e-13
6.904215665358225e-13
1.1431191432985526e-12
1.8752423228476956e-12
3.13169365689136e-12
5.188721876869338e-12
8.5154224949049e-12
1.4163825278599607e-11
2.3482387794130295e-11
3.855234716633407e-11
6.385454958372696e-11
1.0592716324827274e-10
1.7395766488004896e-10
2.8685967409219454e-10
4.760995950314201e-10
7.82017442767892e-10
1.2836300114275345e-09
2.1312294269243415e-09
3.500866647830155e-09
5.718746327232598e-09
9.497044670743551e-09
1.5598804570334124e-08
2.538912807812383e-08
4.2103442806333224e-08
6.913409567878296e-08
1.124623243285079e-07
1.8557379497025243e-07
3.045497157210703e-07
4.950199431411486e-07
8.125169372354517e-07
1.3323369922660464e-06
2.1632113393555637e-06
3.5306634611723067e-06
5.782679219313105e-06
9.375295954102387e-06
1.521000570381229e-05
2.4872899824782538e-05
4.025229165014034e-05
6.488801828423577e-05
0.00010590458778336782
0.0001710125428936087
0.0002738402373230689
0.00044591421297920095
0.0007182645035965045
0.0011464926847050867
0.0018552896566189174
0.0029803593269872616
0.004743624022542313
0.007621884193679345
0.012203037894161436
0.019346333309782138
0.030801251499519865
0.048957004895195146
0.07681764528743999
0.11985467665690493
0.1854082334220708
0.2793754984372015
0.40786268914816853
0.5681796285624394
0.7396917771359055
0.8877493733775004
0.9671326072931228
0.9952226213322192
0.9998915883630614
0.9999992273490133
0.9999999991486029
0.9999999999999823
1.0
1.0
1.0
1.0
1.0
1.0
1.0
1.0
1.0
1.0
1.0
1.0
1.0
1.0
1.0
1.0
###
1e-05
1.1768119524349992e-05
1.3848863713938717e-05
1.6297508346206434e-05
1.917910261672489e-05
2.2570197196339216e-05
2.656087782946684e-05
3.1257158496882356e-05
3.678379771828634e-05
4.328761281083062e-05
5.0941380148163754e-05
5.994842503189409e-05
7.054802310718646e-05
8.302175681319735e-05
9.770099572992247e-05
0.00011497569953977356
0.00013530477745798074
0.00015922827933410923
0.0001873817422860383
0.00022051307399030456
0.00025950242113997375
0.0003053855508833416
0.00035938136638046257
0.0004229242874389499
0.0004977023564332109
0.0005857020818056661
0.0006892612104349695
0.0008111308307896872
0.0009545484566618337
0.0011233240329780276
0.0013219411484660286
0.0015556761439304723
0.0018307382802953678
0.002154434690031882
0.0025353644939701114
0.0029836472402833374
0.003511191734215131
0.004132012400115334
0.004862601580065354
0.005722367659350214
0.006734150657750821
0.007924828983539169
0.0093260334688322
0.010974987654930556
0.01291549665014884
0.01519911082952933
0.01788649529057435
0.0210490414451202
0.02477076355991709
0.029150530628251757
0.034304692863149154
0.040370172585965536
0.047508101621027934
0.05590810182512223
0.06579332246575675
0.0774263682681127
0.09111627561154886
0.10722672220103231
0.1261856883066021
0.14849682622544635
0.1747528400007683
0.20565123083486514
0.24201282647943834
0.2848035868435799
0.3351602650938841
0.3944206059437656
0.46415888336127725
0.5462277217684337
0.642807311728432
0.7564633275546291
0.8902150854450375
1.0476157527896641
1.232846739442066
1.4508287784959402
1.7073526474706886
2.009233002565046
2.364489412645407
2.782559402207126
3.274549162877725
3.8535285937105273
4.534878508128582
5.3366992312063015
6.280291441834247
7.390722033525775
8.697490026177835
10.235310218990248
12.045035402587812
14.174741629268048
16.68100537200059
19.630406500402685
23.10129700083158
27.1858824273294
31.992671377973846
37.64935806792464
44.30621457583877
52.14008287999685
61.35907273413163
72.20809018385457
84.97534359086438
100.0
###
0.2216355681674588
0.2026025409734685
0.184866290805298
0.16870289928991272
0.15428450318965303
0.14167404744925957
0.13340451408683118
0.12392780352840305
0.11616173789040199
0.1100368871684831
0.6981458508648076
0.6035496583245012
0.51878284044437
0.4439446078414984
0.3786166377345222
0.32204892011333414
0.284836833040861
0.2413396721695185
0.20393053042739262
0.17165893721478476
1.012983511803518
0.8547307845324386
0.7157289944304279
0.5951430123413541
0.4914839913337173
0.4029578100093821
0.345243578229358
0.27829209829217555
0.22102409228306316
0.17170309101754969
1.2624976305306694
1.048876375422511
0.8636672931494925
0.7050120658754305
0.5702127893735462
0.4562977172798025
0.38271065070098126
0.29806695715657594
0.2263550859409035
0.1652689632748022
1.473986135282795
1.2107685388915341
0.9848526834360232
0.7931544320964562
0.6317412040254874
0.49652922071079486
0.40988688206301954
0.31101269277179777
0.22804173870640407
0.1580033014932452
1.659832452353241
1.3513596429817287
1.0887228560861313
0.8675286718870794
0.6827026092106512
0.5290571680961943
0.4312643458633924
0.3204634151829594
0.2284031232392578
0.15129950297846786
1.826930136164446
1.47658506242839
1.180276056141393
0.9323388369155251
0.7264966275275442
0.5564923839256505
0.4489415350949378
0.3278511449553347
0.2279548615809642
0.14526438228994115
1.9795582523815225
1.5900949224497944
1.2625777788773882
0.9900544110763041
0.7650757519618661
0.5803085248706451
0.4640493621341713
0.33389827771775626
0.227322683743312
0.13987311387959842
2.1205986406030246
1.6943155990349208
1.3376187043083647
1.042267690595095
0.7996450124432075
0.6014045103787155
0.4772657352961866
0.33901716776480106
0.226570643670529
0.13504952071182846
2.2521282579917
1.790946872581258
1.4067827528719212
1.0900875279655335
0.8310500483948784
0.6203839014978552
0.4890391406832028
0.3434543519352765
0.2257824194912527
0.13071567694349678
2.3756245022616027
1.8812544048310345
1.4710829555963356
1.1342754999092228
0.8598805665355983
0.6376658761352904
0.4996714971740672
0.3473723989364189
0.2249902900142726
0.1267987579839032
2.4922560064290833
1.9661675298355068
1.5312601468029317
1.1754219368208394
0.8865711430984023
0.6535497577199636
0.5093696046465775
0.3508895120070615
0.22421570588352002
0.12323827307468863
2.6029098275727507
2.0464246400848793
1.5879062701625053
1.2139646987183283
0.9114517840930181
0.6682639977563443
0.5183040888776731
0.3540815047243665
0.22347046346526342
0.11997919654821716
2.708329271316577
2.1226222908099768
1.6414837338846973
1.2502794552729926
0.9347794138459011
0.6819835144154907
0.5265894337940638
0.3570116669801671
0.22275963537340107
0.11700374524258543
2.8091072645578783
2.1952360143878518
1.6923653099532565
1.2846385532915165
0.9567581970781556
0.6948456126958846
0.5343211273261467
0.35970896767265115
0.2220228587722785
0.11425094247160283