# datat/BKevo/MVg_BKevo/mvg75.dat
# N(r,Y=0), r, *FL(x,Q^2)
# 1e-05 < r < 100.0
# 1 < Q^2 < 50, n=15, log grid
# 1e-5 < x < 1e-2, n=10, log grid
###
1.7096767281165545e-08
2.1881390929812962e-08
2.805479471451358e-08
3.594309335877714e-08
4.598738862241792e-08
5.890793013889326e-08
7.544572204995232e-08
9.649444026777712e-08
1.234873659648694e-07
1.5809416775288223e-07
2.0211914446227803e-07
2.584004932071103e-07
3.3067113957984486e-07
4.225601171751777e-07
5.3965746047125e-07
6.902471634053215e-07
8.815982554867296e-07
1.1246558367111344e-06
1.437670969019422e-06
1.8351377951617253e-06
2.3393117854666682e-06
2.987222474175146e-06
3.810519245683534e-06
4.853999579965882e-06
6.190433974256688e-06
7.89048215352651e-06
1.0043208634493605e-05
1.2790719043746817e-05
1.628900421709755e-05
2.071412515529739e-05
2.634164218678362e-05
3.35121315905024e-05
4.257138724627904e-05
5.404959713314759e-05
6.868200611607641e-05
8.714282433949646e-05
0.00011044331102134912
0.0001401520514298248
0.00017757266430914909
0.0002246480558664325
0.00028458395507349765
0.00035997507066015146
0.00045462917833857184
0.00057459323029975
0.0007254090649779643
0.0009143144866338523
0.0011525673316927093
0.0014517650367626598
0.0018254777845999179
0.0022943467928339865
0.002882098671458761
0.003613764402603376
0.00452652109837629
0.005667660116151916
0.00708246643047384
0.008836534539369226
0.011021252669631722
0.013716706982341502
0.01703596055993339
0.021149100457244392
0.02619410623140785
0.032367536566518446
0.039951454468962984
0.049196389904112015
0.06042593780578574
0.07408157068312538
0.09059386928917604
0.11046444514829987
0.13433079276156534
0.16284283369432628
0.1966854865869118
0.23660440008116707
0.283253215503963
0.33723935898068125
0.3988409795249032
0.4674808314022813
0.5427200375486261
0.6228597202701208
0.7029710503611617
0.7808416869405064
0.8521814365292242
0.9085614582961098
0.9506437841739516
0.9783232628997804
0.9919534059546583
0.9976783670808813
0.9995835762378301
0.9999514237336243
0.9999957593376592
0.9999998499036459
0.9999999991618519
0.9999999999931554
0.9999999999999858
1.0
1.0
1.0
1.0
1.0
1.0
1.0
###
1e-05
1.1768119524349992e-05
1.3848863713938717e-05
1.6297508346206434e-05
1.917910261672489e-05
2.2570197196339216e-05
2.656087782946684e-05
3.1257158496882356e-05
3.678379771828634e-05
4.328761281083062e-05
5.0941380148163754e-05
5.994842503189409e-05
7.054802310718646e-05
8.302175681319735e-05
9.770099572992247e-05
0.00011497569953977356
0.00013530477745798074
0.00015922827933410923
0.0001873817422860383
0.00022051307399030456
0.00025950242113997375
0.0003053855508833416
0.00035938136638046257
0.0004229242874389499
0.0004977023564332109
0.0005857020818056661
0.0006892612104349695
0.0008111308307896872
0.0009545484566618337
0.0011233240329780276
0.0013219411484660286
0.0015556761439304723
0.0018307382802953678
0.002154434690031882
0.0025353644939701114
0.0029836472402833374
0.003511191734215131
0.004132012400115334
0.004862601580065354
0.005722367659350214
0.006734150657750821
0.007924828983539169
0.0093260334688322
0.010974987654930556
0.01291549665014884
0.01519911082952933
0.01788649529057435
0.0210490414451202
0.02477076355991709
0.029150530628251757
0.034304692863149154
0.040370172585965536
0.047508101621027934
0.05590810182512223
0.06579332246575675
0.0774263682681127
0.09111627561154886
0.10722672220103231
0.1261856883066021
0.14849682622544635
0.1747528400007683
0.20565123083486514
0.24201282647943834
0.2848035868435799
0.3351602650938841
0.3944206059437656
0.46415888336127725
0.5462277217684337
0.642807311728432
0.7564633275546291
0.8902150854450375
1.0476157527896641
1.232846739442066
1.4508287784959402
1.7073526474706886
2.009233002565046
2.364489412645407
2.782559402207126
3.274549162877725
3.8535285937105273
4.534878508128582
5.3366992312063015
6.280291441834247
7.390722033525775
8.697490026177835
10.235310218990248
12.045035402587812
14.174741629268048
16.68100537200059
19.630406500402685
23.10129700083158
27.1858824273294
31.992671377973846
37.64935806792464
44.30621457583877
52.14008287999685
61.35907273413163
72.20809018385457
84.97534359086438
100.0
###
0.3065930075110758
0.2851206687602911
0.2619405054578961
0.23776504262107231
0.21341979179178505
0.18958769541029477
0.17244847257979407
0.15099245365069885
0.1314193300757024
0.11387946456774559
1.1965842849632509
1.0659200577231038
0.9351478077369635
0.8085334300958306
0.689517168754106
0.5805156554180606
0.5062868698863345
0.41786220167297433
0.3413438146346498
0.2760415265579815
1.9120071262750011
1.6712006615849235
1.4376023175337411
1.2179914039663742
1.0173228681492672
0.8383149246017271
0.719074173569463
0.5798824191317314
0.46215803249380727
0.36382735918820647
2.538486353806185
2.1915609663657514
1.8615390088404646
1.5569819842276664
1.2835520984318791
1.0436326405345517
0.8860042876596359
0.7043741664170462
0.5529270370430085
0.4281852826476437
3.106386036910059
2.6574389906238234
2.2363854768527327
1.8530104450921556
1.5131537001069202
1.2184941704054864
1.026814662632601
0.8080138691153776
0.6274554882124553
0.4802434824566391
3.631297166919547
3.0840499358297326
2.576469042779875
2.119121142996631
1.7176697296419094
1.3728167314338702
1.150232099641652
0.8979950271190034
0.6915313938309069
0.5245487498709039
4.122649552779942
3.4804390988079876
2.8901325636159796
2.362782016585244
1.9035741663057908
1.5121106344578994
1.261034038727171
0.9782196462348155
0.7482121139509799
0.5634322544657647
4.586661973970321
3.8525096105991574
3.1827772993848678
2.5888056530037145
2.0749857791990314
1.6397878957137846
1.3621444928321196
1.050968140079556
0.7993299927352311
0.5982735714892308
5.0279120432788424
4.204345469774016
3.4581506147862484
2.8004056701617115
2.2346712151166974
1.7581467349856559
1.4555302078621197
1.1178249804785394
0.8460612154452926
0.6299714302852202
5.449777037800689
4.5391668497956354
3.7189869292100926
2.999911041490982
2.3846216446338233
1.8688623915190352
1.5425761195947163
1.179881719189336
0.8892493163480283
0.6591386377547729
5.854545768105872
4.859348908685832
3.967353597629096
3.189163091214651
2.5263565243809314
1.9730675288716923
1.6243018125212336
1.2379299083422288
0.9294970710017795
0.6862221541201079
6.244286336506601
5.166518842147944
4.20478413213979
3.369530228009263
2.6609518896137603
2.07172133528227
1.7014985558651563
1.2925710964080825
0.9672579567444869
0.7115440403034741
6.620868529311322
5.462251231940204
4.4327204552124595
3.5420791622881107
2.7893417517533647
2.165549639888012
1.774745764441517
1.3442729354577132
1.002871150235407
0.7353633903222389
6.985501537533682
5.747698370313506
4.652230951230232
3.7077439878945277
2.9122680299626955
2.2551345382627415
1.8445406565626181
1.3934073913878606
1.036636449221458
0.7578804561555377
7.339310608260178
6.023964062198992
4.863788731087309
3.8672251556042365
3.0302998470352
2.3409509697744313
1.9112777178948337
1.4402783218711177
1.0687667636361684
0.7792560097450244