# datat/BKevo/MVg_BKevo/mvg80.dat
# N(r,Y=0), r, *FL(x,Q^2)
# 1e-05 < r < 100.0
# 1 < Q^2 < 50, n=15, log grid
# 1e-5 < x < 1e-2, n=10, log grid
###
0.0
0.0
0.0
0.0
0.0
0.0
0.0
0.0
1.110223024625157e-16
1.623002177853232e-16
2.220446049250313e-16
4.674271113455063e-16
8.036726179189997e-16
1.3247576883117786e-15
2.291700762993705e-15
4.129300343878505e-15
7.374991190018879e-15
1.2849278236588446e-14
2.3018787959088982e-14
4.0697876535292873e-14
7.107035917200019e-14
1.2697537463167452e-13
2.246505056026482e-13
3.923390947456859e-13
6.980452417065532e-13
1.2362016588742122e-12
2.160991574682117e-12
3.824097535095357e-12
6.780179396346765e-12
1.1861121300537426e-11
2.0873670160635793e-11
3.7049951463507523e-11
6.48560829301091e-11
1.1347650538509815e-10
2.016222510549353e-10
3.531300054247402e-10
6.141184003154405e-10
1.092136045746772e-09
1.9135757956589254e-09
3.313275352978558e-09
5.884987471016129e-09
1.0313620204000808e-08
1.785465491223561e-08
3.152407490081789e-08
5.524707189655965e-08
9.560415840489139e-08
1.6773069539664543e-07
2.938757255548617e-07
5.082022222856372e-07
8.856180881386843e-07
1.5507528926414308e-06
2.679040072175568e-06
4.635378158250419e-06
8.109038624526603e-06
1.3989931301155027e-05
2.4023958413283337e-05
4.197178450877863e-05
7.228783231780351e-05
0.00012316075211530342
0.00021482382362077672
0.00036926869319424676
0.0006272937996061577
0.0010866141207059078
0.001863937131562505
0.0031590169171572466
0.005428940678843277
0.009288194475386133
0.015688554282617433
0.026685455659557943
0.04531851481329071
0.07566617510291855
0.12546424169490128
0.20549977929644447
0.32407609945876026
0.4870203751305574
0.6786567896339558
0.8548739589887745
0.9659964631048662
0.9957293414654843
0.9998386631961435
0.9999998002526133
0.9999999999989322
1.0
1.0
1.0
1.0
1.0
1.0
1.0
1.0
1.0
1.0
1.0
1.0
1.0
1.0
1.0
1.0
1.0
1.0
###
1e-05
1.1768119524349992e-05
1.3848863713938717e-05
1.6297508346206434e-05
1.917910261672489e-05
2.2570197196339216e-05
2.656087782946684e-05
3.1257158496882356e-05
3.678379771828634e-05
4.328761281083062e-05
5.0941380148163754e-05
5.994842503189409e-05
7.054802310718646e-05
8.302175681319735e-05
9.770099572992247e-05
0.00011497569953977356
0.00013530477745798074
0.00015922827933410923
0.0001873817422860383
0.00022051307399030456
0.00025950242113997375
0.0003053855508833416
0.00035938136638046257
0.0004229242874389499
0.0004977023564332109
0.0005857020818056661
0.0006892612104349695
0.0008111308307896872
0.0009545484566618337
0.0011233240329780276
0.0013219411484660286
0.0015556761439304723
0.0018307382802953678
0.002154434690031882
0.0025353644939701114
0.0029836472402833374
0.003511191734215131
0.004132012400115334
0.004862601580065354
0.005722367659350214
0.006734150657750821
0.007924828983539169
0.0093260334688322
0.010974987654930556
0.01291549665014884
0.01519911082952933
0.01788649529057435
0.0210490414451202
0.02477076355991709
0.029150530628251757
0.034304692863149154
0.040370172585965536
0.047508101621027934
0.05590810182512223
0.06579332246575675
0.0774263682681127
0.09111627561154886
0.10722672220103231
0.1261856883066021
0.14849682622544635
0.1747528400007683
0.20565123083486514
0.24201282647943834
0.2848035868435799
0.3351602650938841
0.3944206059437656
0.46415888336127725
0.5462277217684337
0.642807311728432
0.7564633275546291
0.8902150854450375
1.0476157527896641
1.232846739442066
1.4508287784959402
1.7073526474706886
2.009233002565046
2.364489412645407
2.782559402207126
3.274549162877725
3.8535285937105273
4.534878508128582
5.3366992312063015
6.280291441834247
7.390722033525775
8.697490026177835
10.235310218990248
12.045035402587812
14.174741629268048
16.68100537200059
19.630406500402685
23.10129700083158
27.1858824273294
31.992671377973846
37.64935806792464
44.30621457583877
52.14008287999685
61.35907273413163
72.20809018385457
84.97534359086438
100.0
###
0.2238102829855059
0.20549380058773364
0.18854446151771959
0.17322233143550836
0.1596942781886857
0.1480143320916934
0.14047132259653256
0.13200740517116488
0.12532763360855645
0.12036857013736954
0.7035283913161
0.61054578507343
0.527319666813981
0.4539463147029297
0.3899725903125743
0.33464517569340946
0.29827669725273015
0.2558300672141753
0.21940724295758102
0.18808865923504425
1.0189540839639253
0.862427659343938
0.7250612210076829
0.6057292039437869
0.5031082393489471
0.41527378761164735
0.35787258929717614
0.29107650437637905
0.23368038293914745
0.1839602663407668
1.2682691571187332
1.0565030766100143
0.8727767714717075
0.7152132739706792
0.5810041722462701
0.4672576267411019
0.39350047780010633
0.3082524144221749
0.23551876711726819
0.17289686050601458
1.4792255398323402
1.2179061928771884
0.9933605699324379
0.8025265152941738
0.6414130152303192
0.5059414766597965
0.41875580078738295
0.31870436155470666
0.23406103160279898
0.161856583307331
1.6643781464798693
1.3578193964663454
1.0964994073986998
0.8759807992771576
0.6911918826617915
0.536959672860261
0.43833396716159184
0.3259309887010234
0.23164176614076884
0.15198485535474388
1.8306945803377463
1.4823010146542135
1.1872556504653697
0.9398468991143643
0.7338317429565436
0.5629803179841154
0.4543778868224719
0.3313669870159383
0.22901172239839826
0.14335436178485042
1.982495901280949
1.5950251608429533
1.2687312709363532
0.9966244816037824
0.7712932210098731
0.5854860305953451
0.4680063379596645
0.3357013344852346
0.2264402822758461
0.13582063313276643
2.1226859621604044
1.6984437728058728
1.3429451825402812
1.0479239739329314
0.804818365946509
0.6053778415687037
0.47988948607947535
0.33931052147745755
0.22401624636957365
0.12920944101225365
2.2533550440841315
1.794272897596983
1.411292075885175
1.0948444754712485
0.835235328411052
0.6232441283800251
0.49044613318240643
0.3424075832104819
0.2217788893641227
0.12336794201513089
2.3759720550807804
1.8837755177348832
1.4747827395436914
1.1381733674880894
0.8631329480947673
0.6394930157366818
0.4999692177472503
0.34513062084380824
0.21972876119881282
0.11816891861981738
2.4917386632111453
1.9678911829208332
1.5341759119696123
1.1784958804013996
0.8889581985134892
0.6544206624881498
0.5086602918544217
0.347565191041924
0.21784194309160598
0.11350956168493366
2.601554881517544
2.0473687891467653
1.5900571585094827
1.2162864343051352
0.9130033347646868
0.668241903390561
0.5166546669484948
0.34978207123414895
0.21611043028841578
0.10930468746753558
2.7061281333365073
2.122795972792619
1.6428891275597164
1.2518386427469033
0.9355380034221151
0.6811255570426129
0.5240750108912541
0.35182002474211915
0.2145189297413759
0.10549157848936538
2.806069394176038
2.194649967639348
1.6930431772044263
1.2854676110980487
0.9567624628643181
0.6932036585651202
0.5310059681599534
0.35371100057671206
0.21305307743910837
0.10201543230039735