# datat/BKevo/MVg_BKevo/mvg83.dat
# N(r,Y=0), r, *FL(x,Q^2)
# 1e-05 < r < 100.0
# 1 < Q^2 < 50, n=15, log grid
# 1e-5 < x < 1e-2, n=10, log grid
###
2.1341244628253028e-06
2.5614675057347885e-06
3.074863620181465e-06
3.690206282206424e-06
4.427081316026029e-06
5.31130974786117e-06
6.371030064284523e-06
7.639338192431576e-06
9.159465516126057e-06
1.0980977450953195e-05
1.3159681089440477e-05
1.5767796614489742e-05
1.8892158286999127e-05
2.2626658030979718e-05
2.709166725963335e-05
3.243841190498724e-05
3.8824481486408604e-05
4.6450032680446285e-05
5.557670873460237e-05
6.646833499724265e-05
7.946119202585984e-05
9.4991889903886e-05
0.00011351363924389075
0.0001355873279118239
0.00016193122259003926
0.00019332550493378854
0.0002306995636095805
0.0002752301496285933
0.0003282475208620239
0.00039128509331466335
0.00046626213413487053
0.0005554215543172207
0.000661281270536479
0.0007869563469486714
0.0009361779406839105
0.0011130582748853889
0.0013226264992345282
0.0015709869872694642
0.0018648147786673997
0.002212196278865107
0.0026228673713961743
0.003107628646981589
0.003679377741320872
0.004353239211562196
0.005146517565257577
0.0060794713584597995
0.007175255608092051
0.008460776788273882
0.009967418896375443
0.011730036109739179
0.013788785846482637
0.0161915334297944
0.018989770538980728
0.022240025623664443
0.026014117628909535
0.03038671807309576
0.03543064894413497
0.04125214924313984
0.047957988440944156
0.055629005554119086
0.06442124283841348
0.07447813699557498
0.08589126553141915
0.09886457730268924
0.11359239807481364
0.13018049229005968
0.14887025796819062
0.16993049786399197
0.1934883954222848
0.21978924502148128
0.24920202383705758
0.28186769969571335
0.3179200275293991
0.35780715804829566
0.40158025239958073
0.4488926238240888
0.5001046037868965
0.5548660422495808
0.6114615145940715
0.6699015963929442
0.7289437202210897
0.7848251261877204
0.8372183471974523
0.884401134779896
0.9225931860904725
0.9522642200999515
0.9738730150333411
0.987148095764589
0.9944312514337089
0.998074123960193
0.9994683701364657
0.9998725206586766
0.999979593879277
0.9999982166113222
0.9999998385414133
0.9999999921845993
0.9999999999377519
0.999999999998921
0.9999999999999921
1.0
###
1e-05
1.1768119524349992e-05
1.3848863713938717e-05
1.6297508346206434e-05
1.917910261672489e-05
2.2570197196339216e-05
2.656087782946684e-05
3.1257158496882356e-05
3.678379771828634e-05
4.328761281083062e-05
5.0941380148163754e-05
5.994842503189409e-05
7.054802310718646e-05
8.302175681319735e-05
9.770099572992247e-05
0.00011497569953977356
0.00013530477745798074
0.00015922827933410923
0.0001873817422860383
0.00022051307399030456
0.00025950242113997375
0.0003053855508833416
0.00035938136638046257
0.0004229242874389499
0.0004977023564332109
0.0005857020818056661
0.0006892612104349695
0.0008111308307896872
0.0009545484566618337
0.0011233240329780276
0.0013219411484660286
0.0015556761439304723
0.0018307382802953678
0.002154434690031882
0.0025353644939701114
0.0029836472402833374
0.003511191734215131
0.004132012400115334
0.004862601580065354
0.005722367659350214
0.006734150657750821
0.007924828983539169
0.0093260334688322
0.010974987654930556
0.01291549665014884
0.01519911082952933
0.01788649529057435
0.0210490414451202
0.02477076355991709
0.029150530628251757
0.034304692863149154
0.040370172585965536
0.047508101621027934
0.05590810182512223
0.06579332246575675
0.0774263682681127
0.09111627561154886
0.10722672220103231
0.1261856883066021
0.14849682622544635
0.1747528400007683
0.20565123083486514
0.24201282647943834
0.2848035868435799
0.3351602650938841
0.3944206059437656
0.46415888336127725
0.5462277217684337
0.642807311728432
0.7564633275546291
0.8902150854450375
1.0476157527896641
1.232846739442066
1.4508287784959402
1.7073526474706886
2.009233002565046
2.364489412645407
2.782559402207126
3.274549162877725
3.8535285937105273
4.534878508128582
5.3366992312063015
6.280291441834247
7.390722033525775
8.697490026177835
10.235310218990248
12.045035402587812
14.174741629268048
16.68100537200059
19.630406500402685
23.10129700083158
27.1858824273294
31.992671377973846
37.64935806792464
44.30621457583877
52.14008287999685
61.35907273413163
72.20809018385457
84.97534359086438
100.0
###
0.36203817805952804
0.3461787967159563
0.3255658580444556
0.300206837218666
0.2707546226814011
0.2384523009183948
0.21332563736663995
0.1800785208131512
0.14860505646312902
0.12011784161732661
1.6069253713044487
1.4868826052836355
1.3453964988474572
1.1876026095579226
1.0213102387975304
0.8553425655496733
0.7360533911330857
0.5894077779910764
0.4609607163040438
0.3526487215765464
2.736247522273099
2.491992186210188
2.215289857566988
1.918751006784266
1.6179026227824245
1.328290507813752
1.1263626610444275
0.8847705581772265
0.679177284993069
0.5102397461006107
3.7952383328358663
3.4193872557369693
3.004142276957102
2.5701657278368746
2.1403400796728236
1.7356824757006928
1.4585844560067138
1.1325879993797812
0.859933322787517
0.6393554897257337
4.803202223096496
4.292022679560968
3.7378019437505046
3.168910848026217
2.615010306038243
2.1018414030338346
1.7549539159784133
1.3517006081720873
1.0185266768363053
0.7519090008830129
5.7710496591552305
5.122618119706306
4.429811624446155
3.7286308662058083
3.055040777910335
2.438610027621265
2.026103926598984
1.550880342472909
1.1619078726344128
0.8532517775999529
6.705810717558512
5.919115000671397
5.088605245153862
4.257623053602502
3.468159773042289
2.7528906408163327
2.2781522864295294
1.735084635121239
1.293963756178335
0.9462730429259609
7.612522682109633
6.687023738877983
5.719903800064029
4.761322956345793
3.85956299899235
3.0492025024111484
2.5149197862795365
1.9074561885963217
1.4171398574710248
1.0328088187972937
8.494840416054467
7.43037814600713
6.327849570263966
5.244189859612611
4.232907103875183
3.330602515831718
2.739059454712985
2.0701713998054587
1.5330974109359614
1.1141093497039576
9.355614056012273
8.152254806959082
6.915549413851421
5.708938909307451
4.5908165227427515
3.5993967015375925
2.9527206674952446
2.2247987729278065
1.643035047151572
1.1910492472196996
10.197112533992142
8.855080974376628
7.485434254397679
6.15787487638512
4.93533471380451
3.857318371663893
3.157308516361488
2.3725006850692516
1.7478345591592868
1.2642808169626558
11.021184997351625
9.54081544269131
8.039446725537513
6.592786179568438
5.268071656153604
4.105724115903071
3.3539821259725495
2.5141857370327054
1.8481926272923206
1.3343173000630844
11.829420184751521
10.211071764527
8.57917024564526
7.015170484518623
5.590324948083687
4.345700842360989
3.5436666901216087
2.6505365046550136
1.9446474623845253
1.4015514001222127
12.623029134920397
10.867201440944385
9.105907217884974
7.426251466670051
5.903160347875789
4.578136634281642
3.72711591350985
2.782255295124684
2.037712229907767
1.466303940816922
13.403120211382396
11.510705321805943
9.62066031571009
7.827047505807841
6.207466983965496
4.803768883387229
3.9049525981626307
2.909708523064372
2.1275352884237213
1.5288382177814597