# datat/BKevo/MVg_BKevo/mvg88.dat
# N(r,Y=0), r, *FL(x,Q^2)
# 1e-05 < r < 100.0
# 1 < Q^2 < 50, n=15, log grid
# 1e-5 < x < 1e-2, n=10, log grid
###
1.110223024625157e-16
2.152140860617445e-16
2.7691194914411485e-16
5.063301254894309e-16
8.504284721834098e-16
1.3541257791971447e-15
2.284578255037884e-15
3.777188519275635e-15
6.195457223412995e-15
1.0394722241234776e-14
1.715853030189131e-14
2.853072448855663e-14
4.755917956010185e-14
7.869328529899227e-14
1.296849726658101e-13
2.1699681003293914e-13
3.5895362962835086e-13
5.892257991081624e-13
9.866471145488896e-13
1.633636076627251e-12
2.679753273605697e-12
4.475451723389342e-12
7.41508623522464e-12
1.2169134228986781e-11
2.0241151344464524e-11
3.355817937063015e-11
5.5094344710988336e-11
9.12531721576702e-11
1.5137822508061976e-10
2.485990682209308e-10
4.099448754586441e-10
6.803836330053163e-10
1.11756413218186e-09
1.8344078314871656e-09
3.045693715628291e-09
5.003012546544174e-09
8.17253620348702e-09
1.357202027186084e-08
2.229191286096704e-08
3.62830513523187e-08
6.01691153253623e-08
9.879803351106701e-08
1.6071746186771397e-07
2.6519947022281085e-07
4.352253567078972e-07
7.074221765537806e-07
1.1611501051453936e-06
1.9040133043339337e-06
3.091396899241431e-06
5.045590585444309e-06
8.263890709638223e-06
1.3398004422222853e-05
2.173621681718416e-05
3.554512490500452e-05
5.752316812628417e-05
9.272875515882726e-05
0.00015134239346666447
0.00024438111928940437
0.00039131611930205934
0.000637183420953189
0.001026293667917667
0.0016380230605774573
0.0026502676517427817
0.004256362399698886
0.006772046514314414
0.010873970405609844
0.01739194584424269
0.027530818584744172
0.043718477950621615
0.06919888253292279
0.10791308031881457
0.16670104032569696
0.25371166222494906
0.3734511254959025
0.526685045169341
0.6967821588498155
0.8516440318693738
0.9559262956074625
0.9918414026495588
0.999391098615875
0.9999967050563892
0.9999999978772067
0.9999999999998386
1.0
1.0
1.0
1.0
1.0
1.0
1.0
1.0
1.0
1.0
1.0
1.0
1.0
1.0
1.0
1.0
1.0
###
1e-05
1.1768119524349992e-05
1.3848863713938717e-05
1.6297508346206434e-05
1.917910261672489e-05
2.2570197196339216e-05
2.656087782946684e-05
3.1257158496882356e-05
3.678379771828634e-05
4.328761281083062e-05
5.0941380148163754e-05
5.994842503189409e-05
7.054802310718646e-05
8.302175681319735e-05
9.770099572992247e-05
0.00011497569953977356
0.00013530477745798074
0.00015922827933410923
0.0001873817422860383
0.00022051307399030456
0.00025950242113997375
0.0003053855508833416
0.00035938136638046257
0.0004229242874389499
0.0004977023564332109
0.0005857020818056661
0.0006892612104349695
0.0008111308307896872
0.0009545484566618337
0.0011233240329780276
0.0013219411484660286
0.0015556761439304723
0.0018307382802953678
0.002154434690031882
0.0025353644939701114
0.0029836472402833374
0.003511191734215131
0.004132012400115334
0.004862601580065354
0.005722367659350214
0.006734150657750821
0.007924828983539169
0.0093260334688322
0.010974987654930556
0.01291549665014884
0.01519911082952933
0.01788649529057435
0.0210490414451202
0.02477076355991709
0.029150530628251757
0.034304692863149154
0.040370172585965536
0.047508101621027934
0.05590810182512223
0.06579332246575675
0.0774263682681127
0.09111627561154886
0.10722672220103231
0.1261856883066021
0.14849682622544635
0.1747528400007683
0.20565123083486514
0.24201282647943834
0.2848035868435799
0.3351602650938841
0.3944206059437656
0.46415888336127725
0.5462277217684337
0.642807311728432
0.7564633275546291
0.8902150854450375
1.0476157527896641
1.232846739442066
1.4508287784959402
1.7073526474706886
2.009233002565046
2.364489412645407
2.782559402207126
3.274549162877725
3.8535285937105273
4.534878508128582
5.3366992312063015
6.280291441834247
7.390722033525775
8.697490026177835
10.235310218990248
12.045035402587812
14.174741629268048
16.68100537200059
19.630406500402685
23.10129700083158
27.1858824273294
31.992671377973846
37.64935806792464
44.30621457583877
52.14008287999685
61.35907273413163
72.20809018385457
84.97534359086438
100.0
###
0.23551118501360216
0.21712240868657898
0.19989544997427688
0.18413513140821186
0.17006134676359835
0.15777092752873964
0.14974228813662643
0.14061902164864773
0.13327180398353555
0.12766119024680436
0.7616053874645524
0.665293258854775
0.5783284062278581
0.5010273194178344
0.4331688200065156
0.3741738301055701
0.3352590381918879
0.289755130660055
0.25069541727173705
0.21717774966215173
1.1156998016069657
0.9515410193254837
0.8060853704089315
0.6788719699771344
0.5687229133574837
0.47405161393202105
0.41204878208527335
0.3398025216443772
0.2777724942774615
0.22419926631385437
1.3985180122986953
1.1744158839756302
0.9783144719176592
0.808938137685381
0.6638243681507631
0.5402192757485618
0.4599006649944866
0.3669215916300456
0.2876078186373077
0.21946097385348634
1.6393552655502064
1.3610652905140885
1.1199846257854618
0.9134999266375605
0.7382294274537003
0.5901449684872325
0.49455765567152404
0.3846578733972611
0.2916098042278036
0.21228342195817193
1.851697658954228
1.5236198672424923
1.241649626302952
1.0019878066914212
0.7999401582592875
0.6304749258973233
0.5217457008771984
0.39752857923351187
0.2932426880744271
0.2048753482023862
2.0430702974434407
1.66874609816272
1.3491093875215594
1.0791740253997646
0.8529890921491504
0.6644513369934687
0.54416252230396
0.40750915345964867
0.293481245991271
0.19785182396442627
2.218230310952938
1.8005169548631874
1.445846261415541
1.1479676941608172
0.8997155545319393
0.6939136680309138
0.5632589435416513
0.4156150970443845
0.29322657467724067
0.19136966567744168
2.380357843735548
1.921674675266988
1.5341538972525557
1.2102496747295706
0.9416193818418999
0.7199890480048277
0.57993187161108
0.4224201991321595
0.2926623388530992
0.185436386888577
2.5317284255750403
2.0341570552657013
1.6156195346968374
1.2673187487487165
0.9796780760304282
0.7434261470142746
0.5947480289561681
0.4282784411130415
0.2919274349036272
0.18001901421159025
2.674080443809363
2.139370747400025
1.691416903157019
1.320065814945347
1.014618432487492
0.7647509733874146
0.6080985105133522
0.433416485465091
0.29112018860995453
0.1750567891567158
2.808611875964944
2.2383932880039157
1.7623874711441816
1.3692175860125997
1.0469666822950405
0.7843372195531119
0.620261688232315
0.4380018880225809
0.29027276640304783
0.1705010564632073
2.9364404704455604
2.332066450325205
1.829254977319815
1.4152929239217387
1.0771223658570344
0.8024703906488085
0.6314435867739916
0.442140823624161
0.2894208831844716
0.16630344401675015
3.058281761546137
2.421060471518674
1.892533126205531
1.4587088105986836
1.1053966570389588
0.8193683944324992
0.6418045555524146
0.44592109924321865
0.2885001325844261
0.16242234677817158
3.1748476575174767
2.505919716992779
1.95265704527162
1.499799492064079
1.1320368802394587
0.8352034543449727
0.6514589452450759
0.44938697142031536
0.2877542411245309
0.15882105362857468