# datat/BKevo/MVg_BKevo/mvg84.dat
# N(r,Y=0), r, *FL(x,Q^2)
# 1e-05 < r < 100.0
# 1 < Q^2 < 50, n=15, log grid
# 1e-5 < x < 1e-2, n=10, log grid
###
1.8600301891629637e-08
2.380569781422438e-08
3.0522007007979976e-08
3.9104023344549016e-08
5.0031640133087635e-08
6.408844798985048e-08
8.208061662789058e-08
1.049804141864805e-07
1.3434716833233513e-07
1.7199738264665892e-07
2.1989403062993126e-07
2.811249076575144e-07
3.597512223139003e-07
4.597211544441453e-07
5.871163400636316e-07
7.509492878333345e-07
9.591282827051502e-07
1.2235609625706616e-06
1.564103428050601e-06
1.996524467520244e-06
2.545036742143085e-06
3.249926229531431e-06
4.1456256099986525e-06
5.280871914085385e-06
6.73483514186008e-06
8.584388862354814e-06
1.0926429921005844e-05
1.3915560581357682e-05
1.772148920473776e-05
2.253575907089701e-05
2.8658162010275234e-05
3.645922223476648e-05
4.631513960283464e-05
5.880272043337229e-05
7.4721854527218e-05
9.480602747364655e-05
0.00012015540145343249
0.00015247644382822588
0.00019318735161941015
0.000244401780123989
0.000309607113151044
0.0003916259784356627
0.0004946005556128181
0.0006251085713572516
0.0007891780739401892
0.000994681585424958
0.001253863218734373
0.0015793354304512945
0.001985854976845538
0.0024958646103205185
0.0031351573076577096
0.0039309400049262165
0.004923610787865065
0.00616453864765883
0.00770289964142885
0.009609890983665078
0.01198462102423877
0.014913900174800205
0.018520188701877594
0.02298734016990488
0.028464399261963955
0.03516335348328643
0.043387174695508485
0.05340458115590068
0.06556162853686037
0.08032661043127252
0.09815457204422864
0.11957286027907854
0.14523999225440712
0.17581904861755104
0.21200274300198416
0.25450830222781423
0.30391721097550023
0.36076219256944025
0.4251380187269763
0.49612633844111276
0.5730583386718369
0.6538420334939506
0.73292603915672
0.8080877958548556
0.8750415981172616
0.9257886671908363
0.9619910635097082
0.9844937310418803
0.9947082826769494
0.9986192521784498
0.99978626017633
0.9999795015579193
0.9999985161876356
0.9999999588552604
0.9999999998649511
0.9999999999992493
0.999999999999999
1.0
1.0
1.0
1.0
1.0
1.0
1.0
###
1e-05
1.1768119524349992e-05
1.3848863713938717e-05
1.6297508346206434e-05
1.917910261672489e-05
2.2570197196339216e-05
2.656087782946684e-05
3.1257158496882356e-05
3.678379771828634e-05
4.328761281083062e-05
5.0941380148163754e-05
5.994842503189409e-05
7.054802310718646e-05
8.302175681319735e-05
9.770099572992247e-05
0.00011497569953977356
0.00013530477745798074
0.00015922827933410923
0.0001873817422860383
0.00022051307399030456
0.00025950242113997375
0.0003053855508833416
0.00035938136638046257
0.0004229242874389499
0.0004977023564332109
0.0005857020818056661
0.0006892612104349695
0.0008111308307896872
0.0009545484566618337
0.0011233240329780276
0.0013219411484660286
0.0015556761439304723
0.0018307382802953678
0.002154434690031882
0.0025353644939701114
0.0029836472402833374
0.003511191734215131
0.004132012400115334
0.004862601580065354
0.005722367659350214
0.006734150657750821
0.007924828983539169
0.0093260334688322
0.010974987654930556
0.01291549665014884
0.01519911082952933
0.01788649529057435
0.0210490414451202
0.02477076355991709
0.029150530628251757
0.034304692863149154
0.040370172585965536
0.047508101621027934
0.05590810182512223
0.06579332246575675
0.0774263682681127
0.09111627561154886
0.10722672220103231
0.1261856883066021
0.14849682622544635
0.1747528400007683
0.20565123083486514
0.24201282647943834
0.2848035868435799
0.3351602650938841
0.3944206059437656
0.46415888336127725
0.5462277217684337
0.642807311728432
0.7564633275546291
0.8902150854450375
1.0476157527896641
1.232846739442066
1.4508287784959402
1.7073526474706886
2.009233002565046
2.364489412645407
2.782559402207126
3.274549162877725
3.8535285937105273
4.534878508128582
5.3366992312063015
6.280291441834247
7.390722033525775
8.697490026177835
10.235310218990248
12.045035402587812
14.174741629268048
16.68100537200059
19.630406500402685
23.10129700083158
27.1858824273294
31.992671377973846
37.64935806792464
44.30621457583877
52.14008287999685
61.35907273413163
72.20809018385457
84.97534359086438
100.0
###
0.3112612981265473
0.29047579547296415
0.2678943768267484
0.24420637637419104
0.22018601485731368
0.19653896092498746
0.17944895668810346
0.15794785830637098
0.13823192267219914
0.12049960957472897
1.2254736422508734
1.0962979941621387
0.9662025551098907
0.8393199575009405
0.7193838195820885
0.6087963807871846
0.5330802081272955
0.44243160212042204
0.36356924938203317
0.2959402827094348
1.9656334308701908
1.7256676242505673
1.4913821916920191
1.2695691993493952
1.0657474566045027
0.8827325519860334
0.7601593314971656
0.6163695967107402
0.4941133553208514
0.3914858106434572
2.6161003001991614
2.2686708723814477
1.9360660133497207
1.6269736110286714
1.347959794717141
1.1015626631947912
0.9387971651513163
0.7503418451634614
0.5923805650302659
0.4616044407311163
3.20715908670156
2.755966377376525
2.330160069926166
1.9397618470133726
1.591838585146001
1.2882678987852971
1.0897305345123907
0.8620235014371811
0.6731431352660558
0.5183561873259865
3.7544541382518553
3.2029650778200374
2.6882995104428837
2.221374839699448
1.809376716407913
1.4532513463646994
1.22216859530963
0.9591071665755404
0.7426197229279853
0.5666617350220092
4.267487291678623
3.618838420522868
3.0190446568358205
2.4795408777768744
2.0073483032701747
1.60230952133341
1.3411684846922158
1.0456633196927043
0.8041026606601226
0.6090599880285061
4.752611182829503
4.009654700149254
3.3279553686476793
2.7192075376705698
2.1900274999126985
1.739039623986564
1.4498302682393194
1.124217369717317
0.8595654292945968
0.6470505984773582
5.214340654257172
4.3796558790698406
3.6188913752813776
2.9437766420861466
2.360358838084781
1.8658687842186903
1.5502519636194745
1.1964390331338737
0.9102836254202725
0.6816141211850889
5.656044939408833
4.731979062258965
3.894675864707823
3.155711175797852
2.520383762619054
1.9845501817824829
1.64388134730654
1.2634965165107832
0.9571631237721576
0.7134209011076593
6.0803213569962615
5.069022877099404
4.157445633357555
3.356864161310192
2.6716839421680008
2.0963426049871696
1.7318453670276646
1.3262396579773836
1.000857319162921
0.7429457588112782
6.489127105884147
5.3926738270189825
4.408821183378085
3.548672623279257
2.815437870496032
2.2021999721918792
1.8149343006298018
1.3853141571146823
1.0418454357713915
0.7705542861825708
6.884325636159683
5.704489971892544
4.650255027139628
3.732278218748413
2.9526433940519317
2.302914096497793
1.8938075842578945
1.4412222992006067
1.080528793687509
0.7965237523440992
7.267197170211507
6.0055938563265
4.882777321239882
3.9086063710016443
3.0840427561484103
2.399114186689994
1.968982716558031
1.4943637980125177
1.1171970017095665
0.8210725664322651
7.638838759219061
6.297142562211364
5.107425716120758
4.078419792057975
3.2102643609277073
2.491284545213208
2.040869486977677
1.5450653813743953
1.1520923561115035
0.8443761113807199