# datat/BKevo/MVe_BKevo/mve7.dat
# N(r,Y=0), r, *FL(x,Q^2)
# 1e-05 < r < 100.0
# 1 < Q^2 < 50, n=15, log grid
# 1e-5 < x < 1e-2, n=10, log grid
###
1.622086571472869e-11
2.2127890254024512e-11
3.031344772010921e-11
4.1463766674915714e-11
5.655760275732703e-11
7.737113127939895e-11
1.0582113476901548e-10
1.4432292919400074e-10
1.9715019188678184e-10
2.696086785864525e-10
3.676382310432117e-10
5.014600634325924e-10
6.856438319939714e-10
9.347407181931262e-10
1.2730337120348807e-09
1.740238922359913e-09
2.371858082256437e-09
3.225153165654895e-09
4.407651897904345e-09
6.005601510798182e-09
8.160718098173741e-09
1.1138882615110803e-08
1.5172103134324207e-08
2.060908386007887e-08
2.808501003953479e-08
3.8240846780828576e-08
5.192533924731815e-08
7.064815696483037e-08
9.616410989913834e-08
1.3053335452280066e-07
1.7732722362828518e-07
2.413168406061322e-07
3.274955064996864e-07
4.4428082909036793e-07
6.045896916186652e-07
8.205333659458692e-07
1.111913000980333e-06
1.513666622413868e-06
2.0552823225703014e-06
2.784427638691246e-06
3.7926435706221273e-06
5.155484603293381e-06
6.993523320603093e-06
9.530081274201889e-06
1.2979651450535317e-05
1.76443118899937e-05
2.4073273228075105e-05
3.287705365580958e-05
4.481981969554516e-05
6.126058509393494e-05
8.39410255733159e-05
0.00011480747881026726
0.00015723142251125192
0.00021618405156784428
0.00029663934878794196
0.00040695147335801854
0.0005612889666097772
0.0007723686315139263
0.001060799732277812
0.0014668289695574045
0.002022891323057502
0.002783013084695526
0.003850062746188778
0.00531693566783534
0.00732215806775981
0.010121590681377888
0.013980395746669113
0.019245110910246332
0.026533320112573817
0.03656854687289905
0.05016874423283037
0.06871296984491522
0.09396286942663833
0.12753958032718893
0.1718921860812525
0.23000761519106083
0.3034154895522689
0.39353029070152795
0.49913904606402537
0.6155300989351156
0.7346931010561569
0.8383921383720798
0.9185739385049717
0.9698386816807681
0.9915951951559839
0.9984427354520337
0.9998752528498562
0.9999964379598935
0.999999930749148
0.9999999997070117
0.9999999999999967
1.0
1.0
1.0
1.0
1.0
1.0
1.0
1.0
1.0
###
1e-05
1.1768119524349992e-05
1.3848863713938717e-05
1.6297508346206434e-05
1.917910261672489e-05
2.2570197196339216e-05
2.656087782946684e-05
3.1257158496882356e-05
3.678379771828634e-05
4.328761281083062e-05
5.0941380148163754e-05
5.994842503189409e-05
7.054802310718646e-05
8.302175681319735e-05
9.770099572992247e-05
0.00011497569953977356
0.00013530477745798074
0.00015922827933410923
0.0001873817422860383
0.00022051307399030456
0.00025950242113997375
0.0003053855508833416
0.00035938136638046257
0.0004229242874389499
0.0004977023564332109
0.0005857020818056661
0.0006892612104349695
0.0008111308307896872
0.0009545484566618337
0.0011233240329780276
0.0013219411484660286
0.0015556761439304723
0.0018307382802953678
0.002154434690031882
0.0025353644939701114
0.0029836472402833374
0.003511191734215131
0.004132012400115334
0.004862601580065354
0.005722367659350214
0.006734150657750821
0.007924828983539169
0.0093260334688322
0.010974987654930556
0.01291549665014884
0.01519911082952933
0.01788649529057435
0.0210490414451202
0.02477076355991709
0.029150530628251757
0.034304692863149154
0.040370172585965536
0.047508101621027934
0.05590810182512223
0.06579332246575675
0.0774263682681127
0.09111627561154886
0.10722672220103231
0.1261856883066021
0.14849682622544635
0.1747528400007683
0.20565123083486514
0.24201282647943834
0.2848035868435799
0.3351602650938841
0.3944206059437656
0.46415888336127725
0.5462277217684337
0.642807311728432
0.7564633275546291
0.8902150854450375
1.0476157527896641
1.232846739442066
1.4508287784959402
1.7073526474706886
2.009233002565046
2.364489412645407
2.782559402207126
3.274549162877725
3.8535285937105273
4.534878508128582
5.3366992312063015
6.280291441834247
7.390722033525775
8.697490026177835
10.235310218990248
12.045035402587812
14.174741629268048
16.68100537200059
19.630406500402685
23.10129700083158
27.1858824273294
31.992671377973846
37.64935806792464
44.30621457583877
52.14008287999685
61.35907273413163
72.20809018385457
84.97534359086438
100.0
###
0.19588855938141594
0.1734850691167661
0.15246530063670263
0.1331640228688671
0.11573423014198547
0.1002263282905146
0.08984288449042636
0.0775242730418634
0.06682286022212817
0.05758622678787787
0.6058389353805957
0.5083424719562335
0.42213586499683636
0.347142219065824
0.2827812278148068
0.2281554107332178
0.19288160682798358
0.1525186937348508
0.11875669638794271
0.09045092347947882
0.8768792648068205
0.7199499622980187
0.5844367459504828
0.46923119056363727
0.3724668699164928
0.2920229963137604
0.24103537350182286
0.18374368078777883
0.13683722918086413
0.09841037313713236
1.0925097293474408
0.8848497593551203
0.7081939692966721
0.5601132221850932
0.4374759072105569
0.3368920741090228
0.2739141903448927
0.20401724249190392
0.14761194006262277
0.10222675232777612
1.2758735078872467
1.0232027522088651
0.8105767119125092
0.6341972189646017
0.48955499961314336
0.37214672537508436
0.29928054558462014
0.21917593364134616
0.15527722168853478
0.1045235043904292
1.4374549769557268
1.143928873160928
0.899022481550349
0.6974391955419867
0.5335034111647163
0.4014561143704235
0.3201141942688881
0.2313504589475126
0.16120734745698437
0.1060807852305045
1.5830617687426711
1.2518911159404797
0.9774665384158072
0.7530864403080739
0.5717772589451279
0.42671749560962957
0.33788486812966684
0.24155976018177402
0.16603956445162854
0.10721765642521254
1.716341043110615
1.350084089641408
1.0483388326134369
0.8029980585396921
0.605848555720853
0.44899860577760425
0.3534396349727769
0.25037488452681755
0.17011783908131164
0.10809163011801255
1.8397253920692986
1.440509463521484
1.1132330400275128
0.8484312211517488
0.6366603178204882
0.4689977320341286
0.3673089037896586
0.25814642092689266
0.1736248652934645
0.10878804144163705
1.9549506433925996
1.5245885707671403
1.1732699769966353
0.8902467451618364
0.6648599241655452
0.48718410993097266
0.3798499969591493
0.26510623924622767
0.17675678495803115
0.1094073260087392
2.0633658036496527
1.6033124450526735
1.22926052344854
0.9290699727365115
0.6909124165095551
0.5038917583009991
0.39131471205915547
0.27141633414585825
0.17953881044663778
0.10983772114246924
2.1658373481587243
1.6774896090750036
1.2818179851603477
0.9653686506203383
0.7151781418278346
0.5193676761941484
0.40188813765584014
0.2771933148879594
0.18205616581799067
0.11024680304685774
2.26319164213339
1.7477340100880272
1.3314258286795204
0.9995042149524864
0.7378987618278553
0.5337998677622797
0.411710210411847
0.2825250438742009
0.18435570116510516
0.11060124413178242
2.3560479411325237
1.8145356549273524
1.3784558268804934
1.0317622132890936
0.7592881960772081
0.5473351386134406
0.4208896101116452
0.28747897355799656
0.18647067429214748
0.11091270086101916
2.4449114975656934
1.8782925392126062
1.423216892533363
1.062372526895903
0.7795220539111027
0.5600903937764952
0.42951242412221574
0.29210508342922564
0.18843323859862213
0.11118902699825371