# datat/BKevo/MVe_BKevo/mve9.dat
# N(r,Y=0), r, *FL(x,Q^2)
# 1e-05 < r < 100.0
# 1 < Q^2 < 50, n=15, log grid
# 1e-5 < x < 1e-2, n=10, log grid
###
3.2440707705688383e-11
4.4254149326106386e-11
6.062415117917105e-11
8.292299824103121e-11
1.1310792024771927e-10
1.5473036362302378e-10
2.1162265079172735e-10
2.8861414268632284e-10
3.9424870102112604e-10
5.391327989164866e-10
7.351391911296573e-10
1.0026969404157646e-09
1.3709218710210243e-09
1.8688871681924757e-09
2.545104487170807e-09
3.4788960870121825e-09
4.741143951039703e-09
6.446152311794105e-09
8.808471501035218e-09
1.200007944525181e-08
1.630347785284951e-08
2.224828757864087e-08
3.029616645752191e-08
4.114055664910824e-08
5.604307068562928e-08
7.627464622220416e-08
1.0351603923700443e-07
1.4075109115438647e-07
1.9143867215222791e-07
2.596290263587886e-07
3.5232270771576306e-07
4.788304873423773e-07
6.488489490212843e-07
8.786540654382915e-07
1.1930406993597342e-06
1.6150515897787507e-06
2.1821400930117504e-06
2.959620665101603e-06
4.001789490051209e-06
5.3957683705048735e-06
7.305850420407e-06
9.864559065646536e-06
1.3281097558233158e-05
1.7933263145258736e-05
2.4173399661848657e-05
3.248859148836014e-05
4.3736871835925207e-05
5.8838172884668585e-05
7.89128410955534e-05
0.00010588230054162577
0.0001421043728082695
0.0001901204708505578
0.00025416582863876014
0.0003401691420421843
0.0004538072747018697
0.0006042562793722515
0.0008061342973464808
0.0010719183168022915
0.00142113941927458
0.001889155742823597
0.0025029747674158802
0.003306054604321818
0.0043747765772021675
0.005774639629895756
0.0075997035934759006
0.010011067802507993
0.01316811293152836
0.017272468348067015
0.022661836515417283
0.02971855442152308
0.038870559442873175
0.05081383310976135
0.06643399097626576
0.08659367091214915
0.11262356009558364
0.14633156300205916
0.1891185421306727
0.24289280367784769
0.30983305192040556
0.3904878157328605
0.48482356109112446
0.5889676128048086
0.6974362108848444
0.8018902882563924
0.8868129442398884
0.9468338985422787
0.9819300972845324
0.9956510371326323
0.9992782890971873
0.9999464771935281
0.9999990318904938
0.9999999849592031
0.9999999999457763
0.9999999999999998
1.0
1.0
1.0
1.0
1.0
1.0
###
1e-05
1.1768119524349992e-05
1.3848863713938717e-05
1.6297508346206434e-05
1.917910261672489e-05
2.2570197196339216e-05
2.656087782946684e-05
3.1257158496882356e-05
3.678379771828634e-05
4.328761281083062e-05
5.0941380148163754e-05
5.994842503189409e-05
7.054802310718646e-05
8.302175681319735e-05
9.770099572992247e-05
0.00011497569953977356
0.00013530477745798074
0.00015922827933410923
0.0001873817422860383
0.00022051307399030456
0.00025950242113997375
0.0003053855508833416
0.00035938136638046257
0.0004229242874389499
0.0004977023564332109
0.0005857020818056661
0.0006892612104349695
0.0008111308307896872
0.0009545484566618337
0.0011233240329780276
0.0013219411484660286
0.0015556761439304723
0.0018307382802953678
0.002154434690031882
0.0025353644939701114
0.0029836472402833374
0.003511191734215131
0.004132012400115334
0.004862601580065354
0.005722367659350214
0.006734150657750821
0.007924828983539169
0.0093260334688322
0.010974987654930556
0.01291549665014884
0.01519911082952933
0.01788649529057435
0.0210490414451202
0.02477076355991709
0.029150530628251757
0.034304692863149154
0.040370172585965536
0.047508101621027934
0.05590810182512223
0.06579332246575675
0.0774263682681127
0.09111627561154886
0.10722672220103231
0.1261856883066021
0.14849682622544635
0.1747528400007683
0.20565123083486514
0.24201282647943834
0.2848035868435799
0.3351602650938841
0.3944206059437656
0.46415888336127725
0.5462277217684337
0.642807311728432
0.7564633275546291
0.8902150854450375
1.0476157527896641
1.232846739442066
1.4508287784959402
1.7073526474706886
2.009233002565046
2.364489412645407
2.782559402207126
3.274549162877725
3.8535285937105273
4.534878508128582
5.3366992312063015
6.280291441834247
7.390722033525775
8.697490026177835
10.235310218990248
12.045035402587812
14.174741629268048
16.68100537200059
19.630406500402685
23.10129700083158
27.1858824273294
31.992671377973846
37.64935806792464
44.30621457583877
52.14008287999685
61.35907273413163
72.20809018385457
84.97534359086438
100.0
###
0.1807902017357425
0.15698958600343366
0.13484292103382636
0.11469593839373717
0.09669283209881852
0.08086667618362799
0.07038033560642688
0.058098445677184855
0.04758236615389149
0.03861951542404269
0.5538769559453953
0.4565402651095317
0.3716068449730361
0.29889602299841106
0.23753842802486116
0.1864571537660845
0.15412233253343915
0.11792394999271028
0.08849546348130048
0.06464721167903338
0.8007316840669386
0.6467662706158644
0.5156633884034127
0.4060204692585
0.31551712916367425
0.24179111274379259
0.19600741584177048
0.14572147834175014
0.10574687829416077
0.07418769243618643
0.9976029011250076
0.7956981940252292
0.6263425760099208
0.4867208893637767
0.3730466906732033
0.2816944218726915
0.2256382160134347
0.1648160094606664
0.11717508993973946
0.08014991920421262
1.1653728733845217
0.9211242934209737
0.7184217477690401
0.553043354745463
0.4196996629723998
0.3135848256186066
0.2490416765600666
0.1796254024087914
0.1258420290798034
0.08454306159425738
1.31350200366333
1.030907600956197
0.7983193736326876
0.6100546891927978
0.4594180962217841
0.3404589430448965
0.26858963106985145
0.19183712726936356
0.13287679345210784
0.08803221383754212
1.4471954692455742
1.1293348531121399
0.8694803221540293
0.6604540724681849
0.49427086688042227
0.36384573693891625
0.28549013649297583
0.20228936958772709
0.13882529978796856
0.0909344278534549
1.5697621686205003
1.219060788031904
0.9339689911442491
0.7058710449707798
0.5254852732078568
0.38465271359264863
0.30044533651677235
0.21146303365274344
0.14399523461090274
0.09342368433881475
1.683382144553228
1.3018474960139022
0.9931831140936511
0.7473707396869064
0.553861392597088
0.40346120276740344
0.313908518163182
0.2196614254882863
0.14857783269394645
0.09560638159060711
1.789618571261433
1.3789412115004638
1.0480987926416543
0.7856937311267335
0.579946740181053
0.4206704177869324
0.32617218052252667
0.22708857198434065
0.15270042505605577
0.09755163144590721
1.8896885216524053
1.4513025474039212
1.0994293382877383
0.8213799538503618
0.6041417625786014
0.43656496019725505
0.33746000525414355
0.2338899847858127
0.15645227874306608
0.09930770442004894
1.984370242742795
1.5195496003094897
1.1477143991499987
0.8548347409561436
0.6267447178822192
0.4513577899241467
0.3479331798536411
0.24017138138429717
0.15989754314047036
0.10090913574586786
2.074410083307421
1.5842655330292263
1.1933691777343922
0.8863721685450847
0.6479852695258016
0.46521195036962765
0.35771468731844025
0.24601374715003685
0.16308698334757007
0.10238183019031163
2.1603668032187957
1.645886481742368
1.2367815805987696
0.9162410546924435
0.6680446150073791
0.4782553578203981
0.3669006429769785
0.2514797996875103
0.1660590495972535
0.10374453719082287
2.2427042002029696
1.704767185457065
1.2781145347895584
0.9446422675299739
0.6870684307822482
0.49059523870263116
0.37557037497708207
0.25661946665362184
0.16884116524920392
0.10501448831080212