# datat/BKevo/MVe_BKevo/mve6.dat
# N(r,Y=0), r, *FL(x,Q^2)
# 1e-05 < r < 100.0
# 1 < Q^2 < 50, n=15, log grid
# 1e-5 < x < 1e-2, n=10, log grid
###
1.622057589744912e-11
2.2127452995333524e-11
3.031269928527811e-11
4.146258075144663e-11
5.655577829476436e-11
7.736808996093317e-11
1.0581611906013711e-10
1.4431481970544988e-10
1.9713704070811755e-10
2.6958722300815523e-10
3.6760342192464687e-10
5.014034517400303e-10
6.855510280038698e-10
9.345899771273855e-10
1.2727894421920978e-09
1.7398376325784101e-09
2.3712057198185274e-09
3.2240998758562184e-09
4.405920043232543e-09
6.002782829939629e-09
8.156169188182257e-09
1.1131419566634092e-08
1.5159947224246968e-08
2.0589457387536883e-08
2.8052931836828107e-08
3.818857600920291e-08
5.18409412018825e-08
7.051081859541584e-08
9.594036576723516e-08
1.3017232584817607e-07
1.7674282267899233e-07
2.4036590140946487e-07
3.259637656929356e-07
4.4181753373222575e-07
6.005923199697585e-07
8.141164067573408e-07
1.1016786740215607e-06
1.497141090455059e-06
2.0289069575597133e-06
2.7427555449172498e-06
3.7259744892710926e-06
5.050023634522184e-06
6.828522412713152e-06
9.270131483353433e-06
1.2573585912635749e-05
1.7017406048979542e-05
2.3103763458439055e-05
3.138670993492745e-05
4.255643206850296e-05
5.783201994434363e-05
7.876660028322779e-05
0.00010709028157604904
0.00014578569070898288
0.00019923112961791202
0.0002718028788068469
0.00037082863170824227
0.0005086929737724859
0.0006965189743511729
0.0009522981220060631
0.0013110672872845397
0.0018011075095159456
0.0024694571398884446
0.0034055468643906955
0.004690247600026093
0.00644412013359676
0.008889793082207808
0.012258423503952908
0.01685252328345653
0.023212109576389736
0.031972576740078085
0.043856144030140425
0.060087665017802924
0.08225116804468159
0.1118340863953511
0.1511277348579913
0.20306598605170303
0.2693812632871745
0.35199907487442783
0.45119455384205326
0.5637144775899093
0.6834402447504676
0.7943980601243843
0.8868002857546214
0.9520194150301055
0.9842377279920266
0.9964194863976122
0.9996072355611842
0.9999812991445228
0.9999994184209127
0.9999999955023687
0.999999999999715
0.9999999999999999
1.0
1.0
1.0
1.0
1.0
1.0
1.0
1.0
###
1e-05
1.1768119524349992e-05
1.3848863713938717e-05
1.6297508346206434e-05
1.917910261672489e-05
2.2570197196339216e-05
2.656087782946684e-05
3.1257158496882356e-05
3.678379771828634e-05
4.328761281083062e-05
5.0941380148163754e-05
5.994842503189409e-05
7.054802310718646e-05
8.302175681319735e-05
9.770099572992247e-05
0.00011497569953977356
0.00013530477745798074
0.00015922827933410923
0.0001873817422860383
0.00022051307399030456
0.00025950242113997375
0.0003053855508833416
0.00035938136638046257
0.0004229242874389499
0.0004977023564332109
0.0005857020818056661
0.0006892612104349695
0.0008111308307896872
0.0009545484566618337
0.0011233240329780276
0.0013219411484660286
0.0015556761439304723
0.0018307382802953678
0.002154434690031882
0.0025353644939701114
0.0029836472402833374
0.003511191734215131
0.004132012400115334
0.004862601580065354
0.005722367659350214
0.006734150657750821
0.007924828983539169
0.0093260334688322
0.010974987654930556
0.01291549665014884
0.01519911082952933
0.01788649529057435
0.0210490414451202
0.02477076355991709
0.029150530628251757
0.034304692863149154
0.040370172585965536
0.047508101621027934
0.05590810182512223
0.06579332246575675
0.0774263682681127
0.09111627561154886
0.10722672220103231
0.1261856883066021
0.14849682622544635
0.1747528400007683
0.20565123083486514
0.24201282647943834
0.2848035868435799
0.3351602650938841
0.3944206059437656
0.46415888336127725
0.5462277217684337
0.642807311728432
0.7564633275546291
0.8902150854450375
1.0476157527896641
1.232846739442066
1.4508287784959402
1.7073526474706886
2.009233002565046
2.364489412645407
2.782559402207126
3.274549162877725
3.8535285937105273
4.534878508128582
5.3366992312063015
6.280291441834247
7.390722033525775
8.697490026177835
10.235310218990248
12.045035402587812
14.174741629268048
16.68100537200059
19.630406500402685
23.10129700083158
27.1858824273294
31.992671377973846
37.64935806792464
44.30621457583877
52.14008287999685
61.35907273413163
72.20809018385457
84.97534359086438
100.0
###
0.18858395569791686
0.16614332010804073
0.14518703003120223
0.12603347999458744
0.10881987339347016
0.09356762469051721
0.0833841173922682
0.07133805725049797
0.06089824443086778
0.0518966296427897
0.5762897949353855
0.4809116368049903
0.3970079612860659
0.32444689355709455
0.26252359256620594
0.21022670602272656
0.17662137320963997
0.13833682024152938
0.10648525894144999
0.07993380811460724
0.8305681501287715
0.678297438406936
0.5474589259279423
0.4368711562901738
0.3444942701438917
0.2681316595654389
0.2199707238860955
0.16611332682871596
0.12229211384267229
0.08663455658460155
1.0322257546376825
0.8316305534759062
0.6618537666310615
0.5203546284039919
0.4038159764938295
0.30877151632934224
0.24954879003011018
0.1841667402906
0.1317447584682804
0.08986656995561478
1.203361108045884
0.9600513112647345
0.7563457408229922
0.5883047603507225
0.4512992947881254
0.34067674601763015
0.2723774050345635
0.19768351038190612
0.13849452260485604
0.09183134739143256
1.3539418327076105
1.0719748630177408
0.8378802530934186
0.6463095107206309
0.49133345183460037
0.36720542067528317
0.29113335322129963
0.2085525156388654
0.14373400050441515
0.09317908045930816
1.4895102990468392
1.1719733907431389
0.9101482496218034
0.6972748673296826
0.5261940757179144
0.3900632880459661
0.30713293581272677
0.2176773826173485
0.14801626324539954
0.09417547981815841
1.6135342004474484
1.262855705234872
0.9753991200981191
0.7429833847362034
0.5572196735889767
0.4102378790312466
0.32114468834195115
0.22556417155687639
0.15163932830410595
0.09495135393205334
1.7282407094887926
1.3464959442640798
1.0351216835631887
0.7845758110494977
0.5852724432355995
0.4283409817095467
0.33364214337449766
0.232523077383319
0.154781181665652
0.09557776902200571
1.835300254156459
1.4242071699840444
1.0903495655851239
0.822846613985161
0.6109436705179787
0.4448045240146144
0.34494609253451064
0.2387604781789268
0.15753507648819598
0.09608465569086244
1.9359237454982254
1.496957000453231
1.1418394663976397
0.8583702387576941
0.6346581258685988
0.4599307445559383
0.3552828176683574
0.24441946052559593
0.16001874044978748
0.09654005294437638
2.031036648786006
1.5654800444866206
1.19015995551137
0.8915776263292264
0.656732157292864
0.47394309869900586
0.3648184841868516
0.2496039648253148
0.1622991205873716
0.09692232655872154
2.1213646778788493
1.6303492439568659
1.2357517034026084
0.9228011047126022
0.6774223231570593
0.48701163387666824
0.37367875857262317
0.2543918507982853
0.16436296861545177
0.09725818707602273
2.207489418732163
1.6920215522008182
1.2789708153213704
0.9523031081257471
0.6968940081744109
0.499269123889481
0.38196127223901055
0.2588408420391183
0.1662620867277518
0.09755672027168195
2.289885076910678
1.7508679564371878
1.3200949929678536
0.9802948229865462
0.7153053628902036
0.510821359167571
0.38974340272747554
0.2630019409501831
0.1679882607999745
0.09782478075326642