# datat/BKevo/MVe_BKevo/mve2.dat
# N(r,Y=0), r, *FL(x,Q^2)
# 1e-05 < r < 100.0
# 1 < Q^2 < 50, n=15, log grid
# 1e-5 < x < 1e-2, n=10, log grid
###
1.6220353852844195e-11
2.2127126758944998e-11
3.0312089306421575e-11
4.1461554631666836e-11
5.6554064854504154e-11
7.736529283381434e-11
1.0581149316089658e-10
1.4430733974831883e-10
1.9712481149167267e-10
2.695670827645439e-10
3.6757068934587775e-10
5.013502113905991e-10
6.854638038758259e-10
9.34448316953919e-10
1.272559876410706e-09
1.7394606125870212e-09
2.37059249687797e-09
3.2231093048094206e-09
4.404290243329349e-09
6.000128453375643e-09
8.151882286251153e-09
1.112437924061363e-08
1.5148467377016857e-08
2.0570899764720172e-08
2.8022553440353055e-08
3.813898675275978e-08
5.1760714017855737e-08
7.037994651698176e-08
9.572653788603161e-08
1.2982619132276558e-07
1.7618036972666908e-07
2.394464089878911e-07
3.2447507293597625e-07
4.3940915673033944e-07
5.966551500280767e-07
8.077449171755671e-07
1.0914244847201192e-06
1.4803929916045119e-06
2.0018429842051252e-06
2.6994146226262223e-06
3.655441138635928e-06
4.936378365823403e-06
6.647169268582558e-06
8.977478414937258e-06
1.2104385820946051e-05
1.6272876858898553e-05
2.1915084381694482e-05
2.949518200583662e-05
3.9579400828749005e-05
5.3140982460901786e-05
7.137809694404836e-05
9.558659233112001e-05
0.00012793362281171526
0.00017147024790262146
0.0002291374121945867
0.0003057143186629304
0.00040889145877694665
0.0005453141504425843
0.0007254608099857398
0.0009686339524735143
0.0012898886487143692
0.001713695655299334
0.0022842295360772148
0.0030404561164092047
0.004039300419268347
0.005381746238420277
0.007171178662732714
0.00954158984849003
0.012726610204007328
0.01700124777128594
0.02268204320258319
0.030306015619727397
0.04058914402660926
0.054251689949850676
0.07245924375924435
0.0969149580218713
0.12902407339596997
0.17086214105486644
0.22538826261290548
0.2940138168058511
0.3782698505871507
0.47778488584701484
0.5889371709051929
0.7052469903308285
0.8116910409838303
0.897878380279371
0.9573175270479639
0.9866460886245912
0.9970243816049817
0.9996650202406072
0.9999869400277674
0.999999613637694
0.9999999968675657
0.9999999999998771
1.0
1.0
1.0
1.0
1.0
1.0
###
1e-05
1.1768119524349992e-05
1.3848863713938717e-05
1.6297508346206434e-05
1.917910261672489e-05
2.2570197196339216e-05
2.656087782946684e-05
3.1257158496882356e-05
3.678379771828634e-05
4.328761281083062e-05
5.0941380148163754e-05
5.994842503189409e-05
7.054802310718646e-05
8.302175681319735e-05
9.770099572992247e-05
0.00011497569953977356
0.00013530477745798074
0.00015922827933410923
0.0001873817422860383
0.00022051307399030456
0.00025950242113997375
0.0003053855508833416
0.00035938136638046257
0.0004229242874389499
0.0004977023564332109
0.0005857020818056661
0.0006892612104349695
0.0008111308307896872
0.0009545484566618337
0.0011233240329780276
0.0013219411484660286
0.0015556761439304723
0.0018307382802953678
0.002154434690031882
0.0025353644939701114
0.0029836472402833374
0.003511191734215131
0.004132012400115334
0.004862601580065354
0.005722367659350214
0.006734150657750821
0.007924828983539169
0.0093260334688322
0.010974987654930556
0.01291549665014884
0.01519911082952933
0.01788649529057435
0.0210490414451202
0.02477076355991709
0.029150530628251757
0.034304692863149154
0.040370172585965536
0.047508101621027934
0.05590810182512223
0.06579332246575675
0.0774263682681127
0.09111627561154886
0.10722672220103231
0.1261856883066021
0.14849682622544635
0.1747528400007683
0.20565123083486514
0.24201282647943834
0.2848035868435799
0.3351602650938841
0.3944206059437656
0.46415888336127725
0.5462277217684337
0.642807311728432
0.7564633275546291
0.8902150854450375
1.0476157527896641
1.232846739442066
1.4508287784959402
1.7073526474706886
2.009233002565046
2.364489412645407
2.782559402207126
3.274549162877725
3.8535285937105273
4.534878508128582
5.3366992312063015
6.280291441834247
7.390722033525775
8.697490026177835
10.235310218990248
12.045035402587812
14.174741629268048
16.68100537200059
19.630406500402685
23.10129700083158
27.1858824273294
31.992671377973846
37.64935806792464
44.30621457583877
52.14008287999685
61.35907273413163
72.20809018385457
84.97534359086438
100.0
###
0.15173511996180877
0.12941545408390248
0.1092095293330745
0.09125885771968147
0.07557238608645174
0.06204592321582661
0.05320452682723978
0.04297941515848081
0.034333953530607336
0.02702850633569154
0.43979743835872187
0.355760166244884
0.2841808123275868
0.22419700794030104
0.1746143656864132
0.13407654747094433
0.10879052591159316
0.08087145296913939
0.05850262602141533
0.040659668723903364
0.6228048994384051
0.4936857213417351
0.38627216556537586
0.2982284340953131
0.22699359150866671
0.16999708697281726
0.13511699812067868
0.09735758185047283
0.06783294140994822
0.0449226663578546
0.7662298906320472
0.5998529570506864
0.46339318186563927
0.3530552550883764
0.2649719898047636
0.1954211185328585
0.153383296384934
0.10843803162158637
0.07384315957284109
0.047463205192086244
0.8871285183507385
0.6883538426260651
0.5269051324723097
0.39763902093379666
0.29544640774970016
0.21552673832839422
0.16765026096457758
0.11692959053946922
0.07833945311257066
0.04929924731177532
0.9930320929001342
0.7651981731507961
0.5815926630276629
0.4356934026272174
0.3211925274207931
0.23234332753004147
0.17947975592804613
0.12387783619115302
0.08195964418704271
0.0507437120326892
1.0880615983151167
0.833693309132202
0.6300076582295477
0.4691449132534753
0.34366742990886906
0.2468977772544137
0.18964954343976445
0.12979223697350706
0.08500437004786093
0.05193980573712216
1.1747385215655133
0.8958365853533165
0.673691312174705
0.49915746479542045
0.36371046796175444
0.2597916402797835
0.1986101388785599
0.1349617196319399
0.08764107310778277
0.052963738616789886
1.2547652600973562
0.9529471702758918
0.7136518193525888
0.5264771970033448
0.38186007913235215
0.2714038845059883
0.20664498546324886
0.13956646593959793
0.08997194051786594
0.05386102572663816
1.3293263779394295
1.00595317031263
0.7505906262879191
0.5516266392363295
0.3984956525956122
0.2820027642549397
0.213946002085878
0.14372717076058975
0.09206483052116968
0.054661308344727516
1.3993042121350774
1.0555302213593674
0.785019392221653
0.5749815565897923
0.4138842843221628
0.29176170692805986
0.2206494462105196
0.14752866897525527
0.09396672930349734
0.0553844828746336
1.4653680940690919
1.1021915890451062
0.8173225004089952
0.5968236300564095
0.4282275145375529
0.30082392105053385
0.22685578150127989
0.1510331284488089
0.09571178306869738
0.05603589952795884
1.5280411526741855
1.1463365433338355
0.8477979476794737
0.6173699856273885
0.4416791275576721
0.3092943331724853
0.2326413415213588
0.15428744668816968
0.09732540345198652
0.05664306790439709
1.5877414581884186
1.188282866050357
0.8766819382112715
0.636791910158481
0.454362335068982
0.3172549728102047
0.23806554865413562
0.15732764540606514
0.09882670560593812
0.05720614701289213
1.6448091217899143
1.2282920832112836
0.9041652542726099
0.6552272967216969
0.46636653123521815
0.3247632924315147
0.24317576133801658
0.1601831271557188
0.10023313628939924
0.05774442006450837