# datat/BKevo/MVe_BKevo/mve3.dat
# N(r,Y=0), r, *FL(x,Q^2)
# 1e-05 < r < 100.0
# 1 < Q^2 < 50, n=15, log grid
# 1e-5 < x < 1e-2, n=10, log grid
###
1.6220353852844195e-11
2.2127126758944998e-11
3.0312089306421575e-11
4.146161687258247e-11
5.6554175876806616e-11
7.736544814960083e-11
1.0581182622780397e-10
1.4430785825743624e-10
1.9712554519308673e-10
2.695683980992298e-10
3.675728529236002e-10
5.013538164472859e-10
6.854696709585233e-10
9.344577826692812e-10
1.272575253083614e-09
1.7394857808760117e-09
2.3706334285719065e-09
3.223175380589553e-09
4.404399041989897e-09
6.000305733658309e-09
8.152168677148949e-09
1.1124849972681065e-08
1.5149235275813718e-08
2.0572141797193802e-08
2.8024588058688804e-08
3.814231058828507e-08
5.176609629688057e-08
7.038873641914739e-08
9.574091859132974e-08
1.298495046870236e-07
1.7621832059947359e-07
2.395085855876451e-07
3.245759811857007e-07
4.39572863661745e-07
5.969237153870427e-07
8.081812171820777e-07
1.0921297399499168e-06
1.4815513591704626e-06
2.003726378797253e-06
2.7024512348939356e-06
3.6604264126957544e-06
4.9444881710966425e-06
6.660247113315218e-06
8.998860875201297e-06
1.2139169968609837e-05
1.6328947005706672e-05
2.2006313418763377e-05
2.9643465999979382e-05
3.981810723831914e-05
5.352703653946087e-05
7.200423990896136e-05
9.659175623813635e-05
0.0001295468579838052
0.0001740759557342884
0.00023329997822933758
0.0003123294975725259
0.000419502473876781
0.0005621331091816507
0.0007518542316873009
0.0010105261431544584
0.00135553521114861
0.0018154046709225645
0.002442850890887666
0.003285241807280902
0.004412537698085781
0.005951609598915342
0.008034181791270955
0.010832465600324845
0.014651681036716921
0.019853952483428777
0.02685663400935369
0.03637351047786739
0.049355587674512126
0.06674615184424866
0.09006449833294591
0.12148371758251546
0.16268851216999872
0.21607198160907098
0.284636591738382
0.36910966696422015
0.46962238469951423
0.5818615843839846
0.698721664505352
0.80987315778342
0.8971680806731046
0.9554579109995571
0.986742830983279
0.9973570213022837
0.9996488231077965
0.999981243692659
0.9999998327429965
0.9999999985730661
0.999999999997644
1.0
1.0
1.0
1.0
1.0
1.0
1.0
###
1e-05
1.1768119524349992e-05
1.3848863713938717e-05
1.6297508346206434e-05
1.917910261672489e-05
2.2570197196339216e-05
2.656087782946684e-05
3.1257158496882356e-05
3.678379771828634e-05
4.328761281083062e-05
5.0941380148163754e-05
5.994842503189409e-05
7.054802310718646e-05
8.302175681319735e-05
9.770099572992247e-05
0.00011497569953977356
0.00013530477745798074
0.00015922827933410923
0.0001873817422860383
0.00022051307399030456
0.00025950242113997375
0.0003053855508833416
0.00035938136638046257
0.0004229242874389499
0.0004977023564332109
0.0005857020818056661
0.0006892612104349695
0.0008111308307896872
0.0009545484566618337
0.0011233240329780276
0.0013219411484660286
0.0015556761439304723
0.0018307382802953678
0.002154434690031882
0.0025353644939701114
0.0029836472402833374
0.003511191734215131
0.004132012400115334
0.004862601580065354
0.005722367659350214
0.006734150657750821
0.007924828983539169
0.0093260334688322
0.010974987654930556
0.01291549665014884
0.01519911082952933
0.01788649529057435
0.0210490414451202
0.02477076355991709
0.029150530628251757
0.034304692863149154
0.040370172585965536
0.047508101621027934
0.05590810182512223
0.06579332246575675
0.0774263682681127
0.09111627561154886
0.10722672220103231
0.1261856883066021
0.14849682622544635
0.1747528400007683
0.20565123083486514
0.24201282647943834
0.2848035868435799
0.3351602650938841
0.3944206059437656
0.46415888336127725
0.5462277217684337
0.642807311728432
0.7564633275546291
0.8902150854450375
1.0476157527896641
1.232846739442066
1.4508287784959402
1.7073526474706886
2.009233002565046
2.364489412645407
2.782559402207126
3.274549162877725
3.8535285937105273
4.534878508128582
5.3366992312063015
6.280291441834247
7.390722033525775
8.697490026177835
10.235310218990248
12.045035402587812
14.174741629268048
16.68100537200059
19.630406500402685
23.10129700083158
27.1858824273294
31.992671377973846
37.64935806792464
44.30621457583877
52.14008287999685
61.35907273413163
72.20809018385457
84.97534359086438
100.0
###
0.16205383499545645
0.1396253386540372
0.11914273501520148
0.10078641242689389
0.084601300245892
0.07052117218459823
0.06124299018235584
0.0504218612029791
0.041187516316800746
0.033309184691627795
0.47586738176203996
0.3885087562733839
0.31339154069769326
0.2498638482919833
0.19681970149839545
0.15300344886166647
0.125401853805428
0.09460436486341939
0.069599872464112
0.049351330934936696
0.6766272265876727
0.5409979451357141
0.4271458682334607
0.33294771201462897
0.255992293325948
0.1937853689943221
0.1553439382601106
0.11329141183088898
0.0799670256081731
0.053710838369343164
0.8343337358460188
0.658595698685845
0.5131094576113185
0.3944273917442631
0.2987839812476282
0.22250270457016555
0.17595580602218244
0.12567689627838122
0.08646514761821021
0.056110526352555486
0.967440336207796
0.7566246249337337
0.5839064556300133
0.4443809075140955
0.3330480095796591
0.24513442753990916
0.19197259674473324
0.1350861650184243
0.09124655421684161
0.0577674839716615
1.0841333115583125
0.8418084774270302
0.6448609704886704
0.486988142954678
0.36196414063860805
0.2640156168709147
0.20520339232333482
0.1427385295935481
0.09505339276083691
0.059030815446050024
1.1889051675563713
0.9177573361042114
0.6988170117663806
0.5244208776469954
0.3871714116786492
0.2803242652631643
0.2165468566020645
0.14922268944100148
0.09822912334046914
0.06005541996131745
1.284509533938605
0.9866738409569686
0.7474929258894245
0.55798643893624
0.4096290407089902
0.2947483357859657
0.22651809197901723
0.1548697068133081
0.1009619142763033
0.06091791728971235
1.372791278237219
1.0500165489969415
0.7920133416709733
0.5885262791143618
0.42994719545312954
0.3077214928482626
0.2354424649561479
0.15988531123262764
0.1033664113887278
0.061665647390513
1.4550806560285316
1.108810611971678
0.8331615173523015
0.6166282633048816
0.44855641389869527
0.3195420727771473
0.2435379785829011
0.16440642571899308
0.10551671386004878
0.06232686329318399
1.5323202934450408
1.1638039581432709
0.8715074727853639
0.6427151889175315
0.4657595467398765
0.33042755373736366
0.250962482467931
0.16852882155936103
0.10746499081003248
0.0629206372090058
1.6052896192918729
1.2155646812130143
0.9074802840146823
0.6671039045076023
0.4817838597800739
0.3405203479159471
0.25782731716623564
0.17232155880618324
0.10924761424624858
0.06346070553590126
1.6744979320069935
1.2645348824195088
0.9414142253622131
0.6900385390519354
0.4968050813371967
0.34994648221581803
0.26421996314181706
0.17583996995349702
0.11089239342701938
0.0639559278274801
1.7404321816951986
1.3110665374954973
0.9735709069878636
0.7117117707500057
0.5109577015979682
0.3587989236021704
0.27020766957898984
0.17912194405667256
0.11242032980604279
0.06440037641038472
1.8034660302689773
1.3554492843500456
1.0041648884449483
0.7322786173236443
0.5243461314435692
0.36715188997404324
0.275843973393221
0.18220010051931984
0.1138480228013427
0.06484120673403465