# datat/BKevo/MVe_BKevo/mve8.dat
# N(r,Y=0), r, *FL(x,Q^2)
# 1e-05 < r < 100.0
# 1 < Q^2 < 50, n=15, log grid
# 1e-5 < x < 1e-2, n=10, log grid
###
1.6221155532008266e-11
2.2128431704499095e-11
3.031427974357067e-11
4.146507708021607e-11
5.6559747703481244e-11
7.737452781151414e-11
1.0582670805256461e-10
1.4433189025857637e-10
1.9716492149057659e-10
2.696328245785087e-10
3.676773673172216e-10
5.015236631939234e-10
6.857481481048629e-10
9.34910087255745e-10
1.2733080367011568e-09
1.7406891252361388e-09
2.3725897739769835e-09
3.2263339098102007e-09
4.4095921866238056e-09
6.008756971480115e-09
8.165806330253368e-09
1.1147221823537507e-08
1.5185670011047962e-08
2.0630959705616298e-08
2.8120705261054978e-08
3.829890001990374e-08
5.201887550333957e-08
7.079996934747947e-08
9.641067935734798e-08
1.3092987741883887e-07
1.779665098164614e-07
2.423521051950262e-07
3.2915435711915666e-07
4.4693250348897425e-07
6.088612626963939e-07
8.273363532701882e-07
1.122668446485331e-06
1.5308470415445205e-06
2.082390275351584e-06
2.8267376470580703e-06
3.859332028601193e-06
5.259344969283866e-06
7.153407319019209e-06
9.77728544725748e-06
1.3358346005450535e-05
1.821754591434526e-05
2.4940878752312607e-05
3.418158194836793e-05
4.675862892537031e-05
6.413277563394134e-05
8.8179560220429e-05
0.00012099621365657279
0.00016622248279458176
0.00022923243225509438
0.0003154022140785295
0.0004337723747157652
0.0005996926262374387
0.0008269319459490096
0.0011378214316498415
0.0015760088310032491
0.0021766433511829207
0.002998301518688843
0.004152556386269523
0.0057400929660130565
0.007911045475146648
0.010942650616677804
0.015121886904508617
0.020823437480757722
0.028714164180269803
0.03957309831548608
0.05427782587277224
0.0743019812287875
0.10151260819372888
0.13760467021137052
0.18510451467714892
0.24698727391286648
0.3246066442257133
0.4189825070528667
0.5278667284097941
0.6456583887070673
0.7632957972104188
0.8616128161735432
0.9341131444146179
0.9776284914627709
0.9943909735149998
0.9990859934996038
0.9999398157498836
0.9999987756982228
0.9999999823869826
0.9999999999493241
0.9999999999999998
1.0
1.0
1.0
1.0
1.0
1.0
1.0
1.0
1.0
###
1e-05
1.1768119524349992e-05
1.3848863713938717e-05
1.6297508346206434e-05
1.917910261672489e-05
2.2570197196339216e-05
2.656087782946684e-05
3.1257158496882356e-05
3.678379771828634e-05
4.328761281083062e-05
5.0941380148163754e-05
5.994842503189409e-05
7.054802310718646e-05
8.302175681319735e-05
9.770099572992247e-05
0.00011497569953977356
0.00013530477745798074
0.00015922827933410923
0.0001873817422860383
0.00022051307399030456
0.00025950242113997375
0.0003053855508833416
0.00035938136638046257
0.0004229242874389499
0.0004977023564332109
0.0005857020818056661
0.0006892612104349695
0.0008111308307896872
0.0009545484566618337
0.0011233240329780276
0.0013219411484660286
0.0015556761439304723
0.0018307382802953678
0.002154434690031882
0.0025353644939701114
0.0029836472402833374
0.003511191734215131
0.004132012400115334
0.004862601580065354
0.005722367659350214
0.006734150657750821
0.007924828983539169
0.0093260334688322
0.010974987654930556
0.01291549665014884
0.01519911082952933
0.01788649529057435
0.0210490414451202
0.02477076355991709
0.029150530628251757
0.034304692863149154
0.040370172585965536
0.047508101621027934
0.05590810182512223
0.06579332246575675
0.0774263682681127
0.09111627561154886
0.10722672220103231
0.1261856883066021
0.14849682622544635
0.1747528400007683
0.20565123083486514
0.24201282647943834
0.2848035868435799
0.3351602650938841
0.3944206059437656
0.46415888336127725
0.5462277217684337
0.642807311728432
0.7564633275546291
0.8902150854450375
1.0476157527896641
1.232846739442066
1.4508287784959402
1.7073526474706886
2.009233002565046
2.364489412645407
2.782559402207126
3.274549162877725
3.8535285937105273
4.534878508128582
5.3366992312063015
6.280291441834247
7.390722033525775
8.697490026177835
10.235310218990248
12.045035402587812
14.174741629268048
16.68100537200059
19.630406500402685
23.10129700083158
27.1858824273294
31.992671377973846
37.64935806792464
44.30621457583877
52.14008287999685
61.35907273413163
72.20809018385457
84.97534359086438
100.0
###
0.20020581921931613
0.17784887287794335
0.15680718856210693
0.13743303646598187
0.1198909943922621
0.1042472373924242
0.0937387211914457
0.08129146617720108
0.0704672544463847
0.06108894658284417
0.6237146722294615
0.5249898299443825
0.4374457732415799
0.3610366291206503
0.2952535160891881
0.23924666522048424
0.20299336990972044
0.16139640202432845
0.1265017071941178
0.09715392724045405
0.9051100541149969
0.7454828486308522
0.6071554521440693
0.48920540333950885
0.3898154776085762
0.3069271185027758
0.2542420204126895
0.19487455227633854
0.14610177609873687
0.10599551727243578
1.1294408569626804
0.9176162004778798
0.7367894666914989
0.5847610085880744
0.45844870211588756
0.35451696566458546
0.2892561120763605
0.21660899712492537
0.15777139541909824
0.11023697173879697
1.3204376868647896
1.0622063285289571
0.8441435699031546
0.6627245006536294
0.5134681935632907
0.3919242468414646
0.3162723635200959
0.2328540064617742
0.1660615118167106
0.11278426690295282
1.488884400905486
1.188472408131449
0.9369595530846982
0.7293228789670363
0.5599174227353487
0.4230318382440508
0.3384620569578638
0.24589442997918176
0.17246570264786773
0.1145058070661953
1.6407950848575141
1.3014675455979132
1.0193058862014732
0.7879318038572183
0.6003810093723546
0.44984509063587713
0.3573884098779813
0.2568256040149581
0.177677947046591
0.11575775951864255
1.7799100827875758
1.4042766629338432
1.0937385414897294
0.8405243978909092
0.6364093509587093
0.4734973128760059
0.37395356272211944
0.2662604132721002
0.18207179870296097
0.11671616909450494
1.9087532293767722
1.4989903267867601
1.1619174851728484
0.8884102973200024
0.6689963438336057
0.49472811274515943
0.38872273133698404
0.2745752826139155
0.18584677743397568
0.11747639192656073
2.0291208196675523
1.5870587084220162
1.2250092152796703
0.9324931780058413
0.6988246071098453
0.5140350596094065
0.40207630610702033
0.2820194056184264
0.18921528044485145
0.11809642793147315
2.142406435897315
1.6695618439932975
1.2838614652163276
0.9734272843674661
0.7263847012887891
0.5317724367936919
0.41428282012442313
0.28876629385443836
0.1922045557890474
0.11861438201277165
2.2495155416090427
1.7473184671286974
1.3391129294197919
1.0117059805699633
0.7520578356481706
0.5482022760336964
0.4255394679683321
0.29494161243682054
0.19490737783206039
0.11905454980195986
2.3513010554359743
1.8209679904927456
1.3912812328317565
1.047708238609098
0.7760971378296467
0.5635240626651041
0.4359953933126394
0.3006395263617273
0.1973732712612115
0.11943403218755573
2.4484054247860065
1.891020968021475
1.44073922905746
1.081734122400311
0.7987280480818888
0.5778935837933006
0.4457664264365862
0.3059313541300915
0.19964267594195323
0.11976584528417344
2.5413530652158056
1.9578923346704413
1.487801472630261
1.1140252690056425
0.8201387777794702
0.5914349118512288
0.4549443222437448
0.31087636390543333
0.2017452704004401
0.12005895231720193